   PIQUANT 0.0.0-main  ps__0567_0717304816_000rfs_shot_337.msa
Energy (keV), meas, calc, bkg, sigma, residual, DetCE, Br_K, Zn_K, Ni_K, Fe_K, Mn_K, Cr_K, Ti_K, Ca_K, K_K, Cl_K, S_K, P_K, Si_K, Br_L, Al_K, Mg_K, Zn_L, Na_K, Ni_L, Rh_K_coh, Rh_L_coh, Rh_K_inc, Pileup, Rh_L_coh_Lb1
-0.0205888, 0, 0, 0, 1.41421, 0, 0, 0, 0, 0, 0, 0, 0, 0, 0, 0, 0, 0, 0, 0, 0, 0, 0, 0, 0, 0, 0, 0, 0, 0, 0
-0.0127088, 0, 0, 0, 1.41421, 0, 0, 0, 0, 0, 0, 0, 0, 0, 0, 0, 0, 0, 0, 0, 0, 0, 0, 0, 0, 0, 0, 0, 0, 0, 0
-0.00482884, 0, 0, 0, 1.41421, 0, 0, 0, 0, 0, 0, 0, 0, 0, 0, 0, 0, 0, 0, 0, 0, 0, 0, 0, 0, 0, 0, 0, 0, 0, 0
0.00305114, 0, 1.83476e-21, 0, 1.41421, -1.83476e-21, 0, 0, 0, 0, 0, 0, 0, 0, 0, 0, 0, 0, 0, 0, 1.11478e-23, 0, 0, 1.41014e-25, 0, 1.24091e-24, 0, 1.82223e-21, 0, 0, 0
0.0109311, 0, 4.28725e-21, 0, 1.41421, -4.28725e-21, 0, 0, 0, 0, 0, 0, 0, 0, 0, 0, 0, 0, 0, 0, 2.60485e-23, 0, 0, 3.33208e-25, 0, 2.97289e-24, 0, 4.2579e-21, 0, 0, 0
0.0188111, 0, 9.85722e-21, 0, 1.41421, -9.85722e-21, 0, 0, 0, 0, 0, 0, 0, 0, 0, 0, 0, 0, 0, 0, 5.98894e-23, 0, 0, 7.7481e-25, 0, 6.99965e-24, 0, 9.78956e-21, 0, 0, 0
0.0266911, 0, 2.23199e-20, 0, 1.41421, -2.23199e-20, 0, 0, 0, 0, 0, 0, 0, 0, 0, 0, 0, 0, 0, 0, 1.35607e-22, 0, 0, 1.77459e-24, 0, 1.62148e-23, 0, 2.21663e-20, 0, 0, 0
0.0345711, 0, 4.98108e-20, 0, 1.41421, -4.98108e-20, 0, 0, 0, 0, 0, 0, 0, 0, 0, 0, 0, 0, 0, 0, 3.02625e-22, 0, 0, 4.0064e-24, 0, 3.69901e-23, 0, 4.94672e-20, 0, 0, 0
0.0424511, 0, 1.09632e-19, 0, 1.41421, -1.09632e-19, 0, 0, 0, 0, 0, 0, 0, 0, 0, 0, 0, 0, 0, 0, 6.66056e-22, 0, 0, 8.92206e-24, 0, 8.31677e-23, 0, 1.08874e-19, 0, 0, 0
0.050331, 0, 2.38117e-19, 0, 1.41421, -2.38117e-19, 0, 0, 0, 0, 0, 0, 0, 0, 0, 0, 0, 0, 0, 0, 1.44662e-21, 0, 0, 1.96105e-23, 0, 1.84428e-22, 0, 2.36466e-19, 0, 0, 0
0.058211, 0, 5.10629e-19, 0, 1.41421, -5.10629e-19, 0, 0, 0, 0, 0, 0, 0, 0, 0, 0, 0, 0, 0, 0, 3.10216e-21, 0, 0, 4.25652e-23, 0, 4.03621e-22, 0, 5.0708e-19, 0, 0, 0
0.066091, 0, 1.08165e-18, 0, 1.41421, -1.08165e-18, 0, 0, 0, 0, 0, 0, 0, 0, 0, 0, 0, 0, 0, 0, 6.5711e-21, 0, 0, 9.12789e-23, 0, 8.72249e-22, 0, 1.07411e-18, 0, 0, 0
0.073971, 0, 2.26419e-18, 0, 1.41421, -2.26419e-18, 0, 0, 0, 0, 0, 0, 0, 0, 0, 0, 0, 0, 0, 0, 1.37549e-20, 0, 0, 1.93474e-22, 0, 1.86228e-21, 0, 2.24838e-18, 0, 0, 0
0.081851, 0, 4.68545e-18, 0, 1.41421, -4.68545e-18, 0, 0, 0, 0, 0, 0, 0, 0, 0, 0, 0, 0, 0, 0, 2.84635e-20, 0, 0, 4.05492e-22, 0, 3.92996e-21, 0, 4.65265e-18, 0, 0, 0
0.089731, 0, 9.58842e-18, 0, 1.41421, -9.58842e-18, 0, 0, 0, 0, 0, 0, 0, 0, 0, 0, 0, 0, 0, 0, 5.82473e-20, 0, 0, 8.40626e-22, 0, 8.20066e-21, 0, 9.52114e-18, 0, 0, 0
0.0976109, 0, 1.94106e-17, 0, 1.41421, -1.94106e-17, 0, 0, 0, 0, 0, 0, 0, 0, 0, 0, 0, 0, 0, 0, 1.17912e-19, 0, 0, 1.72436e-21, 0, 1.69276e-20, 0, 1.9274e-17, 0, 0, 0
0.105491, 0, 3.88819e-17, 0, 1.41421, -3.88819e-17, 0, 0, 0, 0, 0, 0, 0, 0, 0, 0, 0, 0, 0, 0, 2.36189e-19, 0, 0, 3.50095e-21, 0, 3.45763e-20, 0, 3.86076e-17, 0, 0, 0
0.113371, 0, 7.70885e-17, 0, 1.41421, -7.70885e-17, 0, 0, 0, 0, 0, 0, 0, 0, 0, 0, 0, 0, 0, 0, 4.68268e-19, 0, 0, 7.0372e-21, 0, 6.99104e-20, 0, 7.65433e-17, 0, 0, 0
0.121251, 0, 1.5131e-16, 0, 1.41421, -1.5131e-16, 0, 0, 0, 0, 0, 0, 0, 0, 0, 0, 0, 0, 0, 0, 9.19105e-19, 0, 0, 1.40081e-20, 0, 1.39964e-19, 0, 1.50237e-16, 0, 0, 0
0.129131, 0, 2.94091e-16, 0, 1.41421, -2.94091e-16, 0, 0, 0, 0, 0, 0, 0, 0, 0, 0, 0, 0, 0, 0, 1.78636e-18, 0, 0, 2.76203e-20, 0, 2.77537e-19, 0, 2.91999e-16, 0, 0, 0
0.137011, 0, 5.6613e-16, 0, 1.41421, -5.6613e-16, 0, 0, 0, 0, 0, 0, 0, 0, 0, 0, 0, 0, 0, 0, 3.4387e-18, 0, 0, 5.39562e-20, 0, 5.45219e-19, 0, 5.62092e-16, 0, 0, 0
0.144891, 0, 1.07957e-15, 0, 1.41421, -1.07957e-15, 0, 0, 0, 0, 0, 0, 0, 0, 0, 0, 0, 0, 0, 0, 6.55725e-18, 0, 0, 1.04449e-19, 0, 1.06138e-18, 0, 1.07185e-15, 0, 0, 0
0.152771, 0, 2.0397e-15, 0, 1.41421, -2.0397e-15, 0, 0, 0, 0, 0, 0, 0, 0, 0, 0, 0, 0, 0, 0, 1.23887e-17, 0, 0, 2.00401e-19, 0, 2.04794e-18, 0, 2.02506e-15, 0, 0, 0
0.160651, 0, 3.81877e-15, 0, 1.41421, -3.81877e-15, 0, 0, 0, 0, 0, 0, 0, 0, 0, 0, 0, 0, 0, 0, 2.31938e-17, 0, 0, 3.81154e-19, 0, 3.91743e-18, 0, 3.79128e-15, 0, 0, 0
0.168531, 0, 7.0858e-15, 0, 1.41421, -7.0858e-15, 0, 0, 0, 0, 0, 0, 0, 0, 0, 0, 0, 0, 0, 0, 4.30355e-17, 0, 0, 7.18744e-19, 0, 7.43035e-18, 0, 7.03461e-15, 0, 0, 0
0.176411, 0, 1.30322e-14, 0, 1.41421, -1.30322e-14, 0, 0, 0, 0, 0, 0, 0, 0, 0, 0, 0, 0, 0, 0, 7.91486e-17, 0, 0, 1.34396e-18, 0, 1.39773e-17, 0, 1.29377e-14, 0, 0, 0
0.184291, 0, 2.37608e-14, 0, 1.41421, -2.37608e-14, 0, 0, 0, 0, 0, 0, 0, 0, 0, 0, 0, 0, 0, 0, 1.44303e-16, 0, 0, 2.49225e-18, 0, 2.60804e-17, 0, 2.3588e-14, 0, 0, 0
0.192171, 0, 4.29505e-14, 0, 1.41421, -4.29505e-14, 0, 0, 0, 0, 0, 0, 0, 0, 0, 0, 0, 0, 0, 0, 2.60838e-16, 0, 0, 4.58413e-18, 0, 4.82786e-17, 0, 4.26368e-14, 0, 0, 0
0.200051, 0, 7.69805e-14, 0, 1.41421, -7.69805e-14, 0, 0, 0, 0, 0, 0, 0, 0, 0, 0, 0, 0, 0, 0, 4.67488e-16, 0, 0, 8.36449e-18, 0, 8.86777e-17, 0, 7.6416e-14, 0, 0, 0
0.207931, 0, 1.36817e-13, 0, 1.41421, -1.36817e-13, 0, 0, 0, 0, 0, 0, 0, 0, 0, 0, 0, 0, 0, 0, 8.30839e-16, 0, 0, 1.51423e-17, 0, 1.61642e-16, 0, 1.35809e-13, 0, 0, 0
0.215811, 0, 2.41146e-13, 0, 1.41421, -2.41146e-13, 0, 0, 0, 0, 0, 0, 0, 0, 0, 0, 0, 0, 0, 0, 1.46435e-15, 0, 0, 2.72e-17, 0, 2.92442e-16, 0, 2.39362e-13, 0, 0, 0
0.223691, 0, 4.21536e-13, 0, 1.41421, -4.21536e-13, 0, 0, 0, 0, 0, 0, 0, 0, 0, 0, 0, 0, 0, 0, 2.5597e-15, 0, 0, 4.84866e-17, 0, 5.25199e-16, 0, 4.18403e-13, 0, 0, 0
0.231571, 0, 7.30863e-13, 0, 1.41421, -7.30863e-13, 0, 0, 0, 0, 0, 0, 0, 0, 0, 0, 0, 0, 0, 0, 4.43792e-15, 0, 0, 8.57842e-17, 0, 9.36411e-16, 0, 7.25403e-13, 0, 0, 0
0.239451, 0, 1.25693e-12, 0, 1.41421, -1.25693e-12, 0, 0, 0, 0, 0, 0, 0, 0, 0, 0, 0, 0, 0, 0, 7.63214e-15, 0, 0, 1.50655e-16, 0, 1.65776e-15, 0, 1.24749e-12, 0, 0, 0
0.247331, 0, 2.14431e-12, 0, 1.41421, -2.14431e-12, 0, 0, 0, 0, 0, 0, 0, 0, 0, 0, 0, 0, 0, 0, 1.30201e-14, 0, 0, 2.6267e-16, 0, 2.91464e-15, 0, 2.12811e-12, 0, 0, 0
0.255211, 0, 3.62902e-12, 0, 1.41421, -3.62902e-12, 0, 0, 0, 0, 0, 0, 0, 0, 0, 0, 0, 0, 0, 0, 2.2035e-14, 0, 0, 4.54737e-16, 0, 5.08973e-15, 0, 3.60144e-12, 0, 0, 0
0.263091, 0, 6.09312e-12, 0, 1.41421, -6.09312e-12, 0, 0, 0, 0, 0, 0, 0, 0, 0, 0, 0, 0, 0, 0, 3.69969e-14, 0, 0, 7.81817e-16, 0, 8.82911e-15, 0, 6.04651e-12, 0, 0, 0
0.270971, 0, 1.01499e-11, 0, 1.41421, -1.01499e-11, 0, 0, 0, 0, 0, 0, 0, 0, 0, 0, 0, 0, 0, 0, 6.16302e-14, 0, 0, 1.33515e-15, 0, 1.52166e-14, 0, 1.00717e-11, 0, 0, 0
0.278851, 0, 1.67753e-11, 0, 1.41421, -1.67753e-11, 0, 0, 0, 0, 0, 0, 0, 0, 0, 0, 0, 0, 0, 0, 1.01864e-13, 0, 0, 2.26533e-15, 0, 2.60599e-14, 0, 1.66451e-11, 0, 0, 0
0.286731, 0, 2.75103e-11, 0, 1.41421, -2.75103e-11, 0, 0, 0, 0, 0, 0, 0, 0, 0, 0, 0, 0, 0, 0, 1.67059e-13, 0, 0, 3.81965e-15, 0, 4.43567e-14, 0, 2.7295e-11, 0, 0, 0
0.294611, 0, 4.47826e-11, 0, 1.41421, -4.47826e-11, 0, 0, 0, 0, 0, 0, 0, 0, 0, 0, 0, 0, 0, 0, 2.71976e-13, 0, 0, 6.41316e-15, 0, 7.51885e-14, 0, 4.4429e-11, 0, 0, 0
0.302491, 0, 7.23083e-11, 0, 1.41421, -7.23083e-11, 0, 0, 0, 0, 0, 0, 0, 0, 0, 0, 0, 0, 0, 0, 4.39203e-13, 0, 0, 1.06882e-14, 0, 1.26487e-13, 0, 7.17319e-11, 0, 0, 0
0.310371, 0, 1.15861e-10, 2.67648e-43, 1.41421, -1.15861e-10, 0, 2.67648e-43, 2.67648e-43, 2.67648e-43, 2.67648e-43, 2.67648e-43, 2.67648e-43, 2.67648e-43, 2.67648e-43, 2.67648e-43, 2.67648e-43, 2.67648e-43, 2.67648e-43, 2.67648e-43, 7.03869e-13, 2.67648e-43, 2.67648e-43, 1.77186e-14, 2.67648e-43, 2.11625e-13, 2.67648e-43, 1.14928e-10, 2.67648e-43, 2.67648e-43, 2.67648e-43
0.31825, 0, 1.84238e-10, 4.56123e-42, 1.41421, -1.84238e-10, 0, 4.56123e-42, 4.56123e-42, 4.56123e-42, 4.56123e-42, 4.56123e-42, 4.56123e-42, 4.56123e-42, 4.56123e-42, 4.56123e-42, 4.56123e-42, 4.56123e-42, 4.56123e-42, 4.56123e-42, 1.11952e-12, 4.56123e-42, 4.56123e-42, 2.92291e-14, 4.56123e-42, 3.52227e-13, 4.56123e-42, 1.82737e-10, 4.56123e-42, 4.56123e-42, 4.56123e-42
0.32613, 0, 2.90754e-10, 6.45158e-41, 1.41421, -2.90754e-10, 0, 6.45158e-41, 6.45158e-41, 6.45158e-41, 6.45158e-41, 6.45158e-41, 6.45158e-41, 6.45158e-41, 6.45158e-41, 6.45158e-41, 6.45158e-41, 6.45158e-41, 6.45158e-41, 6.45158e-41, 1.7673e-12, 6.45158e-41, 6.45158e-41, 4.80002e-14, 6.45158e-41, 5.83365e-13, 6.45158e-41, 2.88356e-10, 6.45158e-41, 6.45158e-41, 6.45158e-41
0.33401, 0, 4.55405e-10, 8.08041e-40, 1.41421, -4.55405e-10, 0, 8.08041e-40, 8.08041e-40, 8.08041e-40, 8.08041e-40, 8.08041e-40, 8.08041e-40, 8.08041e-40, 8.08041e-40, 8.08041e-40, 8.08041e-40, 8.08041e-40, 8.08041e-40, 8.08041e-40, 2.76916e-12, 8.08041e-40, 8.08041e-40, 7.85074e-14, 8.08041e-40, 9.61725e-13, 8.08041e-40, 4.51596e-10, 8.08041e-40, 8.08041e-40, 8.08041e-40
0.34189, 0, 7.0797e-10, 9.08118e-39, 1.41421, -7.0797e-10, 0, 9.08118e-39, 9.08118e-39, 9.08118e-39, 9.08118e-39, 9.08118e-39, 9.08118e-39, 9.08118e-39, 9.08118e-39, 9.08118e-39, 9.08118e-39, 9.08118e-39, 9.08118e-39, 9.08118e-39, 4.30702e-12, 9.08118e-39, 9.08118e-39, 1.27948e-13, 9.08118e-39, 1.57871e-12, 9.08118e-39, 7.01956e-10, 9.08118e-39, 9.08118e-39, 9.08118e-39
0.34977, 0, 1.09243e-09, 9.22451e-38, 1.41421, -1.09243e-09, 0, 9.22451e-38, 9.22451e-38, 9.22451e-38, 9.22451e-38, 9.22451e-38, 9.22451e-38, 9.22451e-38, 9.22451e-38, 9.22451e-38, 9.22451e-38, 9.22451e-38, 9.22451e-38, 9.22451e-38, 6.64997e-12, 9.22451e-38, 9.22451e-38, 2.07892e-13, 9.22451e-38, 2.58137e-12, 9.22451e-38, 1.08299e-09, 9.22451e-38, 9.22451e-38, 9.22451e-38
0.35765, 0, 1.67323e-09, 8.51584e-37, 1.41421, -1.67323e-09, 0, 8.51584e-37, 8.51584e-37, 8.51584e-37, 8.51584e-37, 8.51584e-37, 8.51584e-37, 8.51584e-37, 8.51584e-37, 8.51584e-37, 8.51584e-37, 8.51584e-37, 8.51584e-37, 8.51584e-37, 1.01931e-11, 8.51584e-37, 8.51584e-37, 3.36937e-13, 8.51584e-37, 4.20586e-12, 8.51584e-37, 1.65849e-09, 8.51584e-37, 8.51584e-37, 8.51584e-37
0.36553, 0, 2.54402e-09, 7.1851e-36, 1.41421, -2.54402e-09, 0, 7.1851e-36, 7.1851e-36, 7.1851e-36, 7.1851e-36, 7.1851e-36, 7.1851e-36, 7.1851e-36, 7.1851e-36, 7.1851e-36, 7.1851e-36, 7.1851e-36, 7.1851e-36, 7.1851e-36, 1.55121e-11, 7.1851e-36, 7.1851e-36, 5.45002e-13, 7.1851e-36, 6.83102e-12, 7.1851e-36, 2.52113e-09, 7.1851e-36, 7.1851e-36, 7.1851e-36
0.37341, 0, 3.8398e-09, 5.56658e-35, 1.41421, -3.8398e-09, 0, 5.56658e-35, 5.56658e-35, 5.56658e-35, 5.56658e-35, 5.56658e-35, 5.56658e-35, 5.56658e-35, 5.56658e-35, 5.56658e-35, 5.56658e-35, 5.56658e-35, 5.56658e-35, 5.56658e-35, 2.34392e-11, 5.56658e-35, 5.56658e-35, 8.80248e-13, 5.56658e-35, 1.1064e-11, 5.56658e-35, 3.80442e-09, 5.56658e-35, 5.56658e-35, 5.56658e-35
0.38129, 0, 5.75366e-09, 3.97786e-34, 1.41421, -5.75366e-09, 0, 3.97786e-34, 3.97786e-34, 3.97786e-34, 3.97786e-34, 3.97786e-34, 3.97786e-34, 3.97786e-34, 3.97786e-34, 3.97786e-34, 3.97786e-34, 3.97786e-34, 3.97786e-34, 3.97786e-34, 3.51693e-11, 3.97786e-34, 3.97786e-34, 1.42027e-12, 3.97786e-34, 1.7877e-11, 3.97786e-34, 5.6992e-09, 3.97786e-34, 3.97786e-34, 3.97786e-34
0.38917, 0, 8.55957e-09, 2.74296e-33, 1.41421, -8.55957e-09, 0, 2.74296e-33, 2.74296e-33, 2.74296e-33, 2.74296e-33, 2.74296e-33, 2.74296e-33, 2.74296e-33, 2.74296e-33, 2.74296e-33, 2.74296e-33, 2.74296e-33, 2.74296e-33, 2.74296e-33, 5.24047e-11, 2.74296e-33, 2.74296e-33, 2.29017e-12, 2.74296e-33, 2.88266e-11, 2.74296e-33, 8.47605e-09, 2.74296e-33, 2.74296e-33, 2.74296e-33
0.39705, 0, 1.26431e-08, 1.71106e-32, 1.41421, -1.26431e-08, 0, 1.71106e-32, 1.71106e-32, 1.71106e-32, 1.71106e-32, 1.71106e-32, 1.71106e-32, 1.71106e-32, 1.71106e-32, 1.71106e-32, 1.71106e-32, 1.71106e-32, 1.71106e-32, 1.71106e-32, 7.75543e-11, 1.71106e-32, 1.71106e-32, 3.69172e-12, 1.71106e-32, 4.64028e-11, 1.71106e-32, 1.25155e-08, 1.71106e-32, 1.71106e-32, 1.71106e-32
0.40493, 0, 1.85431e-08, 1.00183e-31, 1.41421, -1.85431e-08, 0, 1.00183e-31, 1.00183e-31, 1.00183e-31, 1.00183e-31, 1.00183e-31, 1.00183e-31, 1.00183e-31, 1.00183e-31, 1.00183e-31, 1.00183e-31, 1.00183e-31, 1.00183e-31, 1.00183e-31, 1.14003e-10, 1.00183e-31, 1.00183e-31, 5.95035e-12, 1.00183e-31, 7.45866e-11, 1.00183e-31, 1.83485e-08, 1.00183e-31, 1.00183e-31, 1.00183e-31
0.41281, 0, 2.70061e-08, 5.66885e-31, 1.41421, -2.70061e-08, 0, 5.66885e-31, 5.66885e-31, 5.66885e-31, 5.66885e-31, 5.66885e-31, 5.66885e-31, 5.66885e-31, 5.66885e-31, 5.66885e-31, 5.66885e-31, 5.66885e-31, 5.66885e-31, 5.66885e-31, 1.66475e-10, 5.66885e-31, 5.66885e-31, 9.59057e-12, 5.66885e-31, 1.19737e-10, 5.66885e-31, 2.67103e-08, 5.66885e-31, 5.66885e-31, 5.66885e-31
0.42069, 0, 3.90594e-08, 3.03584e-30, 1.41421, -3.90594e-08, 0, 3.03584e-30, 3.03584e-30, 3.03584e-30, 3.03584e-30, 3.03584e-30, 3.03584e-30, 3.03584e-30, 3.03584e-30, 3.03584e-30, 3.03584e-30, 3.03584e-30, 3.03584e-30, 3.03584e-30, 2.41521e-10, 3.03584e-30, 3.03584e-30, 1.54566e-11, 3.03584e-30, 1.91995e-10, 3.03584e-30, 3.86104e-08, 3.03584e-30, 3.03584e-30, 3.03584e-30
0.42857, 0, 5.61056e-08, 1.53049e-29, 1.41421, -5.61056e-08, 0, 1.53049e-29, 1.53049e-29, 1.53049e-29, 1.53049e-29, 1.53049e-29, 1.53049e-29, 1.53049e-29, 1.53049e-29, 1.53049e-29, 1.53049e-29, 1.53049e-29, 1.53049e-29, 1.53049e-29, 3.4817e-10, 1.53049e-29, 1.53049e-29, 2.49047e-11, 1.53049e-29, 3.07504e-10, 1.53049e-29, 5.5425e-08, 1.53049e-29, 1.53049e-29, 1.53049e-29
0.43645, 0, 8.00458e-08, 7.28682e-29, 1.41421, -8.00458e-08, 0, 7.28682e-29, 7.28682e-29, 7.28682e-29, 7.28682e-29, 7.28682e-29, 7.28682e-29, 7.28682e-29, 7.28682e-29, 7.28682e-29, 7.28682e-29, 7.28682e-29, 7.28682e-29, 7.28682e-29, 4.98781e-10, 7.28682e-29, 7.28682e-29, 4.01068e-11, 7.28682e-29, 4.91894e-10, 7.28682e-29, 7.9015e-08, 7.28682e-29, 7.28682e-29, 7.28682e-29
0.44433, 0, 1.13439e-07, 3.31642e-28, 1.41421, -1.13439e-07, 0, 3.31642e-28, 3.31642e-28, 3.31642e-28, 3.31642e-28, 3.31642e-28, 3.31642e-28, 3.31642e-28, 3.31642e-28, 3.31642e-28, 3.31642e-28, 3.31642e-28, 3.31642e-28, 3.31642e-28, 7.10187e-10, 3.31642e-28, 3.31642e-28, 6.45305e-11, 3.31642e-28, 7.85719e-10, 3.31642e-28, 1.11878e-07, 3.31642e-28, 3.31642e-28, 3.31642e-28
0.45221, 0, 1.59704e-07, 1.43728e-27, 1.41421, -1.59704e-07, 0, 1.43728e-27, 1.43728e-27, 1.43728e-27, 1.43728e-27, 1.43728e-27, 1.43728e-27, 1.43728e-27, 1.43728e-27, 1.43728e-27, 1.43728e-27, 1.43728e-27, 1.43728e-27, 1.43728e-27, 1.00517e-09, 1.43728e-27, 1.43728e-27, 1.03686e-10, 1.43728e-27, 1.25288e-09, 1.43728e-27, 1.57342e-07, 1.43728e-27, 1.43728e-27, 1.43728e-27
0.46009, 0, 2.23379e-07, 5.92851e-27, 1.41421, -2.23379e-07, 0, 5.92851e-27, 5.92851e-27, 5.92851e-27, 5.92851e-27, 5.92851e-27, 5.92851e-27, 5.92851e-27, 5.92851e-27, 5.92851e-27, 5.92851e-27, 5.92851e-27, 5.92851e-27, 5.92851e-27, 1.41437e-09, 5.92851e-27, 5.92851e-27, 1.66286e-10, 5.92851e-27, 1.99356e-09, 5.92851e-27, 2.19805e-07, 5.92851e-27, 5.92851e-27, 5.92851e-27
0.46797, 0, 3.10447e-07, 2.33143e-26, 1.41421, -3.10447e-07, 0, 2.33143e-26, 2.33143e-26, 2.33143e-26, 2.33143e-26, 2.33143e-26, 2.33143e-26, 2.33143e-26, 2.33143e-26, 2.33143e-26, 2.33143e-26, 2.33143e-26, 2.33143e-26, 2.33143e-26, 1.97884e-09, 2.33143e-26, 2.33143e-26, 2.66038e-10, 2.33143e-26, 3.16399e-09, 2.33143e-26, 3.05038e-07, 2.33143e-26, 2.33143e-26, 2.33143e-26
0.47585, 0, 4.28751e-07, 8.75765e-26, 1.41421, -4.28751e-07, 0, 8.75765e-26, 8.75765e-26, 8.75765e-26, 8.75765e-26, 8.75765e-26, 8.75765e-26, 8.75765e-26, 8.75765e-26, 8.75765e-26, 7.57989e-12, 8.75765e-26, 8.75765e-26, 8.75765e-26, 2.75318e-09, 8.75765e-26, 8.75765e-26, 4.24361e-10, 8.75765e-26, 5.00608e-09, 8.75765e-26, 4.2056e-07, 8.75765e-26, 8.75765e-26, 8.75765e-26
0.48373, 0, 5.88493e-07, 3.14895e-25, 1.41421, -5.88493e-07, 0, 3.14895e-25, 3.14895e-25, 3.14895e-25, 3.14895e-25, 3.14895e-25, 3.14895e-25, 3.14895e-25, 3.14895e-25, 3.14895e-25, 2.55904e-11, 3.14895e-25, 3.14895e-25, 3.14895e-25, 3.8097e-09, 3.14895e-25, 3.14895e-25, 6.74516e-10, 3.14895e-25, 7.89192e-09, 3.14895e-25, 5.76092e-07, 3.14895e-25, 3.14895e-25, 3.14895e-25
0.49161, 0, 8.06271e-07, 1.09697e-24, 1.41421, -8.06271e-07, 0, 2.175e-14, 4.24195e-13, 6.14248e-13, 3.42615e-10, 5.41392e-12, 1.99869e-12, 2.73249e-11, 3.14285e-10, 2.32127e-11, 4.11576e-10, 9.04936e-10, 1.49317e-10, 1.06072e-09, 5.24376e-09, 3.26991e-11, 1.47075e-12, 1.0678e-09, 2.17949e-13, 1.23892e-08, 9.03462e-16, 7.84224e-07, 1.09697e-24, 1.09697e-24, 6.94083e-11
0.49949, 0, 1.10054e-06, 2.41898e-10, 1.41421, -1.10054e-06, 2.41898e-10, 2.41972e-10, 2.43324e-10, 2.43963e-10, 1.39359e-09, 2.60097e-10, 2.48617e-10, 3.3375e-10, 1.29836e-09, 3.19927e-10, 1.56012e-09, 3.28381e-09, 7.43824e-10, 3.80749e-09, 7.42193e-09, 3.51816e-10, 2.46842e-10, 1.9247e-09, 2.44388e-10, 1.95985e-08, 2.41901e-10, 1.06114e-06, 2.41898e-10, 2.41898e-10, 4.75212e-10
0.50737, 0, 1.49892e-06, 8.10954e-10, 1.41421, -1.49892e-06, 8.10954e-10, 8.11145e-10, 8.14679e-10, 8.16347e-10, 3.81944e-09, 8.58493e-10, 8.28504e-10, 1.05089e-09, 3.57067e-09, 1.01478e-09, 4.20015e-09, 8.75715e-09, 2.1221e-09, 1.01251e-08, 1.0592e-08, 1.09808e-09, 8.23868e-10, 3.44981e-09, 8.20913e-10, 3.08924e-08, 8.10962e-10, 1.42725e-06, 8.10954e-10, 8.10954e-10, 1.42042e-09
0.51525, 0, 2.04213e-06, 2.11657e-09, 1.41421, -2.04213e-06, 2.11657e-09, 2.11702e-09, 2.12544e-09, 2.12941e-09, 9.27977e-09, 2.22976e-09, 2.15835e-09, 2.68786e-09, 8.68747e-09, 2.60188e-09, 1.01197e-08, 2.10365e-08, 5.23842e-09, 2.42936e-08, 1.53739e-08, 2.80022e-09, 2.14732e-09, 6.2323e-09, 2.14501e-09, 4.85914e-08, 2.11659e-09, 1.9089e-06, 2.11657e-09, 2.11657e-09, 3.56772e-09
0.52313, 0, 2.79226e-06, 5.03749e-09, 1.41421, -2.79226e-06, 5.03749e-09, 5.03852e-09, 5.05759e-09, 5.0666e-09, 2.1277e-08, 5.2941e-09, 5.13222e-09, 6.33265e-09, 1.99342e-08, 6.13774e-09, 2.30792e-08, 4.79304e-08, 1.2115e-08, 5.53145e-08, 2.29174e-08, 6.58738e-09, 5.1072e-09, 1.14196e-08, 5.10898e-09, 7.63848e-08, 5.03753e-09, 2.53944e-06, 5.03749e-09, 5.03749e-09, 8.32735e-09
0.53101, 0, 3.84913e-06, 1.14145e-08, 1.41421, -3.84913e-06, 1.14145e-08, 1.14167e-08, 1.14586e-08, 1.14783e-08, 4.7025e-08, 1.19772e-08, 1.16222e-08, 1.42546e-08, 4.40804e-08, 1.38271e-08, 5.07883e-08, 1.05471e-07, 2.69341e-08, 1.21663e-07, 3.54109e-08, 1.48131e-08, 1.15673e-08, 2.12509e-08, 1.15824e-08, 1.20207e-07, 1.14146e-08, 3.36196e-06, 1.14145e-08, 1.14145e-08, 1.86286e-08
0.53889, 0, 5.38628e-06, 2.50138e-08, 1.41421, -5.38628e-06, 2.50138e-08, 2.50187e-08, 2.5108e-08, 2.51501e-08, 1.01025e-07, 2.6215e-08, 2.54573e-08, 3.10761e-08, 9.47402e-08, 3.01637e-08, 1.15194e-07, 2.2578e-07, 5.8141e-08, 2.60343e-07, 5.70628e-08, 3.22684e-08, 2.53401e-08, 4.00782e-08, 2.53912e-08, 1.8991e-07, 2.5014e-08, 4.43268e-06, 2.50138e-08, 2.50138e-08, 4.04126e-08
0.54677, 0, 7.69268e-06, 5.33544e-08, 1.41421, -7.69268e-06, 5.33544e-08, 5.33644e-08, 5.35504e-08, 5.36383e-08, 2.11727e-07, 5.58569e-08, 5.42782e-08, 6.59852e-08, 1.98632e-07, 6.40843e-08, 2.4883e-07, 4.71659e-07, 1.22376e-07, 5.43672e-07, 9.59524e-08, 6.84694e-08, 5.40342e-08, 7.62737e-08, 5.41751e-08, 3.01244e-07, 5.33548e-08, 5.82653e-06, 5.33544e-08, 5.33544e-08, 8.54382e-08
0.55465, 0, 1.13638e-05, 1.11083e-07, 1.41421, -1.13638e-05, 1.11083e-07, 1.11104e-07, 1.11482e-07, 1.11661e-07, 4.33593e-07, 1.16179e-07, 1.12965e-07, 1.36805e-07, 4.06926e-07, 1.32934e-07, 6.0372e-07, 9.62917e-07, 2.51639e-07, 1.10956e-06, 1.67433e-07, 1.41863e-07, 1.12468e-07, 1.45719e-07, 1.12821e-07, 4.80906e-07, 1.11084e-07, 7.64634e-06, 1.11083e-07, 1.11083e-07, 1.76418e-07
0.56253, 0, 1.73301e-05, 2.2604e-07, 1.41421, -1.73301e-05, 2.2604e-07, 2.26081e-07, 2.26836e-07, 2.27192e-07, 8.68352e-07, 2.3619e-07, 2.29787e-07, 2.77267e-07, 8.15241e-07, 2.69558e-07, 1.33964e-06, 1.92256e-06, 5.05971e-07, 2.21462e-06, 3.00231e-07, 2.87343e-07, 2.28798e-07, 2.78036e-07, 2.29631e-07, 7.73507e-07, 2.26042e-07, 1.00379e-05, 2.2604e-07, 2.2604e-07, 3.56162e-07
0.57041, 0, 2.73081e-05, 4.49857e-07, 1.41421, -2.73081e-05, 4.49857e-07, 4.49937e-07, 4.51407e-07, 4.52101e-07, 1.70142e-06, 4.69634e-07, 4.57159e-07, 5.49674e-07, 1.59793e-06, 5.34652e-07, 2.83745e-06, 3.75555e-06, 9.95308e-07, 4.32464e-06, 5.47083e-07, 5.69306e-07, 4.5523e-07, 5.27379e-07, 4.5711e-07, 1.25399e-06, 4.49861e-07, 1.32149e-05, 4.49857e-07, 4.49857e-07, 7.03403e-07
0.57829, 0, 4.43223e-05, 8.75949e-07, 1.41421, -4.43223e-05, 8.75949e-07, 8.76101e-07, 8.78904e-07, 8.80228e-07, 3.26246e-06, 9.13661e-07, 8.89871e-07, 1.06628e-06, 3.06513e-06, 1.03764e-06, 5.83012e-06, 7.17935e-06, 1.91603e-06, 8.26451e-06, 1.00278e-06, 1.10372e-06, 8.86194e-07, 9.9071e-07, 8.90285e-07, 2.04792e-06, 8.75956e-07, 1.75e-05, 8.75949e-07, 8.75949e-07, 1.35942e-06
0.58617, 0, 7.3557e-05, 1.6692e-06, 1.41421, -7.3557e-05, 1.6692e-06, 1.66948e-06, 1.67472e-06, 1.67719e-06, 6.12338e-06, 1.73959e-06, 1.69519e-06, 2.02444e-06, 5.75508e-06, 1.97098e-06, 1.16284e-05, 1.34339e-05, 3.61041e-06, 1.54592e-05, 1.83393e-06, 2.09431e-06, 1.68832e-06, 1.83792e-06, 1.69694e-06, 3.36429e-06, 1.66921e-06, 2.33919e-05, 1.6692e-06, 1.6692e-06, 2.57155e-06
0.59405, 0, 0.000124034, 3.11366e-06, 1.41421, -0.000124034, 3.11366e-06, 3.11418e-06, 3.12374e-06, 3.12825e-06, 1.12522e-05, 3.24227e-06, 3.16114e-06, 3.76275e-06, 1.05793e-05, 3.66506e-06, 2.28251e-05, 2.46098e-05, 6.6606e-06, 2.83104e-05, 3.32669e-06, 3.89041e-06, 3.1486e-06, 3.36003e-06, 3.16625e-06, 5.54742e-06, 3.11368e-06, 3.16708e-05, 3.11366e-06, 3.11366e-06, 4.76241e-06
0.60193, 0, 0.000210864, 5.68569e-06, 1.41421, -0.000210864, 5.68569e-06, 5.68662e-06, 5.70372e-06, 5.71179e-06, 2.0245e-05, 5.91575e-06, 5.77062e-06, 6.84685e-06, 1.90411e-05, 6.6721e-06, 4.40927e-05, 4.41405e-05, 1.20309e-05, 5.07607e-05, 5.96007e-06, 7.07523e-06, 5.74819e-06, 6.04304e-06, 5.78332e-06, 9.15564e-06, 5.68573e-06, 4.35591e-05, 5.68569e-06, 5.68569e-06, 8.63517e-06
0.60981, 0, 0.000359048, 1.0166e-05, 1.41421, -0.000359048, 1.0166e-05, 1.01676e-05, 1.01976e-05, 1.02117e-05, 3.56713e-05, 1.0569e-05, 1.03148e-05, 1.22001e-05, 3.35623e-05, 1.1894e-05, 8.38316e-05, 7.75321e-05, 2.12816e-05, 8.91295e-05, 1.05181e-05, 1.26002e-05, 1.02755e-05, 1.0681e-05, 1.03436e-05, 1.50813e-05, 1.01661e-05, 6.09715e-05, 1.0166e-05, 1.0166e-05, 1.53329e-05
0.61769, 0, 0.000609159, 1.78007e-05, 1.41421, -0.000609159, 1.78007e-05, 1.78035e-05, 1.78549e-05, 1.78792e-05, 6.15617e-05, 1.84922e-05, 1.8056e-05, 2.12908e-05, 5.79433e-05, 2.07656e-05, 0.000156862, 0.000133385, 3.68725e-05, 0.000153283, 1.82509e-05, 2.19773e-05, 1.79886e-05, 1.85382e-05, 1.81174e-05, 2.47223e-05, 1.78008e-05, 8.68618e-05, 1.78007e-05, 1.78007e-05, 2.6666e-05
0.62557, 0, 0.00102584, 3.05284e-05, 1.41421, -0.00102584, 3.05284e-05, 3.05331e-05, 3.06195e-05, 3.06603e-05, 0.000104077, 3.16906e-05, 3.09575e-05, 3.63942e-05, 9.79952e-05, 3.55114e-05, 0.000288831, 0.000224788, 6.2582e-05, 0.000258231, 3.11022e-05, 3.75479e-05, 3.08441e-05, 3.15784e-05, 3.1082e-05, 4.0224e-05, 3.05286e-05, 0.00012573, 3.05284e-05, 3.05284e-05, 4.54281e-05
0.63345, 0, 0.00171021, 5.12889e-05, 1.41421, -0.00171021, 5.12889e-05, 5.12966e-05, 5.14389e-05, 5.1506e-05, 0.000172393, 5.32026e-05, 5.19954e-05, 6.09475e-05, 0.000162379, 5.94939e-05, 0.000523263, 0.000371156, 0.000104068, 0.000426223, 5.20181e-05, 6.2847e-05, 5.18088e-05, 5.27754e-05, 5.22379e-05, 6.48082e-05, 5.12892e-05, 0.00018431, 5.12889e-05, 5.12889e-05, 7.58226e-05
0.64133, 0, 0.00281754, 8.44242e-05, 1.41421, -0.00281754, 8.44242e-05, 8.44366e-05, 8.46662e-05, 8.47746e-05, 0.000279823, 8.75119e-05, 8.55641e-05, 0.000100008, 0.000263666, 9.76628e-05, 0.000932535, 0.000600521, 0.000169582, 0.000689371, 8.53485e-05, 0.000103073, 8.52631e-05, 8.65178e-05, 8.60195e-05, 0.000103201, 8.44248e-05, 0.000272468, 8.44242e-05, 8.44242e-05, 0.000124009
0.64921, 0, 0.00458173, 0.000136177, 1.41421, -0.00458173, 0.000136177, 0.000136196, 0.000136559, 0.000136731, 0.000445156, 0.000141059, 0.000137979, 0.000160819, 0.000419607, 0.00015711, 0.00163446, 0.00095227, 0.000270835, 0.00109277, 0.000137345, 0.000165665, 0.000137503, 0.000139111, 0.000138807, 0.000162168, 0.000136177, 0.000404344, 0.000136177, 0.000136177, 0.000198771
0.65709, 0, 0.00734879, 0.000215282, 1.41421, -0.00734879, 0.000215282, 0.000215313, 0.000215875, 0.000216141, 0.000694205, 0.00022285, 0.000218076, 0.000253478, 0.000654605, 0.00024773, 0.00281671, 0.00148024, 0.000424005, 0.00169801, 0.000216757, 0.00026099, 0.000217338, 0.000219376, 0.000219539, 0.000251153, 0.000215283, 0.000599736, 0.000215282, 0.000215282, 0.000312305
0.66497, 0, 0.0116209, 0.00033363, 1.41421, -0.0116209, 0.00033363, 0.000333676, 0.000334531, 0.000334935, 0.00106143, 0.00034513, 0.000337875, 0.000391675, 0.00100125, 0.00038294, 0.00477156, 0.00225594, 0.000650819, 0.00258689, 0.000335486, 0.00040309, 0.000336754, 0.000339317, 0.000340389, 0.000382994, 0.000333632, 0.000885708, 0.00033363, 0.00033363, 0.000481074
0.67285, 0, 0.0181126, 0.000506932, 1.41421, -0.0181126, 0.000506932, 0.000507001, 0.000508275, 0.000508877, 0.0015915, 0.000524071, 0.000513259, 0.000593431, 0.00150182, 0.000580413, 0.00794348, 0.00337155, 0.000979606, 0.00386472, 0.000509263, 0.000610441, 0.000511589, 0.000514803, 0.000517469, 0.000574664, 0.000506935, 0.00129831, 0.000506932, 0.000506932, 0.000726654
0.68073, 0, 0.027821, 0.000755358, 1.41421, -0.027821, 0.000755358, 0.000755458, 0.00075732, 0.0007582, 0.00234057, 0.000780407, 0.000764605, 0.000881785, 0.00220949, 0.000862758, 0.0129923, 0.00494228, 0.00144622, 0.00566312, 0.000758275, 0.000906646, 0.000762164, 0.000766209, 0.000771487, 0.000847973, 0.000755362, 0.00188443, 0.000755358, 0.000755358, 0.00107651
0.68861, 0, 0.0421093, 0.00110399, 1.41421, -0.0421093, 0.00110399, 0.00110414, 0.00110681, 0.00110807, 0.003377, 0.00113991, 0.00111725, 0.00128527, 0.00318905, 0.00125799, 0.0208728, 0.00710754, 0.00209461, 0.00814116, 0.00110763, 0.00132092, 0.00111375, 0.0011189, 0.00112824, 0.00123011, 0.001104, 0.00270345, 0.00110399, 0.00110399, 0.00156449
0.69649, 2, 0.0627997, 0.00158301, 2, 1.9372, 0.00158301, 0.00158321, 0.00158697, 0.00158874, 0.00478118, 0.00163354, 0.00160166, 0.00183807, 0.00451673, 0.00179969, 0.0329304, 0.0100301, 0.00297682, 0.0114844, 0.00158753, 0.00188822, 0.00159674, 0.0016034, 0.00161883, 0.00175386, 0.00158302, 0.00382871, 0.00158301, 0.00158301, 0.00223096
0.70437, 0, 0.092273, 0.00222743, 1.41421, -0.092273, 0.00222743, 0.00222771, 0.0022329, 0.00223535, 0.00664409, 0.00229722, 0.0022532, 0.00257968, 0.00627889, 0.00252667, 0.0510082, 0.0138927, 0.00415229, 0.0159012, 0.00223303, 0.00264892, 0.00224641, 0.00225523, 0.00227945, 0.00245745, 0.00222744, 0.0053486, 0.00222743, 0.00222743, 0.00312229
0.71225, 0, 0.133564, 0.00307638, 1.41421, -0.133564, 0.00307638, 0.00307676, 0.0030838, 0.00308712, 0.00906456, 0.00317101, 0.00311132, 0.00355397, 0.00856942, 0.00348209, 0.077559, 0.0188923, 0.00568613, 0.0216156, 0.00308327, 0.00364782, 0.00310212, 0.0031141, 0.00315065, 0.00338369, 0.0030764, 0.00736728, 0.00307638, 0.00307638, 0.00428972
0.72013, 0, 0.190437, 0.00417162, 1.41421, -0.190437, 0.00417162, 0.00417212, 0.00418149, 0.00418591, 0.0121447, 0.00429761, 0.00421813, 0.0048075, 0.0114854, 0.00471181, 0.115744, 0.02523, 0.00764643, 0.0288561, 0.00418004, 0.00493243, 0.00420591, 0.00422254, 0.00427594, 0.00457854, 0.00417164, 0.0100049, 0.00417162, 0.00417162, 0.0057873
0.72801, 0, 0.26742, 0.00555541, 1.41421, -0.26742, 0.00555541, 0.00555607, 0.00556832, 0.00557411, 0.0159839, 0.0057202, 0.00561625, 0.00638713, 0.0151216, 0.00626196, 0.169503, 0.0330986, 0.0101003, 0.0378417, 0.00556564, 0.00655044, 0.00560031, 0.0056238, 0.00569958, 0.00608875, 0.00555544, 0.0133979, 0.00555541, 0.00555541, 0.00766893
0.73589, 0, 0.369787, 0.00726788, 1.41421, -0.369787, 0.00726788, 0.00726873, 0.00728448, 0.00729191, 0.0206714, 0.00747968, 0.00734608, 0.00833687, 0.0195631, 0.008176, 0.243565, 0.0426682, 0.0131094, 0.0487649, 0.0072802, 0.00854663, 0.00732566, 0.00735917, 0.00746406, 0.00795892, 0.00726792, 0.0176999, 0.00726788, 0.00726788, 0.00998488
0.74377, 0, 0.503436, 0.00934367, 1.41421, -0.503436, 0.00934367, 0.00934475, 0.00936464, 0.00937403, 0.0262782, 0.00961127, 0.00944246, 0.0106943, 0.0248779, 0.010491, 0.343371, 0.0540689, 0.016724, 0.0617725, 0.00935838, 0.010959, 0.00941681, 0.00946474, 0.00960666, 0.0102278, 0.00934372, 0.0230835, 0.00934367, 0.00934367, 0.0127774
0.75165, 2, 0.674665, 0.0118085, 2, 1.32534, 0.0118085, 0.0118098, 0.0118345, 0.0118462, 0.0328484, 0.0121409, 0.0119312, 0.0134865, 0.0311086, 0.0132339, 0.474884, 0.067375, 0.020978, 0.0769473, 0.0118259, 0.013815, 0.0118996, 0.0119679, 0.0121561, 0.0129243, 0.0118085, 0.0297443, 0.0118085, 0.0118085, 0.0160763
0.75953, 2, 0.889819, 0.0146756, 2, 1.11018, 0.0146756, 0.0146772, 0.0147074, 0.0147217, 0.0403919, 0.015082, 0.0148256, 0.0167266, 0.0382655, 0.0164179, 0.644258, 0.0825905, 0.0258832, 0.0942923, 0.014696, 0.0171273, 0.0147874, 0.014884, 0.0151291, 0.0160635, 0.0146757, 0.0379088, 0.0146756, 0.0146756, 0.019895
0.76741, 0, 1.15478, 0.0179431, 1.41421, -1.15478, 0.0179431, 0.017945, 0.0179814, 0.0179985, 0.0488782, 0.0184319, 0.0181235, 0.0204103, 0.0463203, 0.020039, 0.857344, 0.099638, 0.0314251, 0.113717, 0.0179667, 0.020891, 0.0180783, 0.0182133, 0.0185277, 0.0196431, 0.0179431, 0.0478447, 0.0179431, 0.0179431, 0.0242267
0.77529, 2, 1.47438, 0.0215914, 2, 0.525617, 0.0215914, 0.0215937, 0.0216368, 0.0216571, 0.0582338, 0.0221704, 0.0218051, 0.0245138, 0.055204, 0.024074, 1.11908, 0.118354, 0.0375608, 0.135035, 0.0216186, 0.025081, 0.021753, 0.0219392, 0.0223375, 0.023641, 0.0215915, 0.0598768, 0.0215914, 0.0215914, 0.0290429
0.78317, 0, 1.85164, 0.0255826, 1.41421, -1.85164, 0.0255826, 0.0255853, 0.0256356, 0.0256593, 0.0683408, 0.0262583, 0.0258321, 0.0289928, 0.0648053, 0.0284796, 1.43274, 0.138489, 0.0442174, 0.157961, 0.0256135, 0.0296512, 0.0257734, 0.0260269, 0.0265272, 0.0280132, 0.0255827, 0.074405, 0.0255826, 0.0255826, 0.034292
0.791049, 4, 2.28709, 0.029861, 2.44949, 1.71291, 0.029861, 0.0298641, 0.0299219, 0.0299492, 0.0790418, 0.0306382, 0.0301479, 0.0337834, 0.0749752, 0.0331931, 1.79915, 0.159718, 0.0512948, 0.182123, 0.0298957, 0.0345353, 0.030084, 0.0304243, 0.0310509, 0.0326953, 0.0298611, 0.0919247, 0.029861, 0.029861, 0.0399014
0.79893, 4, 2.77806, 0.034355, 2.44949, 1.22194, 0.034355, 0.0343585, 0.034424, 0.034455, 0.0901462, 0.0352366, 0.0346804, 0.0388045, 0.085533, 0.0381349, 2.21598, 0.181654, 0.0586697, 0.207083, 0.0343935, 0.0396491, 0.0346137, 0.0350645, 0.0358518, 0.0376036, 0.0343551, 0.113045, 0.034355, 0.034355, 0.0457811
0.806809, 0, 3.31815, 0.0389803, 1.41421, -3.31815, 0.0389803, 0.0389842, 0.0390576, 0.0390922, 0.10144, 0.0399672, 0.0393446, 0.0439617, 0.0962754, 0.043212, 2.6771, 0.203868, 0.0662013, 0.232354, 0.0390227, 0.0448944, 0.039279, 0.0398691, 0.0408693, 0.0426396, 0.0389804, 0.1385, 0.0389803, 0.0389803, 0.0518284
0.814689, 4, 3.89701, 0.0436451, 2.44949, 0.102986, 0.0436451, 0.0436495, 0.0437306, 0.0437689, 0.112699, 0.0447363, 0.0440479, 0.0491524, 0.106989, 0.0483236, 3.1723, 0.225919, 0.07374, 0.257434, 0.0436913, 0.0501648, 0.0439894, 0.0447535, 0.0460488, 0.0476951, 0.0436453, 0.169146, 0.0436451, 0.0436451, 0.0579356
0.822569, 2, 4.5004, 0.0482553, 2, -2.5004, 0.0482553, 0.0482601, 0.0483487, 0.0483906, 0.123701, 0.0494475, 0.0486954, 0.0542724, 0.117463, 0.0533669, 3.68732, 0.247372, 0.081136, 0.281834, 0.0483051, 0.0553513, 0.0486527, 0.0496332, 0.0513549, 0.0526591, 0.0482555, 0.205948, 0.0482553, 0.0482553, 0.0639974
0.830449, 2, 5.11064, 0.0527196, 2, -3.11064, 0.0527196, 0.0527248, 0.0528205, 0.0528657, 0.13424, 0.0540078, 0.0531952, 0.0592212, 0.1275, 0.0582427, 4.20425, 0.26783, 0.0882477, 0.305105, 0.0527728, 0.0603484, 0.0531807, 0.0544295, 0.0567874, 0.057424, 0.0527198, 0.249927, 0.0527196, 0.0527196, 0.0699193
0.838329, 2, 5.70758, 0.0569557, 2, -3.70758, 0.0569557, 0.0569612, 0.0570636, 0.057112, 0.144136, 0.0583333, 0.0574643, 0.0639087, 0.136928, 0.0628623, 4.7025, 0.286952, 0.0949504, 0.326864, 0.0570119, 0.0650605, 0.0574952, 0.0590765, 0.0624023, 0.061893, 0.0569559, 0.302096, 0.0569557, 0.0569557, 0.0756255
0.846209, 6, 6.26984, 0.0608943, 2.82843, -0.269835, 0.0608943, 0.0609001, 0.0610086, 0.0610598, 0.153246, 0.0623536, 0.061433, 0.0682597, 0.145609, 0.0671512, 5.16011, 0.304472, 0.101143, 0.346811, 0.0609531, 0.0694069, 0.0615324, 0.0635261, 0.0683347, 0.0659855, 0.0608945, 0.363359, 0.0608943, 0.0608943, 0.0810666
0.854089, 6, 6.77627, 0.0644825, 2.82843, -0.776268, 0.0644825, 0.0644886, 0.0646026, 0.0646564, 0.161466, 0.066015, 0.0650483, 0.0722173, 0.153447, 0.0710533, 5.55529, 0.320205, 0.106749, 0.36474, 0.0645435, 0.0733252, 0.0652466, 0.0677524, 0.0748259, 0.0696416, 0.0644827, 0.434379, 0.0644825, 0.0644825, 0.086225
0.861969, 4, 7.20769, 0.0676862, 2.44949, -3.20769, 0.0676862, 0.0676926, 0.0678113, 0.0678674, 0.168739, 0.069283, 0.0682757, 0.0757456, 0.160383, 0.0745327, 5.86823, 0.334052, 0.111727, 0.380542, 0.0677489, 0.0767736, 0.0686127, 0.071754, 0.082253, 0.0728245, 0.0676865, 0.515448, 0.0676862, 0.0676862, 0.0911207
0.869849, 4, 7.5484, 0.0704904, 2.44949, -3.5484, 0.0704904, 0.0704971, 0.0706199, 0.0706779, 0.175049, 0.0721426, 0.0711004, 0.0788294, 0.166403, 0.0775744, 6.08276, 0.345998, 0.116059, 0.3942, 0.0705542, 0.0797319, 0.0716266, 0.0755548, 0.0911586, 0.0755218, 0.0704907, 0.606341, 0.0704904, 0.0704904, 0.0958159
0.877729, 10, 7.7875, 0.0728981, 3.4641, 2.2125, 0.0728981, 0.072905, 0.0730312, 0.0730909, 0.180419, 0.0745972, 0.0735254, 0.0814734, 0.171528, 0.0801828, 6.18778, 0.356098, 0.119758, 0.405779, 0.0729626, 0.0822003, 0.0743042, 0.0792017, 0.102277, 0.0777434, 0.0728984, 0.706188, 0.0728981, 0.0728981, 0.100419
0.885609, 2, 7.91979, 0.0749288, 2, -5.91979, 0.0749288, 0.0749358, 0.0750649, 0.0751259, 0.184905, 0.0766666, 0.0755703, 0.0836998, 0.175811, 0.0823798, 6.17828, 0.36447, 0.122858, 0.415412, 0.0749934, 0.0841974, 0.0766798, 0.0827617, 0.116557, 0.0795196, 0.0749291, 0.813383, 0.0749288, 0.0749288, 0.105088
0.893489, 2, 7.94616, 0.076615, 2, -5.94616, 0.076615, 0.0766221, 0.0767537, 0.0768158, 0.188588, 0.0783844, 0.0772682, 0.0855453, 0.179329, 0.0842013, 6.05577, 0.371275, 0.125415, 0.423279, 0.0766793, 0.0857576, 0.0788028, 0.086315, 0.135165, 0.0808969, 0.0766153, 0.925557, 0.076615, 0.076615, 0.11004
0.901369, 8, 7.87345, 0.0779995, 3.16228, 0.126551, 0.0779995, 0.0780067, 0.0781401, 0.0782031, 0.191564, 0.079794, 0.078662, 0.0870567, 0.182174, 0.0856937, 5.82812, 0.376703, 0.127493, 0.429592, 0.0780629, 0.0869273, 0.080734, 0.0899479, 0.159474, 0.0819333, 0.0779998, 1.0396, 0.0779995, 0.0779995, 0.115554
0.909249, 12, 7.7137, 0.0791312, 3.74166, 4.2863, 0.0791312, 0.0791385, 0.0792734, 0.0793371, 0.193942, 0.0809455, 0.079801, 0.0882879, 0.184449, 0.0869098, 5.50881, 0.380959, 0.129168, 0.434581, 0.0791934, 0.0877618, 0.0825421, 0.0937439, 0.19102, 0.0826938, 0.0791315, 1.15178, 0.0791312, 0.0791312, 0.121985
0.917129, 6, 7.48305, 0.0800625, 2.82843, -1.48305, 0.0800625, 0.0800699, 0.0802059, 0.0802701, 0.19583, 0.0818918, 0.0807379, 0.0892954, 0.186257, 0.0879059, 5.11569, 0.384249, 0.130516, 0.438474, 0.080123, 0.0883214, 0.0842996, 0.0977743, 0.231427, 0.0832455, 0.0800628, 1.25795, 0.0800625, 0.0800625, 0.129768
0.925009, 4, 7.20031, 0.0808455, 2.44949, -3.20031, 0.0808455, 0.0808529, 0.0809897, 0.0810543, 0.197333, 0.0826862, 0.081525, 0.0901359, 0.187701, 0.0887377, 4.66945, 0.386769, 0.131613, 0.441487, 0.0809041, 0.0886685, 0.0860798, 0.102088, 0.282293, 0.0836541, 0.0808458, 1.35376, 0.0808455, 0.0808455, 0.139436
0.932889, 4, 6.88543, 0.08153, 2.44949, -2.88543, 0.08153, 0.0815375, 0.0816749, 0.0817398, 0.19855, 0.0833792, 0.0822127, 0.0908629, 0.188874, 0.0894583, 4.19193, 0.388699, 0.132529, 0.443821, 0.0815865, 0.088865, 0.0879523, 0.106706, 0.345033, 0.0839803, 0.0815303, 1.43502, 0.08153, 0.08153, 0.151621
0.940769, 4, 6.55793, 0.0821616, 2.44949, -2.55793, 0.0821616, 0.0821691, 0.082307, 0.0823721, 0.199568, 0.0840169, 0.0828465, 0.0915253, 0.18986, 0.0901161, 3.70443, 0.390198, 0.133329, 0.445648, 0.0822159, 0.0889701, 0.0899828, 0.111611, 0.420698, 0.084278, 0.0821619, 1.49796, 0.0821616, 0.0821616, 0.167056
0.948649, 14, 6.23566, 0.08278, 4, 7.76434, 0.08278, 0.0827875, 0.0829257, 0.082991, 0.200462, 0.0846396, 0.0834665, 0.0921656, 0.190731, 0.0907531, 3.22638, 0.3914, 0.134068, 0.447118, 0.0828321, 0.0890382, 0.0922305, 0.116749, 0.509773, 0.0845925, 0.0827803, 1.53959, 0.08278, 0.08278, 0.186569
0.956529, 2, 5.93369, 0.0834187, 2, -3.93369, 0.0834186, 0.0834262, 0.0835646, 0.08363, 0.201292, 0.0852813, 0.0841063, 0.0928196, 0.191546, 0.0914048, 2.77417, 0.392416, 0.13479, 0.448352, 0.0834687, 0.0891185, 0.0947484, 0.122026, 0.611975, 0.0849602, 0.083419, 1.55791, 0.0834187, 0.0834187, 0.211058
0.964409, 6, 5.66363, 0.0841043, 2.82843, 0.336368, 0.0841041, 0.0841118, 0.0842504, 0.0843158, 0.20211, 0.085969, 0.0847927, 0.0935157, 0.192352, 0.0920993, 2.36054, 0.393332, 0.135533, 0.449445, 0.0841524, 0.0892541, 0.0975845, 0.127315, 0.726089, 0.0854085, 0.0841046, 1.5521, 0.0841043, 0.0841043, 0.241448
0.972289, 6, 5.43329, 0.0848568, 2.82843, 0.566708, 0.0848566, 0.0848643, 0.085003, 0.0850685, 0.202951, 0.0867229, 0.0855457, 0.0942753, 0.193186, 0.0928579, 1.99427, 0.394216, 0.136324, 0.450471, 0.0849035, 0.0894815, 0.100785, 0.132462, 0.849854, 0.0859563, 0.0848571, 1.52259, 0.0848568, 0.0848568, 0.278634
0.980169, 4, 5.24662, 0.08569, 2.44949, -1.24662, 0.0856897, 0.0856975, 0.0858363, 0.0859018, 0.203843, 0.087557, 0.0863793, 0.0951132, 0.194073, 0.093695, 1.68029, 0.395114, 0.137183, 0.451485, 0.0857357, 0.0898314, 0.104402, 0.1373, 0.979942, 0.0866153, 0.0856903, 1.47103, 0.08569, 0.08569, 0.3234
0.988049, 4, 5.10401, 0.0866118, 2.44949, -1.10401, 0.0866114, 0.0866193, 0.0867582, 0.0868237, 0.204803, 0.0884795, 0.0873013, 0.0960381, 0.19503, 0.0946194, 1.42003, 0.396061, 0.138121, 0.452523, 0.0866571, 0.0903289, 0.108505, 0.141661, 1.11204, 0.0873903, 0.0866122, 1.40014, 0.0866118, 0.0866118, 0.376317
0.995929, 6, 5.00269, 0.0876253, 2.82843, 0.997307, 0.0876248, 0.0876328, 0.0877717, 0.0878373, 0.205841, 0.0894933, 0.088315, 0.0970535, 0.196066, 0.0956346, 1.21198, 0.397076, 0.139146, 0.453607, 0.087671, 0.0909953, 0.1132, 0.145391, 1.24103, 0.088281, 0.0876257, 1.31354, 0.0876253, 0.0876253, 0.437641
1.00381, 4, 4.93743, 0.0887292, 2.44949, -0.937425, 0.0887285, 0.0887367, 0.0888756, 0.0889412, 0.20696, 0.0905975, 0.0894189, 0.0981586, 0.197184, 0.0967395, 1.05235, 0.398168, 0.140256, 0.454752, 0.0887762, 0.0918486, 0.118664, 0.148362, 1.36136, 0.0892825, 0.0887295, 1.21537, 0.0887292, 0.0887292, 0.507209
1.01169, 6, 4.90118, 0.0899186, 2.82843, 1.09882, 0.0899176, 0.0899261, 0.090065, 0.0901306, 0.208158, 0.091787, 0.0906084, 0.0993487, 0.198381, 0.0979295, 0.93576, 0.399341, 0.14145, 0.45596, 0.0899681, 0.0929057, 0.125195, 0.150487, 1.46733, 0.0903869, 0.0899189, 1.1101, 0.0899186, 0.0899186, 0.584334
1.01957, 8, 4.88594, 0.0911863, 3.16228, 3.11406, 0.0911849, 0.0911938, 0.0913327, 0.0913983, 0.209432, 0.0930548, 0.0918761, 0.100617, 0.199654, 0.0991976, 0.855838, 0.400592, 0.14272, 0.457229, 0.0912396, 0.0941845, 0.133289, 0.151724, 1.55366, 0.0915837, 0.0911866, 1.0021, 0.0911863, 0.0911863, 0.667753
1.02745, 8, 4.88347, 0.0925225, 3.16228, 3.11653, 0.0925206, 0.0925301, 0.092669, 0.0927345, 0.210771, 0.0943911, 0.0932124, 0.101953, 0.200994, 0.100534, 0.805761, 0.401912, 0.144057, 0.45855, 0.0925815, 0.0957048, 0.143754, 0.15208, 1.61582, 0.0928609, 0.0925229, 0.895463, 0.0925225, 0.0925225, 0.755596
1.03533, 4, 4.88618, 0.0939166, 2.44949, -0.88618, 0.0939141, 0.0939241, 0.094063, 0.0941286, 0.212167, 0.0957852, 0.0946065, 0.103348, 0.202389, 0.101928, 0.778704, 0.403292, 0.145452, 0.45991, 0.0939834, 0.0974913, 0.157876, 0.151609, 1.65051, 0.0942055, 0.0939169, 0.79373, 0.0939166, 0.0939166, 0.84541
1.04321, 12, 4.88784, 0.0953568, 3.74166, 7.11216, 0.0953534, 0.0953643, 0.0955032, 0.0955688, 0.213608, 0.0972254, 0.0960466, 0.104788, 0.203831, 0.103369, 0.768168, 0.404721, 0.146893, 0.461293, 0.0954339, 0.0995742, 0.177645, 0.150408, 1.65592, 0.095604, 0.0953571, 0.699748, 0.0953568, 0.0953568, 0.934259
1.05109, 6, 4.88439, 0.0968309, 2.82843, 1.11561, 0.0968264, 0.0968385, 0.0969774, 0.0970429, 0.215083, 0.0986995, 0.0975208, 0.106262, 0.205305, 0.104843, 0.768232, 0.406187, 0.148367, 0.462679, 0.0969217, 0.101991, 0.206054, 0.148604, 1.63189, 0.0970428, 0.0968313, 0.615608, 0.0968309, 0.0968309, 1.01885
1.05897, 2, 4.87467, 0.0983267, 2, -2.87467, 0.0983206, 0.0983342, 0.0984731, 0.0985387, 0.216579, 0.100195, 0.0990165, 0.107758, 0.206801, 0.106338, 0.773718, 0.407676, 0.149863, 0.464045, 0.0984352, 0.104787, 0.247482, 0.146343, 1.57994, 0.0985084, 0.098327, 0.542617, 0.0983267, 0.0983267, 1.09576
1.06685, 6, 4.86109, 0.0998318, 2.82843, 1.13891, 0.0998238, 0.0998393, 0.0999782, 0.100044, 0.218085, 0.1017, 0.100522, 0.109263, 0.208307, 0.107844, 0.7803, 0.409177, 0.151368, 0.465363, 0.0999632, 0.108014, 0.308164, 0.14378, 1.50306, 0.0999877, 0.0998321, 0.48136, 0.0998318, 0.0998318, 1.16161
1.07473, 6, 4.85028, 0.101334, 2.82843, 1.14972, 0.101324, 0.101341, 0.10148, 0.101546, 0.219587, 0.103203, 0.102024, 0.110765, 0.209809, 0.109346, 0.784559, 0.410675, 0.152871, 0.466602, 0.101495, 0.111734, 0.396705, 0.141063, 1.4055, 0.101468, 0.101334, 0.431789, 0.101334, 0.101334, 1.21339
1.08261, 8, 4.85359, 0.102821, 3.16228, 3.14641, 0.102807, 0.102828, 0.102967, 0.103033, 0.221074, 0.104689, 0.103511, 0.112252, 0.211296, 0.110833, 0.784001, 0.41216, 0.154358, 0.467728, 0.103019, 0.116011, 0.524644, 0.138326, 1.29236, 0.102935, 0.102821, 0.39335, 0.102821, 0.102821, 1.24863
1.09049, 4, 4.88748, 0.10428, 2.44949, -0.887475, 0.104263, 0.104288, 0.104427, 0.104492, 0.222533, 0.106149, 0.10497, 0.113711, 0.212755, 0.112292, 0.777023, 0.413618, 0.155817, 0.468701, 0.104527, 0.120916, 0.706951, 0.13568, 1.16913, 0.104378, 0.10428, 0.36511, 0.10428, 0.10428, 1.26561
1.09837, 4, 4.97366, 0.105699, 2.44949, -0.973662, 0.105676, 0.105706, 0.105845, 0.105911, 0.223952, 0.107567, 0.106389, 0.11513, 0.214174, 0.113711, 0.762858, 0.415036, 0.157235, 0.469479, 0.106008, 0.126522, 0.962428, 0.13321, 1.0413, 0.105783, 0.105699, 0.345887, 0.105699, 0.105699, 1.26351
1.10625, 4, 5.13894, 0.107063, 2.44949, -1.13894, 0.107034, 0.107071, 0.10721, 0.107275, 0.225316, 0.108932, 0.107753, 0.116494, 0.215538, 0.115075, 0.741475, 0.416399, 0.1586, 0.470016, 0.107451, 0.132897, 1.3138, 0.130972, 0.913941, 0.107135, 0.107063, 0.334371, 0.107063, 0.107063, 1.24249
1.11413, 6, 5.41456, 0.108359, 2.82843, 0.585439, 0.108321, 0.108366, 0.108505, 0.108571, 0.226612, 0.110227, 0.109048, 0.11779, 0.216834, 0.11637, 0.713458, 0.417694, 0.159895, 0.470266, 0.108848, 0.140108, 1.78745, 0.128993, 0.79144, 0.108419, 0.108359, 0.329217, 0.108359, 0.108359, 1.20363
1.12201, 12, 5.83507, 0.109569, 3.74166, 6.16493, 0.109522, 0.109576, 0.109715, 0.109781, 0.227822, 0.111438, 0.110259, 0.119, 0.218044, 0.117581, 0.67986, 0.418904, 0.161106, 0.47018, 0.110188, 0.148214, 2.41263, 0.127275, 0.677255, 0.10962, 0.109569, 0.329123, 0.109569, 0.109569, 1.14888
1.12989, 6, 6.43645, 0.110676, 2.82843, -0.436445, 0.110617, 0.110684, 0.110823, 0.110888, 0.228929, 0.112545, 0.111366, 0.120107, 0.219151, 0.118688, 0.642051, 0.420011, 0.162213, 0.469718, 0.111461, 0.157265, 3.21994, 0.125802, 0.573848, 0.11072, 0.110677, 0.332879, 0.110676, 0.110676, 1.08088
1.13777, 16, 7.2536, 0.111661, 4.24264, 8.7464, 0.111586, 0.111669, 0.111807, 0.111873, 0.229914, 0.11353, 0.112351, 0.121092, 0.220136, 0.119673, 0.601562, 0.420996, 0.163198, 0.468842, 0.112655, 0.167298, 4.23915, 0.124538, 0.482687, 0.111698, 0.111661, 0.339402, 0.111661, 0.111661, 1.00275
1.14565, 2, 8.31722, 0.112502, 2, -6.31722, 0.112408, 0.112509, 0.112648, 0.112714, 0.230755, 0.11437, 0.113191, 0.121933, 0.220977, 0.120513, 0.559939, 0.421837, 0.164038, 0.46753, 0.11376, 0.178337, 5.49632, 0.123438, 0.404322, 0.112532, 0.112502, 0.34775, 0.112502, 0.112502, 0.917841
1.15353, 14, 9.65001, 0.113175, 4, 4.34999, 0.113057, 0.113182, 0.113321, 0.113387, 0.231428, 0.115043, 0.113864, 0.122606, 0.22165, 0.121186, 0.518628, 0.42251, 0.164711, 0.465774, 0.114765, 0.190395, 7.01021, 0.122447, 0.338551, 0.1132, 0.113175, 0.357119, 0.113175, 0.113175, 0.829525
1.16141, 12, 11.2628, 0.113655, 3.74166, 0.737222, 0.11351, 0.113663, 0.113802, 0.113867, 0.231908, 0.115524, 0.114345, 0.123086, 0.22213, 0.121667, 0.478873, 0.42299, 0.165192, 0.463589, 0.115656, 0.203466, 8.78856, 0.121509, 0.284582, 0.113677, 0.113656, 0.366837, 0.113655, 0.113655, 0.740955
1.16929, 16, 13.1508, 0.113918, 4.24264, 2.8492, 0.113738, 0.113925, 0.114064, 0.11413, 0.232171, 0.115786, 0.114608, 0.123349, 0.222393, 0.12193, 0.441661, 0.423253, 0.165454, 0.46102, 0.116422, 0.217536, 10.8245, 0.120565, 0.241222, 0.113935, 0.113918, 0.376349, 0.113918, 0.113918, 0.654897
1.17717, 14, 15.2905, 0.113936, 4, -1.29051, 0.113715, 0.113944, 0.114082, 0.114148, 0.232189, 0.115805, 0.114626, 0.123367, 0.222411, 0.121948, 0.407689, 0.423271, 0.165473, 0.458144, 0.117049, 0.232582, 13.0931, 0.11956, 0.207055, 0.113951, 0.113936, 0.385195, 0.113936, 0.113936, 0.57361
1.18505, 24, 17.6376, 0.113685, 5.09902, 6.36238, 0.113414, 0.113693, 0.113831, 0.113897, 0.231938, 0.115554, 0.114375, 0.123116, 0.22216, 0.121697, 0.377369, 0.42302, 0.165222, 0.45508, 0.117524, 0.24858, 15.5498, 0.118442, 0.180584, 0.113697, 0.113685, 0.392995, 0.113685, 0.113685, 0.498776
1.19293, 22, 20.1269, 0.113142, 4.89898, 1.87306, 0.112812, 0.113149, 0.113288, 0.113354, 0.231395, 0.11501, 0.113832, 0.122573, 0.221617, 0.121154, 0.350847, 0.422477, 0.164679, 0.451993, 0.117831, 0.265513, 18.1295, 0.117163, 0.16035, 0.113152, 0.113142, 0.399431, 0.113142, 0.113142, 0.431486
1.20081, 18, 22.674, 0.112286, 4.47214, -4.67396, 0.111885, 0.112294, 0.112433, 0.112498, 0.230539, 0.114155, 0.112976, 0.121718, 0.220761, 0.120299, 0.328052, 0.421622, 0.163823, 0.449102, 0.117956, 0.283383, 20.7486, 0.115684, 0.145009, 0.112294, 0.112287, 0.404236, 0.112286, 0.112286, 0.372278
1.20869, 14, 25.1786, 0.111104, 4, -11.1786, 0.110619, 0.111112, 0.111251, 0.111316, 0.229357, 0.112973, 0.111794, 0.120535, 0.219579, 0.119117, 0.30874, 0.420439, 0.162641, 0.446683, 0.117884, 0.30224, 23.3082, 0.113972, 0.133386, 0.111111, 0.111105, 0.407181, 0.111104, 0.111104, 0.321211
1.21657, 34, 27.5316, 0.109586, 6, 6.46836, 0.109001, 0.109594, 0.109733, 0.109798, 0.227839, 0.111455, 0.110276, 0.119017, 0.218061, 0.117599, 0.292552, 0.418921, 0.161123, 0.445075, 0.1176, 0.322214, 25.7004, 0.112005, 0.124492, 0.109591, 0.109586, 0.408081, 0.109586, 0.109586, 0.277951
1.22445, 34, 29.6217, 0.107731, 6, 4.37829, 0.107028, 0.107739, 0.107877, 0.107943, 0.225984, 0.1096, 0.108421, 0.117162, 0.216206, 0.115745, 0.279065, 0.417066, 0.159268, 0.444683, 0.117089, 0.343579, 27.8152, 0.109769, 0.117527, 0.107735, 0.107731, 0.406787, 0.107731, 0.107731, 0.241883
1.23233, 44, 31.3442, 0.105546, 6.78233, 12.6558, 0.104705, 0.105553, 0.105692, 0.105758, 0.223799, 0.107415, 0.106236, 0.114977, 0.214021, 0.113561, 0.267835, 0.414881, 0.157083, 0.445983, 0.116342, 0.366844, 29.549, 0.107261, 0.111872, 0.105549, 0.105546, 0.403199, 0.105546, 0.105546, 0.212211
1.24021, 32, 32.6098, 0.103047, 5.83095, -0.609821, 0.102044, 0.103055, 0.103194, 0.103259, 0.2213, 0.104916, 0.103737, 0.112478, 0.211522, 0.111064, 0.258435, 0.412381, 0.154584, 0.449521, 0.115353, 0.392896, 30.8131, 0.104488, 0.107061, 0.10305, 0.103048, 0.397271, 0.103047, 0.103047, 0.188052
1.24809, 36, 33.3525, 0.10026, 6.16441, 2.64753, 0.0990675, 0.100268, 0.100407, 0.100472, 0.218513, 0.102129, 0.10095, 0.109692, 0.208735, 0.108281, 0.250475, 0.409593, 0.151797, 0.455909, 0.114127, 0.423221, 31.5411, 0.101469, 0.102763, 0.100262, 0.100261, 0.389019, 0.10026, 0.10026, 0.168511
1.25597, 40, 33.5353, 0.0972207, 6.48074, 6.46469, 0.0958067, 0.0972282, 0.0973671, 0.0974327, 0.215472, 0.0990893, 0.0979105, 0.106652, 0.205695, 0.105247, 0.243622, 0.406552, 0.148757, 0.465824, 0.112679, 0.460216, 31.6945, 0.0982335, 0.0987541, 0.0972223, 0.097221, 0.378528, 0.0972207, 0.0972207, 0.152742
1.26385, 32, 33.1547, 0.0939715, 5.83095, -1.15467, 0.0923004, 0.093979, 0.0941179, 0.0941835, 0.212222, 0.09584, 0.0946613, 0.103402, 0.202444, 0.102007, 0.237605, 0.4033, 0.145507, 0.479998, 0.111046, 0.507648, 31.2665, 0.0948187, 0.0948948, 0.0939727, 0.0939718, 0.365959, 0.0939715, 0.0939715, 0.139983
1.27173, 28, 32.2411, 0.0905637, 5.47723, -4.24108, 0.0885943, 0.0905712, 0.0907101, 0.0907757, 0.208813, 0.0924322, 0.0912535, 0.0999945, 0.199035, 0.0986138, 0.232215, 0.399888, 0.142098, 0.499206, 0.109284, 0.571261, 30.2821, 0.0912714, 0.0911101, 0.0905647, 0.090564, 0.351545, 0.0905637, 0.0905637, 0.129583
1.27961, 40, 30.8576, 0.0870543, 6.48074, 9.14235, 0.0847398, 0.0870618, 0.0872007, 0.0872663, 0.205301, 0.0889228, 0.0877441, 0.096485, 0.195523, 0.0951268, 0.227301, 0.396371, 0.138587, 0.524249, 0.107481, 0.659597, 28.7959, 0.0876445, 0.0873722, 0.0870551, 0.0870546, 0.335586, 0.0870543, 0.0870543, 0.121006
1.28749, 24, 29.096, 0.0835041, 5.09902, -5.09599, 0.0807912, 0.0835116, 0.0836505, 0.0837161, 0.201746, 0.0853725, 0.0841939, 0.0929344, 0.191969, 0.0916105, 0.222763, 0.392809, 0.135034, 0.555939, 0.10576, 0.785022, 26.8866, 0.0839954, 0.0836858, 0.0835047, 0.0835044, 0.318439, 0.0835041, 0.0835041, 0.113829
1.29537, 30, 27.0706, 0.0799757, 5.65685, 2.92939, 0.0768041, 0.0799832, 0.0801221, 0.0801877, 0.19821, 0.081844, 0.0806655, 0.0894056, 0.188435, 0.0881326, 0.218541, 0.389261, 0.131502, 0.595074, 0.104287, 0.964955, 24.6508, 0.080384, 0.0800778, 0.0799762, 0.079976, 0.300503, 0.0799757, 0.0799757, 0.107732
1.30325, 18, 24.9121, 0.0765318, 4.47214, -6.91211, 0.0728332, 0.0765393, 0.0766781, 0.0767437, 0.194755, 0.0783999, 0.0772215, 0.0859609, 0.184981, 0.0847625, 0.214606, 0.385788, 0.128052, 0.642416, 0.103276, 1.22327, 22.1946, 0.0768704, 0.0765882, 0.0765321, 0.0765321, 0.282195, 0.0765318, 0.0765318, 0.102482
1.31113, 26, 22.7604, 0.0732326, 5.2915, 3.23956, 0.0689304, 0.0732401, 0.0733789, 0.0734445, 0.191439, 0.0751005, 0.0739221, 0.0826604, 0.181667, 0.0815699, 0.210954, 0.382443, 0.124743, 0.69867, 0.102992, 1.59173, 19.6253, 0.0735129, 0.0732632, 0.0732328, 0.0732329, 0.263935, 0.0732326, 0.0732326, 0.0979187
1.31901, 36, 20.7587, 0.0701341, 6.16441, 15.2413, 0.0651422, 0.0701417, 0.0702805, 0.070346, 0.188316, 0.0720017, 0.0708236, 0.0795603, 0.178547, 0.0786231, 0.207591, 0.379277, 0.121631, 0.764459, 0.103755, 2.11135, 17.0439, 0.0703656, 0.0701505, 0.0701343, 0.0701345, 0.246118, 0.0701341, 0.0701341, 0.0939344
1.32689, 28, 19.0478, 0.0672871, 5.47723, 8.95217, 0.061509, 0.0672946, 0.0674334, 0.0674989, 0.185432, 0.0691541, 0.0679764, 0.0767106, 0.175668, 0.0759887, 0.204533, 0.376331, 0.118764, 0.840306, 0.105938, 2.83336, 14.5396, 0.0674778, 0.0672957, 0.0672873, 0.0672874, 0.229102, 0.0672871, 0.0672871, 0.090463
1.33477, 20, 17.7628, 0.064735, 4.69042, 2.23724, 0.0580632, 0.0647425, 0.0648812, 0.0649467, 0.182826, 0.0666011, 0.065424, 0.0741548, 0.17307, 0.0737317, 0.201798, 0.373636, 0.116184, 0.926624, 0.109963, 3.81957, 12.1843, 0.0648917, 0.0647395, 0.0647351, 0.0647353, 0.213187, 0.064735, 0.064735, 0.0874655
1.34265, 14, 17.0293, 0.0625141, 4, -3.02934, 0.054829, 0.0625216, 0.0626602, 0.0627257, 0.180531, 0.0643791, 0.0632027, 0.0719286, 0.170784, 0.071916, 0.199401, 0.371214, 0.113924, 1.0237, 0.116285, 5.1416, 10.0317, 0.0626424, 0.0625164, 0.0625142, 0.0625144, 0.198606, 0.0625141, 0.0625141, 0.0849205
1.35053, 14, 16.9618, 0.060653, 4, -2.96176, 0.051822, 0.0606605, 0.0607989, 0.0608644, 0.178566, 0.0625164, 0.061341, 0.0700602, 0.168833, 0.0706063, 0.197353, 0.369075, 0.11201, 1.13168, 0.125378, 6.87887, 8.11582, 0.0607578, 0.0606541, 0.0606531, 0.0606533, 0.185521, 0.060653, 0.060653, 0.0828168
1.35841, 36, 17.6601, 0.0591726, 6.16441, 18.3399, 0.0490493, 0.0591801, 0.0593184, 0.0593837, 0.176945, 0.0610339, 0.0598599, 0.0685699, 0.16723, 0.0698709, 0.195659, 0.367217, 0.110459, 1.2506, 0.137707, 9.1147, 6.45302, 0.0592579, 0.0591732, 0.0591727, 0.0591729, 0.174021, 0.0591726, 0.0591726, 0.0811477
1.36629, 12, 19.2069, 0.0580871, 3.74166, -7.20695, 0.0465101, 0.0580945, 0.0582325, 0.0582978, 0.175673, 0.0599455, 0.0587733, 0.0674711, 0.165982, 0.0697857, 0.194317, 0.365629, 0.109282, 1.38036, 0.153695, 11.9307, 5.04404, 0.0581562, 0.0580873, 0.0580871, 0.0580874, 0.16413, 0.0580871, 0.0580871, 0.0799079
1.37417, 8, 21.6633, 0.0574043, 3.16228, -13.6633, 0.0441968, 0.0574118, 0.0575495, 0.0576146, 0.174746, 0.059259, 0.0580892, 0.0667712, 0.165087, 0.0704391, 0.19332, 0.36429, 0.108484, 1.52076, 0.173678, 15.3993, 3.87736, 0.0574601, 0.0574045, 0.0574044, 0.0574047, 0.155813, 0.0574043, 0.0574043, 0.0790913
1.38205, 22, 25.0628, 0.0571275, 4.89898, -3.06277, 0.0420958, 0.0571349, 0.0572722, 0.0573372, 0.174156, 0.0589775, 0.0578107, 0.0664723, 0.164539, 0.0719383, 0.192654, 0.363171, 0.108066, 1.67152, 0.197869, 19.5747, 2.93264, 0.0571724, 0.0571276, 0.0571276, 0.0571278, 0.148987, 0.0571275, 0.0571275, 0.0786907
1.38993, 32, 29.4051, 0.057256, 5.83095, 2.59487, 0.0401893, 0.0572634, 0.0574002, 0.0574649, 0.173891, 0.0590999, 0.0579371, 0.066573, 0.164325, 0.0744161, 0.192305, 0.362242, 0.108025, 1.83226, 0.226303, 24.4826, 2.18415, 0.0572919, 0.0572561, 0.057256, 0.0572563, 0.143537, 0.057256, 0.057256, 0.0786973
1.39781, 30, 34.6493, 0.0577868, 5.65685, -4.64928, 0.0384559, 0.0577941, 0.0579303, 0.0579948, 0.173935, 0.0596233, 0.0584652, 0.0670695, 0.164433, 0.0780376, 0.192253, 0.361466, 0.108359, 2.0026, 0.258802, 30.1107, 1.60368, 0.0578154, 0.0577868, 0.0577868, 0.0577871, 0.139329, 0.0577868, 0.0577868, 0.0791018
1.40569, 36, 40.7075, 0.0587157, 6.16441, -4.70749, 0.036873, 0.058723, 0.0588583, 0.0589226, 0.174275, 0.0605432, 0.0593909, 0.0679569, 0.164851, 0.0830071, 0.192482, 0.360813, 0.109069, 2.1821, 0.29494, 36.4007, 1.16288, 0.0587384, 0.0587157, 0.0587157, 0.058716, 0.136219, 0.0587157, 0.0587157, 0.0798949
1.41357, 50, 47.4406, 0.0600386, 7.2111, 2.55944, 0.0354172, 0.0600458, 0.0601802, 0.0602441, 0.174898, 0.0618554, 0.0607099, 0.0692304, 0.165565, 0.0895716, 0.192977, 0.360254, 0.110157, 2.37035, 0.334031, 43.2409, 0.835101, 0.0600565, 0.0600386, 0.0600386, 0.0600389, 0.134067, 0.0600386, 0.0600386, 0.0810684
1.42145, 50, 54.6578, 0.0617522, 7.2111, -4.65775, 0.034066, 0.0617594, 0.0618927, 0.0619561, 0.175794, 0.0635565, 0.0624191, 0.0708864, 0.166569, 0.0980222, 0.193727, 0.359772, 0.111633, 2.56698, 0.375132, 50.4656, 0.596463, 0.0617663, 0.0617522, 0.0617522, 0.0617525, 0.132745, 0.0617522, 0.0617522, 0.0826164
1.42933, 50, 62.1205, 0.0638554, 7.2111, -12.1205, 0.0327983, 0.0638625, 0.0639946, 0.0640575, 0.176961, 0.0656454, 0.0645172, 0.0729235, 0.167858, 0.10869, 0.194727, 0.359359, 0.113514, 2.77175, 0.417073, 57.858, 0.426431, 0.0638664, 0.0638554, 0.0638554, 0.0638557, 0.132141, 0.0638554, 0.0638554, 0.0845357
1.43721, 66, 69.5508, 0.0663493, 8.24621, -3.55085, 0.0315956, 0.0663563, 0.066487, 0.0665494, 0.178402, 0.0681232, 0.0670054, 0.0753431, 0.169438, 0.121934, 0.195982, 0.359023, 0.115826, 2.98456, 0.458511, 65.1582, 0.308009, 0.0663578, 0.0663493, 0.0663493, 0.0663496, 0.132164, 0.0663493, 0.0663493, 0.086827
1.44509, 80, 76.6453, 0.0692378, 9.05539, 3.35471, 0.0304422, 0.0692447, 0.0693739, 0.0694357, 0.180128, 0.070994, 0.0698876, 0.0781497, 0.171316, 0.138123, 0.197504, 0.358787, 0.118605, 3.20559, 0.498007, 72.0774, 0.227567, 0.0692444, 0.0692378, 0.0692378, 0.0692381, 0.132747, 0.0692378, 0.0692378, 0.0894946
1.45297, 68, 83.0938, 0.0725282, 8.3666, -15.0938, 0.0293253, 0.072535, 0.0726625, 0.0727237, 0.182158, 0.0742652, 0.0731711, 0.0813512, 0.173511, 0.157609, 0.199313, 0.35869, 0.121896, 3.43547, 0.534118, 78.3164, 0.174502, 0.0725333, 0.0725282, 0.0725282, 0.0725285, 0.133845, 0.0725282, 0.0725282, 0.0925474
1.46085, 84, 88.6003, 0.0762309, 9.27362, -4.6003, 0.0282354, 0.0762376, 0.0763633, 0.0764238, 0.184519, 0.0779474, 0.0768665, 0.0849592, 0.176048, 0.180688, 0.20144, 0.358788, 0.125754, 3.67554, 0.565501, 83.5869, 0.140799, 0.0762348, 0.0762309, 0.0762309, 0.0762311, 0.135433, 0.0762309, 0.0762309, 0.0959984
1.46873, 106, 92.9052, 0.0803592, 10.3923, 13.0948, 0.0271659, 0.0803658, 0.0804897, 0.0805494, 0.187245, 0.0820543, 0.0809872, 0.0889886, 0.178958, 0.207561, 0.203921, 0.359147, 0.130244, 3.92834, 0.591005, 87.6335, 0.120554, 0.0803622, 0.0803592, 0.0803592, 0.0803595, 0.137506, 0.0803592, 0.0803592, 0.0998645
1.47661, 102, 95.8064, 0.0849298, 10.198, 6.19359, 0.0261124, 0.0849363, 0.0850583, 0.0851173, 0.190376, 0.086603, 0.08555, 0.0934577, 0.182278, 0.238287, 0.206801, 0.35985, 0.135439, 4.19833, 0.60977, 90.2546, 0.109532, 0.0849321, 0.0849298, 0.0849298, 0.0849301, 0.140074, 0.0849298, 0.0849298, 0.104166
1.48449, 108, 97.1771, 0.0899627, 10.4881, 10.8229, 0.0250728, 0.089969, 0.0900891, 0.0901474, 0.193958, 0.0916137, 0.0905749, 0.0983883, 0.18605, 0.272743, 0.21013, 0.360984, 0.141418, 4.49309, 0.621283, 91.3192, 0.104769, 0.0899644, 0.0899627, 0.0899627, 0.0899629, 0.143159, 0.0899627, 0.0899627, 0.108929
1.49237, 90, 96.9777, 0.0954805, 9.59166, -6.97768, 0.0240465, 0.0954868, 0.0956049, 0.0956625, 0.19804, 0.0971096, 0.0960849, 0.103805, 0.19032, 0.310583, 0.21396, 0.362642, 0.148262, 4.82508, 0.625418, 90.7776, 0.104243, 0.0954818, 0.0954805, 0.0954805, 0.0954808, 0.146792, 0.0954805, 0.0954805, 0.114179
1.50025, 112, 95.2621, 0.101509, 10.6771, 16.7379, 0.023034, 0.101515, 0.101632, 0.101689, 0.202671, 0.103117, 0.102106, 0.109735, 0.195135, 0.351222, 0.218349, 0.364918, 0.156057, 5.2143, 0.622441, 88.6653, 0.106609, 0.10151, 0.101509, 0.101509, 0.101509, 0.151014, 0.101509, 0.101509, 0.119948
1.50813, 110, 92.1776, 0.108078, 10.583, 17.8224, 0.022036, 0.108084, 0.108199, 0.108255, 0.207906, 0.109666, 0.108668, 0.11621, 0.200545, 0.393827, 0.22335, 0.367901, 0.164891, 5.69214, 0.612976, 85.0992, 0.110997, 0.108079, 0.108078, 0.108078, 0.108079, 0.155866, 0.108078, 0.108078, 0.126269
1.51601, 102, 87.9596, 0.11522, 10.198, 14.0404, 0.0210537, 0.115226, 0.115339, 0.115394, 0.213795, 0.116788, 0.115803, 0.123263, 0.206598, 0.43734, 0.229021, 0.371678, 0.174846, 6.30659, 0.597953, 80.2673, 0.116863, 0.115221, 0.11522, 0.11522, 0.11522, 0.161394, 0.11522, 0.11522, 0.133177
1.52389, 78, 82.9218, 0.12297, 8.94427, -4.9218, 0.020088, 0.122976, 0.123088, 0.123143, 0.22039, 0.124521, 0.123547, 0.130932, 0.213345, 0.480524, 0.235414, 0.376326, 0.186005, 7.12946, 0.578526, 74.4119, 0.12388, 0.122971, 0.12297, 0.12297, 0.122971, 0.167645, 0.12297, 0.12297, 0.140713
1.53177, 78, 77.4451, 0.13137, 8.94427, 0.554893, 0.0191395, 0.131375, 0.131485, 0.13154, 0.227741, 0.132904, 0.13194, 0.139258, 0.220834, 0.522032, 0.242583, 0.381912, 0.198446, 8.26547, 0.555983, 67.8094, 0.131865, 0.13137, 0.13137, 0.13137, 0.13137, 0.174667, 0.13137, 0.13137, 0.148917
1.53965, 72, 71.9681, 0.140461, 8.60233, 0.0318909, 0.0182087, 0.140467, 0.140576, 0.14063, 0.235897, 0.141982, 0.141027, 0.148283, 0.229112, 0.560492, 0.250575, 0.388496, 0.212243, 9.86355, 0.531653, 60.7499, 0.140726, 0.140461, 0.140461, 0.140461, 0.140461, 0.182509, 0.140461, 0.140461, 0.157834
1.54753, 60, 66.9792, 0.150292, 7.87401, -6.97922, 0.0172956, 0.150298, 0.150405, 0.150459, 0.244905, 0.1518, 0.150853, 0.158056, 0.238229, 0.594608, 0.25944, 0.396126, 0.227461, 12.13, 0.506821, 53.5156, 0.150432, 0.150292, 0.150292, 0.150292, 0.150292, 0.191218, 0.150292, 0.150292, 0.167512
1.55541, 76, 63.0134, 0.160913, 8.83176, 12.9866, 0.0164002, 0.160918, 0.161025, 0.161078, 0.254811, 0.16241, 0.16147, 0.168626, 0.24823, 0.623263, 0.269222, 0.404845, 0.244165, 15.3429, 0.482657, 46.3635, 0.160985, 0.160913, 0.160913, 0.160913, 0.160913, 0.200841, 0.160913, 0.160913, 0.178
1.56329, 78, 60.6534, 0.172378, 8.94427, 17.3466, 0.0155225, 0.172383, 0.172489, 0.172542, 0.265661, 0.173865, 0.172932, 0.180048, 0.259162, 0.645609, 0.279965, 0.414687, 0.26241, 19.8668, 0.460164, 39.512, 0.172415, 0.172378, 0.172378, 0.172378, 0.172378, 0.211426, 0.172378, 0.172378, 0.189351
1.57117, 78, 60.5341, 0.184742, 8.94427, 17.4659, 0.0146628, 0.184748, 0.184853, 0.184905, 0.277498, 0.186222, 0.185293, 0.192375, 0.271071, 0.661144, 0.291711, 0.42568, 0.282247, 26.1646, 0.440149, 33.1329, 0.184761, 0.184742, 0.184742, 0.184742, 0.184742, 0.22302, 0.184742, 0.184742, 0.201617
1.57905, 66, 63.3466, 0.198064, 8.24621, 2.65339, 0.0138215, 0.19807, 0.198174, 0.198227, 0.290366, 0.199537, 0.198613, 0.205665, 0.284003, 0.669755, 0.3045, 0.437849, 0.303721, 34.8066, 0.423215, 27.3469, 0.198074, 0.198064, 0.198064, 0.198064, 0.198065, 0.235669, 0.198064, 0.198064, 0.214855
1.58693, 68, 69.8402, 0.212403, 8.3666, -1.84019, 0.0129997, 0.212409, 0.212513, 0.212565, 0.304305, 0.21387, 0.21295, 0.219976, 0.298002, 0.67173, 0.31837, 0.451219, 0.326873, 46.47, 0.409766, 22.2256, 0.212408, 0.212403, 0.212403, 0.212403, 0.212404, 0.24942, 0.212403, 0.212403, 0.22912
1.59481, 104, 80.8158, 0.227817, 10.2956, 23.1842, 0.0121988, 0.227823, 0.227926, 0.227978, 0.319355, 0.229278, 0.228362, 0.235365, 0.313113, 0.667742, 0.333358, 0.465812, 0.351738, 61.9281, 0.400031, 17.7961, 0.22782, 0.227818, 0.227817, 0.227817, 0.227818, 0.264315, 0.227817, 0.227817, 0.244467
1.60269, 90, 97.1086, 0.244365, 9.59166, -7.1086, 0.0114204, 0.244371, 0.244474, 0.244525, 0.335553, 0.245821, 0.244908, 0.251888, 0.329379, 0.65879, 0.349497, 0.481651, 0.378348, 82.0254, 0.394093, 14.0484, 0.244366, 0.244365, 0.244365, 0.244365, 0.244365, 0.280398, 0.244365, 0.244365, 0.26095
1.61057, 102, 119.552, 0.262103, 10.198, -17.5524, 0.0106669, 0.262108, 0.262211, 0.262262, 0.352935, 0.263553, 0.262643, 0.2696, 0.346841, 0.646127, 0.366818, 0.498764, 0.40673, 107.634, 0.391923, 10.9435, 0.262103, 0.262103, 0.262103, 0.262103, 0.262103, 0.29771, 0.262103, 0.262103, 0.278622
1.61845, 150, 148.925, 0.281082, 12.3288, 1.07463, 0.00994057, 0.281087, 0.281189, 0.28124, 0.37153, 0.282526, 0.28162, 0.288552, 0.365541, 0.631161, 0.385348, 0.51718, 0.436903, 139.588, 0.393414, 8.42332, 0.281082, 0.281082, 0.281082, 0.281082, 0.281082, 0.316288, 0.281082, 0.281082, 0.297531
1.62633, 204, 185.883, 0.301351, 14.3527, 18.1172, 0.00924386, 0.301357, 0.301458, 0.301509, 0.391366, 0.302789, 0.301888, 0.308792, 0.385521, 0.615355, 0.405109, 0.536938, 0.468885, 178.613, 0.398407, 6.41769, 0.301351, 0.301351, 0.301351, 0.301351, 0.301352, 0.336166, 0.301351, 0.301351, 0.317721
1.63421, 226, 230.866, 0.322955, 15.0997, -4.86571, 0.00857913, 0.32296, 0.323061, 0.323112, 0.412464, 0.324385, 0.323489, 0.33036, 0.40682, 0.600132, 0.426118, 0.558083, 0.502689, 225.224, 0.406719, 4.85227, 0.322955, 0.322955, 0.322955, 0.322955, 0.322955, 0.357374, 0.322955, 0.322955, 0.339231
1.64209, 308, 284.007, 0.345928, 17.6068, 23.9926, 0.00794852, 0.345933, 0.346033, 0.346084, 0.43484, 0.347349, 0.346458, 0.353291, 0.429483, 0.586788, 0.448388, 0.58067, 0.538319, 279.625, 0.418157, 3.65373, 0.345928, 0.345928, 0.345928, 0.345928, 0.345928, 0.379934, 0.345928, 0.345928, 0.362094
1.64997, 314, 345.043, 0.370296, 17.7764, -31.0431, 0.00735376, 0.370302, 0.370401, 0.370451, 0.458505, 0.371707, 0.370823, 0.37761, 0.453555, 0.576427, 0.471922, 0.604767, 0.575773, 341.619, 0.432531, 2.75364, 0.370296, 0.370296, 0.370296, 0.370296, 0.370297, 0.403864, 0.370296, 0.370296, 0.386332
1.65785, 358, 413.225, 0.396075, 18.9737, -55.2248, 0.00679615, 0.39608, 0.396178, 0.396228, 0.483457, 0.397473, 0.396597, 0.40333, 0.479089, 0.56992, 0.496716, 0.630452, 0.615038, 410.52, 0.449657, 2.09105, 0.396075, 0.396075, 0.396075, 0.396075, 0.396075, 0.429167, 0.396075, 0.396075, 0.411956
1.66573, 408, 487.272, 0.423263, 20.2485, -79.2716, 0.00627644, 0.423268, 0.423365, 0.423414, 0.509689, 0.424646, 0.42378, 0.430451, 0.506144, 0.567882, 0.522757, 0.657821, 0.656094, 485.097, 0.469361, 1.61359, 0.423263, 0.423263, 0.423263, 0.423263, 0.423263, 0.455838, 0.423263, 0.423263, 0.438965
1.67361, 566, 565.357, 0.451843, 23.8328, 0.643188, 0.00579485, 0.451848, 0.451943, 0.451992, 0.537181, 0.453209, 0.452354, 0.458953, 0.534795, 0.570676, 0.550017, 0.68698, 0.6989, 563.567, 0.491473, 1.27766, 0.451843, 0.451843, 0.451843, 0.451843, 0.451843, 0.483853, 0.451843, 0.451843, 0.467339
1.68149, 700, 645.144, 0.481774, 26.4953, 54.8562, 0.00535102, 0.481779, 0.481872, 0.48192, 0.565895, 0.483121, 0.482278, 0.488797, 0.565131, 0.578429, 0.578455, 0.718045, 0.743402, 643.629, 0.515819, 1.04802, 0.481774, 0.481774, 0.481774, 0.481774, 0.481774, 0.51317, 0.481774, 0.481774, 0.497036
1.68937, 768, 723.876, 0.512989, 27.7489, 44.1236, 0.00494406, 0.512994, 0.513086, 0.513133, 0.595781, 0.514316, 0.513486, 0.519916, 0.597267, 0.591062, 0.608012, 0.751142, 0.789525, 722.554, 0.542223, 0.896895, 0.512989, 0.512989, 0.512989, 0.512989, 0.512989, 0.543726, 0.512989, 0.512989, 0.527993
1.69725, 798, 798.525, 0.545393, 28.2843, -0.52478, 0.0045726, 0.545398, 0.545488, 0.545535, 0.626765, 0.546699, 0.545882, 0.552217, 0.631354, 0.608329, 0.638607, 0.786396, 0.837176, 797.332, 0.57049, 0.802845, 0.545393, 0.545393, 0.545393, 0.545393, 0.545394, 0.575429, 0.545393, 0.545393, 0.560116
1.70513, 848, 865.967, 0.578859, 29.1548, -17.9673, 0.00423489, 0.578863, 0.578952, 0.578997, 0.658751, 0.580141, 0.579339, 0.585574, 0.667589, 0.629855, 0.670137, 0.82393, 0.886236, 864.859, 0.600408, 0.749692, 0.578859, 0.578859, 0.578859, 0.578859, 0.578859, 0.608157, 0.578859, 0.578859, 0.59328
1.71301, 934, 923.208, 0.613222, 30.5941, 10.7921, 0.0039288, 0.613226, 0.613313, 0.613358, 0.691617, 0.614481, 0.613694, 0.619825, 0.706235, 0.655169, 0.70247, 0.863853, 0.936572, 922.149, 0.631741, 0.725417, 0.613222, 0.613222, 0.613222, 0.613222, 0.613222, 0.641757, 0.613222, 0.613222, 0.627328
1.72089, 926, 967.598, 0.648286, 30.4631, -41.5976, 0.00365196, 0.64829, 0.648375, 0.648419, 0.725217, 0.649522, 0.64875, 0.654777, 0.747654, 0.683745, 0.735448, 0.906258, 0.988044, 966.562, 0.664225, 0.721232, 0.648286, 0.648286, 0.648286, 0.648286, 0.648286, 0.676046, 0.648286, 0.648286, 0.66207
1.72877, 974, 997.04, 0.683822, 31.241, -23.0403, 0.0034018, 0.683826, 0.683909, 0.683953, 0.759376, 0.685037, 0.684278, 0.690203, 0.792335, 0.715022, 0.768888, 0.951208, 1.04052, 996.006, 0.697571, 0.730779, 0.683822, 0.683822, 0.683822, 0.683822, 0.683822, 0.710806, 0.683822, 0.683822, 0.697283
1.73665, 970, 1010.16, 0.719574, 31.1769, -40.16, 0.00317563, 0.719579, 0.719661, 0.719703, 0.793898, 0.72077, 0.720023, 0.725853, 0.840954, 0.748429, 0.802582, 0.998739, 1.09393, 1009.11, 0.731473, 0.749504, 0.719574, 0.719574, 0.719574, 0.719574, 0.719575, 0.745799, 0.719574, 0.719574, 0.73272
1.74453, 1042, 1006.41, 0.755272, 32.311, 35.5897, 0.00297072, 0.755276, 0.755357, 0.755399, 0.828573, 0.75645, 0.755714, 0.761459, 0.894431, 0.783403, 0.836307, 1.04886, 1.14829, 1005.33, 0.765611, 0.77416, 0.755272, 0.755272, 0.755272, 0.755272, 0.755272, 0.780767, 0.755272, 0.755272, 0.768117
1.75241, 886, 986.113, 0.790636, 29.7993, -100.113, 0.00278433, 0.79064, 0.79072, 0.790761, 0.86318, 0.791801, 0.791073, 0.796744, 0.954006, 0.8194, 0.869832, 1.10154, 1.20379, 984.979, 0.799662, 0.802437, 0.790636, 0.790636, 0.790636, 0.790636, 0.790636, 0.815447, 0.790636, 0.790636, 0.803203
1.76029, 952, 950.423, 0.825395, 30.8869, 1.57684, 0.0026138, 0.8254, 0.82548, 0.825521, 0.897501, 0.826553, 0.825829, 0.831443, 1.02133, 0.855911, 0.90293, 1.15673, 1.26097, 949.221, 0.83332, 0.832694, 0.825395, 0.825395, 0.825395, 0.825395, 0.825396, 0.849581, 0.825395, 0.825395, 0.837714
1.76817, 938, 901.223, 0.859311, 30.6594, 36.7773, 0.00245657, 0.859315, 0.859396, 0.859436, 0.931339, 0.860465, 0.859742, 0.865317, 1.09856, 0.89247, 0.935398, 1.21438, 1.3208, 899.931, 0.86631, 0.863777, 0.859311, 0.859311, 0.859311, 0.859311, 0.859311, 0.882942, 0.859311, 0.859311, 0.871417
1.77605, 842, 840.964, 0.89218, 29.0517, 1.03583, 0.00231028, 0.892184, 0.892267, 0.892307, 0.964527, 0.893337, 0.892612, 0.898167, 1.18842, 0.928665, 0.967062, 1.27442, 1.38503, 839.557, 0.898401, 0.894884, 0.89218, 0.89218, 0.89218, 0.89218, 0.89218, 0.915336, 0.89218, 0.89218, 0.904114
1.78393, 838, 772.466, 0.923866, 28.9828, 65.5341, 0.00217275, 0.923871, 0.923955, 0.923995, 0.996943, 0.925031, 0.9243, 0.929856, 1.29432, 0.964149, 0.997805, 1.3368, 1.45644, 770.913, 0.929431, 0.925486, 0.923866, 0.923866, 0.923866, 0.923866, 0.923867, 0.946634, 0.923866, 0.923866, 0.935672
1.79181, 724, 698.698, 0.954308, 26.9444, 25.3024, 0.00204206, 0.954313, 0.9544, 0.95444, 1.02853, 0.955488, 0.954746, 0.960325, 1.4203, 0.998656, 1.02757, 1.4015, 1.53933, 696.959, 0.959316, 0.955267, 0.954308, 0.954308, 0.954308, 0.954308, 0.954309, 0.976777, 0.954308, 0.954308, 0.966029
1.79969, 582, 622.578, 0.983531, 24.1661, -40.5785, 0.00191659, 0.983536, 0.983626, 0.983667, 1.0593, 0.984731, 0.983975, 0.989597, 1.57108, 1.03201, 1.0564, 1.46855, 1.64005, 620.605, 0.988062, 0.984092, 0.983531, 0.983531, 0.983531, 0.983531, 0.983531, 1.00579, 0.983531, 0.983531, 0.99521
1.80757, 592, 546.794, 1.01165, 24.3721, 45.2062, 0.00179501, 1.01166, 1.01175, 1.01179, 1.08933, 1.01288, 1.01211, 1.01779, 1.75187, 1.06411, 1.08438, 1.538, 1.76769, 544.522, 1.01577, 1.01198, 1.01165, 1.01165, 1.01165, 1.01165, 1.01165, 1.03379, 1.01165, 1.01165, 1.02333
1.81545, 486, 473.653, 1.03889, 22.0907, 12.3468, 0.00167633, 1.0389, 1.03899, 1.03903, 1.11881, 1.04015, 1.03935, 1.04512, 1.96819, 1.09499, 1.11171, 1.61, 1.93485, 471.002, 1.04265, 1.03907, 1.03889, 1.03889, 1.03889, 1.03889, 1.03889, 1.06099, 1.03889, 1.03889, 1.05061
1.82333, 418, 405.006, 1.06554, 20.4939, 12.9939, 0.00155986, 1.06554, 1.06564, 1.06569, 1.14797, 1.06683, 1.06601, 1.07187, 2.22547, 1.12477, 1.13868, 1.68472, 2.15854, 401.873, 1.06898, 1.06564, 1.06554, 1.06554, 1.06554, 1.06554, 1.06554, 1.08768, 1.06554, 1.06554, 1.07733
1.83121, 372, 342.203, 1.09197, 19.3391, 29.7969, 0.00144527, 1.09197, 1.09208, 1.09212, 1.17712, 1.09329, 1.09245, 1.09842, 2.52865, 1.15364, 1.16563, 1.76241, 2.46097, 338.461, 1.09513, 1.09202, 1.09197, 1.09197, 1.09197, 1.09197, 1.09197, 1.11421, 1.09197, 1.09197, 1.10386
1.83909, 304, 286.094, 1.11861, 17.4929, 17.9057, 0.0013325, 1.11861, 1.11873, 1.11877, 1.20661, 1.11997, 1.1191, 1.12518, 2.8816, 1.18193, 1.19295, 1.84334, 2.87044, 281.583, 1.12152, 1.11864, 1.11861, 1.11861, 1.11861, 1.11861, 1.11861, 1.14102, 1.11861, 1.11861, 1.13062
1.84697, 264, 237.085, 1.14592, 16.3095, 26.9151, 0.00122173, 1.14593, 1.14605, 1.14609, 1.23684, 1.14733, 1.14643, 1.15263, 3.28648, 1.21, 1.22109, 1.92782, 3.42178, 231.61, 1.1486, 1.14594, 1.14592, 1.14592, 1.14592, 1.14592, 1.14592, 1.16854, 1.14592, 1.14592, 1.15807
1.85485, 186, 195.2, 1.17438, 13.7113, -9.1996, 0.00111337, 1.17438, 1.17451, 1.17455, 1.26821, 1.17583, 1.1749, 1.18122, 3.7431, 1.23828, 1.25049, 2.01616, 4.15652, 188.526, 1.17684, 1.17439, 1.17438, 1.17438, 1.17438, 1.17438, 1.17438, 1.19725, 1.17438, 1.17438, 1.18667
1.86273, 174, 160.169, 1.20443, 13.2665, 13.831, 0.00100799, 1.20444, 1.20456, 1.20461, 1.3011, 1.20592, 1.20496, 1.2114, 4.24836, 1.26722, 1.28159, 2.10867, 5.12236, 152.019, 1.20669, 1.20443, 1.20443, 1.20443, 1.20443, 1.20443, 1.20443, 1.22758, 1.20443, 1.20443, 1.21687
1.87061, 156, 131.514, 1.2365, 12.5698, 24.4863, 0.000906225, 1.23651, 1.23664, 1.23669, 1.33588, 1.23802, 1.23704, 1.2436, 4.79583, 1.29731, 1.31481, 2.20562, 6.37191, 121.564, 1.23857, 1.2365, 1.2365, 1.2365, 1.2365, 1.2365, 1.2365, 1.25995, 1.2365, 1.2365, 1.24909
1.87849, 124, 108.63, 1.27094, 11.225, 15.3698, 0.00080878, 1.27095, 1.27109, 1.27114, 1.37286, 1.2725, 1.2715, 1.27816, 5.37545, 1.329, 1.3505, 2.30723, 7.96018, 96.5125, 1.27284, 1.27094, 1.27094, 1.27094, 1.27094, 1.27094, 1.27094, 1.29471, 1.27094, 1.27094, 1.28368
1.88637, 92, 90.8537, 1.30806, 9.69536, 1.14629, 0.000716322, 1.30807, 1.30821, 1.30826, 1.41231, 1.30965, 1.30863, 1.31539, 5.97365, 1.36269, 1.38899, 2.4137, 9.94128, 76.1609, 1.30979, 1.30806, 1.30806, 1.30806, 1.30806, 1.30806, 1.30806, 1.33215, 1.30806, 1.30806, 1.32093
1.89425, 74, 77.5116, 1.34807, 8.7178, -3.51159, 0.00062945, 1.34808, 1.34822, 1.34827, 1.45443, 1.34969, 1.34865, 1.3555, 6.57377, 1.39877, 1.4305, 2.52513, 12.364, 59.8045, 1.34965, 1.34807, 1.34807, 1.34807, 1.34807, 1.34807, 1.34807, 1.37249, 1.34807, 1.34807, 1.36106
1.90213, 86, 67.9595, 1.39112, 9.38083, 18.0405, 0.000548661, 1.39113, 1.39128, 1.39133, 1.49934, 1.39277, 1.39171, 1.39863, 7.1567, 1.43753, 1.47524, 2.64158, 15.2659, 46.7805, 1.39255, 1.39112, 1.39112, 1.39112, 1.39112, 1.39112, 1.39112, 1.41587, 1.39112, 1.39112, 1.40422
1.91001, 74, 61.6002, 1.43727, 8.7178, 12.3998, 0.000474319, 1.43728, 1.43743, 1.43749, 1.54711, 1.43894, 1.43787, 1.44487, 7.702, 1.47922, 1.5233, 2.76304, 18.6679, 36.4914, 1.43857, 1.43727, 1.43727, 1.43727, 1.43727, 1.43727, 1.43727, 1.46237, 1.43727, 1.43727, 1.45047
1.91789, 64, 57.8909, 1.48654, 8.12404, 6.10912, 0.000406639, 1.48655, 1.4867, 1.48676, 1.59775, 1.48823, 1.48714, 1.4942, 8.18915, 1.52398, 1.57475, 2.88946, 22.5676, 28.4171, 1.48771, 1.48654, 1.48654, 1.48654, 1.48654, 1.48654, 1.48654, 1.51199, 1.48654, 1.48654, 1.49982
1.92577, 66, 56.3424, 1.53887, 8.24621, 9.65758, 0.000345686, 1.53888, 1.53904, 1.53909, 1.65124, 1.54058, 1.53948, 1.54659, 8.59896, 1.57192, 1.62961, 3.02073, 26.9345, 22.118, 1.53992, 1.53887, 1.53887, 1.53887, 1.53887, 1.53887, 1.53887, 1.56469, 1.53887, 1.53887, 1.55222
1.93365, 50, 56.5117, 1.59418, 7.2111, -6.51167, 0.000291382, 1.59419, 1.59434, 1.5944, 1.7075, 1.5959, 1.59479, 1.60193, 8.91495, 1.62304, 1.68784, 3.1567, 31.7049, 17.2307, 1.59511, 1.59418, 1.59418, 1.59418, 1.59418, 1.59418, 1.59418, 1.62038, 1.59418, 1.59418, 1.60758
1.94153, 74, 57.9932, 1.65233, 8.7178, 16.0068, 0.000243517, 1.65234, 1.6525, 1.65255, 1.76643, 1.65406, 1.65294, 1.66012, 9.12468, 1.67733, 1.7494, 3.29722, 36.7812, 13.4595, 1.65316, 1.65233, 1.65233, 1.65233, 1.65233, 1.65233, 1.65233, 1.67895, 1.65233, 1.65233, 1.66578
1.94941, 52, 60.4114, 1.71319, 7.34847, -8.41138, 0.000201775, 1.7132, 1.71336, 1.71342, 1.82791, 1.71493, 1.71381, 1.72102, 9.22062, 1.7347, 1.81422, 3.44212, 42.0318, 10.5672, 1.71393, 1.71319, 1.71319, 1.71319, 1.71319, 1.71319, 1.71319, 1.74027, 1.71319, 1.71319, 1.72669
1.95729, 68, 63.4146, 1.77662, 8.3666, 4.58535, 0.000165753, 1.77663, 1.77679, 1.77684, 1.89182, 1.77836, 1.77724, 1.78447, 9.20087, 1.79504, 1.88222, 3.59123, 47.2958, 8.36495, 1.77727, 1.77662, 1.77662, 1.77662, 1.77662, 1.77662, 1.77662, 1.80421, 1.77662, 1.77662, 1.79014
1.96517, 64, 66.6744, 1.84246, 8.12404, -2.6744, 0.000134987, 1.84248, 1.84264, 1.84269, 1.95804, 1.84422, 1.84309, 1.85033, 9.0692, 1.85821, 1.95334, 3.74436, 52.3902, 6.70289, 1.84303, 1.84246, 1.84246, 1.84246, 1.84246, 1.84246, 1.84247, 1.87063, 1.84246, 1.84246, 1.85602
1.97305, 58, 69.8866, 1.91059, 7.74597, -11.8866, 0.000108978, 1.9106, 1.91076, 1.91082, 2.02645, 1.91235, 1.91122, 1.91847, 8.83478, 1.92407, 2.02748, 3.90139, 57.1199, 5.46251, 1.91109, 1.91059, 1.91059, 1.91059, 1.91059, 1.91059, 1.91059, 1.93941, 1.91059, 1.91059, 1.92417
1.98093, 88, 72.7772, 1.98087, 9.48683, 15.2228, 8.72127e-05, 1.98088, 1.98105, 1.9811, 2.09694, 1.98263, 1.9815, 1.98876, 8.51144, 1.99246, 2.10458, 4.06218, 61.2906, 4.54998, 1.9813, 1.98087, 1.98087, 1.98087, 1.98087, 1.98087, 1.98087, 2.01043, 1.98087, 1.98087, 1.99447
1.98881, 62, 75.1096, 2.05319, 8, -13.1096, 6.91791e-05, 2.05321, 2.05337, 2.05342, 2.16942, 2.05496, 2.05382, 2.06109, 8.11658, 2.06325, 2.18457, 4.22667, 64.7222, 3.89095, 2.05357, 2.05319, 2.05319, 2.05319, 2.05319, 2.05319, 2.05319, 2.08359, 2.05319, 2.05319, 2.06681
1.99669, 78, 76.6927, 2.12746, 8.94427, 1.30725, 5.43856e-05, 2.12747, 2.12763, 2.12768, 2.24379, 2.12922, 2.12808, 2.13536, 7.66986, 2.13628, 2.26739, 4.39486, 67.2626, 3.42665, 2.12777, 2.12746, 2.12746, 2.12746, 2.12746, 2.12746, 2.12746, 2.15882, 2.12746, 2.12746, 2.14109
2.00457, 82, 77.3886, 2.20357, 9.16515, 4.61137, 4.23697e-05, 2.20358, 2.20374, 2.2038, 2.31998, 2.20533, 2.20419, 2.21148, 7.19185, 2.21142, 2.35298, 4.56689, 68.7991, 3.1107, 2.20384, 2.20357, 2.20357, 2.20357, 2.20357, 2.20357, 2.20357, 2.23604, 2.20357, 2.20357, 2.21723
2.01245, 76, 77.1175, 2.28146, 8.83176, -1.11745, 3.2706e-05, 2.28147, 2.28163, 2.28169, 2.39793, 2.28322, 2.28208, 2.28937, 6.70263, 2.28857, 2.44129, 4.74308, 69.2677, 2.90669, 2.28169, 2.28146, 2.28146, 2.28146, 2.28146, 2.28146, 2.28146, 2.31518, 2.28146, 2.28146, 2.29515
2.02033, 90, 75.8598, 2.36105, 9.59166, 14.1402, 2.50109e-05, 2.36107, 2.36123, 2.36128, 2.47756, 2.36282, 2.36168, 2.36897, 6.2207, 2.3676, 2.53225, 4.9241, 68.6579, 2.78624, 2.36125, 2.36105, 2.36105, 2.36105, 2.36105, 2.36105, 2.36106, 2.3962, 2.36105, 2.36105, 2.37478
2.02821, 76, 73.655, 2.4423, 8.83176, 2.34504, 1.89446e-05, 2.44231, 2.44247, 2.44253, 2.55884, 2.44407, 2.44293, 2.45021, 5.76199, 2.44842, 2.6258, 5.11119, 67.0136, 2.72749, 2.44247, 2.4423, 2.4423, 2.4423, 2.4423, 2.4423, 2.4423, 2.47904, 2.4423, 2.4423, 2.45608
2.03609, 66, 70.5956, 2.52514, 8.24621, -4.59563, 1.42107e-05, 2.52515, 2.52532, 2.52537, 2.64169, 2.52691, 2.52577, 2.53306, 5.33934, 2.53095, 2.72191, 5.30648, 64.4291, 2.71374, 2.52528, 2.52514, 2.52514, 2.52514, 2.52514, 2.52514, 2.52514, 2.56367, 2.52514, 2.52514, 2.539
2.04397, 56, 66.8188, 2.60953, 7.61577, -10.8188, 1.05541e-05, 2.60954, 2.6097, 2.60976, 2.72609, 2.6113, 2.61016, 2.61744, 4.9621, 2.61511, 2.82049, 5.51361, 61.0408, 2.73247, 2.60965, 2.60953, 2.60953, 2.60953, 2.60953, 2.60953, 2.60953, 2.65004, 2.60953, 2.60953, 2.62348
2.05185, 52, 62.4951, 2.69542, 7.34847, -10.4951, 7.75913e-06, 2.69543, 2.69559, 2.69565, 2.81199, 2.69718, 2.69604, 2.70333, 4.63624, 2.70084, 2.9215, 5.73847, 57.0166, 2.7744, 2.69551, 2.69542, 2.69542, 2.69542, 2.69542, 2.69542, 2.69542, 2.73812, 2.69542, 2.69542, 2.70948
2.05973, 58, 57.8164, 2.78276, 7.74597, 0.183628, 5.64553e-06, 2.78277, 2.78293, 2.78299, 2.89934, 2.78453, 2.78339, 2.79068, 4.3646, 2.78806, 3.02487, 5.99046, 52.5427, 2.83275, 2.78284, 2.78276, 2.78276, 2.78276, 2.78276, 2.78276, 2.78276, 2.82786, 2.78276, 2.78276, 2.79698
2.06761, 64, 52.983, 2.87152, 8.12404, 11.017, 4.06439e-06, 2.87153, 2.8717, 2.87175, 2.9881, 2.87329, 2.87215, 2.87944, 4.14726, 2.87675, 3.13056, 6.28422, 47.8096, 2.9027, 2.87159, 2.87152, 2.87152, 2.87152, 2.87152, 2.87152, 2.87152, 2.91924, 2.87152, 2.87152, 2.88594
2.07549, 54, 48.1944, 2.96167, 7.48331, 5.80557, 2.89461e-06, 2.96168, 2.96185, 2.9619, 3.07825, 2.96344, 2.9623, 2.96959, 3.98219, 2.96684, 3.23849, 6.64207, 42.9998, 2.98083, 2.96172, 2.96167, 2.96167, 2.96167, 2.96167, 2.96167, 2.96167, 3.01224, 2.96167, 2.96167, 2.97633
2.08337, 40, 43.6411, 3.05319, 6.48074, -3.6411, 2.03888e-06, 3.0532, 3.05336, 3.05342, 3.16977, 3.05495, 3.05381, 3.0611, 3.86579, 3.05832, 3.34865, 7.09717, 38.2764, 3.06478, 3.05323, 3.05319, 3.05319, 3.05319, 3.05319, 3.05319, 3.05319, 3.10682, 3.05319, 3.05319, 3.06815
2.09125, 50, 39.5017, 3.14605, 7.2111, 10.4983, 1.42011e-06, 3.14606, 3.14622, 3.14627, 3.26263, 3.14781, 3.14667, 3.15396, 3.7935, 3.15115, 3.46098, 7.69769, 33.776, 3.15296, 3.14608, 3.14605, 3.14605, 3.14605, 3.14605, 3.14605, 3.14605, 3.20298, 3.14605, 3.14605, 3.16137
2.09913, 30, 35.9425, 3.24024, 5.65685, -5.94249, 9.77873e-07, 3.24025, 3.24041, 3.24047, 3.35682, 3.24201, 3.24086, 3.24815, 3.76031, 3.24533, 3.57545, 8.51207, 29.6027, 3.2443, 3.24027, 3.24024, 3.24024, 3.24024, 3.24024, 3.24024, 3.24024, 3.30071, 3.24024, 3.24024, 3.25601
2.10701, 20, 33.1234, 3.33577, 4.69042, -13.1234, 6.65581e-07, 3.33578, 3.33594, 3.336, 3.45235, 3.33753, 3.33639, 3.34368, 3.76122, 3.34084, 3.69205, 9.63511, 25.8271, 3.3381, 3.33579, 3.33577, 3.33577, 3.33577, 3.33577, 3.33577, 3.33577, 3.40002, 3.33577, 3.33577, 3.35207
2.11489, 44, 31.2058, 3.43263, 6.78233, 12.7942, 4.47725e-07, 3.43264, 3.4328, 3.43286, 3.54922, 3.4344, 3.43326, 3.44055, 3.79149, 3.4377, 3.81076, 11.1949, 22.4877, 3.43396, 3.43265, 3.43263, 3.43263, 3.43263, 3.43263, 3.43263, 3.43263, 3.50094, 3.43263, 3.43263, 3.44956
2.12277, 36, 30.3633, 3.53086, 6.16441, 5.63674, 2.97593e-07, 3.53087, 3.53103, 3.53109, 3.64744, 3.53263, 3.53149, 3.53878, 3.84692, 3.53592, 3.93159, 13.3604, 19.5934, 3.53161, 3.53088, 3.53086, 3.53086, 3.53086, 3.53086, 3.53086, 3.53086, 3.60353, 3.53086, 3.53086, 3.54851
2.13065, 34, 30.7946, 3.63047, 6, 3.20542, 1.95429e-07, 3.63049, 3.63065, 3.6307, 3.74706, 3.63224, 3.6311, 3.63839, 3.92393, 3.63553, 4.05454, 16.3482, 17.1307, 3.63089, 3.63049, 3.63047, 3.63047, 3.63047, 3.63047, 3.63047, 3.63048, 3.70785, 3.63047, 3.63047, 3.64896
2.13853, 32, 32.7351, 3.7315, 5.83095, -0.735146, 1.26776e-07, 3.73151, 3.73168, 3.73173, 3.84809, 3.73327, 3.73213, 3.73942, 4.01956, 3.73656, 4.17963, 20.4284, 15.0676, 3.73173, 3.73151, 3.7315, 3.7315, 3.7315, 3.7315, 3.7315, 3.7315, 3.81401, 3.7315, 3.7315, 3.75095
2.14641, 54, 36.4658, 3.83399, 7.48331, 17.5342, 8.12313e-08, 3.834, 3.83416, 3.83422, 3.95057, 3.83575, 3.83461, 3.8419, 4.13147, 3.83904, 4.30687, 25.9269, 13.3614, 3.83411, 3.83399, 3.83399, 3.83399, 3.83399, 3.83399, 3.83399, 3.83399, 3.92217, 3.83399, 3.83399, 3.85451
2.15429, 56, 42.3178, 3.93796, 7.61577, 13.6822, 5.14033e-08, 3.93797, 3.93814, 3.93819, 4.05455, 3.93973, 3.93859, 3.94588, 4.25777, 3.94301, 4.4363, 33.2254, 11.9636, 3.93803, 3.93797, 3.93796, 3.93796, 3.93796, 3.93796, 3.93796, 3.93796, 4.0325, 3.93796, 3.93796, 3.95969
2.16217, 46, 50.6692, 4.04346, 6.9282, -4.66916, 3.21224e-08, 4.04348, 4.04364, 4.04369, 4.16005, 4.04523, 4.04409, 4.05138, 4.39695, 4.04851, 4.56791, 42.7526, 10.8248, 4.0435, 4.04347, 4.04346, 4.04346, 4.04346, 4.04346, 4.04346, 4.04346, 4.14526, 4.04346, 4.04346, 4.06654
2.17005, 76, 61.9345, 4.15053, 8.83176, 14.0655, 1.98209e-08, 4.15054, 4.1507, 4.15076, 4.26711, 4.15229, 4.15115, 4.15844, 4.54766, 4.15557, 4.70174, 54.9709, 9.89862, 4.15055, 4.15053, 4.15053, 4.15053, 4.15053, 4.15053, 4.15053, 4.15053, 4.26079, 4.15053, 4.15053, 4.17508
2.17793, 92, 76.5443, 4.25919, 9.69536, 15.4557, 1.20753e-08, 4.2592, 4.25936, 4.25942, 4.37577, 4.26095, 4.25981, 4.2671, 4.70865, 4.26423, 4.83781, 70.3529, 9.14362, 4.2592, 4.25919, 4.25919, 4.25919, 4.25919, 4.25919, 4.25919, 4.25919, 4.37951, 4.25919, 4.25919, 4.28536
2.18581, 104, 94.9111, 4.36946, 10.2956, 9.08886, 7.26274e-09, 4.36947, 4.36963, 4.36968, 4.48604, 4.37122, 4.37008, 4.37737, 4.87853, 4.3745, 4.97609, 89.347, 8.52515, 4.36946, 4.36946, 4.36946, 4.36946, 4.36946, 4.36946, 4.36946, 4.36946, 4.50193, 4.36946, 4.36946, 4.39738
2.19369, 114, 117.393, 4.48136, 10.7703, -3.39318, 4.31201e-09, 4.48137, 4.48153, 4.48159, 4.59794, 4.48312, 4.48198, 4.48927, 5.05578, 4.4864, 5.11661, 112.34, 8.01532, 4.48136, 4.48136, 4.48136, 4.48136, 4.48136, 4.48136, 4.48136, 4.48136, 4.62874, 4.48136, 4.48136, 4.51117
2.20157, 160, 144.241, 4.59488, 12.7279, 15.7587, 2.527e-09, 4.5949, 4.59506, 4.59511, 4.71147, 4.59665, 4.59551, 4.6028, 5.23858, 4.59993, 5.25935, 139.605, 7.5928, 4.59489, 4.59489, 4.59488, 4.59488, 4.59488, 4.59488, 4.59488, 4.59489, 4.7607, 4.59488, 4.59488, 4.62671
2.20945, 204, 175.552, 4.71004, 14.3527, 28.448, 1.46156e-09, 4.71005, 4.71022, 4.71027, 4.82663, 4.71181, 4.71067, 4.71796, 5.42488, 4.71509, 5.40428, 171.256, 7.24189, 4.71004, 4.71004, 4.71004, 4.71004, 4.71004, 4.71004, 4.71004, 4.71004, 4.89879, 4.71004, 4.71004, 4.74402
2.21733, 194, 211.216, 4.82682, 14, -17.2156, 8.34193e-10, 4.82683, 4.82699, 4.82704, 4.9434, 4.82858, 4.82744, 4.83473, 5.61235, 4.83186, 5.55139, 207.195, 6.95141, 4.82682, 4.82682, 4.82682, 4.82682, 4.82682, 4.82682, 4.82682, 4.82682, 5.04408, 4.82682, 4.82682, 4.86307
2.22521, 270, 250.869, 4.94518, 16.4924, 19.1309, 4.69797e-10, 4.94519, 4.94535, 4.94541, 5.06176, 4.94695, 4.94581, 4.9531, 5.79848, 4.95023, 5.70063, 247.068, 6.71358, 4.94518, 4.94518, 4.94518, 4.94518, 4.94518, 4.94518, 4.94518, 4.94518, 5.1978, 4.94518, 4.94518, 4.98383
2.23309, 304, 293.875, 5.06511, 17.4929, 10.1255, 2.61026e-10, 5.06512, 5.06528, 5.06534, 5.18169, 5.06688, 5.06574, 5.07303, 5.98069, 5.07016, 5.85196, 290.245, 6.52289, 5.06511, 5.06511, 5.06511, 5.06511, 5.06511, 5.06511, 5.06511, 5.06511, 5.36126, 5.06511, 5.06511, 5.10628
2.24097, 370, 339.298, 5.18657, 19.2873, 30.7018, 1.43092e-10, 5.18658, 5.18674, 5.1868, 5.30315, 5.18833, 5.18719, 5.19448, 6.15646, 5.19161, 6.00534, 335.795, 6.37526, 5.18657, 5.18657, 5.18657, 5.18657, 5.18657, 5.18657, 5.18657, 5.18657, 5.53578, 5.18657, 5.18657, 5.23037
2.24885, 462, 385.936, 5.30952, 21.5407, 76.0642, 7.76847e-11, 5.30953, 5.30969, 5.30975, 5.4261, 5.31128, 5.31014, 5.31743, 6.32347, 5.31456, 6.16072, 382.521, 6.26727, 5.30952, 5.30952, 5.30952, 5.30952, 5.30952, 5.30952, 5.30952, 5.30952, 5.72265, 5.30952, 5.30952, 5.35605
2.25673, 494, 432.341, 5.43391, 22.2711, 61.6593, 4.14671e-11, 5.43392, 5.43408, 5.43414, 5.55049, 5.43567, 5.43453, 5.44182, 6.47973, 5.43895, 6.31805, 428.978, 6.19581, 5.43391, 5.43391, 5.43391, 5.43391, 5.43391, 5.43391, 5.43391, 5.43391, 5.92297, 5.43391, 5.43391, 5.48329
2.26461, 542, 476.901, 5.55969, 23.3238, 65.0986, 2.18144e-11, 5.5597, 5.55986, 5.55992, 5.67627, 5.56145, 5.56031, 5.5676, 6.62377, 5.56473, 6.47725, 473.559, 6.15773, 5.55969, 5.55969, 5.55969, 5.55969, 5.55969, 5.55969, 5.55969, 5.55969, 6.13757, 5.55969, 5.55969, 5.61202
2.27249, 502, 517.927, 5.6868, 22.4499, -15.9265, 1.1295e-11, 5.68682, 5.68698, 5.68703, 5.80339, 5.68857, 5.68743, 5.69472, 6.75469, 5.69185, 6.63829, 514.576, 6.14974, 5.6868, 5.6868, 5.6868, 5.6868, 5.6868, 5.6868, 5.6868, 5.68681, 6.36686, 5.6868, 5.6868, 5.74218
2.28037, 516, 553.748, 5.81519, 22.7596, -37.7476, 5.73814e-12, 5.8152, 5.81536, 5.81542, 5.93177, 5.81695, 5.81581, 5.8231, 6.87221, 5.82023, 6.80109, 550.365, 6.16846, 5.81519, 5.81519, 5.81519, 5.81519, 5.81519, 5.81519, 5.81519, 5.81519, 6.61063, 5.81519, 5.81519, 5.8737
2.28825, 640, 582.841, 5.94477, 25.3377, 57.159, 2.84548e-12, 5.94478, 5.94494, 5.945, 6.06135, 5.94653, 5.94539, 5.95268, 6.97673, 5.94981, 6.9656, 579.405, 6.21046, 5.94477, 5.94477, 5.94477, 5.94477, 5.94477, 5.94477, 5.94477, 5.94477, 6.86806, 5.94477, 5.94477, 6.00652
2.29613, 584, 603.93, 6.07545, 24.2074, -19.9303, 1.36852e-12, 6.07546, 6.07562, 6.07568, 6.19203, 6.07722, 6.07608, 6.08336, 7.06923, 6.08049, 7.13178, 600.424, 6.27235, 6.07545, 6.07545, 6.07545, 6.07545, 6.07545, 6.07545, 6.07545, 6.07545, 7.13748, 6.07545, 6.07545, 6.14053
2.30401, 602, 616.09, 6.20713, 24.5764, -14.09, 6.30947e-13, 6.20715, 6.20731, 6.20736, 6.32372, 6.2089, 6.20776, 6.21505, 7.15124, 6.21218, 7.29962, 612.5, 6.35089, 6.20713, 6.20713, 6.20713, 6.20713, 6.20713, 6.20713, 6.20713, 6.20714, 7.41648, 6.20713, 6.20713, 6.27563
2.31189, 642, 618.811, 6.33971, 25.3772, 23.1894, 2.74852e-13, 6.33972, 6.33988, 6.33993, 6.45629, 6.34147, 6.34033, 6.34762, 7.2247, 6.34475, 7.46916, 615.126, 6.4431, 6.33971, 6.33971, 6.33971, 6.33971, 6.33971, 6.33971, 6.33971, 6.33971, 7.70182, 6.33971, 6.33971, 6.41171
2.31977, 634, 612.042, 6.473, 25.219, 21.9583, 1.11055e-13, 6.47301, 6.47317, 6.47323, 6.58958, 6.47477, 6.47363, 6.48092, 7.29178, 6.47805, 7.64055, 608.258, 6.54625, 6.473, 6.473, 6.473, 6.473, 6.473, 6.473, 6.473, 6.473, 7.98954, 6.473, 6.473, 6.54859
2.32765, 560, 596.195, 6.60686, 23.7065, -36.1954, 4.20134e-14, 6.60688, 6.60704, 6.60709, 6.72345, 6.60863, 6.60749, 6.61478, 7.35479, 6.61191, 7.81416, 592.309, 6.65798, 6.60686, 6.60686, 6.60686, 6.60686, 6.60686, 6.60686, 6.60686, 6.60687, 8.27518, 6.60686, 6.60686, 6.68613
2.33553, 556, 572.111, 6.74108, 23.622, -16.1106, 1.44025e-14, 6.74109, 6.74125, 6.74131, 6.85766, 6.74285, 6.74171, 6.749, 7.41594, 6.74613, 7.99067, 568.123, 6.77621, 6.74108, 6.74108, 6.74108, 6.74108, 6.74108, 6.74108, 6.74108, 6.74108, 8.5539, 6.74108, 6.74108, 6.82411
2.34341, 480, 540.988, 6.87542, 21.9545, -60.988, 4.37635e-15, 6.87543, 6.87559, 6.87565, 6.992, 6.87718, 6.87604, 6.88333, 7.4773, 6.88047, 8.17135, 536.902, 6.8992, 6.87542, 6.87542, 6.87542, 6.87542, 6.87542, 6.87542, 6.87542, 6.87542, 8.82086, 6.87542, 6.87542, 6.96229
2.35129, 418, 504.302, 7.0096, 20.4939, -86.3018, 1.13366e-15, 7.00961, 7.00977, 7.00983, 7.12618, 7.01137, 7.01023, 7.01752, 7.5406, 7.01465, 8.35837, 500.121, 7.02546, 7.0096, 7.0096, 7.0096, 7.0096, 7.0096, 7.0096, 7.0096, 7.0096, 9.07144, 7.0096, 7.0096, 7.1004
2.35917, 466, 463.68, 7.14335, 21.6333, 2.31955, 2.83638e-16, 7.14336, 7.14352, 7.14358, 7.25993, 7.14512, 7.14398, 7.15127, 7.60722, 7.14841, 8.55539, 459.409, 7.15377, 7.14335, 7.14335, 7.14335, 7.14335, 7.14335, 7.14335, 7.14335, 7.14335, 9.3016, 7.14335, 7.14335, 7.23815
2.36705, 422, 420.808, 7.27634, 20.5913, 1.19177, 6.28554e-17, 7.27635, 7.27652, 7.27657, 7.39293, 7.27811, 7.27697, 7.28426, 7.67811, 7.28141, 8.76824, 416.445, 7.28308, 7.27634, 7.27634, 7.27634, 7.27634, 7.27634, 7.27634, 7.27634, 7.27634, 9.5081, 7.27634, 7.27634, 7.37522
2.37493, 380, 377.31, 7.40825, 19.5448, 2.6897, 1.22521e-17, 7.40826, 7.40842, 7.40847, 7.52483, 7.41001, 7.40887, 7.41616, 7.75381, 7.41332, 9.00603, 372.847, 7.41254, 7.40825, 7.40825, 7.40825, 7.40825, 7.40825, 7.40825, 7.40825, 7.40825, 9.68876, 7.40825, 7.40825, 7.51128
2.38281, 330, 334.656, 7.53873, 18.2209, -4.6561, 2.07248e-18, 7.53874, 7.5389, 7.53896, 7.65531, 7.5405, 7.53936, 7.54665, 7.83449, 7.54381, 9.28263, 330.07, 7.54143, 7.53873, 7.53873, 7.53873, 7.53873, 7.53873, 7.53873, 7.53873, 7.53873, 9.84258, 7.53873, 7.53873, 7.646
2.39069, 276, 294.1, 7.66748, 16.6733, -18.0995, 2.90987e-19, 7.66749, 7.66766, 7.66771, 7.78407, 7.66925, 7.66811, 7.6754, 7.91997, 7.67258, 9.61859, 289.348, 7.66915, 7.66748, 7.66748, 7.66748, 7.66748, 7.66748, 7.66748, 7.66748, 7.66748, 9.96984, 7.66748, 7.66748, 7.77905
2.39857, 242, 256.624, 7.79422, 15.6205, -14.624, 2.67844e-20, 7.79423, 7.79439, 7.79444, 7.9108, 7.79598, 7.79484, 7.80213, 8.00981, 7.79933, 10.0437, 251.632, 7.79523, 7.79422, 7.79422, 7.79422, 7.79422, 7.79422, 7.79422, 7.79422, 7.79422, 10.072, 7.79422, 7.79422, 7.91016
2.40645, 206, 222.931, 7.9187, 14.4222, -16.9312, 2.05846e-21, 7.91872, 7.91888, 7.91893, 8.03529, 7.92047, 7.91933, 7.92662, 8.10344, 7.92384, 10.5998, 217.579, 7.91931, 7.9187, 7.9187, 7.9187, 7.9187, 7.9187, 7.9187, 7.9187, 7.91871, 10.1518, 7.9187, 7.9187, 8.03909
2.41433, 204, 193.446, 8.04078, 14.3527, 10.5537, 7.62243e-23, 8.0408, 8.04096, 8.04101, 8.15737, 8.04255, 8.04141, 8.04871, 8.20015, 8.04595, 11.3451, 187.553, 8.04114, 8.04078, 8.04078, 8.04078, 8.04078, 8.04078, 8.04078, 8.04078, 8.04078, 10.2128, 8.04078, 8.04078, 8.16568
2.42221, 180, 168.35, 8.16037, 13.4907, 11.6496, 9.58423e-25, 8.16038, 8.16055, 8.1606, 8.27696, 8.16214, 8.161, 8.1683, 8.29925, 8.16558, 12.3572, 161.654, 8.16058, 8.16037, 8.16037, 8.16037, 8.16037, 8.16037, 8.16037, 8.16037, 8.16037, 10.2592, 8.16037, 8.16037, 8.28985
2.43009, 158, 147.623, 8.27749, 12.6491, 10.377, 0, 8.2775, 8.27767, 8.27772, 8.39408, 8.27926, 8.27812, 8.28543, 8.4001, 8.28275, 13.7381, 139.754, 8.27761, 8.27749, 8.27749, 8.27749, 8.27749, 8.27749, 8.27749, 8.27749, 8.27749, 10.2963, 8.27749, 8.27749, 8.41161
2.43797, 144, 131.095, 8.39228, 12.083, 12.9045, 0, 8.39229, 8.39245, 8.39251, 8.50886, 8.39405, 8.39291, 8.40022, 8.50218, 8.3976, 15.6184, 121.551, 8.39235, 8.39228, 8.39228, 8.39228, 8.39228, 8.39228, 8.39228, 8.39228, 8.39228, 10.3293, 8.39228, 8.39228, 8.53111
2.44585, 112, 118.513, 8.50495, 10.6771, -6.51253, 0, 8.50497, 8.50513, 8.50518, 8.62154, 8.50672, 8.50558, 8.51291, 8.60508, 8.51034, 18.1595, 106.622, 8.50499, 8.50495, 8.50495, 8.50495, 8.50495, 8.50495, 8.50495, 8.50495, 8.50496, 10.3644, 8.50495, 8.50495, 8.64855
2.45373, 96, 109.584, 8.61586, 9.8995, -13.5839, 0, 8.61588, 8.61604, 8.61609, 8.73245, 8.61763, 8.61649, 8.62385, 8.70859, 8.62134, 21.5565, 94.4773, 8.61588, 8.61586, 8.61586, 8.61586, 8.61586, 8.61586, 8.61586, 8.61586, 8.61586, 10.4079, 8.61586, 8.61586, 8.76429
2.46161, 108, 104.033, 8.72543, 10.4881, 3.96691, 0, 8.72544, 8.72561, 8.72566, 8.84202, 8.7272, 8.72606, 8.73345, 8.81264, 8.73102, 26.0368, 84.6065, 8.72544, 8.72543, 8.72543, 8.72543, 8.72543, 8.72543, 8.72543, 8.72543, 8.72543, 10.4671, 8.72543, 8.72543, 8.87874
2.46949, 104, 101.633, 8.83417, 10.2956, 2.3673, 0, 8.83418, 8.83434, 8.83439, 8.95075, 8.83593, 8.83479, 8.84224, 8.91732, 8.83988, 31.8565, 76.5191, 8.83417, 8.83417, 8.83417, 8.83417, 8.83417, 8.83417, 8.83417, 8.83417, 8.83417, 10.5508, 8.83417, 8.83417, 8.99243
2.47737, 102, 102.226, 8.9426, 10.198, -0.226242, 0, 8.94261, 8.94278, 8.94283, 9.05919, 8.94437, 8.94323, 8.95076, 9.02282, 8.94846, 39.2919, 69.7733, 8.94261, 8.9426, 8.9426, 8.9426, 8.9426, 8.9426, 8.9426, 8.9426, 8.9426, 10.6694, 8.9426, 8.9426, 9.10588
2.48525, 70, 105.734, 9.05132, 8.48528, -35.7345, 0, 9.05133, 9.05149, 9.05155, 9.1679, 9.05308, 9.05194, 9.05959, 9.12942, 9.05734, 48.626, 63.9947, 9.05132, 9.05132, 9.05132, 9.05132, 9.05132, 9.05132, 9.05132, 9.05132, 9.05132, 10.8363, 9.05132, 9.05132, 9.21967
2.49313, 108, 112.148, 9.16088, 10.4881, -4.14806, 0, 9.16089, 9.16105, 9.16111, 9.27746, 9.16265, 9.16151, 9.16931, 9.23748, 9.1671, 60.1319, 58.8852, 9.16088, 9.16088, 9.16088, 9.16088, 9.16088, 9.16088, 9.16088, 9.16088, 9.16088, 11.0686, 9.16088, 9.16088, 9.33437
2.50101, 128, 121.505, 9.2718, 11.4018, 6.49464, 0, 9.27181, 9.27197, 9.27203, 9.38838, 9.27357, 9.27243, 9.28046, 9.34735, 9.27824, 74.0466, 54.2252, 9.2718, 9.2718, 9.2718, 9.2718, 9.2718, 9.2718, 9.2718, 9.2718, 9.2718, 11.3884, 9.2718, 9.2718, 9.4505
2.50889, 126, 133.864, 9.38457, 11.3137, -7.86391, 0, 9.38458, 9.38474, 9.3848, 9.50115, 9.38634, 9.3852, 9.39355, 9.45939, 9.39126, 90.5492, 49.8661, 9.38457, 9.38457, 9.38457, 9.38457, 9.38457, 9.38457, 9.38457, 9.38457, 9.38457, 11.8238, 9.38457, 9.38457, 9.56858
2.51677, 150, 149.258, 9.49958, 12.3288, 0.741501, 0, 9.49959, 9.49975, 9.49981, 9.61616, 9.50134, 9.5002, 9.509, 9.57389, 9.50654, 109.726, 45.7222, 9.49958, 9.49958, 9.49958, 9.49958, 9.49958, 9.49958, 9.49958, 9.49958, 9.49958, 12.4102, 9.49958, 9.49958, 9.68901
2.52465, 160, 167.662, 9.61712, 12.7279, -7.66222, 0, 9.61714, 9.6173, 9.61735, 9.73371, 9.61889, 9.61775, 9.62715, 9.69108, 9.62439, 131.543, 41.7567, 9.61712, 9.61712, 9.61712, 9.61712, 9.61712, 9.61712, 9.61712, 9.61712, 9.61712, 13.1907, 9.61712, 9.61712, 9.81215
2.53253, 198, 188.949, 9.73743, 14.1421, 9.0508, 0, 9.73744, 9.7376, 9.73765, 9.85401, 9.73919, 9.73805, 9.74827, 9.81114, 9.74503, 155.827, 37.9681, 9.73743, 9.73743, 9.73743, 9.73743, 9.73743, 9.73743, 9.73743, 9.73743, 9.73743, 14.2168, 9.73743, 9.73743, 9.93831
2.54041, 192, 212.859, 9.86058, 13.9284, -20.8588, 0, 9.86059, 9.86076, 9.86081, 9.97717, 9.86235, 9.86121, 9.87253, 9.93413, 9.86855, 182.234, 34.378, 9.86058, 9.86058, 9.86058, 9.86058, 9.86058, 9.86058, 9.86058, 9.86058, 9.86058, 15.5476, 9.86058, 9.86058, 10.0677
2.54829, 212, 238.978, 9.98662, 14.6287, -26.9784, 0, 9.98664, 9.9868, 9.98685, 10.1032, 9.98839, 9.98725, 10, 10.06, 9.99498, 210.256, 31.0183, 9.98662, 9.98662, 9.98662, 9.98662, 9.98662, 9.98662, 9.98662, 9.98662, 9.98662, 17.2486, 9.98662, 9.98662, 10.2007
2.55617, 268, 266.734, 10.1155, 16.4317, 1.26627, 0, 10.1155, 10.1157, 10.1157, 10.2321, 10.1172, 10.1161, 10.1309, 10.1888, 10.1243, 239.213, 27.9232, 10.1155, 10.1155, 10.1155, 10.1155, 10.1155, 10.1155, 10.1155, 10.1155, 10.1155, 19.3893, 10.1155, 10.1155, 10.3376
2.56405, 300, 295.399, 10.247, 17.3781, 4.60052, 0, 10.247, 10.2472, 10.2473, 10.3636, 10.2488, 10.2477, 10.265, 10.3203, 10.2563, 268.281, 25.1216, 10.247, 10.247, 10.247, 10.247, 10.247, 10.247, 10.247, 10.247, 10.247, 22.0395, 10.247, 10.247, 10.479
2.57193, 378, 324.121, 10.3811, 19.4936, 53.8786, 0, 10.3811, 10.3812, 10.3813, 10.4977, 10.3828, 10.3817, 10.4024, 10.4543, 10.3908, 296.518, 22.6333, 10.3811, 10.3811, 10.3811, 10.3811, 10.3811, 10.3811, 10.3811, 10.3811, 10.3811, 25.264, 10.3811, 10.3811, 10.6256
2.57981, 350, 351.958, 10.5174, 18.7617, -1.95782, 0, 10.5174, 10.5176, 10.5176, 10.634, 10.5191, 10.518, 10.5431, 10.5906, 10.5276, 322.919, 20.467, 10.5174, 10.5174, 10.5174, 10.5174, 10.5174, 10.5174, 10.5174, 10.5174, 10.5174, 29.1165, 10.5174, 10.5174, 10.779
2.58769, 438, 377.935, 10.6557, 20.9762, 60.065, 0, 10.6557, 10.6559, 10.6559, 10.7723, 10.6575, 10.6563, 10.6872, 10.7289, 10.6665, 346.473, 18.6198, 10.6557, 10.6557, 10.6557, 10.6557, 10.6557, 10.6557, 10.6557, 10.6557, 10.6557, 33.6331, 10.6557, 10.6557, 10.9412
2.59557, 402, 401.097, 10.7958, 20.0998, 0.902618, 0, 10.7958, 10.796, 10.796, 10.9124, 10.7976, 10.7964, 10.8345, 10.869, 10.8071, 366.224, 17.0785, 10.7958, 10.7958, 10.7958, 10.7958, 10.7958, 10.7958, 10.7958, 10.7958, 10.7958, 38.8241, 10.7958, 10.7958, 11.1157
2.60345, 408, 420.58, 10.9374, 20.2485, -12.5798, 0, 10.9374, 10.9376, 10.9376, 11.054, 10.9392, 10.938, 10.9854, 11.0106, 10.9493, 381.342, 15.8216, 10.9374, 10.9374, 10.9374, 10.9374, 10.9374, 10.9374, 10.9374, 10.9374, 10.9374, 44.6684, 10.9374, 10.9374, 11.3073
2.61133, 442, 435.652, 11.0803, 21.0713, 6.34769, 0, 11.0803, 11.0804, 11.0805, 11.1968, 11.082, 11.0809, 11.1398, 11.1534, 11.0928, 391.177, 14.822, 11.0803, 11.0803, 11.0803, 11.0803, 11.0803, 11.0803, 11.0803, 11.0803, 11.0803, 51.1062, 11.0803, 11.0803, 11.5231
2.61921, 428, 445.775, 11.2241, 20.7364, -17.7754, 0, 11.2241, 11.2243, 11.2243, 11.3407, 11.2259, 11.2247, 11.298, 11.2973, 11.2373, 395.31, 14.0487, 11.2241, 11.2241, 11.2241, 11.2241, 11.2241, 11.2241, 11.2241, 11.2241, 11.2241, 58.0368, 11.2241, 11.2241, 11.773
2.62709, 406, 450.629, 11.3687, 20.199, -44.6294, 0, 11.3687, 11.3689, 11.369, 11.4853, 11.3705, 11.3694, 11.4602, 11.4419, 11.3825, 393.581, 13.4699, 11.3687, 11.3687, 11.3687, 11.3687, 11.3687, 11.3687, 11.3687, 11.3687, 11.3687, 65.3163, 11.3687, 11.3687, 12.0706
2.63497, 424, 450.133, 11.5139, 20.6398, -26.1331, 0, 11.5139, 11.514, 11.5141, 11.6305, 11.5156, 11.5145, 11.6265, 11.5871, 11.5284, 386.107, 13.0541, 11.5139, 11.5139, 11.5139, 11.5139, 11.5139, 11.5139, 11.5139, 11.5139, 11.5139, 72.7607, 11.5139, 11.5139, 12.4336
2.64285, 458, 444.443, 11.6593, 21.4476, 13.5568, 0, 11.6593, 11.6595, 11.6596, 11.7759, 11.6611, 11.66, 11.7973, 11.7326, 11.6745, 373.266, 12.7719, 11.6593, 11.6593, 11.6593, 11.6593, 11.6593, 11.6593, 11.6593, 11.6593, 11.6593, 80.1522, 11.6593, 11.6593, 12.8851
2.65073, 466, 433.937, 11.8049, 21.6333, 32.0633, 0, 11.8049, 11.805, 11.8051, 11.9214, 11.8066, 11.8055, 11.9724, 11.8782, 11.8208, 355.675, 12.5968, 11.8049, 11.8049, 11.8049, 11.8049, 11.8049, 11.8049, 11.8049, 11.8049, 11.8049, 87.2489, 11.8049, 11.8049, 13.4542
2.65861, 436, 419.178, 11.9502, 20.9284, 16.8215, 0, 11.9503, 11.9504, 11.9505, 12.0668, 11.952, 11.9509, 12.1519, 12.0237, 11.9669, 334.139, 12.5058, 11.9502, 11.9502, 11.9502, 11.9502, 11.9502, 11.9502, 11.9502, 11.9502, 11.9502, 93.7973, 11.9502, 11.9502, 14.1764
2.66649, 450, 400.883, 12.0952, 21.2603, 49.1168, 0, 12.0952, 12.0954, 12.0954, 12.2118, 12.097, 12.0958, 12.3356, 12.1688, 12.1126, 309.598, 12.4793, 12.0952, 12.0952, 12.0952, 12.0952, 12.0952, 12.0952, 12.0952, 12.0952, 12.0952, 99.5474, 12.0952, 12.0952, 15.0938
2.67437, 320, 379.863, 12.2395, 17.9444, -59.8634, 0, 12.2395, 12.2397, 12.2397, 12.3561, 12.2413, 12.2401, 12.5229, 12.3132, 12.2577, 283.061, 12.5011, 12.2395, 12.2395, 12.2395, 12.2395, 12.2395, 12.2395, 12.2395, 12.2395, 12.2395, 104.27, 12.2395, 12.2395, 16.2548
2.68225, 336, 356.983, 12.3828, 18.3848, -20.983, 0, 12.3828, 12.383, 12.383, 12.4994, 12.3845, 12.3834, 12.713, 12.4567, 12.4018, 255.547, 12.5585, 12.3828, 12.3828, 12.3828, 12.3828, 12.3828, 12.3828, 12.3828, 12.3828, 12.3828, 107.771, 12.3828, 12.3828, 17.7129
2.69013, 400, 333.11, 12.5247, 20.0499, 66.8896, 0, 12.5247, 12.5249, 12.525, 12.6413, 12.5265, 12.5254, 12.905, 12.5989, 12.5446, 228.02, 12.641, 12.5247, 12.5247, 12.5247, 12.5247, 12.5247, 12.5247, 12.5247, 12.5247, 12.5247, 109.906, 12.5247, 12.5247, 19.5245
2.69801, 346, 309.069, 12.665, 18.6548, 36.9308, 0, 12.665, 12.6652, 12.6652, 12.7816, 12.6668, 12.6656, 13.0974, 12.7395, 12.6857, 201.339, 12.7408, 12.665, 12.665, 12.665, 12.665, 12.665, 12.665, 12.665, 12.665, 12.665, 110.591, 12.665, 12.665, 21.7465
2.70589, 310, 285.613, 12.8031, 17.6635, 24.3867, 0, 12.8032, 12.8033, 12.8034, 12.9197, 12.8049, 12.8038, 13.2886, 12.8781, 12.8247, 176.23, 12.8519, 12.8031, 12.8031, 12.8031, 12.8031, 12.8031, 12.8031, 12.8031, 12.8031, 12.8031, 109.808, 12.8031, 12.8031, 24.4319
2.71377, 300, 263.39, 12.9388, 17.3781, 36.6096, 0, 12.9388, 12.939, 12.939, 13.0554, 12.9405, 12.9394, 13.4766, 13.0143, 12.9612, 153.25, 12.9697, 12.9388, 12.9388, 12.9388, 12.9388, 12.9388, 12.9388, 12.9388, 12.9388, 12.9388, 107.606, 12.9388, 12.9388, 27.6251
2.72165, 260, 242.928, 13.0715, 16.1864, 17.0718, 0, 13.0715, 13.0717, 13.0717, 13.1881, 13.0732, 13.0721, 13.6594, 13.1477, 13.0948, 132.788, 13.0908, 13.0715, 13.0715, 13.0715, 13.0715, 13.0715, 13.0715, 13.0715, 13.0715, 13.0715, 104.101, 13.0715, 13.0715, 31.3562
2.72953, 254, 224.621, 13.2008, 16, 29.3791, 0, 13.2008, 13.201, 13.201, 13.3174, 13.2026, 13.2014, 13.8348, 13.2778, 13.225, 115.061, 13.2127, 13.2008, 13.2008, 13.2008, 13.2008, 13.2008, 13.2008, 13.2008, 13.2008, 13.2008, 99.4599, 13.2008, 13.2008, 35.6356
2.73741, 194, 208.723, 13.3264, 14, -14.7229, 0, 13.3264, 13.3265, 13.3266, 13.443, 13.3281, 13.327, 14.0007, 13.4043, 13.3515, 100.128, 13.3336, 13.3264, 13.3264, 13.3264, 13.3264, 13.3264, 13.3264, 13.3264, 13.3264, 13.3264, 93.8957, 13.3264, 13.3264, 40.4483
2.74529, 190, 195.353, 13.4478, 13.8564, -5.35309, 0, 13.4479, 13.448, 13.4481, 13.5644, 13.4496, 13.4485, 14.1553, 13.527, 13.4739, 87.9141, 13.4522, 13.4478, 13.4478, 13.4478, 13.4478, 13.4478, 13.4478, 13.4478, 13.4478, 13.4479, 87.6493, 13.4478, 13.4478, 45.7491
2.75317, 208, 184.5, 13.5649, 14.4914, 23.5004, 0, 13.565, 13.5651, 13.5652, 13.6815, 13.5667, 13.5656, 14.2968, 13.6454, 13.592, 78.2341, 13.5675, 13.5649, 13.5649, 13.5649, 13.5649, 13.5649, 13.5649, 13.5649, 13.5649, 13.5649, 80.9744, 13.5649, 13.5649, 51.4597
2.76105, 178, 176.033, 13.6775, 13.4164, 1.96704, 0, 13.6775, 13.6776, 13.6777, 13.794, 13.6792, 13.6781, 14.424, 13.7595, 13.7055, 70.8203, 13.679, 13.6775, 13.6775, 13.6775, 13.6775, 13.6775, 13.6775, 13.6775, 13.6775, 13.6775, 74.1229, 13.6775, 13.6775, 57.4671
2.76893, 154, 169.72, 13.7853, 12.49, -15.7199, 0, 13.7853, 13.7855, 13.7856, 13.9019, 13.7871, 13.786, 14.5363, 13.8692, 13.8143, 65.35, 13.7862, 13.7853, 13.7853, 13.7853, 13.7853, 13.7853, 13.7853, 13.7853, 13.7853, 13.7853, 67.3301, 13.7853, 13.7853, 63.6263
2.77681, 162, 165.244, 13.8886, 12.8062, -3.24417, 0, 13.8886, 13.8887, 13.8888, 14.0051, 13.8903, 13.8892, 14.6335, 13.9745, 13.9185, 61.4725, 13.889, 13.8886, 13.8886, 13.8886, 13.8886, 13.8886, 13.8886, 13.8886, 13.8886, 13.8886, 60.8046, 13.8886, 13.8886, 69.7634
2.78469, 164, 162.228, 13.9873, 12.8841, 1.77161, 0, 13.9873, 13.9875, 13.9875, 14.1039, 13.989, 13.9879, 14.7158, 14.0756, 14.0183, 58.8319, 13.9876, 13.9873, 13.9873, 13.9873, 13.9873, 13.9873, 13.9873, 13.9873, 13.9873, 13.9873, 54.7199, 13.9873, 13.9873, 75.6836
2.79257, 156, 160.258, 14.0817, 12.5698, -4.25812, 0, 14.0818, 14.0819, 14.082, 14.1983, 14.0835, 14.0824, 14.7843, 14.1727, 14.1138, 57.0856, 14.0819, 14.0817, 14.0817, 14.0817, 14.0817, 14.0817, 14.0817, 14.0817, 14.0817, 14.0817, 49.2088, 14.0817, 14.0817, 81.1821
2.80045, 136, 158.909, 14.1723, 11.7473, -22.9087, 0, 14.1723, 14.1724, 14.1725, 14.2888, 14.174, 14.1729, 14.8403, 14.2662, 14.2054, 55.9208, 14.1723, 14.1723, 14.1723, 14.1723, 14.1723, 14.1723, 14.1723, 14.1723, 14.1723, 14.1723, 44.3639, 14.1723, 14.1723, 86.0539
2.80833, 152, 157.77, 14.2592, 12.4097, -5.76955, 0, 14.2592, 14.2593, 14.2594, 14.3757, 14.2609, 14.2598, 14.8856, 14.3563, 14.2933, 55.0651, 14.2592, 14.2592, 14.2592, 14.2592, 14.2592, 14.2592, 14.2592, 14.2592, 14.2592, 14.2592, 40.2372, 14.2592, 14.2592, 90.1082
2.81621, 170, 156.468, 14.3428, 13.1149, 13.5317, 0, 14.3428, 14.343, 14.343, 14.4594, 14.3446, 14.3434, 14.9221, 14.4435, 14.3781, 54.2935, 14.3428, 14.3428, 14.3428, 14.3428, 14.3428, 14.3428, 14.3428, 14.3428, 14.3428, 14.3428, 36.8454, 14.3428, 14.3428, 93.1803
2.82409, 152, 154.69, 14.4235, 12.4097, -2.69028, 0, 14.4235, 14.4237, 14.4237, 14.5401, 14.4253, 14.4241, 14.9517, 14.5281, 14.4599, 53.4322, 14.4235, 14.4235, 14.4235, 14.4235, 14.4235, 14.4235, 14.4235, 14.4235, 14.4235, 14.4235, 34.173, 14.4235, 14.4235, 95.1433
2.83197, 156, 152.194, 14.5014, 12.5698, 3.80629, 0, 14.5014, 14.5016, 14.5016, 14.618, 14.5031, 14.502, 14.9765, 14.6102, 14.5389, 52.3588, 14.5014, 14.5014, 14.5014, 14.5014, 14.5014, 14.5014, 14.5014, 14.5014, 14.5014, 14.5014, 32.1801, 14.5014, 14.5014, 95.9167
2.83985, 140, 148.819, 14.5765, 11.9164, -8.81894, 0, 14.5765, 14.5767, 14.5767, 14.6931, 14.5783, 14.5771, 14.998, 14.6898, 14.6151, 50.9994, 14.5765, 14.5765, 14.5765, 14.5765, 14.5765, 14.5765, 14.5765, 14.5765, 14.5765, 14.5765, 30.8072, 14.5765, 14.5765, 95.4724
2.84773, 136, 144.491, 14.6486, 11.7473, -8.49083, 0, 14.6486, 14.6487, 14.6488, 14.7652, 14.6503, 14.6492, 15.0175, 14.7667, 14.6884, 49.324, 14.6486, 14.6486, 14.6486, 14.6486, 14.6486, 14.6486, 14.6486, 14.6486, 14.6486, 14.6486, 29.9816, 14.6486, 14.6486, 93.8361
2.85561, 148, 139.216, 14.7171, 12.2474, 8.78407, 0, 14.7171, 14.7173, 14.7173, 14.8337, 14.7189, 14.7177, 15.0357, 14.8403, 14.7581, 47.3397, 14.7171, 14.7171, 14.7171, 14.7171, 14.7171, 14.7171, 14.7171, 14.7171, 14.7171, 14.7171, 29.6226, 14.7171, 14.7171, 91.0856
2.86349, 122, 133.072, 14.7812, 11.1355, -11.0723, 0, 14.7812, 14.7814, 14.7814, 14.8978, 14.783, 14.7818, 15.0528, 14.9099, 14.8234, 45.0828, 14.7812, 14.7812, 14.7812, 14.7812, 14.7812, 14.7812, 14.7812, 14.7812, 14.7812, 14.7812, 29.646, 14.7812, 14.7812, 87.3441
2.87137, 116, 126.197, 14.8397, 10.8628, -10.1968, 0, 14.8398, 14.8399, 14.84, 14.9563, 14.8415, 14.8404, 15.0683, 14.9741, 14.8831, 42.6107, 14.8397, 14.8397, 14.8397, 14.8397, 14.8397, 14.8397, 14.8397, 14.8397, 14.8397, 14.8397, 29.9679, 14.8397, 14.8397, 82.772
2.87925, 114, 118.767, 14.8912, 10.7703, -4.76738, 0, 14.8912, 14.8914, 14.8914, 15.0078, 14.8929, 14.8918, 15.0811, 15.0315, 14.9357, 39.9933, 14.8912, 14.8912, 14.8912, 14.8912, 14.8912, 14.8912, 14.8912, 14.8912, 14.8912, 14.8912, 30.5075, 14.8912, 14.8912, 77.5547
2.88713, 124, 110.986, 14.9337, 11.225, 13.0135, 0, 14.9337, 14.9339, 14.9339, 15.0503, 14.9355, 14.9343, 15.0897, 15.0803, 14.9795, 37.3057, 14.9337, 14.9337, 14.9337, 14.9337, 14.9337, 14.9337, 14.9337, 14.9337, 14.9337, 14.9337, 31.1893, 14.9337, 14.9337, 71.8911
2.89501, 110, 103.062, 14.9653, 10.583, 6.93781, 0, 14.9653, 14.9655, 14.9655, 15.0819, 14.9671, 14.9659, 15.092, 15.1184, 15.0123, 34.6213, 14.9653, 14.9653, 14.9653, 14.9653, 14.9653, 14.9653, 14.9653, 14.9653, 14.9653, 14.9653, 31.9449, 14.9653, 14.9653, 65.9804
2.90289, 90, 95.1933, 14.9838, 9.59166, -5.19329, 0, 14.9838, 14.984, 14.984, 15.1004, 14.9856, 14.9844, 15.0857, 15.1437, 15.0321, 32.0067, 14.9838, 14.9838, 14.9838, 14.9838, 14.9838, 14.9838, 14.9838, 14.9838, 14.9838, 14.9838, 32.7136, 14.9838, 14.9838, 60.0111
2.91077, 96, 87.5572, 14.987, 9.8995, 8.44281, 0, 14.987, 14.9871, 14.9872, 15.1035, 14.9887, 14.9876, 15.0682, 15.1538, 15.0365, 29.5179, 14.987, 14.987, 14.987, 14.987, 14.987, 14.987, 14.987, 14.987, 14.987, 14.987, 33.4436, 14.987, 14.987, 54.1525
2.91865, 74, 80.2993, 14.9727, 8.7178, -6.2993, 0, 14.9727, 14.9729, 14.973, 15.0893, 14.9745, 14.9734, 15.037, 15.1469, 15.0236, 27.1981, 14.9727, 14.9727, 14.9727, 14.9727, 14.9727, 14.9727, 14.9727, 14.9727, 14.9727, 14.9727, 34.0917, 14.9727, 14.9727, 48.5463
2.92653, 76, 73.5295, 14.9393, 8.83176, 2.47047, 0, 14.9393, 14.9394, 14.9395, 15.0558, 14.941, 14.9399, 14.99, 15.1209, 14.9914, 25.0769, 14.9393, 14.9393, 14.9393, 14.9393, 14.9393, 14.9393, 14.9393, 14.9393, 14.9393, 14.9393, 34.6235, 14.9393, 14.9393, 43.3038
2.93441, 110, 67.3193, 14.8851, 10.583, 42.6807, 0, 14.8851, 14.8853, 14.8853, 15.0017, 14.8868, 14.8857, 14.925, 15.0744, 14.9385, 23.1706, 14.8851, 14.8851, 14.8851, 14.8851, 14.8851, 14.8851, 14.8851, 14.8851, 14.8851, 14.8851, 35.0128, 14.8851, 14.8851, 38.5039
2.94229, 76, 61.7036, 14.8093, 8.83176, 14.2964, 0, 14.8093, 14.8095, 14.8095, 14.9259, 14.8111, 14.8099, 14.8409, 15.0065, 14.8641, 21.4837, 14.8093, 14.8093, 14.8093, 14.8093, 14.8093, 14.8093, 14.8093, 14.8093, 14.8093, 14.8093, 35.2415, 14.8093, 14.8093, 34.194
2.95017, 80, 56.6859, 14.7116, 9.05539, 23.3141, 0, 14.7117, 14.7118, 14.7119, 14.8282, 14.7134, 14.7123, 14.7368, 14.917, 14.7678, 20.0112, 14.7116, 14.7116, 14.7116, 14.7116, 14.7116, 14.7116, 14.7116, 14.7116, 14.7116, 14.7116, 35.2983, 14.7116, 14.7116, 30.3936
2.95805, 52, 52.2425, 14.5926, 7.34847, -0.242531, 0, 14.5926, 14.5927, 14.5928, 14.7091, 14.5943, 14.5932, 14.6129, 14.8063, 14.65, 18.7402, 14.5926, 14.5926, 14.5926, 14.5926, 14.5926, 14.5926, 14.5926, 14.5926, 14.5926, 14.5926, 35.1786, 14.5926, 14.5926, 27.0979
2.96592, 56, 48.3306, 14.4533, 7.61577, 7.66936, 0, 14.4533, 14.4534, 14.4535, 14.5698, 14.455, 14.4539, 14.4702, 14.6755, 14.5121, 17.653, 14.4533, 14.4533, 14.4533, 14.4533, 14.4533, 14.4533, 14.4533, 14.4533, 14.4533, 14.4533, 34.8831, 14.4533, 14.4533, 24.2836
2.97381, 38, 44.8938, 14.2957, 6.32456, -6.89385, 0, 14.2957, 14.2958, 14.2959, 14.4123, 14.2974, 14.2963, 14.3101, 14.5267, 14.3559, 16.729, 14.2957, 14.2957, 14.2957, 14.2957, 14.2957, 14.2957, 14.2957, 14.2957, 14.2957, 14.2957, 34.4176, 14.2957, 14.2957, 21.9135
2.98169, 62, 41.8697, 14.1225, 8, 20.1303, 0, 14.1225, 14.1226, 14.1227, 14.239, 14.1242, 14.1231, 14.1353, 14.3624, 14.1841, 15.9466, 14.1225, 14.1225, 14.1225, 14.1225, 14.1225, 14.1225, 14.1225, 14.1225, 14.1225, 14.1225, 33.7919, 14.1225, 14.1225, 19.9423
2.98956, 36, 39.1945, 13.9368, 6.16441, -3.19448, 0, 13.9368, 13.937, 13.937, 14.0534, 13.9386, 13.9374, 13.9486, 14.1859, 13.9999, 15.2849, 13.9368, 13.9368, 13.9368, 13.9368, 13.9368, 13.9368, 13.9368, 13.9368, 13.9368, 13.9368, 33.0194, 13.9368, 13.9368, 18.3203
2.99745, 52, 36.8078, 13.7424, 7.34847, 15.1922, 0, 13.7424, 13.7425, 13.7426, 13.8589, 13.7441, 13.743, 13.7537, 14.0008, 13.807, 14.7246, 13.7424, 13.7424, 13.7424, 13.7424, 13.7424, 13.7424, 13.7424, 13.7424, 13.7424, 13.7424, 32.1165, 13.7424, 13.7424, 16.9975
3.00532, 38, 34.6561, 13.543, 6.32456, 3.34394, 0, 13.543, 13.5431, 13.5432, 13.6595, 13.5447, 13.5436, 13.5543, 13.8109, 13.6093, 14.2485, 13.543, 13.543, 13.543, 13.543, 13.543, 13.543, 13.543, 13.543, 13.543, 13.543, 31.1021, 13.543, 13.543, 15.9263
3.01321, 22, 32.6942, 13.3425, 4.89898, -10.6942, 0, 13.3425, 13.3427, 13.3427, 13.4591, 13.3442, 13.3431, 13.3543, 13.6202, 13.4106, 13.8421, 13.3425, 13.3425, 13.3425, 13.3425, 13.3425, 13.3425, 13.3425, 13.3425, 13.3425, 13.3425, 29.9969, 13.3425, 13.3425, 15.0631
3.02109, 28, 30.8868, 13.1447, 5.47723, -2.8868, 0, 13.1447, 13.1449, 13.1449, 13.2613, 13.1465, 13.1453, 13.1573, 13.4323, 13.215, 13.4936, 13.1447, 13.1447, 13.1447, 13.1447, 13.1447, 13.1447, 13.1447, 13.1447, 13.1447, 13.1447, 28.8231, 13.1447, 13.1447, 14.3696
3.02896, 30, 29.2077, 12.953, 5.65685, 0.792326, 0, 12.953, 12.9532, 12.9532, 13.0696, 12.9547, 12.9536, 12.9668, 13.2506, 13.0259, 13.1932, 12.953, 12.953, 12.953, 12.953, 12.953, 12.953, 12.953, 12.953, 12.953, 12.953, 27.6038, 12.953, 12.953, 13.8128
3.03684, 28, 27.6394, 12.7702, 5.47723, 0.360649, 0, 12.7702, 12.7704, 12.7705, 12.8868, 12.772, 12.7709, 12.7856, 13.0781, 12.8466, 12.9333, 12.7702, 12.7702, 12.7702, 12.7702, 12.7702, 12.7702, 12.7702, 12.7702, 12.7702, 12.7702, 26.362, 12.7702, 12.7702, 13.3655
3.04472, 18, 26.1719, 12.5987, 4.47214, -8.17191, 0, 12.5987, 12.5989, 12.599, 12.7153, 12.6005, 12.5994, 12.6161, 12.917, 12.6798, 12.7079, 12.5987, 12.5987, 12.5987, 12.5987, 12.5987, 12.5987, 12.5987, 12.5987, 12.5987, 12.5987, 25.1201, 12.5987, 12.5987, 13.0051
3.0526, 28, 24.8011, 12.4401, 5.47723, 3.19887, 0, 12.4401, 12.4403, 12.4403, 12.5567, 12.4419, 12.4407, 12.46, 12.769, 12.5279, 12.5122, 12.4401, 12.4401, 12.4401, 12.4401, 12.4401, 12.4401, 12.4401, 12.4401, 12.4401, 12.4401, 23.8994, 12.4401, 12.4401, 12.7137
3.06048, 16, 23.5272, 12.2953, 4.24264, -7.52721, 0, 12.2953, 12.2955, 12.2955, 12.4119, 12.2971, 12.2959, 12.3183, 12.635, 12.3929, 12.3422, 12.2953, 12.2953, 12.2953, 12.2953, 12.2953, 12.2953, 12.2953, 12.2953, 12.2953, 12.2953, 22.719, 12.2953, 12.2953, 12.477
3.06837, 16, 22.353, 12.1647, 4.24264, -6.35295, 0, 12.1647, 12.1648, 12.1649, 12.2813, 12.1664, 12.1653, 12.1912, 12.5153, 12.2766, 12.1948, 12.1647, 12.1647, 12.1647, 12.1647, 12.1647, 12.1647, 12.1647, 12.1647, 12.1647, 12.1647, 21.5954, 12.1647, 12.1647, 12.2837
3.07624, 18, 21.2828, 12.0479, 4.47214, -3.28281, 0, 12.0479, 12.0481, 12.0482, 12.1645, 12.0497, 12.0486, 12.0786, 12.4096, 12.1811, 12.067, 12.0479, 12.0479, 12.0479, 12.0479, 12.0479, 12.0479, 12.0479, 12.0479, 12.0479, 12.0479, 20.542, 12.0479, 12.0479, 12.1248
3.08412, 14, 20.3216, 11.9444, 4, -6.3216, 0, 11.9444, 11.9446, 11.9447, 12.061, 11.9462, 11.9451, 11.9799, 12.3174, 12.1087, 11.9563, 11.9444, 11.9444, 11.9444, 11.9444, 11.9444, 11.9444, 11.9444, 11.9444, 11.9444, 11.9444, 19.5686, 11.9444, 11.9444, 11.9934
3.092, 6, 19.4743, 11.8532, 2.82843, -13.4743, 0, 11.8532, 11.8534, 11.8534, 11.9698, 11.855, 11.8538, 11.8939, 12.2375, 12.063, 11.8605, 11.8532, 11.8532, 11.8532, 11.8532, 11.8532, 11.8532, 11.8532, 11.8532, 11.8532, 11.8532, 18.6819, 11.8532, 11.8532, 11.884
3.09988, 24, 18.7455, 11.7731, 5.09902, 5.25445, 0, 11.7731, 11.7733, 11.7733, 11.8897, 11.7749, 11.7737, 11.8196, 12.169, 12.0485, 11.7775, 11.7731, 11.7731, 11.7731, 11.7731, 11.7731, 11.7731, 11.7731, 11.7731, 11.7731, 11.7731, 17.8848, 11.7731, 11.7731, 11.7922
3.10776, 10, 18.1401, 11.703, 3.4641, -8.14006, 0, 11.703, 11.7031, 11.7032, 11.8196, 11.7047, 11.7036, 11.7557, 12.1105, 12.0718, 11.7056, 11.703, 11.703, 11.703, 11.703, 11.703, 11.703, 11.703, 11.703, 11.703, 11.703, 17.1772, 11.703, 11.703, 11.7146
3.11564, 16, 17.6629, 11.6418, 4.24264, -1.66286, 0, 11.6418, 11.6419, 11.642, 11.7583, 11.6435, 11.6424, 11.7011, 12.0612, 12.1416, 11.6433, 11.6418, 11.6418, 11.6418, 11.6418, 11.6418, 11.6418, 11.6418, 11.6418, 11.6418, 11.6418, 16.5563, 11.6418, 11.6418, 11.6488
3.12352, 6, 17.3199, 11.5886, 2.82843, -11.3199, 0, 11.5886, 11.5887, 11.5888, 11.7051, 11.5903, 11.5892, 11.6547, 12.0199, 12.2695, 11.5895, 11.5886, 11.5886, 11.5886, 11.5886, 11.5886, 11.5886, 11.5886, 11.5886, 11.5886, 11.5886, 16.017, 11.5886, 11.5886, 11.5928
3.1314, 16, 17.1188, 11.5427, 4.24264, -1.11882, 0, 11.5427, 11.5429, 11.5429, 11.6593, 11.5445, 11.5433, 11.6156, 11.9862, 12.4699, 11.5432, 11.5427, 11.5427, 11.5427, 11.5427, 11.5427, 11.5427, 11.5427, 11.5427, 11.5427, 11.5427, 15.5528, 11.5427, 11.5427, 11.5452
3.13928, 4, 17.0694, 11.5038, 2.44949, -13.0694, 0, 11.5038, 11.504, 11.504, 11.6204, 11.5056, 11.5044, 11.5834, 11.9596, 12.7607, 11.5041, 11.5038, 11.5038, 11.5038, 11.5038, 11.5038, 11.5038, 11.5038, 11.5038, 11.5038, 11.5038, 15.156, 11.5038, 11.5038, 11.5052
3.14716, 6, 17.184, 11.4716, 2.82843, -11.184, 0, 11.4717, 11.4718, 11.4719, 11.5882, 11.4734, 11.4723, 11.5575, 11.9399, 13.1624, 11.4718, 11.4716, 11.4716, 11.4716, 11.4716, 11.4716, 11.4716, 11.4716, 11.4716, 11.4716, 11.4716, 14.8187, 11.4716, 11.4716, 11.4725
3.15504, 20, 17.4775, 11.4463, 4.69042, 2.52247, 0, 11.4463, 11.4465, 11.4466, 11.5629, 11.4481, 11.4469, 11.5379, 11.9272, 13.6986, 11.4464, 11.4463, 11.4463, 11.4463, 11.4463, 11.4463, 11.4463, 11.4463, 11.4463, 11.4463, 11.4463, 14.5329, 11.4463, 11.4463, 11.4468
3.16292, 16, 17.9673, 11.428, 4.24264, -1.96733, 0, 11.428, 11.4282, 11.4283, 11.5446, 11.4298, 11.4287, 11.5245, 11.9216, 14.3945, 11.4281, 11.428, 11.428, 11.428, 11.428, 11.428, 11.428, 11.428, 11.428, 11.428, 11.428, 14.2911, 11.428, 11.428, 11.4283
3.1708, 22, 18.672, 11.4171, 4.89898, 3.32801, 0, 11.4171, 11.4173, 11.4173, 11.5337, 11.4189, 11.4177, 11.5175, 11.9236, 15.2763, 11.4171, 11.4171, 11.4171, 11.4171, 11.4171, 11.4171, 11.4171, 11.4171, 11.4171, 11.4171, 11.4171, 14.0863, 11.4171, 11.4171, 11.4172
3.17868, 14, 19.6103, 11.4139, 4, -5.6103, 0, 11.4139, 11.4141, 11.4141, 11.5305, 11.4156, 11.4145, 11.5172, 11.9334, 16.3692, 11.4139, 11.4139, 11.4139, 11.4139, 11.4139, 11.4139, 11.4139, 11.4139, 11.4139, 11.4139, 11.4139, 13.9127, 11.4139, 11.4139, 11.414
3.18656, 32, 20.7992, 11.4187, 5.83095, 11.2008, 0, 11.4187, 11.4188, 11.4189, 11.5353, 11.4204, 11.4193, 11.5236, 11.9514, 17.6958, 11.4187, 11.4187, 11.4187, 11.4187, 11.4187, 11.4187, 11.4187, 11.4187, 11.4187, 11.4187, 11.4187, 13.765, 11.4187, 11.4187, 11.4187
3.19444, 22, 22.2515, 11.4317, 4.89898, -0.251501, 0, 11.4317, 11.4319, 11.4319, 11.5483, 11.4335, 11.4323, 11.5369, 11.9778, 19.2734, 11.4317, 11.4317, 11.4317, 11.4317, 11.4317, 11.4317, 11.4317, 11.4317, 11.4317, 11.4317, 11.4317, 13.6392, 11.4317, 11.4317, 11.4317
3.20232, 30, 23.9738, 11.4531, 5.65685, 6.02624, 0, 11.4531, 11.4533, 11.4534, 11.5697, 11.4549, 11.4538, 11.5573, 12.0127, 21.1118, 11.4531, 11.4531, 11.4531, 11.4531, 11.4531, 11.4531, 11.4531, 11.4531, 11.4531, 11.4531, 11.4531, 13.5319, 11.4531, 11.4531, 11.4531
3.2102, 32, 25.9632, 11.4829, 5.83095, 6.03685, 0, 11.4829, 11.4831, 11.4831, 11.5995, 11.4847, 11.4835, 11.5848, 12.0561, 23.2108, 11.4829, 11.4829, 11.4829, 11.4829, 11.4829, 11.4829, 11.4829, 11.4829, 11.4829, 11.4829, 11.4829, 13.4407, 11.4829, 11.4829, 11.4829
3.21808, 30, 28.2055, 11.5208, 5.65685, 1.79445, 0, 11.5208, 11.5209, 11.521, 11.6373, 11.5225, 11.5214, 11.6192, 12.1078, 25.5578, 11.5208, 11.5208, 11.5208, 11.5208, 11.5208, 11.5208, 11.5208, 11.5208, 11.5208, 11.5208, 11.5208, 13.3636, 11.5208, 11.5208, 11.5208
3.22596, 38, 30.6735, 11.5664, 6.32456, 7.32653, 0, 11.5664, 11.5666, 11.5666, 11.683, 11.5682, 11.567, 11.6604, 12.1674, 28.1262, 11.5664, 11.5664, 11.5664, 11.5664, 11.5664, 11.5664, 11.5664, 11.5664, 11.5664, 11.5664, 11.5664, 13.2992, 11.5664, 11.5665, 11.5664
3.23384, 26, 33.325, 11.6193, 5.2915, -7.325, 0, 11.6193, 11.6194, 11.6195, 11.7359, 11.621, 11.6199, 11.7079, 12.2344, 30.8745, 11.6193, 11.6193, 11.6193, 11.6193, 11.6193, 11.6193, 11.6193, 11.6193, 11.6193, 11.6193, 11.6193, 13.2465, 11.6193, 11.6194, 11.6193
3.24172, 26, 36.1034, 11.6787, 5.2915, -10.1034, 0, 11.6788, 11.6789, 11.679, 11.7953, 11.6805, 11.6794, 11.7613, 12.3082, 33.746, 11.6787, 11.6787, 11.6787, 11.6787, 11.6787, 11.6787, 11.6787, 11.6787, 11.6787, 11.6787, 11.6787, 13.2046, 11.6787, 11.6789, 11.6787
3.2496, 28, 38.9382, 11.744, 5.47723, -10.9382, 0, 11.7441, 11.7442, 11.7443, 11.8606, 11.7458, 11.7447, 11.82, 12.3879, 36.6698, 11.744, 11.744, 11.744, 11.744, 11.744, 11.744, 11.744, 11.744, 11.744, 11.744, 11.744, 13.173, 11.744, 11.7443, 11.744
3.25748, 40, 41.748, 11.8143, 6.48074, -1.74798, 0, 11.8144, 11.8145, 11.8146, 11.9309, 11.8161, 11.815, 11.8835, 12.4728, 39.5639, 11.8143, 11.8143, 11.8143, 11.8143, 11.8143, 11.8143, 11.8143, 11.8143, 11.8143, 11.8143, 11.8143, 13.1511, 11.8143, 11.8147, 11.8143
3.26536, 50, 44.4428, 11.8888, 7.2111, 5.55718, 0, 11.8888, 11.8889, 11.889, 12.0053, 11.8905, 11.8894, 11.951, 12.5619, 42.338, 11.8888, 11.8888, 11.8888, 11.8888, 11.8888, 11.8888, 11.8888, 11.8888, 11.8888, 11.8888, 11.8888, 13.1383, 11.8888, 11.8893, 11.8888
3.27324, 50, 46.9297, 11.9664, 7.2111, 3.07033, 0, 11.9664, 11.9665, 11.9666, 12.083, 11.9681, 11.967, 12.0218, 12.6544, 44.8985, 11.9664, 11.9664, 11.9664, 11.9664, 11.9664, 11.9664, 11.9664, 11.9664, 11.9664, 11.9664, 11.9664, 13.134, 11.9664, 11.9671, 11.9664
3.28112, 60, 49.1171, 12.0463, 7.87401, 10.8829, 0, 12.0463, 12.0464, 12.0465, 12.1628, 12.048, 12.0469, 12.0952, 12.7492, 47.1535, 12.0463, 12.0463, 12.0463, 12.0463, 12.0463, 12.0463, 12.0463, 12.0463, 12.0463, 12.0463, 12.0463, 13.1375, 12.0463, 12.0473, 12.0463
3.289, 50, 50.9209, 12.1275, 7.2111, -0.920876, 0, 12.1275, 12.1277, 12.1277, 12.2441, 12.1293, 12.1281, 12.1703, 12.8456, 49.0185, 12.1275, 12.1275, 12.1275, 12.1275, 12.1275, 12.1275, 12.1275, 12.1275, 12.1275, 12.1275, 12.1275, 13.148, 12.1275, 12.1291, 12.1275
3.29688, 50, 52.2692, 12.2093, 7.2111, -2.2692, 0, 12.2093, 12.2095, 12.2095, 12.3259, 12.2111, 12.2099, 12.2465, 12.9426, 50.4215, 12.2093, 12.2093, 12.2093, 12.2093, 12.2093, 12.2093, 12.2093, 12.2093, 12.2093, 12.2093, 12.2093, 13.1649, 12.2093, 12.2115, 12.2093
3.30476, 58, 53.1076, 12.2908, 7.74597, 4.89236, 0, 12.2908, 12.2909, 12.291, 12.4073, 12.2925, 12.2914, 12.3229, 13.0395, 51.3081, 12.2908, 12.2908, 12.2908, 12.2908, 12.2908, 12.2908, 12.2908, 12.2908, 12.2908, 12.2908, 12.2908, 13.187, 12.2908, 12.2938, 12.2908
3.31264, 66, 53.4027, 12.3712, 8.24621, 12.5973, 0, 12.3712, 12.3714, 12.3714, 12.4878, 12.3729, 12.3718, 12.3988, 13.1355, 51.6449, 12.3712, 12.3712, 12.3712, 12.3712, 12.3712, 12.3712, 12.3712, 12.3712, 12.3712, 12.3712, 12.3712, 13.2136, 12.3712, 12.3753, 12.3712
3.32052, 50, 53.144, 12.4499, 7.2111, -3.14403, 0, 12.4499, 12.45, 12.4501, 12.5664, 12.4516, 12.4505, 12.4735, 13.2298, 51.4216, 12.4499, 12.4499, 12.4499, 12.4499, 12.4499, 12.4499, 12.4499, 12.4499, 12.4499, 12.4499, 12.4499, 13.2437, 12.4499, 12.4554, 12.4499
3.3284, 72, 52.3449, 12.5262, 8.60233, 19.6551, 0, 12.5263, 12.5264, 12.5265, 12.6428, 12.528, 12.5269, 12.5466, 13.3221, 50.6521, 12.5262, 12.5262, 12.5262, 12.5262, 12.5262, 12.5262, 12.5262, 12.5262, 12.5262, 12.5262, 12.5262, 13.2762, 12.5262, 12.5336, 12.5262
3.33628, 66, 51.0417, 12.5999, 8.24621, 14.9583, 0, 12.5999, 12.6, 12.6001, 12.7165, 12.6016, 12.6005, 12.6174, 13.4118, 49.3727, 12.5999, 12.5999, 12.5999, 12.5999, 12.5999, 12.5999, 12.5999, 12.5999, 12.5999, 12.5999, 12.5999, 13.3104, 12.5999, 12.6095, 12.5999
3.34416, 34, 49.2905, 12.6704, 6, -15.2905, 0, 12.6704, 12.6706, 12.6706, 12.787, 12.6721, 12.671, 12.6856, 13.4986, 47.6403, 12.6704, 12.6704, 12.6704, 12.6704, 12.6704, 12.6704, 12.6704, 12.6704, 12.6704, 12.6704, 12.6704, 13.3453, 12.6704, 12.6828, 12.6704
3.35204, 38, 47.164, 12.7376, 6.32456, -9.16404, 0, 12.7376, 12.7377, 12.7378, 12.8541, 12.7393, 12.7382, 12.7509, 13.5826, 45.5278, 12.7376, 12.7376, 12.7376, 12.7376, 12.7376, 12.7376, 12.7376, 12.7376, 12.7376, 12.7376, 12.7376, 13.3802, 12.7376, 12.7533, 12.7376
3.35992, 40, 44.7466, 12.8013, 6.48074, -4.74661, 0, 12.8014, 12.8015, 12.8016, 12.9179, 12.8031, 12.802, 12.8132, 13.6639, 43.1198, 12.8013, 12.8013, 12.8013, 12.8013, 12.8013, 12.8013, 12.8013, 12.8013, 12.8013, 12.8013, 12.8013, 13.4147, 12.8013, 12.821, 12.8013
3.3678, 44, 42.1287, 12.8618, 6.78233, 1.87133, 0, 12.8618, 12.862, 12.862, 12.9784, 12.8636, 12.8625, 12.8725, 13.743, 40.5068, 12.8618, 12.8618, 12.8618, 12.8618, 12.8618, 12.8618, 12.8618, 12.8618, 12.8618, 12.8618, 12.8618, 13.4482, 12.8618, 12.886, 12.8618
3.37568, 40, 39.402, 12.9192, 6.48074, 0.597984, 0, 12.9192, 12.9193, 12.9194, 13.0357, 12.9209, 12.9198, 12.929, 13.8208, 37.7805, 12.9192, 12.9192, 12.9192, 12.9192, 12.9192, 12.9192, 12.9192, 12.9192, 12.9192, 12.9192, 12.9192, 13.4804, 12.9192, 12.9485, 12.9192
3.38356, 54, 36.6549, 12.9738, 7.48331, 17.3451, 0, 12.9738, 12.9739, 12.974, 13.0903, 12.9755, 12.9744, 12.983, 13.8989, 35.0284, 12.9738, 12.9738, 12.9738, 12.9738, 12.9738, 12.9738, 12.9738, 12.9738, 12.9738, 12.9738, 12.9738, 13.5114, 12.9738, 13.0089, 12.9738
3.39144, 28, 33.9685, 13.0261, 5.47723, -5.96851, 0, 13.0261, 13.0262, 13.0263, 13.1427, 13.0278, 13.0268, 13.0348, 13.9795, 32.3303, 13.0261, 13.0261, 13.0261, 13.0261, 13.0261, 13.0261, 13.0261, 13.0261, 13.0261, 13.0261, 13.0261, 13.5413, 13.0261, 13.0674, 13.0261
3.39932, 34, 31.4139, 13.0767, 6, 2.58611, 0, 13.0767, 13.0769, 13.0769, 13.1933, 13.0785, 13.0774, 13.0852, 14.0664, 29.7547, 13.0767, 13.0767, 13.0767, 13.0767, 13.0767, 13.0767, 13.0767, 13.0767, 13.0767, 13.0767, 13.0767, 13.5701, 13.0767, 13.1247, 13.0767
3.4072, 32, 29.051, 13.1263, 5.83095, 2.94904, 0, 13.1263, 13.1264, 13.1265, 13.2428, 13.128, 13.127, 13.1346, 14.165, 27.3571, 13.1263, 13.1263, 13.1263, 13.1263, 13.1263, 13.1263, 13.1263, 13.1263, 13.1263, 13.1263, 13.1263, 13.5985, 13.1263, 13.1813, 13.1263
3.41508, 28, 26.9285, 13.1755, 5.47723, 1.07155, 0, 13.1755, 13.1757, 13.1757, 13.2921, 13.1773, 13.1763, 13.1837, 14.2833, 25.1795, 13.1755, 13.1755, 13.1755, 13.1755, 13.1755, 13.1755, 13.1755, 13.1755, 13.1755, 13.1755, 13.1755, 13.6268, 13.1755, 13.2376, 13.1755
3.42296, 30, 25.0848, 13.2251, 5.65685, 4.9152, 0, 13.2251, 13.2253, 13.2253, 13.3417, 13.2269, 13.226, 13.2333, 14.433, 23.2494, 13.2251, 13.2251, 13.2251, 13.2251, 13.2251, 13.2251, 13.2251, 13.2251, 13.2251, 13.2251, 13.2251, 13.6556, 13.2251, 13.2942, 13.2251
3.43084, 28, 23.5516, 13.2758, 5.47723, 4.4484, 0, 13.2758, 13.276, 13.276, 13.3924, 13.2776, 13.2768, 13.2841, 14.6314, 21.5824, 13.2758, 13.2758, 13.2758, 13.2758, 13.2758, 13.2758, 13.2758, 13.2758, 13.2758, 13.2758, 13.2758, 13.6856, 13.2758, 13.3516, 13.2758
3.43872, 22, 22.3566, 13.3282, 4.89898, -0.356625, 0, 13.3282, 13.3284, 13.3285, 13.4448, 13.33, 13.3293, 13.3366, 14.9031, 20.1825, 13.3282, 13.3282, 13.3282, 13.3282, 13.3282, 13.3282, 13.3282, 13.3282, 13.3282, 13.3282, 13.3282, 13.7173, 13.3282, 13.4102, 13.3282
3.4466, 26, 21.529, 13.383, 5.2915, 4.471, 0, 13.383, 13.3831, 13.3832, 13.4996, 13.3847, 13.3842, 13.3915, 15.2829, 19.0448, 13.383, 13.383, 13.383, 13.383, 13.383, 13.383, 13.383, 13.383, 13.383, 13.383, 13.383, 13.7513, 13.383, 13.4704, 13.383
3.45448, 24, 21.1046, 13.4405, 5.09902, 2.89544, 0, 13.4405, 13.4407, 13.4407, 13.5571, 13.4423, 13.442, 13.4493, 15.8197, 18.157, 13.4405, 13.4405, 13.4405, 13.4405, 13.4405, 13.4405, 13.4405, 13.4405, 13.4405, 13.4405, 13.4405, 13.788, 13.4405, 13.5324, 13.4405
3.46236, 26, 21.1321, 13.5012, 5.2915, 4.86789, 0, 13.5012, 13.5014, 13.5014, 13.6178, 13.503, 13.5029, 13.5102, 16.5799, 17.5019, 13.5012, 13.5012, 13.5012, 13.5012, 13.5012, 13.5012, 13.5012, 13.5012, 13.5012, 13.5012, 13.5012, 13.828, 13.5012, 13.5964, 13.5012
3.47024, 10, 21.6801, 13.5653, 3.4641, -11.6801, 0, 13.5653, 13.5654, 13.5655, 13.6818, 13.567, 13.5673, 13.5745, 17.6533, 17.0585, 13.5653, 13.5653, 13.5653, 13.5653, 13.5653, 13.5653, 13.5653, 13.5653, 13.5653, 13.5653, 13.5653, 13.8715, 13.5653, 13.6625, 13.5653
3.47812, 28, 22.8439, 13.6329, 5.47723, 5.15612, 0, 13.6329, 13.633, 13.6331, 13.7495, 13.6346, 13.6354, 13.6424, 19.1581, 16.804, 13.6329, 13.6329, 13.6329, 13.6329, 13.6329, 13.6329, 13.6329, 13.6329, 13.6329, 13.6329, 13.6329, 13.9188, 13.6329, 13.7308, 13.6329
3.486, 26, 24.752, 13.704, 5.2915, 1.24803, 0, 13.704, 13.7042, 13.7042, 13.8206, 13.7058, 13.7071, 13.7138, 21.2467, 16.7144, 13.704, 13.704, 13.704, 13.704, 13.704, 13.704, 13.704, 13.704, 13.704, 13.704, 13.704, 13.9698, 13.704, 13.8013, 13.704
3.49388, 20, 27.5732, 13.7785, 4.69042, -7.57316, 0, 13.7785, 13.7787, 13.7788, 13.8951, 13.7803, 13.7824, 13.7886, 24.1119, 16.7656, 13.7785, 13.7785, 13.7785, 13.7785, 13.7785, 13.7785, 13.7785, 13.7785, 13.7785, 13.7785, 13.7785, 14.0247, 13.7785, 13.8739, 13.7785
3.50176, 40, 31.5212, 13.8563, 6.48074, 8.47876, 0, 13.8563, 13.8565, 13.8565, 13.9729, 13.8581, 13.8611, 13.8667, 27.9908, 16.9336, 13.8563, 13.8563, 13.8563, 13.8563, 13.8563, 13.8563, 13.8563, 13.8563, 13.8563, 13.8563, 13.8563, 14.0834, 13.8563, 13.9484, 13.8563
3.50964, 48, 36.8582, 13.937, 7.07107, 11.1418, 0, 13.937, 13.9372, 13.9373, 14.0536, 13.9388, 13.9429, 13.9477, 33.1686, 17.1949, 13.937, 13.937, 13.937, 13.937, 13.937, 13.937, 13.937, 13.937, 13.937, 13.937, 13.937, 14.1456, 13.937, 14.0248, 13.937
3.51752, 40, 43.8958, 14.0204, 6.48074, -3.89584, 0, 14.0204, 14.0206, 14.0206, 14.137, 14.0222, 14.0277, 14.0315, 39.9794, 17.5266, 14.0204, 14.0204, 14.0204, 14.0204, 14.0204, 14.0204, 14.0204, 14.0204, 14.0204, 14.0204, 14.0204, 14.2112, 14.0204, 14.1028, 14.0204
3.5254, 66, 52.9907, 14.1061, 8.24621, 13.0093, 0, 14.1061, 14.1063, 14.1063, 14.2227, 14.1079, 14.115, 14.1175, 48.8013, 17.9063, 14.1061, 14.1061, 14.1061, 14.1061, 14.1061, 14.1061, 14.1061, 14.1061, 14.1061, 14.1061, 14.1061, 14.2798, 14.1061, 14.1825, 14.1061
3.53328, 56, 64.5372, 14.1938, 7.61577, -8.53723, 0, 14.1938, 14.1939, 14.194, 14.3103, 14.1955, 14.2046, 14.2055, 60.0495, 18.3128, 14.1938, 14.1938, 14.1938, 14.1938, 14.1938, 14.1938, 14.1938, 14.1938, 14.1938, 14.1938, 14.1938, 14.3513, 14.1938, 14.2635, 14.1938
3.54116, 92, 78.9521, 14.283, 9.69536, 13.0479, 0, 14.283, 14.2832, 14.2833, 14.3996, 14.2848, 14.2962, 14.2952, 74.1604, 18.7256, 14.283, 14.283, 14.283, 14.283, 14.283, 14.283, 14.283, 14.283, 14.283, 14.283, 14.283, 14.4252, 14.283, 14.3459, 14.283
3.54904, 116, 96.6557, 14.3736, 10.8628, 19.3443, 0, 14.3736, 14.3738, 14.3739, 14.4902, 14.3754, 14.3894, 14.3862, 91.5726, 19.1259, 14.3736, 14.3736, 14.3736, 14.3736, 14.3736, 14.3736, 14.3736, 14.3736, 14.3736, 14.3736, 14.3736, 14.5014, 14.3736, 14.4295, 14.3736
3.55692, 130, 118.042, 14.4652, 11.4891, 11.9584, 0, 14.4653, 14.4654, 14.4655, 14.5818, 14.467, 14.4841, 14.4782, 112.697, 19.4963, 14.4652, 14.4652, 14.4652, 14.4652, 14.4652, 14.4652, 14.4652, 14.4652, 14.4652, 14.4652, 14.4652, 14.5796, 14.4652, 14.5143, 14.4652
3.5648, 136, 143.447, 14.5577, 11.7473, -7.44702, 0, 14.5577, 14.5579, 14.5579, 14.6743, 14.5595, 14.5799, 14.5711, 137.884, 19.822, 14.5577, 14.5577, 14.5577, 14.5577, 14.5577, 14.5577, 14.5577, 14.5577, 14.5577, 14.5577, 14.5577, 14.6596, 14.5577, 14.6001, 14.5577
3.57268, 152, 173.114, 14.6508, 12.4097, -21.1136, 0, 14.6508, 14.6509, 14.651, 14.7673, 14.6525, 14.6767, 14.6645, 167.389, 20.0905, 14.6508, 14.6508, 14.6508, 14.6508, 14.6508, 14.6508, 14.6508, 14.6508, 14.6508, 14.6508, 14.6508, 14.7411, 14.6508, 14.6869, 14.6508
3.58056, 230, 207.145, 14.7443, 15.2315, 22.8555, 0, 14.7443, 14.7445, 14.7446, 14.8609, 14.7461, 14.7743, 14.7585, 201.323, 20.2927, 14.7443, 14.7443, 14.7443, 14.7443, 14.7443, 14.7443, 14.7443, 14.7443, 14.7443, 14.7443, 14.7443, 14.8241, 14.7443, 14.7748, 14.7443
3.58844, 228, 245.472, 14.8383, 15.1658, -17.4717, 0, 14.8383, 14.8385, 14.8385, 14.9549, 14.8401, 14.8725, 14.853, 239.624, 20.4225, 14.8383, 14.8383, 14.8383, 14.8383, 14.8383, 14.8383, 14.8383, 14.8383, 14.8383, 14.8383, 14.8383, 14.9085, 14.8383, 14.8636, 14.8383
3.59632, 252, 287.813, 14.9327, 15.9374, -35.8129, 0, 14.9327, 14.9329, 14.9329, 15.0493, 14.9345, 14.9713, 14.9478, 282.013, 20.4776, 14.9327, 14.9327, 14.9327, 14.9327, 14.9327, 14.9327, 14.9327, 14.9327, 14.9327, 14.9327, 14.9327, 14.9941, 14.9327, 14.9534, 14.9327
3.6042, 390, 333.654, 15.0274, 19.799, 56.3456, 0, 15.0275, 15.0276, 15.0277, 15.144, 15.0292, 15.0705, 15.043, 327.975, 20.459, 15.0274, 15.0274, 15.0274, 15.0274, 15.0274, 15.0274, 15.0274, 15.0274, 15.0274, 15.0274, 15.0274, 15.0809, 15.0274, 15.0442, 15.0274
3.61208, 390, 382.234, 15.1226, 19.799, 7.76556, 0, 15.1226, 15.1228, 15.1228, 15.2392, 15.1244, 15.1701, 15.1387, 376.744, 20.3711, 15.1226, 15.1226, 15.1226, 15.1226, 15.1226, 15.1226, 15.1226, 15.1226, 15.1226, 15.1226, 15.1226, 15.169, 15.1226, 15.136, 15.1226
3.61996, 430, 432.542, 15.2183, 20.7846, -2.54227, 0, 15.2183, 15.2184, 15.2185, 15.3349, 15.22, 15.27, 15.2348, 427.302, 20.2211, 15.2183, 15.2183, 15.2183, 15.2183, 15.2183, 15.2183, 15.2183, 15.2183, 15.2183, 15.2183, 15.2183, 15.2584, 15.2183, 15.2288, 15.2183
3.62784, 522, 483.351, 15.3145, 22.891, 38.6489, 0, 15.3145, 15.3146, 15.3147, 15.431, 15.3162, 15.3701, 15.3315, 478.413, 20.0186, 15.3145, 15.3145, 15.3145, 15.3145, 15.3145, 15.3145, 15.3145, 15.3145, 15.3145, 15.3145, 15.3145, 15.3489, 15.3145, 15.3226, 15.3145
3.63572, 612, 533.247, 15.4113, 24.779, 78.7527, 0, 15.4113, 15.4114, 15.4115, 15.5278, 15.413, 15.4703, 15.4288, 528.653, 19.7746, 15.4113, 15.4113, 15.4113, 15.4113, 15.4113, 15.4113, 15.4113, 15.4113, 15.4113, 15.4113, 15.4113, 15.4408, 15.4113, 15.4175, 15.4113
3.6436, 594, 580.703, 15.5087, 24.4131, 13.2972, 0, 15.5088, 15.5089, 15.509, 15.6253, 15.5105, 15.5707, 15.5268, 576.482, 19.5013, 15.5087, 15.5087, 15.5087, 15.5087, 15.5087, 15.5087, 15.5087, 15.5087, 15.5087, 15.5087, 15.5087, 15.5339, 15.5087, 15.5135, 15.5087
3.65148, 614, 624.14, 15.607, 24.8193, -10.1398, 0, 15.607, 15.6072, 15.6072, 15.7236, 15.6088, 15.6712, 15.6255, 620.309, 19.211, 15.607, 15.607, 15.607, 15.607, 15.607, 15.607, 15.607, 15.607, 15.607, 15.607, 15.607, 15.6284, 15.607, 15.6105, 15.607
3.65936, 662, 662.025, 15.7061, 25.7682, -0.0253296, 0, 15.7061, 15.7062, 15.7063, 15.8227, 15.7078, 15.7717, 15.7251, 658.592, 18.9156, 15.7061, 15.7061, 15.7061, 15.7061, 15.7061, 15.7061, 15.7061, 15.7061, 15.7061, 15.7061, 15.7061, 15.7241, 15.7061, 15.7087, 15.7061
3.66724, 690, 692.958, 15.806, 26.3059, -2.9577, 0, 15.806, 15.8062, 15.8062, 15.9226, 15.8078, 15.8722, 15.8256, 689.916, 18.6259, 15.806, 15.806, 15.806, 15.806, 15.806, 15.806, 15.806, 15.806, 15.806, 15.806, 15.806, 15.8212, 15.806, 15.8079, 15.806
3.67512, 736, 715.749, 15.9068, 27.1662, 20.2505, 0, 15.9068, 15.907, 15.907, 16.0234, 15.9086, 15.9728, 15.9269, 713.086, 18.3512, 15.9068, 15.9068, 15.9068, 15.9068, 15.9068, 15.9068, 15.9068, 15.9068, 15.9068, 15.9068, 15.9068, 15.9195, 15.9068, 15.9082, 15.9068
3.683, 806, 729.511, 16.0085, 28.4253, 76.4894, 0, 16.0085, 16.0087, 16.0088, 16.1251, 16.0103, 16.0735, 16.0292, 727.204, 18.099, 16.0085, 16.0085, 16.0085, 16.0085, 16.0085, 16.0085, 16.0085, 16.0085, 16.0085, 16.0085, 16.0085, 16.0191, 16.0085, 16.0095, 16.0085
3.69088, 812, 733.7, 16.1111, 28.5307, 78.3002, 0, 16.1111, 16.1113, 16.1114, 16.2277, 16.1129, 16.1742, 16.1324, 731.723, 17.8752, 16.1111, 16.1111, 16.1111, 16.1111, 16.1111, 16.1111, 16.1111, 16.1111, 16.1111, 16.1111, 16.1111, 16.1199, 16.1111, 16.1118, 16.1111
3.69876, 720, 728.164, 16.2146, 26.8701, -8.1637, 0, 16.2146, 16.2148, 16.2148, 16.3312, 16.2164, 16.2751, 16.2364, 726.486, 17.6835, 16.2146, 16.2146, 16.2146, 16.2146, 16.2146, 16.2146, 16.2146, 16.2146, 16.2146, 16.2146, 16.2146, 16.2219, 16.2146, 16.2151, 16.2146
3.70664, 612, 713.145, 16.3189, 24.779, -101.145, 0, 16.3189, 16.3191, 16.3192, 16.4355, 16.3207, 16.3762, 16.3413, 711.734, 17.5258, 16.3189, 16.3189, 16.3189, 16.3189, 16.3189, 16.3189, 16.3189, 16.3189, 16.3189, 16.3189, 16.3189, 16.3249, 16.3189, 16.3192, 16.3189
3.71452, 732, 689.265, 16.4241, 27.0924, 42.7346, 0, 16.4241, 16.4242, 16.4243, 16.5407, 16.4258, 16.4776, 16.447, 688.087, 17.4025, 16.4241, 16.4241, 16.4241, 16.4241, 16.4241, 16.4241, 16.4241, 16.4241, 16.4241, 16.4241, 16.4241, 16.429, 16.4241, 16.4243, 16.4241
3.7224, 656, 657.479, 16.53, 25.6515, -1.47937, 0, 16.53, 16.5301, 16.5302, 16.6466, 16.5317, 16.5794, 16.5535, 656.501, 17.3128, 16.53, 16.53, 16.53, 16.53, 16.53, 16.53, 16.53, 16.53, 16.53, 16.53, 16.53, 16.534, 16.53, 16.5301, 16.53
3.73028, 614, 619.018, 16.6366, 24.8193, -5.01837, 0, 16.6366, 16.6368, 16.6368, 16.7532, 16.6384, 16.6817, 16.6608, 618.209, 17.2546, 16.6366, 16.6366, 16.6366, 16.6366, 16.6366, 16.6366, 16.6366, 16.6366, 16.6366, 16.6366, 16.6366, 16.6399, 16.6366, 16.6367, 16.6366
3.73816, 608, 575.303, 16.7439, 24.6982, 32.6971, 0, 16.7439, 16.7441, 16.7441, 16.8605, 16.7457, 16.7845, 16.7687, 574.635, 17.2255, 16.7439, 16.7439, 16.7439, 16.7439, 16.7439, 16.7439, 16.7439, 16.7439, 16.7439, 16.7439, 16.7439, 16.7465, 16.7439, 16.744, 16.7439
3.74604, 530, 527.867, 16.8518, 23.0651, 2.13318, 0, 16.8518, 16.852, 16.852, 16.9684, 16.8536, 16.8879, 16.8772, 527.314, 17.2221, 16.8518, 16.8518, 16.8518, 16.8518, 16.8518, 16.8518, 16.8518, 16.8518, 16.8518, 16.8518, 16.8518, 16.8539, 16.8518, 16.8519, 16.8518
3.75392, 528, 478.26, 16.9603, 23.0217, 49.7397, 0, 16.9603, 16.9605, 16.9606, 17.0769, 16.9621, 16.992, 16.9863, 477.801, 17.2414, 16.9603, 16.9603, 16.9603, 16.9603, 16.9603, 16.9603, 16.9603, 16.9603, 16.9603, 16.9603, 16.9603, 16.962, 16.9603, 16.9604, 16.9603
3.7618, 444, 427.973, 17.0694, 21.1187, 16.0269, 0, 17.0694, 17.0696, 17.0696, 17.186, 17.0711, 17.0968, 17.096, 427.588, 17.2799, 17.0694, 17.0694, 17.0694, 17.0694, 17.0694, 17.0694, 17.0694, 17.0694, 17.0694, 17.0694, 17.0694, 17.0707, 17.0694, 17.0694, 17.0694
3.76968, 390, 378.37, 17.1789, 19.799, 11.63, 0, 17.1789, 17.1791, 17.1791, 17.2955, 17.1807, 17.2025, 17.2062, 378.044, 17.3346, 17.1789, 17.1789, 17.1789, 17.1789, 17.1789, 17.1789, 17.1789, 17.1789, 17.1789, 17.1789, 17.1789, 17.18, 17.1789, 17.1789, 17.1789
3.77756, 336, 330.628, 17.2889, 18.3848, 5.37234, 0, 17.2889, 17.2891, 17.2892, 17.4055, 17.2907, 17.3089, 17.3169, 330.347, 17.4025, 17.2889, 17.2889, 17.2889, 17.2889, 17.2889, 17.2889, 17.2889, 17.2889, 17.2889, 17.2889, 17.2889, 17.2898, 17.2889, 17.289, 17.2889
3.78544, 296, 285.711, 17.3994, 17.2627, 10.2894, 0, 17.3994, 17.3995, 17.3996, 17.516, 17.4011, 17.4161, 17.428, 285.464, 17.4812, 17.3994, 17.3994, 17.3994, 17.3994, 17.3994, 17.3994, 17.3994, 17.3994, 17.3994, 17.3994, 17.3994, 17.4, 17.3994, 17.3994, 17.3994
3.79332, 302, 244.344, 17.5102, 17.4356, 57.6559, 0, 17.5102, 17.5104, 17.5104, 17.6268, 17.512, 17.524, 17.5395, 244.123, 17.5684, 17.5102, 17.5102, 17.5102, 17.5102, 17.5102, 17.5102, 17.5102, 17.5102, 17.5102, 17.5102, 17.5102, 17.5107, 17.5102, 17.5103, 17.5102
3.8012, 212, 207.026, 17.6214, 14.6287, 4.97386, 0, 17.6214, 17.6215, 17.6216, 17.7379, 17.6231, 17.6327, 17.6513, 206.825, 17.6622, 17.6214, 17.6214, 17.6214, 17.6214, 17.6214, 17.6214, 17.6214, 17.6214, 17.6214, 17.6214, 17.6214, 17.6218, 17.6214, 17.6215, 17.6214
3.80908, 152, 174.028, 17.7328, 12.4097, -22.0284, 0, 17.7328, 17.733, 17.7331, 17.8494, 17.7346, 17.742, 17.7634, 173.841, 17.7611, 17.7328, 17.7328, 17.7328, 17.7328, 17.7328, 17.7328, 17.7328, 17.7328, 17.7328, 17.7328, 17.7328, 17.7332, 17.7328, 17.7331, 17.7328
3.81696, 154, 145.438, 17.8445, 12.49, 8.56198, 0, 17.8445, 17.8447, 17.8448, 17.9611, 17.8463, 17.8519, 17.8758, 145.261, 17.8639, 17.8445, 17.8445, 17.8445, 17.8445, 17.8445, 17.8445, 17.8445, 17.8445, 17.8445, 17.8445, 17.8445, 17.8448, 17.8445, 17.8449, 17.8445
3.82484, 148, 121.183, 17.9564, 12.2474, 26.8172, 0, 17.9564, 17.9565, 17.9566, 18.073, 17.9582, 17.9623, 17.9884, 121.012, 17.9694, 17.9564, 17.9564, 17.9564, 17.9564, 17.9564, 17.9564, 17.9564, 17.9564, 17.9564, 17.9564, 17.9564, 17.9566, 17.9564, 17.9569, 17.9564
3.83272, 112, 101.067, 18.0683, 10.6771, 10.9326, 0, 18.0683, 18.0684, 18.0685, 18.1848, 18.0701, 18.073, 18.101, 100.902, 18.077, 18.0683, 18.0683, 18.0683, 18.0683, 18.0683, 18.0683, 18.0683, 18.0683, 18.0683, 18.0683, 18.0683, 18.0684, 18.0683, 18.069, 18.0683
3.8406, 134, 84.8155, 18.1801, 11.6619, 49.1845, 0, 18.1801, 18.1802, 18.1803, 18.2966, 18.1819, 18.1838, 18.2135, 84.6527, 18.1858, 18.1801, 18.1801, 18.1801, 18.1801, 18.1801, 18.1801, 18.1801, 18.1801, 18.1801, 18.1801, 18.1801, 18.1802, 18.1801, 18.1811, 18.1801
3.84848, 76, 72.0991, 18.2916, 8.83176, 3.90086, 0, 18.2916, 18.2917, 18.2918, 18.4081, 18.2934, 18.2945, 18.3257, 71.9379, 18.2953, 18.2916, 18.2916, 18.2916, 18.2916, 18.2916, 18.2916, 18.2916, 18.2916, 18.2916, 18.2916, 18.2916, 18.2916, 18.2916, 18.293, 18.2916
3.85636, 64, 62.57, 18.4025, 8.12404, 1.42997, 0, 18.4026, 18.4027, 18.4028, 18.5191, 18.4044, 18.4049, 18.4374, 62.4095, 18.4049, 18.4025, 18.4025, 18.4025, 18.4025, 18.4025, 18.4025, 18.4025, 18.4025, 18.4025, 18.4025, 18.4025, 18.4026, 18.4025, 18.4046, 18.4025
3.86424, 42, 55.8816, 18.5127, 6.63325, -13.8816, 0, 18.5127, 18.5129, 18.5129, 18.6293, 18.5146, 18.5146, 18.5483, 55.7209, 18.5142, 18.5127, 18.5127, 18.5127, 18.5127, 18.5127, 18.5127, 18.5127, 18.5127, 18.5127, 18.5127, 18.5127, 18.5127, 18.5127, 18.5155, 18.5127
3.87212, 52, 51.7054, 18.6217, 7.34847, 0.294628, 0, 18.6217, 18.6218, 18.6219, 18.7382, 18.6236, 18.6232, 18.658, 51.5437, 18.6226, 18.6217, 18.6217, 18.6217, 18.6217, 18.6217, 18.6217, 18.6217, 18.6217, 18.6217, 18.6217, 18.6217, 18.6217, 18.6217, 18.6255, 18.6217
3.88, 62, 49.7388, 18.729, 8, 12.2612, 0, 18.729, 18.7292, 18.7292, 18.8456, 18.731, 18.7302, 18.766, 49.5757, 18.7296, 18.729, 18.729, 18.729, 18.729, 18.729, 18.729, 18.729, 18.729, 18.729, 18.729, 18.729, 18.729, 18.729, 18.7342, 18.729
3.88788, 58, 49.7091, 18.8341, 7.74597, 8.29093, 0, 18.8341, 18.8343, 18.8343, 18.9507, 18.8363, 18.8351, 18.8719, 49.5438, 18.8344, 18.8341, 18.8341, 18.8341, 18.8341, 18.8341, 18.8341, 18.8341, 18.8341, 18.8341, 18.8341, 18.8341, 18.8341, 18.8341, 18.8409, 18.8341
3.89576, 46, 51.3708, 18.9363, 6.9282, -5.37081, 0, 18.9364, 18.9365, 18.9366, 19.0529, 18.9387, 18.9373, 18.9749, 51.2028, 18.9366, 18.9363, 18.9363, 18.9363, 18.9363, 18.9363, 18.9363, 18.9363, 18.9363, 18.9363, 18.9363, 18.9363, 18.9364, 18.9363, 18.9453, 18.9363
3.90364, 44, 54.5012, 19.035, 6.78233, -10.5012, 0, 19.0351, 19.0352, 19.0353, 19.1516, 19.0376, 19.0359, 19.0743, 54.3298, 19.0352, 19.035, 19.035, 19.035, 19.035, 19.035, 19.035, 19.035, 19.035, 19.035, 19.035, 19.035, 19.0351, 19.035, 19.0466, 19.035
3.91152, 54, 58.8913, 19.1294, 7.48331, -4.89125, 0, 19.1294, 19.1295, 19.1296, 19.2459, 19.1322, 19.1301, 19.1694, 58.7159, 19.1294, 19.1294, 19.1294, 19.1294, 19.1294, 19.1294, 19.1294, 19.1294, 19.1294, 19.1294, 19.1294, 19.1294, 19.1294, 19.1294, 19.144, 19.1294
3.9194, 84, 64.3378, 19.2184, 9.27362, 19.6622, 0, 19.2184, 19.2186, 19.2186, 19.335, 19.2216, 19.2191, 19.2592, 64.1578, 19.2184, 19.2184, 19.2184, 19.2184, 19.2184, 19.2184, 19.2184, 19.2184, 19.2184, 19.2184, 19.2184, 19.2184, 19.2184, 19.2184, 19.2367, 19.2184
3.92728, 44, 70.6359, 19.3012, 6.78233, -26.6359, 0, 19.3012, 19.3014, 19.3014, 19.4178, 19.3049, 19.3018, 19.3428, 70.4504, 19.3012, 19.3012, 19.3012, 19.3012, 19.3012, 19.3012, 19.3012, 19.3012, 19.3012, 19.3012, 19.3012, 19.3012, 19.3012, 19.3012, 19.3238, 19.3012
3.93516, 64, 77.5712, 19.3768, 8.12404, -13.5712, 0, 19.3768, 19.377, 19.3771, 19.4934, 19.3812, 19.3775, 19.4192, 77.3793, 19.3768, 19.3768, 19.3768, 19.3768, 19.3768, 19.3768, 19.3768, 19.3768, 19.3768, 19.3768, 19.3768, 19.3768, 19.3768, 19.3768, 19.4043, 19.3768
3.94304, 72, 84.9172, 19.4443, 8.60233, -12.9172, 0, 19.4444, 19.4445, 19.4446, 19.5609, 19.4495, 19.445, 19.4875, 84.7183, 19.4444, 19.4443, 19.4443, 19.4443, 19.4443, 19.4443, 19.4443, 19.4443, 19.4443, 19.4443, 19.4443, 19.4443, 19.4444, 19.4443, 19.4773, 19.4443
3.95092, 98, 92.4342, 19.5029, 10, 5.56575, 0, 19.5029, 19.503, 19.5031, 19.6194, 19.5091, 19.5035, 19.5468, 92.2273, 19.5029, 19.5029, 19.5029, 19.5029, 19.5029, 19.5029, 19.5029, 19.5029, 19.5029, 19.5029, 19.5029, 19.5029, 19.5029, 19.5029, 19.542, 19.5029
3.9588, 112, 99.8719, 19.5516, 10.6771, 12.1281, 0, 19.5516, 19.5518, 19.5518, 19.6682, 19.5592, 19.5522, 19.5963, 99.6562, 19.5516, 19.5516, 19.5516, 19.5516, 19.5516, 19.5516, 19.5516, 19.5516, 19.5516, 19.5516, 19.5516, 19.5516, 19.5516, 19.5516, 19.5973, 19.5516
3.96668, 76, 106.974, 19.5899, 8.83176, -30.9743, 0, 19.59, 19.5901, 19.5902, 19.7065, 19.5993, 19.5906, 19.6355, 106.749, 19.5899, 19.5899, 19.5899, 19.5899, 19.5899, 19.5899, 19.5899, 19.5899, 19.5899, 19.5899, 19.5899, 19.5899, 19.5899, 19.5899, 19.6426, 19.5899
3.97456, 72, 113.489, 19.6175, 8.60233, -41.4886, 0, 19.6175, 19.6177, 19.6177, 19.7341, 19.629, 19.6181, 19.6638, 113.253, 19.6175, 19.6175, 19.6175, 19.6175, 19.6175, 19.6175, 19.6175, 19.6175, 19.6175, 19.6175, 19.6175, 19.6175, 19.6175, 19.6175, 19.6774, 19.6175
3.98244, 112, 119.176, 19.6341, 10.6771, -7.17632, 0, 19.6341, 19.6342, 19.6343, 19.7506, 19.6482, 19.6347, 19.6812, 118.93, 19.6341, 19.6341, 19.6341, 19.6341, 19.6341, 19.6341, 19.6341, 19.6341, 19.6341, 19.6341, 19.6341, 19.6341, 19.6341, 19.6341, 19.7013, 19.6341
3.99032, 90, 123.823, 19.6398, 9.59166, -33.8226, 0, 19.6398, 19.64, 19.64, 19.7564, 19.6572, 19.6405, 19.6877, 123.565, 19.6398, 19.6398, 19.6398, 19.6398, 19.6398, 19.6398, 19.6398, 19.6398, 19.6398, 19.6398, 19.6398, 19.6398, 19.6398, 19.6398, 19.7143, 19.6398
3.9982, 112, 127.249, 19.6351, 10.6771, -15.2495, 0, 19.6351, 19.6353, 19.6353, 19.7517, 19.6565, 19.6358, 19.6839, 126.98, 19.6351, 19.6351, 19.6351, 19.6351, 19.6351, 19.6351, 19.6351, 19.6351, 19.6351, 19.6351, 19.6351, 19.6351, 19.6351, 19.6351, 19.7165, 19.6351
4.00608, 88, 129.323, 19.6208, 9.48683, -41.3232, 0, 19.6208, 19.621, 19.621, 19.7374, 19.6469, 19.6216, 19.6704, 129.042, 19.6208, 19.6208, 19.6208, 19.6208, 19.6208, 19.6208, 19.6208, 19.6208, 19.6208, 19.6208, 19.6208, 19.6208, 19.6208, 19.6208, 19.7086, 19.6208
4.01396, 122, 129.963, 19.5979, 11.1355, -7.96349, 0, 19.5979, 19.5981, 19.5981, 19.7145, 19.6296, 19.5988, 19.6484, 129.67, 19.5979, 19.5979, 19.5979, 19.5979, 19.5979, 19.5979, 19.5979, 19.5979, 19.5979, 19.5979, 19.5979, 19.5979, 19.5979, 19.5979, 19.6913, 19.5979
4.02184, 110, 129.147, 19.5678, 10.583, -19.1471, 0, 19.5678, 19.568, 19.568, 19.6844, 19.606, 19.5687, 19.6191, 128.842, 19.5678, 19.5678, 19.5678, 19.5678, 19.5678, 19.5678, 19.5678, 19.5678, 19.5678, 19.5678, 19.5678, 19.5678, 19.5678, 19.5678, 19.6658, 19.5678
4.02972, 112, 126.909, 19.5321, 10.6771, -14.9092, 0, 19.5321, 19.5323, 19.5323, 19.6487, 19.5778, 19.5331, 19.5842, 126.592, 19.5321, 19.5321, 19.5321, 19.5321, 19.5321, 19.5321, 19.5321, 19.5321, 19.5321, 19.5321, 19.5321, 19.5321, 19.5321, 19.5321, 19.6336, 19.5321
4.0376, 148, 123.34, 19.4925, 12.2474, 24.6601, 0, 19.4925, 19.4927, 19.4927, 19.6091, 19.5468, 19.4937, 19.5455, 123.011, 19.4925, 19.4925, 19.4925, 19.4925, 19.4925, 19.4925, 19.4925, 19.4925, 19.4925, 19.4925, 19.4925, 19.4925, 19.4925, 19.4925, 19.5963, 19.4925
4.04548, 124, 118.579, 19.451, 11.225, 5.42075, 0, 19.451, 19.4512, 19.4512, 19.5676, 19.5148, 19.4523, 19.5049, 118.239, 19.451, 19.451, 19.451, 19.451, 19.451, 19.451, 19.451, 19.451, 19.451, 19.451, 19.451, 19.451, 19.451, 19.451, 19.5557, 19.451
4.05336, 122, 112.806, 19.4095, 11.1355, 9.19376, 0, 19.4095, 19.4097, 19.4098, 19.5261, 19.4837, 19.411, 19.4643, 112.455, 19.4095, 19.4095, 19.4095, 19.4095, 19.4095, 19.4095, 19.4095, 19.4095, 19.4095, 19.4095, 19.4095, 19.4095, 19.4095, 19.4095, 19.5137, 19.4095
4.06124, 94, 106.23, 19.37, 9.79796, -12.2299, 0, 19.37, 19.3702, 19.3702, 19.4866, 19.4555, 19.3717, 19.4256, 105.868, 19.37, 19.37, 19.37, 19.37, 19.37, 19.37, 19.37, 19.37, 19.37, 19.37, 19.37, 19.37, 19.37, 19.37, 19.4724, 19.37
4.06912, 96, 99.0747, 19.3342, 9.8995, -3.07472, 0, 19.3342, 19.3344, 19.3344, 19.4508, 19.4316, 19.3362, 19.3907, 98.7026, 19.3342, 19.3342, 19.3342, 19.3342, 19.3342, 19.3342, 19.3342, 19.3342, 19.3342, 19.3342, 19.3342, 19.3342, 19.3342, 19.3342, 19.4335, 19.3342
4.077, 78, 91.57, 19.3038, 8.94427, -13.57, 0, 19.3038, 19.304, 19.3041, 19.4204, 19.4136, 19.3061, 19.3612, 91.1886, 19.3038, 19.3038, 19.3038, 19.3038, 19.3038, 19.3038, 19.3038, 19.3038, 19.3038, 19.3038, 19.3038, 19.3038, 19.3038, 19.3038, 19.3988, 19.3038
4.08488, 68, 83.9372, 19.2802, 8.3666, -15.9372, 0, 19.2803, 19.2804, 19.2805, 19.3968, 19.4027, 19.2828, 19.3385, 83.5471, 19.2802, 19.2802, 19.2802, 19.2802, 19.2802, 19.2802, 19.2802, 19.2802, 19.2802, 19.2802, 19.2802, 19.2802, 19.2802, 19.2802, 19.37, 19.2802
4.09276, 60, 76.3795, 19.2646, 7.87401, -16.3795, 0, 19.2646, 19.2648, 19.2649, 19.3812, 19.3996, 19.2676, 19.3238, 75.9816, 19.2646, 19.2646, 19.2646, 19.2646, 19.2646, 19.2646, 19.2646, 19.2646, 19.2646, 19.2646, 19.2646, 19.2646, 19.2646, 19.2646, 19.3483, 19.2646
4.10064, 60, 69.073, 19.2578, 7.87401, -9.07298, 0, 19.2578, 19.258, 19.258, 19.3744, 19.4049, 19.2612, 19.3179, 68.6683, 19.2578, 19.2578, 19.2578, 19.2578, 19.2578, 19.2578, 19.2578, 19.2578, 19.2578, 19.2578, 19.2578, 19.2578, 19.2578, 19.2578, 19.3348, 19.2578
4.10852, 70, 62.1652, 19.2604, 8.48528, 7.83483, 0, 19.2604, 19.2606, 19.2606, 19.377, 19.4189, 19.2643, 19.3214, 61.7548, 19.2604, 19.2604, 19.2604, 19.2604, 19.2604, 19.2604, 19.2604, 19.2604, 19.2604, 19.2604, 19.2604, 19.2604, 19.2604, 19.2604, 19.3304, 19.2604
4.1164, 54, 55.7672, 19.2726, 7.48331, -1.76721, 0, 19.2726, 19.2728, 19.2728, 19.3892, 19.4413, 19.277, 19.3345, 55.3523, 19.2726, 19.2726, 19.2726, 19.2726, 19.2726, 19.2726, 19.2726, 19.2726, 19.2726, 19.2726, 19.2726, 19.2726, 19.2726, 19.2726, 19.3354, 19.2726
4.12428, 22, 49.9547, 19.2944, 4.89898, -27.9547, 0, 19.2944, 19.2946, 19.2947, 19.411, 19.472, 19.2994, 19.3573, 49.5367, 19.2944, 19.2944, 19.2944, 19.2944, 19.2944, 19.2944, 19.2944, 19.2944, 19.2944, 19.2944, 19.2944, 19.2944, 19.2944, 19.2944, 19.3501, 19.2944
4.13216, 30, 44.7725, 19.3257, 5.65685, -14.7725, 0, 19.3257, 19.3258, 19.3259, 19.4422, 19.5102, 19.3312, 19.3895, 44.3528, 19.3257, 19.3257, 19.3257, 19.3257, 19.3257, 19.3257, 19.3257, 19.3257, 19.3257, 19.3257, 19.3257, 19.3257, 19.3257, 19.3257, 19.3744, 19.3257
4.14004, 24, 40.2342, 19.3658, 5.09902, -16.2342, 0, 19.3659, 19.366, 19.3661, 19.4824, 19.5555, 19.3719, 19.4307, 39.8145, 19.3658, 19.3658, 19.3658, 19.3658, 19.3658, 19.3658, 19.3658, 19.3658, 19.3658, 19.3658, 19.3658, 19.3658, 19.3658, 19.3658, 19.4081, 19.3658
4.14792, 46, 36.3288, 19.4144, 6.9282, 9.6712, 0, 19.4144, 19.4146, 19.4146, 19.531, 19.6069, 19.421, 19.4802, 35.9107, 19.4144, 19.4144, 19.4144, 19.4144, 19.4144, 19.4144, 19.4144, 19.4144, 19.4144, 19.4144, 19.4144, 19.4144, 19.4144, 19.4144, 19.4506, 19.4144
4.1558, 38, 33.0251, 19.4706, 6.32456, 4.97486, 0, 19.4706, 19.4708, 19.4708, 19.5872, 19.6637, 19.4778, 19.5375, 32.6103, 19.4706, 19.4706, 19.4706, 19.4706, 19.4706, 19.4706, 19.4706, 19.4706, 19.4706, 19.4706, 19.4706, 19.4706, 19.4706, 19.4706, 19.5014, 19.4706
4.16368, 30, 30.2781, 19.5337, 5.65685, -0.278105, 0, 19.5337, 19.5339, 19.534, 19.6503, 19.725, 19.5414, 19.6018, 29.8681, 19.5337, 19.5337, 19.5337, 19.5337, 19.5337, 19.5337, 19.5337, 19.5337, 19.5337, 19.5337, 19.5337, 19.5337, 19.5337, 19.5337, 19.5597, 19.5337
4.17156, 20, 28.0325, 19.603, 4.69042, -8.03253, 0, 19.603, 19.6031, 19.6032, 19.7195, 19.7903, 19.6111, 19.6723, 27.6289, 19.603, 19.603, 19.603, 19.603, 19.603, 19.603, 19.603, 19.603, 19.603, 19.603, 19.603, 19.603, 19.603, 19.603, 19.6249, 19.603
4.17944, 32, 26.2285, 19.6775, 5.83095, 5.77147, 0, 19.6775, 19.6777, 19.6777, 19.7941, 19.8587, 19.6861, 19.7483, 25.8324, 19.6775, 19.6775, 19.6775, 19.6775, 19.6775, 19.6775, 19.6775, 19.6775, 19.6775, 19.6775, 19.6775, 19.6775, 19.6775, 19.6775, 19.6961, 19.6775
4.18732, 12, 24.8055, 19.7566, 3.74166, -12.8055, 0, 19.7566, 19.7568, 19.7569, 19.8732, 19.9298, 19.7655, 19.8294, 24.4177, 19.7566, 19.7566, 19.7566, 19.7566, 19.7566, 19.7566, 19.7566, 19.7566, 19.7566, 19.7566, 19.7566, 19.7566, 19.7566, 19.7566, 19.7726, 19.7566
4.1952, 18, 23.7045, 19.8396, 4.47214, -5.7045, 0, 19.8397, 19.8398, 19.8399, 19.9562, 20.0032, 19.8488, 19.9149, 23.3254, 19.8396, 19.8396, 19.8396, 19.8396, 19.8396, 19.8396, 19.8396, 19.8396, 19.8396, 19.8396, 19.8396, 19.8396, 19.8396, 19.8396, 19.8538, 19.8396
4.20308, 20, 22.871, 19.9259, 4.69042, -2.87095, 0, 19.9259, 19.9261, 19.9261, 20.0425, 20.0785, 19.9352, 20.0046, 22.5003, 19.9259, 19.9259, 19.9259, 19.9259, 19.9259, 19.9259, 19.9259, 19.9259, 19.9259, 19.9259, 19.9259, 19.9259, 19.9259, 19.9259, 19.9389, 19.9259
4.21096, 12, 22.256, 20.0148, 3.74166, -10.256, 0, 20.0148, 20.015, 20.0151, 20.1314, 20.1555, 20.0241, 20.0985, 21.8926, 20.0148, 20.0148, 20.0148, 20.0148, 20.0148, 20.0148, 20.0148, 20.0148, 20.0148, 20.0148, 20.0148, 20.0148, 20.0148, 20.0148, 20.0275, 20.0148
4.21884, 4, 21.8171, 20.106, 2.44949, -17.8171, 0, 20.106, 20.1061, 20.1062, 20.2226, 20.2342, 20.1152, 20.197, 21.4586, 20.106, 20.106, 20.106, 20.106, 20.106, 20.106, 20.106, 20.106, 20.106, 20.106, 20.106, 20.106, 20.106, 20.106, 20.119, 20.106
4.22672, 32, 21.5188, 20.1989, 5.83095, 10.4812, 0, 20.1989, 20.1991, 20.1991, 20.3155, 20.3143, 20.208, 20.3009, 21.1613, 20.1989, 20.1989, 20.1989, 20.1989, 20.1989, 20.1989, 20.1989, 20.1989, 20.1989, 20.1989, 20.1989, 20.1989, 20.1989, 20.1989, 20.2129, 20.1989
4.2346, 14, 21.3321, 20.2933, 4, -7.33214, 0, 20.2933, 20.2935, 20.2935, 20.4099, 20.396, 20.3021, 20.4116, 20.9695, 20.2933, 20.2933, 20.2933, 20.2933, 20.2933, 20.2933, 20.2933, 20.2933, 20.2933, 20.2933, 20.2933, 20.2933, 20.2933, 20.2933, 20.3091, 20.2933
4.24248, 10, 21.2349, 20.3889, 3.4641, -11.2349, 0, 20.3889, 20.3891, 20.3891, 20.5055, 20.4793, 20.3974, 20.5315, 20.8582, 20.3889, 20.3889, 20.3889, 20.3889, 20.3889, 20.3889, 20.3889, 20.3889, 20.3889, 20.3889, 20.3889, 20.3889, 20.3889, 20.3889, 20.407, 20.3889
4.25036, 18, 21.2108, 20.4854, 4.47214, -3.2108, 0, 20.4854, 20.4856, 20.4857, 20.6021, 20.564, 20.4935, 20.6641, 20.8072, 20.4854, 20.4854, 20.4854, 20.4854, 20.4854, 20.4854, 20.4854, 20.4854, 20.4854, 20.4854, 20.4854, 20.4854, 20.4854, 20.4854, 20.5066, 20.4854
4.25824, 22, 21.2494, 20.5828, 4.89898, 0.750559, 0, 20.5828, 20.5829, 20.583, 20.6994, 20.6503, 20.5904, 20.8144, 20.8006, 20.5828, 20.5828, 20.5828, 20.5828, 20.5828, 20.5828, 20.5828, 20.5828, 20.5828, 20.5828, 20.5828, 20.5828, 20.5828, 20.5828, 20.6076, 20.5828
4.26612, 30, 21.3458, 20.6808, 5.65685, 8.65415, 0, 20.6808, 20.6809, 20.681, 20.7975, 20.7382, 20.6879, 20.9893, 20.8265, 20.6808, 20.6808, 20.6808, 20.6808, 20.6808, 20.6808, 20.6808, 20.6808, 20.6808, 20.6808, 20.6808, 20.6808, 20.6808, 20.6808, 20.7099, 20.6808
4.274, 14, 21.5004, 20.7793, 4, -7.50038, 0, 20.7793, 20.7795, 20.7795, 20.896, 20.8276, 20.7859, 21.198, 20.8756, 20.7793, 20.7793, 20.7793, 20.7793, 20.7793, 20.7793, 20.7793, 20.7793, 20.7793, 20.7793, 20.7793, 20.7793, 20.7793, 20.7793, 20.8132, 20.7793
4.28188, 10, 21.7187, 20.8783, 3.4641, -11.7187, 0, 20.8783, 20.8785, 20.8785, 20.9951, 20.9185, 20.8843, 21.4531, 20.9411, 20.8783, 20.8783, 20.8783, 20.8783, 20.8783, 20.8783, 20.8783, 20.8783, 20.8783, 20.8783, 20.8783, 20.8783, 20.8783, 20.8783, 20.9175, 20.8783
4.28976, 22, 22.0119, 20.9777, 4.89898, -0.0119247, 0, 20.9777, 20.9779, 20.9779, 21.0947, 21.0108, 20.9832, 21.7705, 21.0182, 20.9777, 20.9777, 20.9777, 20.9777, 20.9777, 20.9777, 20.9777, 20.9777, 20.9777, 20.9777, 20.9777, 20.9777, 20.9777, 20.9777, 21.0225, 20.9777
4.29764, 20, 22.3967, 21.0775, 4.69042, -2.39672, 0, 21.0775, 21.0776, 21.0777, 21.1946, 21.1045, 21.0825, 22.1705, 21.1033, 21.0775, 21.0775, 21.0775, 21.0775, 21.0775, 21.0775, 21.0775, 21.0775, 21.0775, 21.0775, 21.0775, 21.0775, 21.0775, 21.0775, 21.1282, 21.0775
4.30552, 28, 22.8956, 21.1775, 5.47723, 5.10436, 0, 21.1776, 21.1777, 21.1778, 21.295, 21.1995, 21.1821, 22.6783, 21.1938, 21.1775, 21.1775, 21.1775, 21.1775, 21.1775, 21.1775, 21.1775, 21.1775, 21.1775, 21.1775, 21.1775, 21.1775, 21.1775, 21.1775, 21.2343, 21.1775
4.3134, 20, 23.5375, 21.278, 4.69042, -3.53746, 0, 21.278, 21.2781, 21.2782, 21.3958, 21.2956, 21.282, 23.3246, 21.2881, 21.278, 21.278, 21.278, 21.278, 21.278, 21.278, 21.278, 21.278, 21.278, 21.278, 21.278, 21.278, 21.278, 21.278, 21.3408, 21.278
4.32128, 30, 24.3571, 21.3787, 5.65685, 5.64294, 0, 21.3787, 21.3789, 21.3789, 21.497, 21.3928, 21.3823, 24.1456, 21.3849, 21.3787, 21.3787, 21.3787, 21.3787, 21.3787, 21.3787, 21.3787, 21.3787, 21.3787, 21.3787, 21.3787, 21.3787, 21.3787, 21.3787, 21.4474, 21.3787
4.32916, 18, 25.3951, 21.4797, 4.47214, -7.39512, 0, 21.4797, 21.4798, 21.4799, 21.5988, 21.4909, 21.4829, 25.183, 21.4834, 21.4797, 21.4797, 21.4797, 21.4797, 21.4797, 21.4797, 21.4797, 21.4797, 21.4797, 21.4797, 21.4797, 21.4797, 21.4797, 21.4797, 21.554, 21.4797
4.33704, 40, 26.6979, 21.5809, 6.48074, 13.3021, 0, 21.5809, 21.5811, 21.5812, 21.7012, 21.5899, 21.5839, 26.4836, 21.5832, 21.5809, 21.5809, 21.5809, 21.5809, 21.5809, 21.5809, 21.5809, 21.5809, 21.5809, 21.5809, 21.5809, 21.5809, 21.5809, 21.5809, 21.6604, 21.5809
4.34492, 30, 28.3158, 21.6825, 5.65685, 1.68416, 0, 21.6825, 21.6827, 21.6827, 21.8043, 21.6897, 21.6851, 28.0985, 21.6838, 21.6825, 21.6825, 21.6825, 21.6825, 21.6825, 21.6825, 21.6825, 21.6825, 21.6825, 21.6825, 21.6825, 21.6825, 21.6825, 21.6825, 21.7665, 21.6825
4.3528, 26, 30.3017, 21.7843, 5.2915, -4.30171, 0, 21.7843, 21.7845, 21.7845, 21.9082, 21.7901, 21.7867, 30.0806, 21.7851, 21.7843, 21.7843, 21.7843, 21.7843, 21.7843, 21.7843, 21.7843, 21.7843, 21.7843, 21.7843, 21.7843, 21.7843, 21.7843, 21.7843, 21.8721, 21.7843
4.36068, 34, 32.7086, 21.8863, 6, 1.29142, 0, 21.8864, 21.8865, 21.8866, 22.0132, 21.891, 21.8885, 32.4831, 21.8868, 21.8863, 21.8863, 21.8863, 21.8863, 21.8863, 21.8863, 21.8863, 21.8863, 21.8863, 21.8863, 21.8863, 21.8863, 21.8863, 21.8863, 21.9772, 21.8863
4.36856, 24, 35.5864, 21.9887, 5.09902, -11.5864, 0, 21.9887, 21.9888, 21.9889, 22.1196, 21.9925, 21.9907, 35.356, 21.9889, 21.9887, 21.9887, 21.9887, 21.9887, 21.9887, 21.9887, 21.9887, 21.9887, 21.9887, 21.9887, 21.9887, 21.9887, 21.9887, 21.9887, 22.0816, 21.9887
4.37644, 38, 38.9788, 22.0912, 6.32456, -0.978771, 0, 22.0912, 22.0914, 22.0915, 22.2277, 22.0945, 22.0931, 38.7426, 22.0914, 22.0912, 22.0912, 22.0912, 22.0912, 22.0912, 22.0912, 22.0912, 22.0912, 22.0912, 22.0912, 22.0912, 22.0912, 22.0912, 22.0912, 22.1853, 22.0912
4.38432, 38, 42.9174, 22.1941, 6.32456, -4.9174, 0, 22.1941, 22.1942, 22.1943, 22.3379, 22.1969, 22.1959, 42.6743, 22.1941, 22.1941, 22.1941, 22.1941, 22.1941, 22.1941, 22.1941, 22.1941, 22.1941, 22.1941, 22.1941, 22.1941, 22.1941, 22.1941, 22.1941, 22.2882, 22.1941
4.3922, 58, 47.4194, 22.2971, 7.74597, 10.5806, 0, 22.2972, 22.2973, 22.2974, 22.4509, 22.2996, 22.2989, 47.1676, 22.2972, 22.2971, 22.2971, 22.2971, 22.2971, 22.2971, 22.2971, 22.2971, 22.2971, 22.2971, 22.2971, 22.2971, 22.2971, 22.2971, 22.2971, 22.3905, 22.2971
4.40008, 56, 52.4817, 22.4005, 7.61577, 3.51834, 0, 22.4005, 22.4007, 22.4007, 22.5675, 22.4027, 22.4021, 52.2187, 22.4005, 22.4005, 22.4005, 22.4005, 22.4005, 22.4005, 22.4005, 22.4005, 22.4005, 22.4005, 22.4005, 22.4005, 22.4005, 22.4005, 22.4005, 22.4921, 22.4005
4.40796, 40, 58.0775, 22.5041, 6.48074, -18.0775, 0, 22.5041, 22.5042, 22.5043, 22.6886, 22.5062, 22.5057, 57.7998, 22.5041, 22.5041, 22.5041, 22.5041, 22.5041, 22.5041, 22.5041, 22.5041, 22.5041, 22.5041, 22.5041, 22.5041, 22.5041, 22.5041, 22.5041, 22.5931, 22.5041
4.41584, 90, 64.1532, 22.6079, 9.59166, 25.8468, 0, 22.6079, 22.6081, 22.6081, 22.8155, 22.6099, 22.6095, 63.8559, 22.6079, 22.6079, 22.6079, 22.6079, 22.6079, 22.6079, 22.6079, 22.6079, 22.6079, 22.6079, 22.6079, 22.6079, 22.6079, 22.6079, 22.6079, 22.6936, 22.6079
4.42372, 48, 70.6265, 22.712, 7.07107, -22.6265, 0, 22.712, 22.7122, 22.7122, 22.9497, 22.7139, 22.7136, 70.3031, 22.712, 22.712, 22.712, 22.712, 22.712, 22.712, 22.712, 22.712, 22.712, 22.712, 22.712, 22.712, 22.712, 22.712, 22.712, 22.7937, 22.712
4.4316, 72, 77.3867, 22.8163, 8.60233, -5.38673, 0, 22.8163, 22.8165, 22.8165, 23.0932, 22.8182, 22.8179, 77.0287, 22.8163, 22.8163, 22.8163, 22.8163, 22.8163, 22.8163, 22.8163, 22.8163, 22.8163, 22.8163, 22.8163, 22.8163, 22.8163, 22.8163, 22.8163, 22.8936, 22.8163
4.43948, 120, 84.2952, 22.9209, 11.0454, 35.7048, 0, 22.9209, 22.9211, 22.9211, 23.2484, 22.9227, 22.9225, 83.8915, 22.9209, 22.9209, 22.9209, 22.9209, 22.9209, 22.9209, 22.9209, 22.9209, 22.9209, 22.9209, 22.9209, 22.9209, 22.9209, 22.9209, 22.9209, 22.9933, 22.9209
4.44736, 92, 91.1913, 23.0257, 9.69536, 0.80867, 0, 23.0257, 23.0259, 23.0259, 23.4179, 23.0275, 23.0273, 90.7279, 23.0257, 23.0257, 23.0257, 23.0257, 23.0257, 23.0257, 23.0257, 23.0257, 23.0257, 23.0257, 23.0257, 23.0257, 23.0257, 23.0257, 23.0257, 23.0931, 23.0257
4.45524, 128, 97.8975, 23.1308, 11.4018, 30.1025, 0, 23.1308, 23.1309, 23.131, 23.6052, 23.1326, 23.1324, 97.357, 23.1308, 23.1308, 23.1308, 23.1308, 23.1308, 23.1308, 23.1308, 23.1308, 23.1308, 23.1308, 23.1308, 23.1308, 23.1308, 23.1308, 23.1308, 23.193, 23.1308
4.46312, 130, 104.226, 23.2361, 11.4891, 25.7743, 0, 23.2361, 23.2362, 23.2363, 23.8142, 23.2379, 23.2377, 103.587, 23.2361, 23.2361, 23.2361, 23.2361, 23.2361, 23.2361, 23.2361, 23.2361, 23.2361, 23.2361, 23.2361, 23.2361, 23.2361, 23.2361, 23.2361, 23.2932, 23.2361
4.471, 110, 109.989, 23.3416, 10.583, 0.0110855, 0, 23.3416, 23.3418, 23.3418, 24.0492, 23.3435, 23.3433, 109.225, 23.3416, 23.3416, 23.3416, 23.3416, 23.3416, 23.3416, 23.3416, 23.3416, 23.3416, 23.3416, 23.3416, 23.3416, 23.3416, 23.3416, 23.3416, 23.3939, 23.3416
4.47888, 102, 115.009, 23.4474, 10.198, -13.0094, 0, 23.4474, 23.4475, 23.4476, 24.3154, 23.4493, 23.4491, 114.09, 23.4474, 23.4474, 23.4474, 23.4474, 23.4474, 23.4474, 23.4474, 23.4474, 23.4474, 23.4474, 23.4474, 23.4474, 23.4474, 23.4474, 23.4474, 23.4951, 23.4474
4.48676, 136, 119.129, 23.5533, 11.7473, 16.8707, 0, 23.5533, 23.5535, 23.5536, 24.6179, 23.5553, 23.5551, 118.017, 23.5533, 23.5533, 23.5533, 23.5533, 23.5533, 23.5533, 23.5533, 23.5533, 23.5533, 23.5533, 23.5533, 23.5533, 23.5533, 23.5533, 23.5533, 23.5969, 23.5533
4.49464, 146, 122.219, 23.6595, 12.1655, 23.7812, 0, 23.6596, 23.6597, 23.6598, 24.9625, 23.6615, 23.6613, 120.872, 23.6595, 23.6595, 23.6595, 23.6595, 23.6595, 23.6595, 23.6595, 23.6595, 23.6595, 23.6595, 23.6595, 23.6595, 23.6595, 23.6595, 23.6595, 23.6993, 23.6595
4.50252, 160, 124.186, 23.766, 12.7279, 35.8145, 0, 23.766, 23.7661, 23.7662, 25.3549, 23.768, 23.7678, 122.556, 23.766, 23.766, 23.766, 23.766, 23.766, 23.766, 23.766, 23.766, 23.766, 23.766, 23.766, 23.766, 23.766, 23.766, 23.766, 23.8025, 23.766
4.5104, 104, 124.979, 23.8726, 10.2956, -20.9792, 0, 23.8726, 23.8728, 23.8729, 25.8005, 23.8748, 23.8745, 123.013, 23.8726, 23.8726, 23.8726, 23.8726, 23.8726, 23.8726, 23.8726, 23.8726, 23.8726, 23.8726, 23.8726, 23.8726, 23.8726, 23.8726, 23.8726, 23.9065, 23.8726
4.51828, 138, 124.594, 23.9795, 11.8322, 13.4061, 0, 23.9795, 23.9797, 23.9797, 26.3042, 23.9817, 23.9814, 122.233, 23.9795, 23.9795, 23.9795, 23.9795, 23.9795, 23.9795, 23.9795, 23.9795, 23.9795, 23.9795, 23.9795, 23.9795, 23.9795, 23.9795, 23.9795, 24.0112, 23.9795
4.52616, 130, 123.069, 24.0865, 11.4891, 6.93051, 0, 24.0865, 24.0867, 24.0868, 26.87, 24.0889, 24.0885, 120.251, 24.0865, 24.0865, 24.0865, 24.0865, 24.0865, 24.0865, 24.0865, 24.0865, 24.0865, 24.0865, 24.0865, 24.0865, 24.0865, 24.0865, 24.0865, 24.1166, 24.0865
4.53404, 140, 120.488, 24.1938, 11.9164, 19.5123, 0, 24.1938, 24.194, 24.194, 27.5003, 24.1963, 24.1958, 117.147, 24.1938, 24.1938, 24.1938, 24.1938, 24.1938, 24.1938, 24.1938, 24.1938, 24.1938, 24.1938, 24.1938, 24.1938, 24.1938, 24.1938, 24.1938, 24.2227, 24.1938
4.54192, 164, 116.967, 24.3013, 12.8841, 47.0325, 0, 24.3013, 24.3014, 24.3015, 28.1955, 24.3039, 24.3033, 113.04, 24.3013, 24.3013, 24.3013, 24.3013, 24.3013, 24.3013, 24.3013, 24.3013, 24.3013, 24.3013, 24.3013, 24.3013, 24.3013, 24.3013, 24.3013, 24.3295, 24.3013
4.5498, 128, 112.657, 24.4089, 11.4018, 15.3432, 0, 24.4089, 24.4091, 24.4091, 28.954, 24.4117, 24.4109, 108.078, 24.4089, 24.4089, 24.4089, 24.4089, 24.4089, 24.4089, 24.4089, 24.4089, 24.4089, 24.4089, 24.4089, 24.4089, 24.4089, 24.4089, 24.4089, 24.4368, 24.4089
4.55768, 110, 107.723, 24.5168, 10.583, 2.27663, 0, 24.5168, 24.5169, 24.517, 29.7712, 24.5198, 24.5188, 102.435, 24.5168, 24.5168, 24.5168, 24.5168, 24.5168, 24.5168, 24.5168, 24.5168, 24.5168, 24.5168, 24.5168, 24.5168, 24.5168, 24.5168, 24.5168, 24.5446, 24.5168
4.56556, 94, 102.345, 24.6248, 9.79796, -8.34492, 0, 24.6248, 24.625, 24.625, 30.6395, 24.6281, 24.6269, 96.2962, 24.6248, 24.6248, 24.6248, 24.6248, 24.6248, 24.6248, 24.6248, 24.6248, 24.6248, 24.6248, 24.6248, 24.6248, 24.6248, 24.6248, 24.6248, 24.6529, 24.6248
4.57344, 112, 96.7001, 24.733, 10.6771, 15.2999, 0, 24.733, 24.7332, 24.7332, 31.5479, 24.7367, 24.7351, 89.8505, 24.733, 24.733, 24.733, 24.733, 24.733, 24.733, 24.733, 24.733, 24.733, 24.733, 24.733, 24.733, 24.733, 24.733, 24.733, 24.7614, 24.733
4.58132, 104, 90.9578, 24.8414, 10.2956, 13.0422, 0, 24.8414, 24.8416, 24.8416, 32.4827, 24.8455, 24.8436, 83.2809, 24.8414, 24.8414, 24.8414, 24.8414, 24.8414, 24.8414, 24.8414, 24.8414, 24.8414, 24.8414, 24.8414, 24.8414, 24.8414, 24.8414, 24.8414, 24.8702, 24.8414
4.5892, 80, 85.2697, 24.9499, 9.05539, -5.26968, 0, 24.95, 24.9501, 24.9502, 33.427, 24.9546, 24.9522, 76.7562, 24.9499, 24.9499, 24.9499, 24.9499, 24.9499, 24.9499, 24.9499, 24.9499, 24.9499, 24.9499, 24.9499, 24.9499, 24.9499, 24.9499, 24.9499, 24.9791, 24.9499
4.59708, 94, 79.7664, 25.0587, 9.79796, 14.2336, 0, 25.0587, 25.0588, 25.0589, 34.3613, 25.0639, 25.0609, 70.4265, 25.0587, 25.0587, 25.0587, 25.0587, 25.0587, 25.0587, 25.0587, 25.0587, 25.0587, 25.0587, 25.0587, 25.0587, 25.0587, 25.0587, 25.0587, 25.0881, 25.0587
4.60496, 82, 74.5497, 25.1676, 9.16515, 7.45033, 0, 25.1676, 25.1678, 25.1678, 35.2646, 25.1735, 25.1699, 64.4146, 25.1676, 25.1676, 25.1676, 25.1676, 25.1676, 25.1676, 25.1676, 25.1676, 25.1676, 25.1676, 25.1676, 25.1676, 25.1676, 25.1676, 25.1676, 25.197, 25.1676
4.61284, 94, 69.6945, 25.2766, 9.79796, 24.3055, 0, 25.2767, 25.2768, 25.2769, 36.1148, 25.2834, 25.279, 58.8176, 25.2766, 25.2766, 25.2766, 25.2766, 25.2766, 25.2766, 25.2766, 25.2766, 25.2766, 25.2766, 25.2766, 25.2766, 25.2766, 25.2766, 25.2766, 25.3059, 25.2766
4.62072, 62, 65.2475, 25.3859, 8, -3.24751, 0, 25.3859, 25.3861, 25.3861, 36.8901, 25.3935, 25.3883, 53.704, 25.3859, 25.3859, 25.3859, 25.3859, 25.3859, 25.3859, 25.3859, 25.3859, 25.3859, 25.3859, 25.3859, 25.3859, 25.3859, 25.3859, 25.3859, 25.4148, 25.3859
4.6286, 70, 61.2301, 25.4953, 8.48528, 8.76987, 0, 25.4953, 25.4955, 25.4955, 37.5694, 25.504, 25.4977, 49.1163, 25.4953, 25.4953, 25.4953, 25.4953, 25.4953, 25.4953, 25.4953, 25.4953, 25.4953, 25.4953, 25.4953, 25.4953, 25.4953, 25.4953, 25.4953, 25.5235, 25.4953
4.63648, 58, 57.641, 25.6049, 7.74597, 0.359047, 0, 25.6049, 25.605, 25.6051, 38.1342, 25.6147, 25.6073, 45.0716, 25.6049, 25.6049, 25.6049, 25.6049, 25.6049, 25.6049, 25.6049, 25.6049, 25.6049, 25.6049, 25.6049, 25.6049, 25.6049, 25.6049, 25.6049, 25.6321, 25.6049
4.64436, 64, 54.4607, 25.7146, 8.12404, 9.53927, 0, 25.7146, 25.7148, 25.7148, 38.5691, 25.7257, 25.7171, 41.5661, 25.7146, 25.7146, 25.7146, 25.7146, 25.7146, 25.7146, 25.7146, 25.7146, 25.7146, 25.7146, 25.7146, 25.7146, 25.7146, 25.7146, 25.7146, 25.7407, 25.7146
4.65224, 50, 51.6578, 25.8244, 7.2111, -1.65778, 0, 25.8245, 25.8246, 25.8247, 38.8626, 25.837, 25.827, 38.5795, 25.8244, 25.8244, 25.8244, 25.8244, 25.8244, 25.8244, 25.8244, 25.8244, 25.8244, 25.8244, 25.8244, 25.8244, 25.8244, 25.8244, 25.8244, 25.8491, 25.8244
4.66012, 36, 49.1917, 25.9345, 6.16441, -13.1917, 0, 25.9345, 25.9346, 25.9347, 39.0083, 25.9485, 25.937, 36.0778, 25.9345, 25.9345, 25.9345, 25.9345, 25.9345, 25.9345, 25.9345, 25.9345, 25.9345, 25.9345, 25.9345, 25.9345, 25.9345, 25.9345, 25.9345, 25.9575, 25.9345
4.668, 52, 47.0186, 26.0446, 7.34847, 4.98137, 0, 26.0446, 26.0448, 26.0449, 39.0048, 26.0602, 26.0472, 34.0185, 26.0446, 26.0446, 26.0446, 26.0446, 26.0446, 26.0446, 26.0446, 26.0446, 26.0446, 26.0446, 26.0446, 26.0446, 26.0446, 26.0446, 26.0446, 26.066, 26.0446
4.67588, 34, 45.0947, 26.1549, 6, -11.0947, 0, 26.1549, 26.1551, 26.1552, 38.8558, 26.1721, 26.1576, 32.3541, 26.1549, 26.1549, 26.1549, 26.1549, 26.1549, 26.1549, 26.1549, 26.1549, 26.1549, 26.1549, 26.1549, 26.1549, 26.1549, 26.1549, 26.1549, 26.1745, 26.1549
4.68376, 24, 43.3799, 26.2654, 5.09902, -19.3799, 0, 26.2654, 26.2655, 26.2656, 38.5701, 26.2841, 26.2681, 31.0356, 26.2654, 26.2654, 26.2654, 26.2654, 26.2654, 26.2654, 26.2654, 26.2654, 26.2654, 26.2654, 26.2654, 26.2654, 26.2654, 26.2654, 26.2654, 26.283, 26.2654
4.69164, 34, 41.8389, 26.3759, 6, -7.83894, 0, 26.3759, 26.3761, 26.3762, 38.161, 26.3963, 26.3787, 30.0146, 26.3759, 26.3759, 26.3759, 26.3759, 26.3759, 26.3759, 26.3759, 26.3759, 26.3759, 26.3759, 26.3759, 26.3759, 26.3759, 26.3759, 26.3759, 26.3917, 26.3759
4.69952, 18, 40.4433, 26.4866, 4.47214, -22.4433, 0, 26.4866, 26.4868, 26.4868, 37.6454, 26.5085, 26.4894, 29.2454, 26.4866, 26.4866, 26.4866, 26.4866, 26.4866, 26.4866, 26.4866, 26.4866, 26.4866, 26.4866, 26.4866, 26.4866, 26.4866, 26.4866, 26.4866, 26.5006, 26.4866
4.7074, 26, 39.1721, 26.5974, 5.2915, -13.1721, 0, 26.5974, 26.5976, 26.5976, 37.0432, 26.6207, 26.6002, 28.6875, 26.5974, 26.5974, 26.5974, 26.5974, 26.5974, 26.5974, 26.5974, 26.5974, 26.5974, 26.5974, 26.5974, 26.5974, 26.5974, 26.5974, 26.5974, 26.6097, 26.5974
4.71528, 16, 38.0112, 26.7083, 4.24264, -22.0112, 0, 26.7083, 26.7085, 26.7086, 36.376, 26.7329, 26.7112, 28.3049, 26.7083, 26.7083, 26.7083, 26.7083, 26.7083, 26.7083, 26.7083, 26.7083, 26.7083, 26.7083, 26.7083, 26.7083, 26.7083, 26.7083, 26.7083, 26.719, 26.7083
4.72316, 42, 36.953, 26.8193, 6.63325, 5.04704, 0, 26.8193, 26.8195, 26.8195, 35.6659, 26.845, 26.8222, 28.068, 26.8193, 26.8193, 26.8193, 26.8193, 26.8193, 26.8193, 26.8193, 26.8193, 26.8193, 26.8193, 26.8193, 26.8193, 26.8193, 26.8193, 26.8193, 26.8286, 26.8193
4.73104, 26, 35.9951, 26.9304, 5.2915, -9.99514, 0, 26.9304, 26.9306, 26.9306, 34.9348, 26.957, 26.9333, 27.9527, 26.9304, 26.9304, 26.9304, 26.9304, 26.9304, 26.9304, 26.9304, 26.9304, 26.9304, 26.9304, 26.9304, 26.9304, 26.9304, 26.9304, 26.9304, 26.9385, 26.9304
4.73892, 26, 35.14, 27.0415, 5.2915, -9.14001, 0, 27.0415, 27.0417, 27.0417, 34.2033, 27.0688, 27.0445, 27.9405, 27.0415, 27.0415, 27.0415, 27.0415, 27.0415, 27.0415, 27.0415, 27.0415, 27.0415, 27.0415, 27.0415, 27.0415, 27.0415, 27.0415, 27.0415, 27.0486, 27.0415
4.7468, 30, 34.3928, 27.1527, 5.65685, -4.39276, 0, 27.1527, 27.1529, 27.1529, 33.4898, 27.1803, 27.1557, 28.0182, 27.1527, 27.1527, 27.1527, 27.1527, 27.1527, 27.1527, 27.1527, 27.1527, 27.1527, 27.1527, 27.1527, 27.1527, 27.1527, 27.1527, 27.1527, 27.159, 27.1527
4.75468, 34, 33.7606, 27.2639, 6, 0.239418, 0, 27.2639, 27.264, 27.2641, 32.81, 27.2916, 27.2669, 28.1773, 27.2639, 27.2639, 27.2639, 27.2639, 27.2639, 27.2639, 27.2639, 27.2639, 27.2639, 27.2639, 27.2639, 27.2639, 27.2639, 27.2639, 27.2639, 27.2697, 27.2639
4.76256, 24, 33.2517, 27.375, 5.09902, -9.25169, 0, 27.375, 27.3752, 27.3752, 32.1768, 27.4026, 27.3781, 28.4132, 27.375, 27.375, 27.375, 27.375, 27.375, 27.375, 27.375, 27.375, 27.375, 27.375, 27.375, 27.375, 27.375, 27.375, 27.375, 27.3806, 27.375
4.77044, 38, 32.8742, 27.4861, 6.32456, 5.12577, 0, 27.4861, 27.4863, 27.4863, 31.5996, 27.5133, 27.4893, 28.7243, 27.4861, 27.4861, 27.4861, 27.4861, 27.4861, 27.4861, 27.4861, 27.4861, 27.4861, 27.4861, 27.4861, 27.4861, 27.4861, 27.4861, 27.4861, 27.4917, 27.4861
4.77832, 22, 32.6356, 27.5971, 4.89898, -10.6356, 0, 27.5971, 27.5973, 27.5973, 31.0848, 27.6236, 27.6003, 29.1118, 27.5971, 27.5971, 27.5971, 27.5971, 27.5971, 27.5971, 27.5971, 27.5971, 27.5971, 27.5971, 27.5971, 27.5971, 27.5971, 27.5971, 27.5971, 27.6029, 27.5971
4.7862, 20, 32.5419, 27.7079, 4.69042, -12.5419, 0, 27.7079, 27.7081, 27.7081, 30.6358, 27.7336, 27.7112, 29.5783, 27.7079, 27.7079, 27.7079, 27.7079, 27.7079, 27.7079, 27.7079, 27.7079, 27.7079, 27.7079, 27.7079, 27.7079, 27.7079, 27.7079, 27.7079, 27.7143, 27.7079
4.79408, 34, 32.5971, 27.8185, 6, 1.40286, 0, 27.8185, 27.8187, 27.8187, 30.2532, 27.843, 27.8218, 30.1269, 27.8185, 27.8185, 27.8185, 27.8185, 27.8185, 27.8185, 27.8185, 27.8185, 27.8185, 27.8185, 27.8185, 27.8185, 27.8185, 27.8185, 27.8185, 27.8258, 27.8185
4.80196, 18, 32.803, 27.9288, 4.47214, -14.803, 0, 27.9288, 27.9289, 27.929, 29.9355, 27.9521, 27.9321, 30.7607, 27.9288, 27.9288, 27.9288, 27.9288, 27.9288, 27.9288, 27.9288, 27.9288, 27.9288, 27.9288, 27.9288, 27.9288, 27.9288, 27.9288, 27.9288, 27.9372, 27.9288
4.80984, 14, 33.1585, 28.0386, 4, -19.1585, 0, 28.0386, 28.0388, 28.0389, 29.6795, 28.0606, 28.042, 31.4819, 28.0386, 28.0386, 28.0386, 28.0386, 28.0386, 28.0386, 28.0386, 28.0386, 28.0386, 28.0386, 28.0386, 28.0386, 28.0386, 28.0386, 28.0386, 28.0486, 28.0386
4.81772, 24, 33.6589, 28.148, 5.09902, -9.65893, 0, 28.148, 28.1482, 28.1482, 29.4804, 28.1685, 28.1514, 32.2904, 28.148, 28.148, 28.148, 28.148, 28.148, 28.148, 28.148, 28.148, 28.148, 28.148, 28.148, 28.148, 28.148, 28.148, 28.148, 28.1597, 28.148
4.8256, 30, 34.2965, 28.2567, 5.65685, -4.29652, 0, 28.2567, 28.2569, 28.2569, 29.3328, 28.2757, 28.2602, 33.1837, 28.2567, 28.2567, 28.2567, 28.2567, 28.2567, 28.2567, 28.2567, 28.2567, 28.2567, 28.2567, 28.2567, 28.2567, 28.2567, 28.2567, 28.2567, 28.2705, 28.2567
4.83348, 32, 35.0594, 28.3647, 5.83095, -3.05943, 0, 28.3647, 28.3648, 28.3649, 29.2307, 28.3822, 28.3682, 34.1558, 28.3647, 28.3647, 28.3647, 28.3647, 28.3647, 28.3647, 28.3647, 28.3647, 28.3647, 28.3647, 28.3647, 28.3647, 28.3647, 28.3647, 28.3647, 28.3808, 28.3647
4.84136, 24, 35.932, 28.4718, 5.09902, -11.932, 0, 28.4718, 28.4719, 28.472, 29.168, 28.4878, 28.4753, 35.197, 28.4718, 28.4718, 28.4718, 28.4718, 28.4718, 28.4718, 28.4718, 28.4718, 28.4718, 28.4718, 28.4718, 28.4718, 28.4718, 28.4718, 28.4718, 28.4905, 28.4718
4.84924, 24, 36.8943, 28.5778, 5.09902, -12.8943, 0, 28.5778, 28.578, 28.578, 29.1386, 28.5924, 28.5814, 36.2933, 28.5778, 28.5778, 28.5778, 28.5778, 28.5778, 28.5778, 28.5778, 28.5778, 28.5778, 28.5778, 28.5778, 28.5778, 28.5778, 28.5778, 28.5778, 28.5994, 28.5778
4.85712, 40, 37.923, 28.6827, 6.48074, 2.07703, 0, 28.6827, 28.6829, 28.683, 29.1369, 28.696, 28.6864, 37.4268, 28.6827, 28.6827, 28.6827, 28.6827, 28.6827, 28.6827, 28.6827, 28.6827, 28.6827, 28.6827, 28.6827, 28.6827, 28.6827, 28.6827, 28.6827, 28.7073, 28.6827
4.865, 32, 38.9912, 28.7863, 5.83095, -6.99122, 0, 28.7863, 28.7865, 28.7866, 29.1579, 28.7984, 28.7901, 38.5757, 28.7863, 28.7863, 28.7863, 28.7863, 28.7863, 28.7863, 28.7863, 28.7863, 28.7863, 28.7863, 28.7863, 28.7863, 28.7863, 28.7863, 28.7863, 28.814, 28.7863
4.87288, 24, 40.0694, 28.8885, 5.09902, -16.0694, 0, 28.8885, 28.8887, 28.8888, 29.1969, 28.8995, 28.8923, 39.715, 28.8885, 28.8885, 28.8885, 28.8885, 28.8885, 28.8885, 28.8885, 28.8885, 28.8885, 28.8885, 28.8885, 28.8885, 28.8885, 28.8885, 28.8885, 28.9194, 28.8885
4.88076, 28, 41.1264, 28.9892, 5.47723, -13.1264, 0, 28.9892, 28.9894, 28.9895, 29.25, 28.9993, 28.9931, 40.8174, 28.9892, 28.9892, 28.9892, 28.9892, 28.9892, 28.9892, 28.9892, 28.9892, 28.9892, 28.9892, 28.9892, 28.9892, 28.9892, 28.9892, 28.9892, 29.0233, 28.9892
4.88864, 32, 42.1301, 29.0883, 5.83095, -10.1301, 0, 29.0883, 29.0885, 29.0886, 29.3137, 29.0975, 29.0922, 41.8542, 29.0883, 29.0883, 29.0883, 29.0883, 29.0883, 29.0883, 29.0883, 29.0883, 29.0883, 29.0883, 29.0883, 29.0883, 29.0883, 29.0883, 29.0883, 29.1254, 29.0883
4.89652, 26, 43.0496, 29.1858, 5.2915, -17.0496, 0, 29.1858, 29.186, 29.186, 29.3854, 29.1942, 29.1897, 42.7972, 29.1858, 29.1858, 29.1858, 29.1858, 29.1858, 29.1858, 29.1858, 29.1858, 29.1858, 29.1858, 29.1858, 29.1858, 29.1858, 29.1858, 29.1858, 29.2259, 29.1858
4.9044, 42, 43.8555, 29.2816, 6.63325, -1.85545, 0, 29.2816, 29.2818, 29.2819, 29.4629, 29.2895, 29.2856, 43.6193, 29.2816, 29.2816, 29.2816, 29.2816, 29.2816, 29.2816, 29.2816, 29.2816, 29.2816, 29.2816, 29.2816, 29.2816, 29.2816, 29.2816, 29.2816, 29.3244, 29.2816
4.91228, 28, 44.5219, 29.3759, 5.47723, -16.5219, 0, 29.3759, 29.376, 29.3761, 29.5443, 29.3832, 29.3799, 44.2966, 29.3759, 29.3759, 29.3759, 29.3759, 29.3759, 29.3759, 29.3759, 29.3759, 29.3759, 29.3759, 29.3759, 29.3759, 29.3759, 29.3759, 29.3759, 29.421, 29.3759
4.92016, 32, 45.0278, 29.4686, 5.83095, -13.0278, 0, 29.4686, 29.4687, 29.4688, 29.6284, 29.4755, 29.4726, 44.8094, 29.4686, 29.4686, 29.4686, 29.4686, 29.4686, 29.4686, 29.4686, 29.4686, 29.4686, 29.4686, 29.4686, 29.4686, 29.4686, 29.4686, 29.4686, 29.5157, 29.4686
4.92804, 36, 45.3576, 29.5598, 6.16441, -9.3576, 0, 29.5599, 29.56, 29.5601, 29.7142, 29.5664, 29.5639, 45.1433, 29.5598, 29.5598, 29.5598, 29.5598, 29.5598, 29.5598, 29.5598, 29.5598, 29.5598, 29.5598, 29.5598, 29.5598, 29.5598, 29.5598, 29.5598, 29.6086, 29.5598
4.93592, 20, 45.5024, 29.6499, 4.69042, -25.5024, 0, 29.6499, 29.65, 29.6501, 29.801, 29.6562, 29.654, 45.2904, 29.6499, 29.6499, 29.6499, 29.6499, 29.6499, 29.6499, 29.6499, 29.6499, 29.6499, 29.6499, 29.6499, 29.6499, 29.6499, 29.6499, 29.6499, 29.6998, 29.6499
4.9438, 64, 45.46, 29.7388, 8.12404, 18.54, 0, 29.7388, 29.739, 29.739, 29.8885, 29.745, 29.743, 45.2491, 29.7388, 29.7388, 29.7388, 29.7388, 29.7388, 29.7388, 29.7388, 29.7388, 29.7388, 29.7388, 29.7388, 29.7388, 29.7388, 29.7388, 29.7388, 29.7894, 29.7388
4.95168, 48, 45.2353, 29.8269, 7.07107, 2.76466, 0, 29.827, 29.8271, 29.8272, 29.9763, 29.833, 29.8312, 45.0246, 29.8269, 29.8269, 29.8269, 29.8269, 29.8269, 29.8269, 29.8269, 29.8269, 29.8269, 29.8269, 29.8269, 29.8269, 29.8269, 29.8269, 29.8269, 29.8776, 29.8269
4.95956, 34, 44.8397, 29.9145, 6, -10.8397, 0, 29.9145, 29.9147, 29.9147, 30.0644, 29.9204, 29.9188, 44.6288, 29.9145, 29.9145, 29.9145, 29.9145, 29.9145, 29.9145, 29.9145, 29.9145, 29.9145, 29.9145, 29.9145, 29.9145, 29.9145, 29.9145, 29.9145, 29.9648, 29.9145
4.96744, 40, 44.2902, 30.0017, 6.48074, -4.29016, 0, 30.0017, 30.0019, 30.0019, 30.1528, 30.0076, 30.0061, 44.0789, 30.0017, 30.0017, 30.0017, 30.0017, 30.0017, 30.0017, 30.0017, 30.0017, 30.0017, 30.0017, 30.0017, 30.0017, 30.0017, 30.0017, 30.0017, 30.0512, 30.0017
4.97532, 40, 43.6087, 30.0889, 6.48074, -3.60872, 0, 30.0889, 30.0891, 30.0891, 30.2417, 30.0948, 30.0933, 43.3971, 30.0889, 30.0889, 30.0889, 30.0889, 30.0889, 30.0889, 30.0889, 30.0889, 30.0889, 30.0889, 30.0889, 30.0889, 30.0889, 30.0889, 30.0889, 30.137, 30.0889
4.9832, 34, 42.8209, 30.1763, 6, -8.8209, 0, 30.1763, 30.1765, 30.1765, 30.3311, 30.1822, 30.1808, 42.6089, 30.1763, 30.1763, 30.1763, 30.1763, 30.1763, 30.1763, 30.1763, 30.1763, 30.1763, 30.1763, 30.1763, 30.1763, 30.1763, 30.1763, 30.1763, 30.2227, 30.1763
4.99108, 34, 41.9542, 30.2642, 6, -7.95416, 0, 30.2642, 30.2644, 30.2644, 30.4214, 30.2702, 30.2687, 41.7418, 30.2642, 30.2642, 30.2642, 30.2642, 30.2642, 30.2642, 30.2642, 30.2642, 30.2642, 30.2642, 30.2642, 30.2642, 30.2642, 30.2642, 30.2642, 30.3085, 30.2642
4.99896, 30, 41.0367, 30.3528, 5.65685, -11.0367, 0, 30.3528, 30.353, 30.353, 30.5126, 30.3588, 30.3574, 40.8241, 30.3528, 30.3528, 30.3528, 30.3528, 30.3528, 30.3528, 30.3528, 30.3528, 30.3528, 30.3528, 30.3528, 30.3528, 30.3528, 30.3528, 30.3528, 30.3947, 30.3528
5.00684, 34, 40.0963, 30.4423, 6, -6.09629, 0, 30.4423, 30.4425, 30.4425, 30.6048, 30.4484, 30.4469, 39.8834, 30.4423, 30.4423, 30.4423, 30.4423, 30.4423, 30.4423, 30.4423, 30.4423, 30.4423, 30.4423, 30.4423, 30.4423, 30.4423, 30.4423, 30.4423, 30.4816, 30.4423
5.01472, 24, 39.1587, 30.5329, 5.09902, -15.1587, 0, 30.5329, 30.5331, 30.5331, 30.6984, 30.5391, 30.5376, 38.9455, 30.5329, 30.5329, 30.5329, 30.5329, 30.5329, 30.5329, 30.5329, 30.5329, 30.5329, 30.5329, 30.5329, 30.5329, 30.5329, 30.5329, 30.5329, 30.5694, 30.5329
5.0226, 42, 38.2469, 30.6247, 6.63325, 3.75314, 0, 30.6247, 30.6249, 30.6249, 30.7935, 30.6309, 30.6294, 38.0332, 30.6247, 30.6247, 30.6247, 30.6247, 30.6247, 30.6247, 30.6247, 30.6247, 30.6247, 30.6247, 30.6247, 30.6247, 30.6247, 30.6247, 30.6247, 30.6583, 30.6247
5.03048, 26, 37.3803, 30.7178, 5.2915, -11.3803, 0, 30.7178, 30.718, 30.718, 30.8901, 30.7241, 30.7226, 37.1659, 30.7178, 30.7178, 30.7178, 30.7178, 30.7178, 30.7178, 30.7178, 30.7178, 30.7178, 30.7178, 30.7178, 30.7178, 30.7178, 30.7178, 30.7178, 30.7484, 30.7178
5.03836, 22, 36.5746, 30.8122, 4.89898, -14.5746, 0, 30.8122, 30.8124, 30.8124, 30.9883, 30.8186, 30.8171, 36.3592, 30.8122, 30.8122, 30.8122, 30.8122, 30.8122, 30.8122, 30.8122, 30.8122, 30.8122, 30.8122, 30.8122, 30.8122, 30.8122, 30.8122, 30.8122, 30.8399, 30.8122
5.04624, 28, 35.8412, 30.908, 5.47723, -7.84124, 0, 30.908, 30.9082, 30.9082, 31.0882, 30.9145, 30.9129, 35.6244, 30.908, 30.908, 30.908, 30.908, 30.908, 30.908, 30.908, 30.908, 30.908, 30.908, 30.908, 30.908, 30.908, 30.908, 30.908, 30.9328, 30.908
5.05412, 26, 35.1877, 31.005, 5.2915, -9.18768, 0, 31.0051, 31.0052, 31.0053, 31.1899, 31.0116, 31.0101, 34.9687, 31.005, 31.005, 31.005, 31.005, 31.005, 31.005, 31.005, 31.005, 31.005, 31.005, 31.005, 31.005, 31.005, 31.005, 31.005, 31.0272, 31.005
5.062, 32, 34.6178, 31.1034, 5.83095, -2.61777, 0, 31.1034, 31.1035, 31.1036, 31.2934, 31.11, 31.1085, 34.396, 31.1034, 31.1034, 31.1034, 31.1034, 31.1034, 31.1034, 31.1034, 31.1034, 31.1034, 31.1034, 31.1034, 31.1034, 31.1034, 31.1034, 31.1034, 31.1229, 31.1034
5.06988, 26, 34.1321, 31.2028, 5.2915, -8.13207, 0, 31.2029, 31.203, 31.2031, 31.3988, 31.2096, 31.2081, 33.9065, 31.2028, 31.2028, 31.2028, 31.2028, 31.2028, 31.2028, 31.2028, 31.2028, 31.2028, 31.2028, 31.2028, 31.2028, 31.2028, 31.2028, 31.2028, 31.2201, 31.2028
5.07776, 30, 33.7284, 31.3034, 5.65685, -3.72842, 0, 31.3034, 31.3036, 31.3036, 31.5061, 31.3102, 31.3088, 33.4979, 31.3034, 31.3034, 31.3034, 31.3034, 31.3034, 31.3034, 31.3034, 31.3034, 31.3034, 31.3034, 31.3034, 31.3034, 31.3034, 31.3034, 31.3034, 31.3185, 31.3034
5.08564, 28, 33.4025, 31.4049, 5.47723, -5.40255, 0, 31.4049, 31.4051, 31.4051, 31.6154, 31.4118, 31.4106, 33.1656, 31.4049, 31.4049, 31.4049, 31.4049, 31.4049, 31.4049, 31.4049, 31.4049, 31.4049, 31.4049, 31.4049, 31.4049, 31.4049, 31.4049, 31.4049, 31.4182, 31.4049
5.09352, 10, 33.1488, 31.5072, 3.4641, -23.1488, 0, 31.5072, 31.5074, 31.5074, 31.727, 31.5143, 31.5133, 32.9038, 31.5072, 31.5072, 31.5072, 31.5072, 31.5072, 31.5072, 31.5072, 31.5072, 31.5072, 31.5072, 31.5072, 31.5072, 31.5072, 31.5072, 31.5072, 31.5189, 31.5072
5.1014, 18, 32.9606, 31.6102, 4.47214, -14.9606, 0, 31.6102, 31.6104, 31.6105, 31.841, 31.6174, 31.6169, 32.7053, 31.6102, 31.6102, 31.6102, 31.6102, 31.6102, 31.6102, 31.6102, 31.6102, 31.6102, 31.6102, 31.6102, 31.6102, 31.6102, 31.6102, 31.6102, 31.6206, 31.6102
5.10928, 22, 32.8309, 31.7138, 4.89898, -10.8309, 0, 31.7139, 31.714, 31.7141, 31.9575, 31.7211, 31.7214, 32.5627, 31.7138, 31.7138, 31.7138, 31.7138, 31.7138, 31.7138, 31.7138, 31.7138, 31.7138, 31.7138, 31.7138, 31.7138, 31.7138, 31.7138, 31.7138, 31.7232, 31.7138
5.11716, 24, 32.7527, 31.8179, 5.09902, -8.75268, 0, 31.8179, 31.8181, 31.8181, 32.077, 31.8253, 31.8267, 32.4684, 31.8179, 31.8179, 31.8179, 31.8179, 31.8179, 31.8179, 31.8179, 31.8179, 31.8179, 31.8179, 31.8179, 31.8179, 31.8179, 31.8179, 31.8179, 31.8265, 31.8179
5.12504, 26, 32.7194, 31.9223, 5.2915, -6.71938, 0, 31.9224, 31.9225, 31.9226, 32.1999, 31.9298, 31.933, 32.4152, 31.9223, 31.9223, 31.9223, 31.9223, 31.9223, 31.9223, 31.9223, 31.9223, 31.9223, 31.9223, 31.9223, 31.9223, 31.9223, 31.9223, 31.9223, 31.9305, 31.9223
5.13292, 14, 32.725, 32.027, 4, -18.725, 0, 32.0271, 32.0272, 32.0273, 32.3265, 32.0346, 32.0405, 32.3962, 32.027, 32.027, 32.027, 32.027, 32.027, 32.027, 32.027, 32.027, 32.027, 32.027, 32.027, 32.027, 32.027, 32.027, 32.027, 32.035, 32.027
5.1408, 16, 32.7644, 32.1319, 4.24264, -16.7644, 0, 32.1319, 32.1321, 32.1321, 32.4574, 32.1396, 32.1495, 32.4053, 32.1319, 32.1319, 32.1319, 32.1319, 32.1319, 32.1319, 32.1319, 32.1319, 32.1319, 32.1319, 32.1319, 32.1319, 32.1319, 32.1319, 32.1319, 32.1399, 32.1319
5.14868, 26, 32.8332, 32.2369, 5.2915, -6.83321, 0, 32.2369, 32.237, 32.2371, 32.5931, 32.2446, 32.2603, 32.437, 32.2369, 32.2369, 32.2369, 32.2369, 32.2369, 32.2369, 32.2369, 32.2369, 32.2369, 32.2369, 32.2369, 32.2369, 32.2369, 32.2369, 32.2369, 32.2451, 32.2369
5.15656, 28, 32.9282, 32.3418, 5.47723, -4.92818, 0, 32.3418, 32.342, 32.342, 32.7342, 32.3497, 32.3738, 32.4867, 32.3418, 32.3418, 32.3418, 32.3418, 32.3418, 32.3418, 32.3418, 32.3418, 32.3418, 32.3418, 32.3418, 32.3418, 32.3418, 32.3418, 32.3418, 32.3506, 32.3418
5.16444, 24, 33.047, 32.4468, 5.09902, -9.04697, 0, 32.4468, 32.4469, 32.447, 32.8813, 32.4547, 32.4908, 32.5505, 32.4468, 32.4468, 32.4468, 32.4468, 32.4468, 32.4468, 32.4468, 32.4468, 32.4468, 32.4468, 32.4468, 32.4468, 32.4468, 32.4468, 32.4468, 32.4563, 32.4468
5.17232, 26, 33.1881, 32.5516, 5.2915, -7.18808, 0, 32.5516, 32.5518, 32.5518, 33.0349, 32.5597, 32.6125, 32.6251, 32.5516, 32.5516, 32.5516, 32.5516, 32.5516, 32.5516, 32.5516, 32.5516, 32.5516, 32.5516, 32.5516, 32.5516, 32.5516, 32.5516, 32.5516, 32.5621, 32.5516
5.1802, 22, 33.351, 32.6563, 4.89898, -11.351, 0, 32.6564, 32.6565, 32.6566, 33.1954, 32.6645, 32.7405, 32.7078, 32.6563, 32.6563, 32.6563, 32.6563, 32.6563, 32.6563, 32.6563, 32.6563, 32.6563, 32.6563, 32.6563, 32.6563, 32.6563, 32.6563, 32.6563, 32.6679, 32.6563
5.18808, 16, 33.536, 32.7609, 4.24264, -17.536, 0, 32.7609, 32.7611, 32.7611, 33.3631, 32.7692, 32.8768, 32.7965, 32.7609, 32.7609, 32.7609, 32.7609, 32.7609, 32.7609, 32.7609, 32.7609, 32.7609, 32.7609, 32.7609, 32.7609, 32.7609, 32.7609, 32.7609, 32.7737, 32.7609
5.19596, 30, 33.7442, 32.8653, 5.65685, -3.74417, 0, 32.8653, 32.8655, 32.8655, 33.5382, 32.8737, 33.024, 32.8896, 32.8653, 32.8653, 32.8653, 32.8653, 32.8653, 32.8653, 32.8653, 32.8653, 32.8653, 32.8653, 32.8653, 32.8653, 32.8653, 32.8653, 32.8653, 32.8794, 32.8653
5.20384, 20, 33.9772, 32.9694, 4.69042, -13.9772, 0, 32.9695, 32.9696, 32.9697, 33.7206, 32.9779, 33.185, 32.9859, 32.9694, 32.9694, 32.9694, 32.9694, 32.9694, 32.9694, 32.9694, 32.9694, 32.9694, 32.9694, 32.9694, 32.9694, 32.9694, 32.9694, 32.9694, 32.985, 32.9694
5.21172, 18, 34.2373, 33.0734, 4.47214, -16.2373, 0, 33.0734, 33.0735, 33.0736, 33.9099, 33.082, 33.3636, 33.0844, 33.0734, 33.0734, 33.0734, 33.0734, 33.0734, 33.0734, 33.0734, 33.0734, 33.0734, 33.0734, 33.0734, 33.0734, 33.0734, 33.0734, 33.0734, 33.0905, 33.0734
5.2196, 32, 34.5275, 33.177, 5.83095, -2.52753, 0, 33.1771, 33.1772, 33.1773, 34.1053, 33.1858, 33.564, 33.1843, 33.177, 33.177, 33.177, 33.177, 33.177, 33.177, 33.177, 33.177, 33.177, 33.177, 33.177, 33.177, 33.177, 33.177, 33.177, 33.1959, 33.177
5.22748, 24, 34.851, 33.2805, 5.09902, -10.851, 0, 33.2805, 33.2806, 33.2807, 34.3059, 33.2893, 33.7909, 33.2852, 33.2805, 33.2805, 33.2805, 33.2805, 33.2805, 33.2805, 33.2805, 33.2805, 33.2805, 33.2805, 33.2805, 33.2805, 33.2805, 33.2805, 33.2805, 33.3011, 33.2805
5.23536, 24, 35.2114, 33.3836, 5.09902, -11.2114, 0, 33.3836, 33.3838, 33.3838, 34.5103, 33.3925, 34.0497, 33.3867, 33.3836, 33.3836, 33.3836, 33.3836, 33.3836, 33.3836, 33.3836, 33.3836, 33.3836, 33.3836, 33.3836, 33.3836, 33.3836, 33.3836, 33.3836, 33.4061, 33.3836
5.24324, 28, 35.6123, 33.4864, 5.47723, -7.61229, 0, 33.4864, 33.4866, 33.4867, 34.7168, 33.4955, 34.346, 33.4884, 33.4864, 33.4864, 33.4864, 33.4864, 33.4864, 33.4864, 33.4864, 33.4864, 33.4864, 33.4864, 33.4864, 33.4864, 33.4864, 33.4864, 33.4864, 33.5109, 33.4864
5.25112, 40, 36.0575, 33.589, 6.48074, 3.9425, 0, 33.589, 33.5892, 33.5892, 34.9234, 33.5981, 34.6857, 33.5902, 33.589, 33.589, 33.589, 33.589, 33.589, 33.589, 33.589, 33.589, 33.589, 33.589, 33.589, 33.589, 33.589, 33.589, 33.589, 33.6156, 33.589
5.259, 34, 36.5504, 33.6912, 6, -2.55035, 0, 33.6912, 33.6914, 33.6915, 35.1277, 33.7005, 35.0744, 33.692, 33.6912, 33.6912, 33.6912, 33.6912, 33.6912, 33.6912, 33.6912, 33.6912, 33.6912, 33.6912, 33.6912, 33.6912, 33.6912, 33.6912, 33.6912, 33.7202, 33.6912
5.26688, 30, 37.0938, 33.7932, 5.65685, -7.09376, 0, 33.7932, 33.7933, 33.7934, 35.3275, 33.8025, 35.5176, 33.7937, 33.7932, 33.7932, 33.7932, 33.7932, 33.7932, 33.7932, 33.7932, 33.7932, 33.7932, 33.7932, 33.7932, 33.7932, 33.7932, 33.7932, 33.7932, 33.8247, 33.7932
5.27476, 22, 37.6898, 33.8948, 4.89898, -15.6898, 0, 33.8948, 33.895, 33.895, 35.5202, 33.9043, 36.0198, 33.8951, 33.8948, 33.8948, 33.8948, 33.8948, 33.8948, 33.8948, 33.8948, 33.8948, 33.8948, 33.8948, 33.8948, 33.8948, 33.8948, 33.8948, 33.8948, 33.9292, 33.8948
5.28264, 40, 38.3393, 33.9961, 6.48074, 1.66069, 0, 33.9961, 33.9962, 33.9963, 35.7033, 34.0057, 36.5843, 33.9962, 33.9961, 33.9961, 33.9961, 33.9961, 33.9961, 33.9961, 33.9961, 33.9961, 33.9961, 33.9961, 33.9961, 33.9961, 33.9961, 33.9961, 33.9961, 34.0336, 33.9961
5.29052, 16, 39.0417, 34.097, 4.24264, -23.0417, 0, 34.097, 34.0972, 34.0972, 35.8746, 34.1067, 37.2127, 34.0971, 34.097, 34.097, 34.097, 34.097, 34.097, 34.097, 34.097, 34.097, 34.097, 34.097, 34.097, 34.097, 34.097, 34.097, 34.097, 34.1382, 34.097
5.2984, 34, 39.7945, 34.1976, 6, -5.79451, 0, 34.1976, 34.1978, 34.1978, 36.0321, 34.2074, 37.9045, 34.1977, 34.1976, 34.1976, 34.1976, 34.1976, 34.1976, 34.1976, 34.1976, 34.1976, 34.1976, 34.1976, 34.1976, 34.1976, 34.1976, 34.1976, 34.1976, 34.2428, 34.1976
5.30628, 38, 40.5931, 34.2978, 6.32456, -2.59313, 0, 34.2978, 34.298, 34.298, 36.1739, 34.3077, 38.6568, 34.2978, 34.2978, 34.2978, 34.2978, 34.2978, 34.2978, 34.2978, 34.2978, 34.2978, 34.2978, 34.2978, 34.2978, 34.2978, 34.2978, 34.2978, 34.2978, 34.3476, 34.2978
5.31416, 40, 41.4305, 34.3977, 6.48074, -1.4305, 0, 34.3977, 34.3979, 34.3979, 36.299, 34.4077, 39.4637, 34.3977, 34.3977, 34.3977, 34.3977, 34.3977, 34.3977, 34.3977, 34.3977, 34.3977, 34.3977, 34.3977, 34.3977, 34.3977, 34.3977, 34.3977, 34.3977, 34.4526, 34.3977
5.32204, 26, 42.2971, 34.4972, 5.2915, -16.2971, 0, 34.4972, 34.4973, 34.4974, 36.4066, 34.5073, 40.3164, 34.4972, 34.4972, 34.4972, 34.4972, 34.4972, 34.4972, 34.4972, 34.4972, 34.4972, 34.4972, 34.4972, 34.4972, 34.4972, 34.4972, 34.4972, 34.4972, 34.5578, 34.4972
5.32992, 48, 43.181, 34.5963, 7.07107, 4.81904, 0, 34.5963, 34.5964, 34.5965, 36.4966, 34.6065, 41.203, 34.5963, 34.5963, 34.5963, 34.5963, 34.5963, 34.5963, 34.5963, 34.5963, 34.5963, 34.5963, 34.5963, 34.5963, 34.5963, 34.5963, 34.5963, 34.5963, 34.6632, 34.5963
5.3378, 50, 44.0675, 34.6949, 7.2111, 5.93248, 0, 34.695, 34.6951, 34.6952, 36.5694, 34.7053, 42.1086, 34.6949, 34.6949, 34.6949, 34.6949, 34.6949, 34.6949, 34.6949, 34.6949, 34.6949, 34.6949, 34.6949, 34.6949, 34.6949, 34.6949, 34.6949, 34.6949, 34.7687, 34.6949
5.34568, 36, 44.9404, 34.7932, 6.16441, -8.94039, 0, 34.7932, 34.7934, 34.7935, 36.6259, 34.8037, 43.0158, 34.7932, 34.7932, 34.7932, 34.7932, 34.7932, 34.7932, 34.7932, 34.7932, 34.7932, 34.7932, 34.7932, 34.7932, 34.7932, 34.7932, 34.7932, 34.7932, 34.8742, 34.7932
5.35356, 48, 45.7815, 34.8911, 7.07107, 2.21851, 0, 34.8911, 34.8913, 34.8913, 36.6677, 34.9017, 43.9053, 34.8911, 34.8911, 34.8911, 34.8911, 34.8911, 34.8911, 34.8911, 34.8911, 34.8911, 34.8911, 34.8911, 34.8911, 34.8911, 34.8911, 34.8911, 34.8911, 34.9797, 34.8911
5.36144, 72, 46.5719, 34.9885, 8.60233, 25.4281, 0, 34.9885, 34.9887, 34.9888, 36.6964, 34.9993, 44.7563, 34.9885, 34.9885, 34.9885, 34.9885, 34.9885, 34.9885, 34.9885, 34.9885, 34.9885, 34.9885, 34.9885, 34.9885, 34.9885, 34.9885, 34.9885, 34.9885, 35.085, 34.9885
5.36932, 52, 47.2923, 35.0855, 7.34847, 4.70768, 0, 35.0856, 35.0857, 35.0858, 36.7145, 35.0964, 45.5477, 35.0855, 35.0855, 35.0855, 35.0855, 35.0855, 35.0855, 35.0855, 35.0855, 35.0855, 35.0855, 35.0855, 35.0855, 35.0855, 35.0855, 35.0855, 35.0855, 35.19, 35.0855
5.3772, 48, 47.9246, 35.1821, 7.07107, 0.0754318, 0, 35.1821, 35.1823, 35.1823, 36.7241, 35.1931, 46.2589, 35.1821, 35.1821, 35.1821, 35.1821, 35.1821, 35.1821, 35.1821, 35.1821, 35.1821, 35.1821, 35.1821, 35.1821, 35.1821, 35.1821, 35.1821, 35.1821, 35.2943, 35.1821
5.38508, 36, 48.4518, 35.2782, 6.16441, -12.4518, 0, 35.2782, 35.2784, 35.2784, 36.7279, 35.2893, 46.8709, 35.2782, 35.2782, 35.2782, 35.2782, 35.2782, 35.2782, 35.2782, 35.2782, 35.2782, 35.2782, 35.2782, 35.2782, 35.2782, 35.2782, 35.2782, 35.2782, 35.3979, 35.2782
5.39296, 62, 48.8598, 35.3738, 8, 13.1402, 0, 35.3738, 35.374, 35.374, 36.7282, 35.385, 47.3672, 35.3738, 35.3738, 35.3738, 35.3738, 35.3738, 35.3738, 35.3738, 35.3738, 35.3738, 35.3738, 35.3738, 35.3738, 35.3738, 35.3738, 35.3738, 35.3738, 35.5004, 35.3738
5.40084, 82, 49.1376, 35.4689, 9.16515, 32.8624, 0, 35.4689, 35.4691, 35.4692, 36.7273, 35.4803, 47.7347, 35.4689, 35.4689, 35.4689, 35.4689, 35.4689, 35.4689, 35.4689, 35.4689, 35.4689, 35.4689, 35.4689, 35.4689, 35.4689, 35.4689, 35.4689, 35.4689, 35.6017, 35.4689
5.40872, 70, 49.2781, 35.5636, 8.48528, 20.7219, 0, 35.5636, 35.5638, 35.5638, 36.7275, 35.575, 47.9644, 35.5636, 35.5636, 35.5636, 35.5636, 35.5636, 35.5636, 35.5636, 35.5636, 35.5636, 35.5636, 35.5636, 35.5636, 35.5636, 35.5636, 35.5636, 35.5636, 35.7015, 35.5636
5.4166, 48, 49.2786, 35.6578, 7.07107, -1.27864, 0, 35.6578, 35.6579, 35.658, 36.7305, 35.6693, 48.0521, 35.6578, 35.6578, 35.6578, 35.6578, 35.6578, 35.6578, 35.6578, 35.6578, 35.6578, 35.6578, 35.6578, 35.6578, 35.6578, 35.6578, 35.6578, 35.6578, 35.7996, 35.6578
5.42448, 74, 49.1412, 35.7514, 8.7178, 24.8588, 0, 35.7514, 35.7516, 35.7517, 36.7379, 35.7631, 47.9981, 35.7514, 35.7514, 35.7514, 35.7514, 35.7514, 35.7514, 35.7514, 35.7514, 35.7514, 35.7514, 35.7514, 35.7514, 35.7514, 35.7514, 35.7514, 35.7514, 35.8958, 35.7514
5.43236, 58, 48.8721, 35.8446, 7.74597, 9.12792, 0, 35.8446, 35.8447, 35.8448, 36.751, 35.8564, 47.8079, 35.8446, 35.8446, 35.8446, 35.8446, 35.8446, 35.8446, 35.8446, 35.8446, 35.8446, 35.8446, 35.8446, 35.8446, 35.8446, 35.8446, 35.8446, 35.8446, 35.9901, 35.8446
5.44024, 46, 48.4818, 35.9372, 6.9282, -2.48183, 0, 35.9372, 35.9374, 35.9375, 36.7704, 35.9491, 47.491, 35.9372, 35.9372, 35.9372, 35.9372, 35.9372, 35.9372, 35.9372, 35.9372, 35.9372, 35.9372, 35.9372, 35.9372, 35.9372, 35.9372, 35.9372, 35.9372, 36.0824, 35.9372
5.44812, 62, 47.9847, 36.0293, 8, 14.0153, 0, 36.0293, 36.0294, 36.0296, 36.7968, 36.0413, 47.0614, 36.0293, 36.0293, 36.0293, 36.0293, 36.0293, 36.0293, 36.0293, 36.0293, 36.0293, 36.0293, 36.0293, 36.0293, 36.0293, 36.0293, 36.0293, 36.0293, 36.1726, 36.0293
5.456, 44, 47.3979, 36.1208, 6.78233, -3.39786, 0, 36.1208, 36.121, 36.1211, 36.8304, 36.133, 46.5357, 36.1208, 36.1208, 36.1208, 36.1208, 36.1208, 36.1208, 36.1208, 36.1208, 36.1208, 36.1208, 36.1208, 36.1208, 36.1208, 36.1208, 36.1208, 36.1208, 36.2607, 36.1208
5.46388, 64, 46.7404, 36.2118, 8.12404, 17.2596, 0, 36.2118, 36.212, 36.2121, 36.8712, 36.2241, 45.9331, 36.2118, 36.2118, 36.2118, 36.2118, 36.2118, 36.2118, 36.2118, 36.2118, 36.2118, 36.2118, 36.2118, 36.2118, 36.2118, 36.2118, 36.2118, 36.2118, 36.3469, 36.2118
5.47176, 46, 46.0326, 36.3022, 6.9282, -0.0325813, 0, 36.3023, 36.3024, 36.3026, 36.9188, 36.3147, 45.274, 36.3022, 36.3022, 36.3022, 36.3022, 36.3022, 36.3022, 36.3022, 36.3022, 36.3022, 36.3022, 36.3022, 36.3022, 36.3022, 36.3022, 36.3022, 36.3022, 36.4313, 36.3022
5.47964, 52, 45.2949, 36.3921, 7.34847, 6.70507, 0, 36.3921, 36.3923, 36.3925, 36.9728, 36.4047, 44.5791, 36.3921, 36.3921, 36.3921, 36.3921, 36.3921, 36.3921, 36.3921, 36.3921, 36.3921, 36.3921, 36.3921, 36.3921, 36.3921, 36.3921, 36.3921, 36.3921, 36.5141, 36.3921
5.48752, 40, 44.5472, 36.4814, 6.48074, -4.5472, 0, 36.4814, 36.4815, 36.4818, 37.0326, 36.4941, 43.8686, 36.4814, 36.4814, 36.4814, 36.4814, 36.4814, 36.4814, 36.4814, 36.4814, 36.4814, 36.4814, 36.4814, 36.4814, 36.4814, 36.4814, 36.4814, 36.4814, 36.5954, 36.4814
5.4954, 50, 43.8076, 36.5701, 7.2111, 6.19238, 0, 36.5701, 36.5702, 36.5706, 37.0978, 36.5829, 43.161, 36.5701, 36.5701, 36.5701, 36.5701, 36.5701, 36.5701, 36.5701, 36.5701, 36.5701, 36.5701, 36.5701, 36.5701, 36.5701, 36.5701, 36.5701, 36.5701, 36.6754, 36.5701
5.50328, 54, 43.0924, 36.6581, 7.48331, 10.9076, 0, 36.6582, 36.6583, 36.6588, 37.1674, 36.6711, 42.473, 36.6581, 36.6581, 36.6581, 36.6581, 36.6581, 36.6581, 36.6581, 36.6581, 36.6581, 36.6581, 36.6581, 36.6581, 36.6581, 36.6581, 36.6581, 36.6581, 36.7545, 36.6581
5.51116, 46, 42.4152, 36.7456, 6.9282, 3.5848, 0, 36.7456, 36.7458, 36.7464, 37.241, 36.7588, 41.8187, 36.7456, 36.7456, 36.7456, 36.7456, 36.7456, 36.7456, 36.7456, 36.7456, 36.7456, 36.7456, 36.7456, 36.7456, 36.7456, 36.7456, 36.7456, 36.7456, 36.8327, 36.7456
5.51904, 30, 41.7867, 36.8325, 5.65685, -11.7867, 0, 36.8325, 36.8326, 36.8334, 37.3177, 36.8458, 41.2091, 36.8325, 36.8325, 36.8325, 36.8325, 36.8325, 36.8325, 36.8325, 36.8325, 36.8325, 36.8325, 36.8325, 36.8325, 36.8325, 36.8325, 36.8325, 36.8325, 36.9104, 36.8325
5.52692, 32, 41.2148, 36.9187, 5.83095, -9.21482, 0, 36.9187, 36.9189, 36.9198, 37.3971, 36.9322, 40.6526, 36.9187, 36.9187, 36.9187, 36.9187, 36.9187, 36.9187, 36.9187, 36.9187, 36.9187, 36.9187, 36.9187, 36.9187, 36.9187, 36.9187, 36.9187, 36.9187, 36.9876, 36.9187
5.5348, 18, 40.7046, 37.0042, 4.47214, -22.7046, 0, 37.0043, 37.0044, 37.0056, 37.4785, 37.0181, 40.1546, 37.0042, 37.0042, 37.0042, 37.0042, 37.0042, 37.0042, 37.0042, 37.0042, 37.0042, 37.0042, 37.0042, 37.0042, 37.0042, 37.0042, 37.0042, 37.0042, 37.0646, 37.0042
5.54268, 46, 40.2584, 37.0891, 6.9282, 5.74156, 0, 37.0892, 37.0893, 37.0908, 37.5615, 37.1033, 39.7178, 37.0891, 37.0891, 37.0891, 37.0891, 37.0891, 37.0891, 37.0891, 37.0891, 37.0891, 37.0891, 37.0891, 37.0891, 37.0891, 37.0891, 37.0891, 37.0891, 37.1414, 37.0891
5.55056, 30, 39.8765, 37.1734, 5.65685, -9.87645, 0, 37.1734, 37.1736, 37.1754, 37.6456, 37.1881, 39.3425, 37.1734, 37.1734, 37.1734, 37.1734, 37.1734, 37.1734, 37.1734, 37.1734, 37.1734, 37.1734, 37.1734, 37.1734, 37.1734, 37.1734, 37.1734, 37.1734, 37.2182, 37.1734
5.55844, 40, 39.5569, 37.257, 6.48074, 0.443092, 0, 37.257, 37.2571, 37.2594, 37.7305, 37.2724, 39.0273, 37.257, 37.257, 37.257, 37.257, 37.257, 37.257, 37.257, 37.257, 37.257, 37.257, 37.257, 37.257, 37.257, 37.257, 37.257, 37.257, 37.295, 37.257
5.56632, 32, 39.2964, 37.3398, 5.83095, -7.2964, 0, 37.3399, 37.34, 37.3428, 37.8157, 37.3563, 38.7688, 37.3398, 37.3398, 37.3398, 37.3398, 37.3398, 37.3398, 37.3398, 37.3398, 37.3398, 37.3398, 37.3398, 37.3398, 37.3398, 37.3398, 37.3398, 37.3398, 37.3719, 37.3398
5.5742, 22, 39.0907, 37.422, 4.89898, -17.0907, 0, 37.4221, 37.4222, 37.4256, 37.9012, 37.4401, 38.5629, 37.422, 37.422, 37.422, 37.422, 37.422, 37.422, 37.422, 37.422, 37.422, 37.422, 37.422, 37.422, 37.422, 37.422, 37.422, 37.422, 37.4489, 37.422
5.58208, 42, 38.9347, 37.5035, 6.63325, 3.06529, 0, 37.5036, 37.5037, 37.5078, 37.9867, 37.5239, 38.4044, 37.5035, 37.5035, 37.5035, 37.5035, 37.5035, 37.5035, 37.5035, 37.5035, 37.5035, 37.5035, 37.5035, 37.5035, 37.5035, 37.5035, 37.5035, 37.5035, 37.5259, 37.5035
5.58996, 20, 38.8233, 37.5843, 4.69042, -18.8233, 0, 37.5843, 37.5845, 37.5894, 38.0719, 37.6082, 38.2879, 37.5843, 37.5843, 37.5843, 37.5843, 37.5843, 37.5843, 37.5843, 37.5843, 37.5843, 37.5843, 37.5843, 37.5843, 37.5843, 37.5843, 37.5843, 37.5843, 37.6029, 37.5843
5.59784, 20, 38.7513, 37.6644, 4.69042, -18.7513, 0, 37.6644, 37.6645, 37.6704, 38.1568, 37.6934, 38.208, 37.6644, 37.6644, 37.6644, 37.6644, 37.6644, 37.6644, 37.6644, 37.6644, 37.6644, 37.6644, 37.6644, 37.6644, 37.6644, 37.6644, 37.6644, 37.6644, 37.6799, 37.6644
5.60572, 32, 38.7139, 37.7437, 5.83095, -6.71394, 0, 37.7437, 37.7439, 37.7508, 38.2413, 37.7804, 38.1592, 37.7437, 37.7437, 37.7437, 37.7437, 37.7437, 37.7437, 37.7437, 37.7437, 37.7437, 37.7437, 37.7437, 37.7437, 37.7437, 37.7437, 37.7437, 37.7437, 37.7569, 37.7437
5.6136, 26, 38.7071, 37.8223, 5.2915, -12.7071, 0, 37.8223, 37.8225, 37.8305, 38.3253, 37.8701, 38.1365, 37.8223, 37.8223, 37.8223, 37.8223, 37.8223, 37.8223, 37.8223, 37.8223, 37.8223, 37.8223, 37.8223, 37.8223, 37.8223, 37.8223, 37.8223, 37.8223, 37.8337, 37.8223
5.62148, 34, 38.7276, 37.9001, 6, -4.72764, 0, 37.9001, 37.9003, 37.9096, 38.4087, 37.9641, 38.1352, 37.9001, 37.9001, 37.9001, 37.9001, 37.9001, 37.9001, 37.9001, 37.9001, 37.9001, 37.9001, 37.9001, 37.9001, 37.9001, 37.9001, 37.9001, 37.9001, 37.9102, 37.9001
5.62936, 8, 38.7732, 37.9772, 3.16228, -30.7732, 0, 37.9772, 37.9774, 37.9881, 38.4915, 38.0644, 38.1513, 37.9772, 37.9772, 37.9772, 37.9772, 37.9772, 37.9772, 37.9772, 37.9772, 37.9772, 37.9772, 37.9772, 37.9772, 37.9772, 37.9772, 37.9772, 37.9772, 37.9865, 37.9772
5.63724, 20, 38.843, 38.0535, 4.69042, -18.843, 0, 38.0535, 38.0537, 38.0658, 38.5736, 38.1737, 38.1812, 38.0535, 38.0535, 38.0535, 38.0535, 38.0535, 38.0535, 38.0535, 38.0535, 38.0535, 38.0535, 38.0535, 38.0535, 38.0535, 38.0535, 38.0535, 38.0535, 38.0625, 38.0535
5.64512, 28, 38.9372, 38.129, 5.47723, -10.9372, 0, 38.129, 38.1292, 38.1429, 38.655, 38.2953, 38.2219, 38.129, 38.129, 38.129, 38.129, 38.129, 38.129, 38.129, 38.129, 38.129, 38.129, 38.129, 38.129, 38.129, 38.129, 38.129, 38.129, 38.138, 38.129
5.653, 28, 39.058, 38.2038, 5.47723, -11.058, 0, 38.2038, 38.2039, 38.2192, 38.7357, 38.434, 38.2709, 38.2038, 38.2038, 38.2038, 38.2038, 38.2038, 38.2038, 38.2038, 38.2038, 38.2038, 38.2038, 38.2038, 38.2038, 38.2038, 38.2038, 38.2038, 38.2038, 38.2131, 38.2038
5.66088, 30, 39.2089, 38.2777, 5.65685, -9.20887, 0, 38.2777, 38.2779, 38.2946, 38.8156, 38.5954, 38.3261, 38.2777, 38.2777, 38.2777, 38.2777, 38.2777, 38.2777, 38.2777, 38.2777, 38.2777, 38.2777, 38.2777, 38.2777, 38.2777, 38.2777, 38.2777, 38.2777, 38.2877, 38.2777
5.66876, 22, 39.3954, 38.3508, 4.89898, -17.3954, 0, 38.3508, 38.351, 38.3693, 38.8948, 38.7868, 38.3859, 38.3508, 38.3508, 38.3508, 38.3508, 38.3508, 38.3508, 38.3508, 38.3508, 38.3508, 38.3508, 38.3508, 38.3508, 38.3508, 38.3508, 38.3508, 38.3508, 38.3616, 38.3508
5.67664, 18, 39.6252, 38.4231, 4.47214, -21.6252, 0, 38.4231, 38.4233, 38.4431, 38.9731, 39.017, 38.4492, 38.4231, 38.4231, 38.4231, 38.4231, 38.4231, 38.4231, 38.4231, 38.4231, 38.4231, 38.4231, 38.4231, 38.4231, 38.4231, 38.4231, 38.4231, 38.4231, 38.435, 38.4231
5.68452, 36, 39.9077, 38.4945, 6.16441, -3.90773, 0, 38.4946, 38.4947, 38.5159, 39.0507, 39.2967, 38.5149, 38.4945, 38.4945, 38.4945, 38.4945, 38.4945, 38.4945, 38.4945, 38.4945, 38.4945, 38.4945, 38.4945, 38.4945, 38.4945, 38.4945, 38.4945, 38.4945, 38.5076, 38.4945
5.6924, 30, 40.2549, 38.5652, 5.65685, -10.2549, 0, 38.5652, 38.5653, 38.5877, 39.1275, 39.6383, 38.5824, 38.5652, 38.5652, 38.5652, 38.5652, 38.5652, 38.5652, 38.5652, 38.5652, 38.5652, 38.5652, 38.5652, 38.5652, 38.5652, 38.5652, 38.5652, 38.5652, 38.5794, 38.5652
5.70028, 32, 40.6807, 38.6349, 5.83095, -8.68067, 0, 38.6349, 38.6351, 38.6586, 39.2034, 40.0564, 38.6513, 38.6349, 38.6349, 38.6349, 38.6349, 38.6349, 38.6349, 38.6349, 38.6349, 38.6349, 38.6349, 38.6349, 38.6349, 38.6349, 38.6349, 38.6349, 38.6349, 38.6504, 38.6349
5.70816, 20, 41.201, 38.7038, 4.69042, -21.201, 0, 38.7038, 38.704, 38.7284, 39.2785, 40.5671, 38.7215, 38.7038, 38.7038, 38.7038, 38.7038, 38.7038, 38.7038, 38.7038, 38.7038, 38.7038, 38.7038, 38.7038, 38.7038, 38.7038, 38.7038, 38.7038, 38.7038, 38.7206, 38.7038
5.71604, 20, 41.8335, 38.7718, 4.69042, -21.8335, 0, 38.7718, 38.772, 38.797, 39.3527, 41.1882, 38.7928, 38.7718, 38.7718, 38.7718, 38.7718, 38.7718, 38.7718, 38.7718, 38.7718, 38.7718, 38.7718, 38.7718, 38.7718, 38.7718, 38.7718, 38.7718, 38.7718, 38.7897, 38.7718
5.72392, 30, 42.5972, 38.8389, 5.65685, -12.5972, 0, 38.8389, 38.8391, 38.8645, 39.4261, 41.9387, 38.8654, 38.8389, 38.8389, 38.8389, 38.8389, 38.8389, 38.8389, 38.8389, 38.8389, 38.8389, 38.8389, 38.8389, 38.8389, 38.8389, 38.8389, 38.8389, 38.8389, 38.8579, 38.8389
5.7318, 20, 43.5118, 38.9051, 4.69042, -23.5118, 0, 38.9051, 38.9053, 38.9309, 39.4986, 42.8378, 38.9397, 38.9051, 38.9051, 38.9051, 38.9051, 38.9051, 38.9051, 38.9051, 38.9051, 38.9051, 38.9051, 38.9051, 38.9051, 38.9051, 38.9051, 38.9051, 38.9051, 38.9251, 38.9051
5.73968, 18, 44.5966, 38.9704, 4.47214, -26.5966, 0, 38.9704, 38.9706, 38.996, 39.5702, 43.9047, 39.0159, 38.9704, 38.9704, 38.9704, 38.9704, 38.9704, 38.9704, 38.9704, 38.9704, 38.9704, 38.9704, 38.9704, 38.9704, 38.9704, 38.9704, 38.9704, 38.9704, 38.9912, 38.9704
5.74756, 26, 45.8697, 39.0347, 5.2915, -19.8697, 0, 39.0347, 39.0349, 39.06, 39.6409, 45.1568, 39.0947, 39.0347, 39.0347, 39.0347, 39.0347, 39.0347, 39.0347, 39.0347, 39.0347, 39.0347, 39.0347, 39.0347, 39.0347, 39.0347, 39.0347, 39.0347, 39.0347, 39.0561, 39.0347
5.75544, 40, 47.3466, 39.0981, 6.48074, -7.34661, 0, 39.0982, 39.0983, 39.1228, 39.7106, 46.609, 39.1767, 39.0981, 39.0981, 39.0981, 39.0981, 39.0981, 39.0981, 39.0981, 39.0981, 39.0981, 39.0981, 39.0981, 39.0981, 39.0981, 39.0981, 39.0981, 39.0981, 39.12, 39.0981
5.76332, 42, 49.0391, 39.1606, 6.63325, -7.0391, 0, 39.1606, 39.1608, 39.1844, 39.7795, 48.2723, 39.2626, 39.1606, 39.1606, 39.1606, 39.1606, 39.1606, 39.1606, 39.1606, 39.1606, 39.1606, 39.1606, 39.1606, 39.1606, 39.1606, 39.1606, 39.1606, 39.1606, 39.1826, 39.1606
5.7712, 36, 50.9535, 39.2221, 6.16441, -14.9535, 0, 39.2222, 39.2223, 39.2449, 39.8474, 50.1522, 39.3533, 39.2221, 39.2221, 39.2221, 39.2221, 39.2221, 39.2221, 39.2221, 39.2221, 39.2221, 39.2221, 39.2221, 39.2221, 39.2221, 39.2221, 39.2221, 39.2221, 39.2442, 39.2221
5.77908, 50, 53.089, 39.2827, 7.2111, -3.08896, 0, 39.2827, 39.2829, 39.3042, 39.9143, 52.2469, 39.4496, 39.2827, 39.2827, 39.2827, 39.2827, 39.2827, 39.2827, 39.2827, 39.2827, 39.2827, 39.2827, 39.2827, 39.2827, 39.2827, 39.2827, 39.2827, 39.2827, 39.3045, 39.2827
5.78696, 52, 55.437, 39.3422, 7.34847, -3.43701, 0, 39.3423, 39.3424, 39.3624, 39.9803, 54.5471, 39.5523, 39.3422, 39.3422, 39.3422, 39.3422, 39.3422, 39.3422, 39.3422, 39.3422, 39.3422, 39.3422, 39.3422, 39.3422, 39.3422, 39.3422, 39.3422, 39.3422, 39.3637, 39.3422
5.79484, 46, 57.98, 39.4009, 6.9282, -11.98, 0, 39.4009, 39.401, 39.4195, 40.0454, 57.0341, 39.6623, 39.4009, 39.4009, 39.4009, 39.4009, 39.4009, 39.4009, 39.4009, 39.4009, 39.4009, 39.4009, 39.4009, 39.4009, 39.4009, 39.4009, 39.4009, 39.4009, 39.4219, 39.4009
5.80272, 64, 60.6898, 39.4585, 8.12404, 3.31019, 0, 39.4585, 39.4586, 39.4756, 40.1094, 59.6792, 39.7803, 39.4585, 39.4585, 39.4585, 39.4585, 39.4585, 39.4585, 39.4585, 39.4585, 39.4585, 39.4585, 39.4585, 39.4585, 39.4585, 39.4585, 39.4585, 39.4585, 39.479, 39.4585
5.8106, 82, 63.5289, 39.5151, 9.16515, 18.4711, 0, 39.5151, 39.5153, 39.5306, 40.1725, 62.4441, 39.9067, 39.5151, 39.5151, 39.5151, 39.5151, 39.5151, 39.5151, 39.5151, 39.5151, 39.5151, 39.5151, 39.5151, 39.5151, 39.5151, 39.5151, 39.5151, 39.5151, 39.5351, 39.5151
5.81848, 58, 66.4498, 39.5708, 7.74597, -8.44975, 0, 39.5708, 39.5709, 39.5847, 40.2347, 65.2809, 40.0421, 39.5708, 39.5708, 39.5708, 39.5708, 39.5708, 39.5708, 39.5708, 39.5708, 39.5708, 39.5708, 39.5708, 39.5708, 39.5708, 39.5708, 39.5708, 39.5708, 39.5902, 39.5708
5.82636, 72, 69.3962, 39.6255, 8.60233, 2.60384, 0, 39.6255, 39.6256, 39.6379, 40.2959, 68.1331, 40.1863, 39.6255, 39.6255, 39.6255, 39.6255, 39.6255, 39.6255, 39.6255, 39.6255, 39.6255, 39.6255, 39.6255, 39.6255, 39.6255, 39.6255, 39.6255, 39.6255, 39.6445, 39.6255
5.83424, 78, 72.3043, 39.6792, 8.94427, 5.69572, 0, 39.6792, 39.6794, 39.6902, 40.3562, 70.9374, 40.3391, 39.6792, 39.6792, 39.6792, 39.6792, 39.6792, 39.6792, 39.6792, 39.6792, 39.6792, 39.6792, 39.6792, 39.6792, 39.6792, 39.6792, 39.6792, 39.6792, 39.6981, 39.6792
5.84212, 68, 75.1057, 39.732, 8.3666, -7.1057, 0, 39.732, 39.7322, 39.7416, 40.4156, 73.6258, 40.4997, 39.732, 39.732, 39.732, 39.732, 39.732, 39.732, 39.732, 39.732, 39.732, 39.732, 39.732, 39.732, 39.732, 39.732, 39.732, 39.732, 39.7509, 39.732
5.85, 106, 77.7295, 39.784, 10.3923, 28.2705, 0, 39.784, 39.7841, 39.7923, 40.4741, 76.1285, 40.6671, 39.784, 39.784, 39.784, 39.784, 39.784, 39.784, 39.784, 39.784, 39.784, 39.784, 39.784, 39.784, 39.784, 39.784, 39.784, 39.784, 39.8032, 39.784
5.85788, 70, 80.1053, 39.8351, 8.48528, -10.1053, 0, 39.8351, 39.8352, 39.8422, 40.5318, 78.3767, 40.8397, 39.8351, 39.8351, 39.8351, 39.8351, 39.8351, 39.8351, 39.8351, 39.8351, 39.8351, 39.8351, 39.8351, 39.8351, 39.8351, 39.8351, 39.8351, 39.8351, 39.855, 39.8351
5.86576, 92, 82.1668, 39.8854, 9.69536, 9.83321, 0, 39.8854, 39.8855, 39.8914, 40.5888, 80.3061, 41.0154, 39.8854, 39.8854, 39.8854, 39.8854, 39.8854, 39.8854, 39.8854, 39.8854, 39.8854, 39.8854, 39.8854, 39.8854, 39.8854, 39.8854, 39.8854, 39.8854, 39.9064, 39.8854
5.87364, 86, 83.8544, 39.935, 9.38083, 2.14555, 0, 39.935, 39.9351, 39.9401, 40.645, 81.8595, 41.192, 39.935, 39.935, 39.935, 39.935, 39.935, 39.935, 39.935, 39.935, 39.935, 39.935, 39.935, 39.935, 39.935, 39.935, 39.935, 39.935, 39.9576, 39.935
5.88152, 114, 85.1189, 39.9839, 10.7703, 28.8811, 0, 39.9839, 39.9841, 39.9882, 40.7007, 82.9903, 41.3666, 39.9839, 39.9839, 39.9839, 39.9839, 39.9839, 39.9839, 39.9839, 39.9839, 39.9839, 39.9839, 39.9839, 39.9839, 39.9839, 39.9839, 39.9839, 39.9839, 40.0086, 39.9839
5.8894, 100, 85.9231, 40.0323, 10.0995, 14.0769, 0, 40.0323, 40.0325, 40.0359, 40.7558, 83.6646, 41.5364, 40.0323, 40.0323, 40.0323, 40.0323, 40.0323, 40.0323, 40.0323, 40.0323, 40.0323, 40.0323, 40.0323, 40.0323, 40.0323, 40.0323, 40.0323, 40.0323, 40.0595, 40.0323
5.89728, 120, 86.2445, 40.0803, 11.0454, 33.7555, 0, 40.0803, 40.0805, 40.0833, 40.8106, 83.863, 41.6983, 40.0803, 40.0803, 40.0803, 40.0803, 40.0803, 40.0803, 40.0803, 40.0803, 40.0803, 40.0803, 40.0803, 40.0803, 40.0803, 40.0803, 40.0803, 40.0803, 40.1104, 40.0803
5.90516, 102, 86.0762, 40.128, 10.198, 15.9238, 0, 40.128, 40.1282, 40.1304, 40.865, 83.5816, 41.8494, 40.128, 40.128, 40.128, 40.128, 40.128, 40.128, 40.128, 40.128, 40.128, 40.128, 40.128, 40.128, 40.128, 40.128, 40.128, 40.128, 40.1615, 40.128
5.91304, 102, 85.4269, 40.1755, 10.198, 16.5731, 0, 40.1755, 40.1757, 40.1775, 40.9194, 82.8324, 41.9867, 40.1755, 40.1755, 40.1755, 40.1755, 40.1755, 40.1755, 40.1755, 40.1755, 40.1755, 40.1755, 40.1755, 40.1755, 40.1755, 40.1755, 40.1755, 40.1755, 40.2128, 40.1755
5.92092, 100, 84.3208, 40.2231, 10.0995, 15.6792, 0, 40.2231, 40.2232, 40.2247, 40.9738, 81.6421, 42.1077, 40.2231, 40.2231, 40.2231, 40.2231, 40.2231, 40.2231, 40.2231, 40.2231, 40.2231, 40.2231, 40.2231, 40.2231, 40.2231, 40.2231, 40.2231, 40.2231, 40.2644, 40.2231
5.9288, 96, 82.7958, 40.2708, 9.8995, 13.2042, 0, 40.2708, 40.2709, 40.2721, 41.0284, 80.0512, 42.2104, 40.2708, 40.2708, 40.2708, 40.2708, 40.2708, 40.2708, 40.2708, 40.2708, 40.2708, 40.2708, 40.2708, 40.2708, 40.2708, 40.2708, 40.2708, 40.2708, 40.3164, 40.2708
5.93668, 82, 80.902, 40.3188, 9.16515, 1.09801, 0, 40.3188, 40.319, 40.3199, 41.0834, 78.1116, 42.2932, 40.3188, 40.3188, 40.3188, 40.3188, 40.3188, 40.3188, 40.3188, 40.3188, 40.3188, 40.3188, 40.3188, 40.3188, 40.3188, 40.3188, 40.3188, 40.3188, 40.3689, 40.3188
5.94456, 72, 78.6987, 40.3673, 8.60233, -6.69868, 0, 40.3673, 40.3675, 40.3683, 41.1389, 75.8837, 42.3551, 40.3673, 40.3673, 40.3673, 40.3673, 40.3673, 40.3673, 40.3673, 40.3673, 40.3673, 40.3673, 40.3673, 40.3673, 40.3673, 40.3673, 40.3673, 40.3673, 40.4218, 40.3673
5.95244, 98, 76.2511, 40.4165, 10, 21.7489, 0, 40.4165, 40.4167, 40.4174, 41.1952, 73.4332, 42.3959, 40.4165, 40.4165, 40.4165, 40.4165, 40.4165, 40.4165, 40.4165, 40.4165, 40.4165, 40.4165, 40.4165, 40.4165, 40.4165, 40.4165, 40.4165, 40.4165, 40.4753, 40.4165
5.96032, 86, 73.6282, 40.4666, 9.38083, 12.3718, 0, 40.4666, 40.4668, 40.4673, 41.2526, 70.829, 42.4162, 40.4666, 40.4666, 40.4666, 40.4666, 40.4666, 40.4666, 40.4666, 40.4666, 40.4666, 40.4666, 40.4666, 40.4666, 40.4666, 40.4666, 40.4666, 40.4666, 40.5295, 40.4666
5.9682, 48, 70.8992, 40.5177, 7.07107, -22.8992, 0, 40.5177, 40.5179, 40.5184, 41.3111, 68.1392, 42.4171, 40.5177, 40.5177, 40.5177, 40.5177, 40.5177, 40.5177, 40.5177, 40.5177, 40.5177, 40.5177, 40.5177, 40.5177, 40.5177, 40.5177, 40.5177, 40.5177, 40.5843, 40.5177
5.97608, 74, 68.1303, 40.57, 8.7178, 5.86966, 0, 40.57, 40.5702, 40.5706, 41.3709, 65.4286, 42.4004, 40.57, 40.57, 40.57, 40.57, 40.57, 40.57, 40.57, 40.57, 40.57, 40.57, 40.57, 40.57, 40.57, 40.57, 40.57, 40.57, 40.6397, 40.57
5.98396, 78, 65.3826, 40.6236, 8.94427, 12.6174, 0, 40.6236, 40.6238, 40.6241, 41.4324, 62.756, 42.3685, 40.6236, 40.6236, 40.6236, 40.6236, 40.6236, 40.6236, 40.6236, 40.6236, 40.6236, 40.6236, 40.6236, 40.6236, 40.6236, 40.6236, 40.6236, 40.6236, 40.6958, 40.6236
5.99184, 40, 62.7109, 40.6786, 6.48074, -22.7109, 0, 40.6786, 40.6788, 40.6791, 41.4958, 60.1736, 42.324, 40.6786, 40.6786, 40.6786, 40.6786, 40.6786, 40.6786, 40.6786, 40.6786, 40.6786, 40.6786, 40.6786, 40.6786, 40.6786, 40.6786, 40.6786, 40.6786, 40.7527, 40.6786
5.99972, 58, 60.1609, 40.7351, 7.74597, -2.16092, 0, 40.7351, 40.7352, 40.7355, 41.5614, 57.7239, 42.27, 40.7351, 40.7351, 40.7351, 40.7351, 40.7351, 40.7351, 40.7351, 40.7351, 40.7351, 40.7351, 40.7351, 40.7351, 40.7351, 40.7351, 40.7351, 40.7351, 40.8102, 40.7351
6.0076, 52, 57.7696, 40.7931, 7.34847, -5.76965, 0, 40.7931, 40.7933, 40.7935, 41.6297, 55.4405, 42.2095, 40.7931, 40.7931, 40.7931, 40.7931, 40.7931, 40.7931, 40.7931, 40.7931, 40.7931, 40.7931, 40.7931, 40.7931, 40.7931, 40.7931, 40.7931, 40.7931, 40.8686, 40.7931
6.01548, 42, 55.5647, 40.8527, 6.63325, -13.5647, 0, 40.8527, 40.8528, 40.8531, 41.7014, 53.3473, 42.1457, 40.8527, 40.8527, 40.8527, 40.8527, 40.8527, 40.8527, 40.8527, 40.8527, 40.8527, 40.8527, 40.8527, 40.8527, 40.8527, 40.8527, 40.8527, 40.8527, 40.9276, 40.8527
6.02336, 46, 53.5652, 40.9138, 6.9282, -7.56516, 0, 40.9138, 40.914, 40.9143, 41.7776, 51.4593, 42.0816, 40.9138, 40.9138, 40.9138, 40.9138, 40.9138, 40.9138, 40.9138, 40.9138, 40.9138, 40.9138, 40.9138, 40.9138, 40.9138, 40.9138, 40.9138, 40.9138, 40.9875, 40.9138
6.03124, 26, 51.7818, 40.9765, 5.2915, -25.7818, 0, 40.9765, 40.9767, 40.9769, 41.8598, 49.7828, 42.02, 40.9765, 40.9765, 40.9765, 40.9765, 40.9765, 40.9765, 40.9765, 40.9765, 40.9765, 40.9765, 40.9765, 40.9765, 40.9765, 40.9765, 40.9765, 40.9765, 41.0481, 40.9765
6.03912, 32, 50.2189, 41.0406, 5.83095, -18.2189, 0, 41.0406, 41.0408, 41.041, 41.9506, 48.317, 41.963, 41.0406, 41.0406, 41.0406, 41.0406, 41.0406, 41.0406, 41.0406, 41.0406, 41.0406, 41.0406, 41.0406, 41.0406, 41.0406, 41.0406, 41.0406, 41.0406, 41.1095, 41.0406
6.047, 44, 48.8758, 41.1061, 6.78233, -4.87575, 0, 41.1061, 41.1063, 41.1065, 42.0536, 47.0553, 41.9128, 41.1061, 41.1061, 41.1061, 41.1061, 41.1061, 41.1061, 41.1061, 41.1061, 41.1061, 41.1061, 41.1061, 41.1061, 41.1061, 41.1061, 41.1061, 41.1061, 41.1716, 41.1061
6.05488, 38, 47.7481, 41.1728, 6.32456, -9.74815, 0, 41.1728, 41.173, 41.1732, 42.1747, 45.9858, 41.8709, 41.1728, 41.1728, 41.1728, 41.1728, 41.1728, 41.1728, 41.1728, 41.1728, 41.1728, 41.1728, 41.1728, 41.1728, 41.1728, 41.1728, 41.1728, 41.1728, 41.2345, 41.1728
6.06276, 50, 46.8313, 41.2406, 7.2111, 3.16868, 0, 41.2406, 41.2408, 41.2411, 42.3224, 45.0936, 41.8383, 41.2406, 41.2406, 41.2406, 41.2406, 41.2406, 41.2406, 41.2406, 41.2406, 41.2406, 41.2406, 41.2406, 41.2406, 41.2406, 41.2406, 41.2406, 41.2406, 41.2982, 41.2406
6.07064, 34, 46.122, 41.3094, 6, -12.122, 0, 41.3094, 41.3096, 41.3099, 42.5096, 44.3617, 41.8158, 41.3094, 41.3094, 41.3094, 41.3094, 41.3094, 41.3094, 41.3094, 41.3094, 41.3094, 41.3094, 41.3094, 41.3094, 41.3094, 41.3094, 41.3094, 41.3094, 41.3625, 41.3094
6.07852, 36, 45.6216, 41.379, 6.16441, -9.62161, 0, 41.379, 41.3792, 41.3794, 42.7551, 43.7718, 41.8034, 41.379, 41.379, 41.379, 41.379, 41.379, 41.379, 41.379, 41.379, 41.379, 41.379, 41.379, 41.379, 41.379, 41.379, 41.379, 41.379, 41.4276, 41.379
6.0864, 68, 45.3394, 41.4492, 8.3666, 22.6606, 0, 41.4492, 41.4494, 41.4497, 43.0862, 43.3056, 41.8012, 41.4492, 41.4492, 41.4492, 41.4492, 41.4492, 41.4492, 41.4492, 41.4492, 41.4492, 41.4492, 41.4492, 41.4492, 41.4492, 41.4492, 41.4492, 41.4492, 41.4933, 41.4492
6.09428, 40, 45.2965, 41.5199, 6.48074, -5.29652, 0, 41.5199, 41.52, 41.5203, 43.542, 42.9452, 41.8088, 41.5199, 41.5199, 41.5199, 41.5199, 41.5199, 41.5199, 41.5199, 41.5199, 41.5199, 41.5199, 41.5199, 41.5199, 41.5199, 41.5199, 41.5199, 41.5199, 41.5595, 41.5199
6.10216, 42, 45.5312, 41.5908, 6.63325, -3.53118, 0, 41.5908, 41.591, 41.5913, 44.1773, 42.6739, 41.8254, 41.5908, 41.5908, 41.5908, 41.5908, 41.5908, 41.5908, 41.5908, 41.5908, 41.5908, 41.5908, 41.5908, 41.5908, 41.5908, 41.5908, 41.5908, 41.5908, 41.6263, 41.5908
6.11004, 42, 46.1042, 41.6619, 6.63325, -4.10424, 0, 41.6619, 41.6621, 41.6624, 45.0687, 42.4765, 41.8505, 41.6619, 41.6619, 41.6619, 41.6619, 41.6619, 41.6619, 41.6619, 41.6619, 41.6619, 41.6619, 41.6619, 41.6619, 41.6619, 41.6619, 41.6619, 41.6619, 41.6935, 41.6619
6.11792, 32, 47.1065, 41.7329, 5.83095, -15.1065, 0, 41.733, 41.7331, 41.7334, 46.3212, 42.3395, 41.8829, 41.7329, 41.7329, 41.7329, 41.7329, 41.7329, 41.7329, 41.7329, 41.7329, 41.7329, 41.7329, 41.7329, 41.7329, 41.7329, 41.7329, 41.7329, 41.7329, 41.7611, 41.7329
6.1258, 46, 48.6674, 41.8038, 6.9282, -2.6674, 0, 41.8038, 41.804, 41.8043, 48.0764, 42.2509, 41.9219, 41.8038, 41.8038, 41.8038, 41.8038, 41.8038, 41.8038, 41.8038, 41.8038, 41.8038, 41.8038, 41.8038, 41.8038, 41.8038, 41.8038, 41.8038, 41.8038, 41.8291, 41.8038
6.13368, 38, 50.9648, 41.8744, 6.32456, -12.9648, 0, 41.8744, 41.8746, 41.8749, 50.5231, 42.2007, 41.9663, 41.8744, 41.8744, 41.8744, 41.8744, 41.8744, 41.8744, 41.8744, 41.8744, 41.8744, 41.8744, 41.8744, 41.8744, 41.8744, 41.8744, 41.8744, 41.8744, 41.8972, 41.8744
6.14156, 64, 54.237, 41.9445, 8.12404, 9.76299, 0, 41.9445, 41.9447, 41.945, 53.9086, 42.1804, 42.0154, 41.9445, 41.9445, 41.9445, 41.9445, 41.9445, 41.9445, 41.9445, 41.9445, 41.9445, 41.9445, 41.9445, 41.9445, 41.9445, 41.9445, 41.9445, 41.9445, 41.9655, 41.9445
6.14944, 58, 58.7969, 42.0141, 7.74597, -0.796944, 0, 42.0142, 42.0143, 42.0147, 58.5535, 42.1831, 42.0682, 42.0141, 42.0141, 42.0141, 42.0141, 42.0141, 42.0141, 42.0141, 42.0141, 42.0141, 42.0141, 42.0141, 42.0141, 42.0141, 42.0141, 42.0141, 42.0141, 42.0339, 42.0141
6.15732, 62, 65.044, 42.0832, 8, -3.04401, 0, 42.0832, 42.0833, 42.0837, 64.8633, 42.2033, 42.124, 42.0832, 42.0832, 42.0832, 42.0832, 42.0832, 42.0832, 42.0832, 42.0832, 42.0832, 42.0832, 42.0832, 42.0832, 42.0832, 42.0832, 42.0832, 42.0832, 42.1022, 42.0832
6.1652, 70, 73.4812, 42.1515, 8.48528, -3.48122, 0, 42.1515, 42.1516, 42.152, 73.346, 42.2363, 42.182, 42.1515, 42.1515, 42.1515, 42.1515, 42.1515, 42.1515, 42.1515, 42.1515, 42.1515, 42.1515, 42.1515, 42.1515, 42.1515, 42.1515, 42.1515, 42.1515, 42.1705, 42.1515
6.17308, 108, 84.7285, 42.219, 10.4881, 23.2715, 0, 42.219, 42.2192, 42.2195, 84.6257, 42.2789, 42.2415, 42.219, 42.219, 42.219, 42.219, 42.219, 42.219, 42.219, 42.219, 42.219, 42.219, 42.219, 42.219, 42.219, 42.219, 42.219, 42.219, 42.2387, 42.219
6.18096, 122, 99.5366, 42.2857, 11.1355, 22.4634, 0, 42.2857, 42.2858, 42.2862, 99.4559, 42.3282, 42.3022, 42.2857, 42.2857, 42.2857, 42.2857, 42.2857, 42.2857, 42.2857, 42.2857, 42.2857, 42.2857, 42.2857, 42.2857, 42.2857, 42.2857, 42.2857, 42.2857, 42.3066, 42.2857
6.18884, 140, 118.792, 42.3515, 11.9164, 21.2078, 0, 42.3515, 42.3517, 42.352, 118.726, 42.3823, 42.3635, 42.3515, 42.3515, 42.3515, 42.3515, 42.3515, 42.3515, 42.3515, 42.3515, 42.3515, 42.3515, 42.3515, 42.3515, 42.3515, 42.3515, 42.3515, 42.3515, 42.3743, 42.3515
6.19672, 124, 143.527, 42.4164, 11.225, -19.5274, 0, 42.4164, 42.4166, 42.417, 143.469, 42.4398, 42.425, 42.4164, 42.4164, 42.4164, 42.4164, 42.4164, 42.4164, 42.4164, 42.4164, 42.4164, 42.4164, 42.4164, 42.4164, 42.4164, 42.4164, 42.4164, 42.4164, 42.4416, 42.4164
6.2046, 178, 174.915, 42.4804, 13.4164, 3.08475, 0, 42.4804, 42.4805, 42.4809, 174.861, 42.4997, 42.4865, 42.4804, 42.4804, 42.4804, 42.4804, 42.4804, 42.4804, 42.4804, 42.4804, 42.4804, 42.4804, 42.4804, 42.4804, 42.4804, 42.4804, 42.4804, 42.4804, 42.5084, 42.4804
6.21248, 214, 214.249, 42.5433, 14.6969, -0.249268, 0, 42.5434, 42.5435, 42.5439, 214.195, 42.5614, 42.5476, 42.5433, 42.5433, 42.5433, 42.5433, 42.5433, 42.5433, 42.5433, 42.5433, 42.5433, 42.5433, 42.5433, 42.5433, 42.5433, 42.5433, 42.5433, 42.5433, 42.5748, 42.5433
6.22036, 304, 262.93, 42.6054, 17.4929, 41.0702, 0, 42.6054, 42.6055, 42.6059, 262.872, 42.6247, 42.6084, 42.6054, 42.6054, 42.6054, 42.6054, 42.6054, 42.6054, 42.6054, 42.6054, 42.6054, 42.6054, 42.6054, 42.6054, 42.6054, 42.6054, 42.6054, 42.6054, 42.6405, 42.6054
6.22824, 360, 322.418, 42.6663, 19.0263, 37.5817, 0, 42.6663, 42.6665, 42.6669, 322.353, 42.6894, 42.6684, 42.6663, 42.6663, 42.6663, 42.6663, 42.6663, 42.6663, 42.6663, 42.6663, 42.6663, 42.6663, 42.6663, 42.6663, 42.6663, 42.6663, 42.6663, 42.6663, 42.7056, 42.6663
6.23612, 400, 394.186, 42.7263, 20.0499, 5.8139, 0, 42.7263, 42.7265, 42.7269, 394.111, 42.756, 42.7277, 42.7263, 42.7263, 42.7263, 42.7263, 42.7263, 42.7263, 42.7263, 42.7263, 42.7263, 42.7263, 42.7263, 42.7263, 42.7263, 42.7263, 42.7263, 42.7263, 42.7699, 42.7263
6.244, 504, 479.646, 42.7853, 22.4944, 24.354, 0, 42.7853, 42.7854, 42.7859, 479.557, 42.8247, 42.7862, 42.7853, 42.7853, 42.7853, 42.7853, 42.7853, 42.7853, 42.7853, 42.7853, 42.7853, 42.7853, 42.7853, 42.7853, 42.7853, 42.7853, 42.7853, 42.7853, 42.8332, 42.7853
6.25188, 628, 580.069, 42.8432, 25.0998, 47.9307, 0, 42.8432, 42.8434, 42.8438, 579.962, 42.8966, 42.8438, 42.8432, 42.8432, 42.8432, 42.8432, 42.8432, 42.8432, 42.8432, 42.8432, 42.8432, 42.8432, 42.8432, 42.8432, 42.8432, 42.8432, 42.8432, 42.8432, 42.8956, 42.8432
6.25976, 694, 696.501, 42.9001, 26.3818, -2.50104, 0, 42.9001, 42.9003, 42.9007, 696.371, 42.9724, 42.9005, 42.9001, 42.9001, 42.9001, 42.9001, 42.9001, 42.9001, 42.9001, 42.9001, 42.9001, 42.9001, 42.9001, 42.9001, 42.9001, 42.9001, 42.9001, 42.9001, 42.9569, 42.9001
6.26764, 870, 829.626, 42.9559, 29.5296, 40.3735, 0, 42.9559, 42.9561, 42.9565, 829.467, 43.0536, 42.9562, 42.9559, 42.9559, 42.9559, 42.9559, 42.9559, 42.9559, 42.9559, 42.9559, 42.9559, 42.9559, 42.9559, 42.9559, 42.9559, 42.9559, 42.9559, 42.9559, 43.0169, 42.9559
6.27552, 1094, 979.712, 43.0107, 33.1059, 114.288, 0, 43.0107, 43.0109, 43.0114, 979.516, 43.1416, 43.0109, 43.0107, 43.0107, 43.0107, 43.0107, 43.0107, 43.0107, 43.0107, 43.0107, 43.0107, 43.0107, 43.0107, 43.0107, 43.0107, 43.0107, 43.0107, 43.0107, 43.0756, 43.0107
6.2834, 1196, 1146.48, 43.0645, 34.6121, 49.5229, 0, 43.0645, 43.0646, 43.0651, 1146.23, 43.2383, 43.0646, 43.0645, 43.0645, 43.0645, 43.0645, 43.0645, 43.0645, 43.0645, 43.0645, 43.0645, 43.0645, 43.0645, 43.0645, 43.0645, 43.0645, 43.0645, 43.0645, 43.1329, 43.0645
6.29128, 1416, 1329.02, 43.1172, 37.6563, 86.9763, 0, 43.1172, 43.1174, 43.1179, 1328.72, 43.346, 43.1173, 43.1172, 43.1172, 43.1172, 43.1172, 43.1172, 43.1172, 43.1172, 43.1172, 43.1172, 43.1172, 43.1172, 43.1172, 43.1172, 43.1172, 43.1172, 43.1172, 43.1887, 43.1172
6.29916, 1478, 1525.72, 43.1688, 38.4708, -47.725, 0, 43.1688, 43.169, 43.1695, 1525.35, 43.4668, 43.1689, 43.1688, 43.1688, 43.1688, 43.1688, 43.1688, 43.1688, 43.1688, 43.1688, 43.1688, 43.1688, 43.1688, 43.1688, 43.1688, 43.1688, 43.1688, 43.1688, 43.2429, 43.1688
6.30704, 1776, 1734.25, 43.2194, 42.1663, 41.7452, 0, 43.2194, 43.2196, 43.2201, 1733.79, 43.6035, 43.2194, 43.2194, 43.2194, 43.2194, 43.2194, 43.2194, 43.2194, 43.2194, 43.2194, 43.2194, 43.2194, 43.2194, 43.2194, 43.2194, 43.2194, 43.2194, 43.2194, 43.2954, 43.2194
6.31492, 1986, 1951.55, 43.2689, 44.587, 34.4467, 0, 43.2689, 43.2691, 43.2697, 1950.99, 43.7588, 43.2689, 43.2689, 43.2689, 43.2689, 43.2689, 43.2689, 43.2689, 43.2689, 43.2689, 43.2689, 43.2689, 43.2689, 43.2689, 43.2689, 43.2689, 43.2689, 43.2689, 43.3462, 43.2689
6.3228, 2274, 2173.82, 43.3173, 47.7074, 100.178, 0, 43.3173, 43.3175, 43.3181, 2173.12, 43.9356, 43.3173, 43.3173, 43.3173, 43.3173, 43.3173, 43.3173, 43.3173, 43.3173, 43.3173, 43.3173, 43.3173, 43.3173, 43.3173, 43.3173, 43.3173, 43.3173, 43.3173, 43.3952, 43.3173
6.33068, 2418, 2396.67, 43.3646, 49.1935, 21.3269, 0, 43.3647, 43.3648, 43.3655, 2395.82, 44.1365, 43.3647, 43.3646, 43.3646, 43.3646, 43.3646, 43.3646, 43.3646, 43.3646, 43.3646, 43.3646, 43.3646, 43.3646, 43.3646, 43.3646, 43.3646, 43.3646, 43.3646, 43.4424, 43.3646
6.33856, 2564, 2615.26, 43.4108, 50.6557, -51.2595, 0, 43.4108, 43.411, 43.4117, 2614.23, 44.3643, 43.4108, 43.4108, 43.4108, 43.4108, 43.4108, 43.4108, 43.4108, 43.4108, 43.4108, 43.4108, 43.4108, 43.4108, 43.4108, 43.4108, 43.4108, 43.4108, 43.4108, 43.4879, 43.4108
6.34644, 2854, 2824.38, 43.4559, 53.4416, 29.6194, 0, 43.4559, 43.4561, 43.4568, 2823.14, 44.621, 43.4559, 43.4559, 43.4559, 43.4559, 43.4559, 43.4559, 43.4559, 43.4559, 43.4559, 43.4559, 43.4559, 43.4559, 43.4559, 43.4559, 43.4559, 43.4559, 43.4559, 43.5316, 43.4559
6.35432, 3112, 3018.69, 43.4997, 55.8032, 93.3118, 0, 43.4998, 43.4999, 43.5008, 3017.2, 44.9083, 43.4997, 43.4997, 43.4997, 43.4997, 43.4997, 43.4997, 43.4997, 43.4997, 43.4997, 43.4997, 43.4997, 43.4997, 43.4997, 43.4997, 43.4997, 43.4997, 43.4997, 43.5734, 43.4997
6.3622, 3176, 3192.97, 43.5424, 56.3738, -16.9709, 0, 43.5424, 43.5426, 43.5435, 3191.21, 45.2271, 43.5424, 43.5424, 43.5424, 43.5424, 43.5424, 43.5424, 43.5424, 43.5424, 43.5424, 43.5424, 43.5424, 43.5424, 43.5424, 43.5424, 43.5424, 43.5424, 43.5424, 43.6136, 43.5424
6.37008, 3428, 3342.35, 43.5839, 58.5662, 85.6541, 0, 43.5839, 43.584, 43.5851, 3340.28, 45.5773, 43.5839, 43.5839, 43.5839, 43.5839, 43.5839, 43.5839, 43.5839, 43.5839, 43.5839, 43.5839, 43.5839, 43.5839, 43.5839, 43.5839, 43.5839, 43.5839, 43.5839, 43.6521, 43.5839
6.37796, 3426, 3462.46, 43.6239, 58.5491, -36.4631, 0, 43.6239, 43.6241, 43.6252, 3460.06, 45.9576, 43.6239, 43.6239, 43.6239, 43.6239, 43.6239, 43.6239, 43.6239, 43.6239, 43.6239, 43.6239, 43.6239, 43.6239, 43.6239, 43.6239, 43.6239, 43.6239, 43.6239, 43.6888, 43.6239
6.38584, 3514, 3549.77, 43.6627, 59.2959, -35.7686, 0, 43.6627, 43.6628, 43.6641, 3547, 46.3654, 43.6627, 43.6627, 43.6627, 43.6627, 43.6627, 43.6627, 43.6627, 43.6627, 43.6627, 43.6627, 43.6627, 43.6627, 43.6627, 43.6627, 43.6627, 43.6627, 43.6627, 43.7239, 43.6627
6.39372, 3642, 3601.65, 43.7, 60.3656, 40.3508, 0, 43.7, 43.7002, 43.7016, 3598.49, 46.797, 43.7, 43.7, 43.7, 43.7, 43.7, 43.7, 43.7, 43.7, 43.7, 43.7, 43.7, 43.7, 43.7, 43.7, 43.7, 43.7, 43.7, 43.7573, 43.7
6.4016, 3592, 3616.56, 43.7358, 59.95, -24.5571, 0, 43.7359, 43.736, 43.7376, 3612.99, 47.2468, 43.7358, 43.7358, 43.7358, 43.7358, 43.7358, 43.7358, 43.7358, 43.7358, 43.7358, 43.7358, 43.7358, 43.7358, 43.7358, 43.7358, 43.7358, 43.7358, 43.7358, 43.789, 43.7358
6.40948, 3538, 3594.11, 43.7701, 59.4979, -56.106, 0, 43.7701, 43.7703, 43.772, 3590.12, 47.7083, 43.7701, 43.7701, 43.7701, 43.7701, 43.7701, 43.7701, 43.7701, 43.7701, 43.7701, 43.7701, 43.7701, 43.7701, 43.7701, 43.7701, 43.7701, 43.7701, 43.7701, 43.8192, 43.7701
6.41736, 3576, 3535.08, 43.8027, 59.8164, 40.9236, 0, 43.8028, 43.8029, 43.8048, 3530.66, 48.1733, 43.8027, 43.8027, 43.8027, 43.8027, 43.8027, 43.8027, 43.8027, 43.8027, 43.8027, 43.8027, 43.8027, 43.8027, 43.8027, 43.8027, 43.8027, 43.8027, 43.8027, 43.8477, 43.8027
6.42524, 3320, 3441.36, 43.8337, 57.6368, -121.365, 0, 43.8337, 43.8338, 43.8359, 3436.52, 48.6329, 43.8337, 43.8337, 43.8337, 43.8337, 43.8337, 43.8337, 43.8337, 43.8337, 43.8337, 43.8337, 43.8337, 43.8337, 43.8337, 43.8337, 43.8337, 43.8337, 43.8337, 43.8745, 43.8337
6.43312, 3350, 3315.92, 43.8628, 57.8965, 34.084, 0, 43.8629, 43.863, 43.8653, 3310.66, 49.0771, 43.8628, 43.8628, 43.8628, 43.8628, 43.8628, 43.8628, 43.8628, 43.8628, 43.8628, 43.8628, 43.8628, 43.8628, 43.8628, 43.8628, 43.8628, 43.8628, 43.8628, 43.8997, 43.8628
6.441, 3134, 3162.51, 43.8902, 56, -28.5081, 0, 43.8902, 43.8903, 43.8928, 3156.87, 49.4959, 43.8902, 43.8902, 43.8902, 43.8902, 43.8902, 43.8902, 43.8902, 43.8902, 43.8902, 43.8902, 43.8902, 43.8902, 43.8902, 43.8902, 43.8902, 43.8902, 43.8902, 43.9233, 43.8902
6.44888, 2906, 2985.61, 43.9156, 53.9259, -79.6118, 0, 43.9157, 43.9158, 43.9185, 2979.62, 49.8788, 43.9156, 43.9156, 43.9156, 43.9156, 43.9156, 43.9156, 43.9156, 43.9156, 43.9156, 43.9156, 43.9156, 43.9156, 43.9156, 43.9156, 43.9156, 43.9156, 43.9156, 43.9452, 43.9156
6.45676, 2904, 2790.19, 43.9392, 53.9073, 113.805, 0, 43.9392, 43.9394, 43.9422, 2783.89, 50.2161, 43.9392, 43.9392, 43.9392, 43.9392, 43.9392, 43.9392, 43.9392, 43.9392, 43.9392, 43.9392, 43.9392, 43.9392, 43.9392, 43.9392, 43.9392, 43.9392, 43.9392, 43.9654, 43.9392
6.46464, 2600, 2581.43, 43.9608, 51.0098, 18.5723, 0, 43.9608, 43.961, 43.964, 2574.86, 50.4988, 43.9608, 43.9608, 43.9608, 43.9608, 43.9608, 43.9608, 43.9608, 43.9608, 43.9608, 43.9608, 43.9608, 43.9608, 43.9608, 43.9608, 43.9608, 43.9608, 43.9608, 43.984, 43.9608
6.47252, 2368, 2364.51, 43.9805, 48.6826, 3.49194, 0, 43.9805, 43.9807, 43.9839, 2357.74, 50.7194, 43.9805, 43.9805, 43.9805, 43.9805, 43.9805, 43.9805, 43.9805, 43.9805, 43.9805, 43.9805, 43.9805, 43.9805, 43.9805, 43.9805, 43.9805, 43.9805, 43.9805, 44.0009, 43.9805
6.4804, 2108, 2144.43, 43.9983, 45.9347, -36.4265, 0, 43.9983, 43.9985, 44.0018, 2137.53, 50.8719, 43.9983, 43.9983, 43.9983, 43.9983, 43.9983, 43.9983, 43.9983, 43.9983, 43.9983, 43.9983, 43.9983, 43.9983, 43.9983, 43.9983, 43.9983, 43.9983, 43.9983, 44.0162, 43.9983
6.48828, 1894, 1925.84, 44.0142, 43.5431, -31.8445, 0, 44.0142, 44.0144, 44.0179, 1918.89, 50.9522, 44.0142, 44.0142, 44.0142, 44.0142, 44.0142, 44.0142, 44.0142, 44.0142, 44.0142, 44.0142, 44.0142, 44.0142, 44.0142, 44.0142, 44.0142, 44.0142, 44.0142, 44.0299, 44.0142
6.49616, 1934, 1712.86, 44.0283, 44, 221.138, 0, 44.0284, 44.0285, 44.0322, 1705.91, 50.9587, 44.0283, 44.0283, 44.0283, 44.0283, 44.0283, 44.0283, 44.0283, 44.0283, 44.0283, 44.0283, 44.0283, 44.0283, 44.0283, 44.0283, 44.0283, 44.0283, 44.0283, 44.0422, 44.0283
6.50404, 1546, 1508.96, 44.0408, 39.3446, 37.0398, 0, 44.0408, 44.0409, 44.0447, 1502.09, 50.8918, 44.0408, 44.0408, 44.0408, 44.0408, 44.0408, 44.0408, 44.0408, 44.0408, 44.0408, 44.0408, 44.0408, 44.0408, 44.0408, 44.0408, 44.0408, 44.0408, 44.0408, 44.053, 44.0408
6.51192, 1400, 1316.97, 44.0516, 37.4433, 83.0273, 0, 44.0516, 44.0518, 44.0556, 1310.26, 50.7541, 44.0516, 44.0516, 44.0516, 44.0516, 44.0516, 44.0516, 44.0516, 44.0516, 44.0516, 44.0516, 44.0516, 44.0516, 44.0516, 44.0516, 44.0516, 44.0516, 44.0516, 44.0626, 44.0516
6.5198, 1160, 1138.99, 44.061, 34.0881, 21.0116, 0, 44.061, 44.0612, 44.065, 1132.48, 50.5507, 44.061, 44.061, 44.061, 44.061, 44.061, 44.061, 44.061, 44.061, 44.061, 44.061, 44.061, 44.061, 44.061, 44.061, 44.061, 44.061, 44.061, 44.0709, 44.061
6.52768, 1044, 976.427, 44.0691, 32.3419, 67.5732, 0, 44.0691, 44.0693, 44.0731, 970.194, 50.288, 44.0691, 44.0691, 44.0691, 44.0691, 44.0691, 44.0691, 44.0691, 44.0691, 44.0691, 44.0691, 44.0691, 44.0691, 44.0691, 44.0691, 44.0691, 44.0691, 44.0691, 44.0782, 44.0691
6.53556, 848, 830.023, 44.076, 29.1548, 17.9771, 0, 44.0761, 44.0762, 44.0801, 824.112, 49.9742, 44.076, 44.076, 44.076, 44.076, 44.076, 44.076, 44.076, 44.076, 44.076, 44.076, 44.076, 44.076, 44.076, 44.076, 44.076, 44.076, 44.076, 44.0846, 44.076
6.54344, 780, 699.993, 44.0821, 27.9643, 80.0068, 0, 44.0821, 44.0822, 44.086, 694.444, 49.6187, 44.0821, 44.0821, 44.0821, 44.0821, 44.0821, 44.0821, 44.0821, 44.0821, 44.0821, 44.0821, 44.0821, 44.0821, 44.0821, 44.0821, 44.0821, 44.0821, 44.0821, 44.0903, 44.0821
6.55132, 706, 586.023, 44.0872, 26.6083, 119.977, 0, 44.0873, 44.0874, 44.0911, 580.867, 49.2313, 44.0872, 44.0872, 44.0872, 44.0872, 44.0872, 44.0872, 44.0872, 44.0872, 44.0872, 44.0872, 44.0872, 44.0872, 44.0872, 44.0872, 44.0872, 44.0872, 44.0872, 44.0953, 44.0872
6.5592, 586, 487.407, 44.0918, 24.2487, 98.5933, 0, 44.0919, 44.092, 44.0956, 482.664, 48.8224, 44.0918, 44.0918, 44.0918, 44.0918, 44.0918, 44.0918, 44.0918, 44.0918, 44.0918, 44.0918, 44.0918, 44.0918, 44.0918, 44.0918, 44.0918, 44.0918, 44.0918, 44.0998, 44.0918
6.56708, 412, 403.155, 44.096, 20.347, 8.84506, 0, 44.096, 44.0962, 44.0996, 398.837, 48.402, 44.096, 44.096, 44.096, 44.096, 44.096, 44.096, 44.096, 44.096, 44.096, 44.096, 44.096, 44.096, 44.096, 44.096, 44.096, 44.096, 44.096, 44.104, 44.096
6.57496, 364, 332.052, 44.0998, 19.1311, 31.948, 0, 44.0998, 44.1, 44.1033, 328.16, 47.9795, 44.0998, 44.0998, 44.0998, 44.0998, 44.0998, 44.0998, 44.0998, 44.0998, 44.0998, 44.0998, 44.0998, 44.0998, 44.0998, 44.0998, 44.0998, 44.0998, 44.0998, 44.108, 44.0998
6.58284, 290, 272.767, 44.1034, 17.088, 17.2333, 0, 44.1034, 44.1037, 44.1068, 269.294, 47.5636, 44.1034, 44.1034, 44.1034, 44.1034, 44.1034, 44.1034, 44.1034, 44.1034, 44.1034, 44.1034, 44.1034, 44.1034, 44.1034, 44.1034, 44.1034, 44.1034, 44.1034, 44.1119, 44.1034
6.59072, 270, 223.915, 44.107, 16.4924, 46.0853, 0, 44.107, 44.1073, 44.1102, 220.848, 47.1617, 44.107, 44.107, 44.107, 44.107, 44.107, 44.107, 44.107, 44.107, 44.107, 44.107, 44.107, 44.107, 44.107, 44.107, 44.107, 44.107, 44.107, 44.1158, 44.107
6.5986, 218, 184.132, 44.1106, 14.8324, 33.8685, 0, 44.1106, 44.1109, 44.1136, 181.45, 46.7802, 44.1106, 44.1106, 44.1106, 44.1106, 44.1106, 44.1106, 44.1106, 44.1106, 44.1106, 44.1106, 44.1106, 44.1106, 44.1106, 44.1106, 44.1106, 44.1106, 44.1106, 44.1197, 44.1106
6.60648, 156, 152.101, 44.1143, 12.5698, 3.8989, 0, 44.1144, 44.1146, 44.1172, 149.779, 46.4238, 44.1143, 44.1143, 44.1143, 44.1143, 44.1143, 44.1143, 44.1143, 44.1143, 44.1143, 44.1143, 44.1143, 44.1143, 44.1143, 44.1143, 44.1143, 44.1143, 44.1143, 44.1237, 44.1143
6.61436, 158, 126.601, 44.1182, 12.6491, 31.3987, 0, 44.1182, 44.1185, 44.1208, 124.611, 46.096, 44.1182, 44.1182, 44.1182, 44.1182, 44.1182, 44.1182, 44.1182, 44.1182, 44.1182, 44.1182, 44.1182, 44.1182, 44.1182, 44.1182, 44.1182, 44.1182, 44.1182, 44.1279, 44.1182
6.62224, 92, 106.53, 44.1222, 9.69536, -14.5295, 0, 44.1222, 44.1225, 44.1247, 104.84, 45.799, 44.1222, 44.1222, 44.1222, 44.1222, 44.1222, 44.1222, 44.1222, 44.1222, 44.1222, 44.1222, 44.1222, 44.1222, 44.1222, 44.1222, 44.1222, 44.1222, 44.1222, 44.1321, 44.1222
6.63012, 116, 90.9002, 44.1263, 10.8628, 25.0998, 0, 44.1264, 44.1267, 44.1286, 89.4799, 45.5338, 44.1263, 44.1263, 44.1263, 44.1263, 44.1263, 44.1263, 44.1263, 44.1263, 44.1263, 44.1263, 44.1263, 44.1263, 44.1263, 44.1263, 44.1263, 44.1263, 44.1263, 44.1365, 44.1263
6.638, 56, 78.8627, 44.1306, 7.61577, -22.8627, 0, 44.1307, 44.1311, 44.1328, 77.6804, 45.3001, 44.1306, 44.1306, 44.1306, 44.1306, 44.1306, 44.1306, 44.1306, 44.1306, 44.1306, 44.1306, 44.1306, 44.1306, 44.1306, 44.1306, 44.1306, 44.1306, 44.1306, 44.1409, 44.1306
6.64588, 64, 69.6902, 44.1351, 8.12404, -5.69025, 0, 44.1351, 44.1356, 44.137, 68.7153, 45.0972, 44.1351, 44.1351, 44.1351, 44.1351, 44.1351, 44.1351, 44.1351, 44.1351, 44.1351, 44.1351, 44.1351, 44.1351, 44.1351, 44.1351, 44.1351, 44.1351, 44.1351, 44.1454, 44.1351
6.65376, 50, 62.7758, 44.1395, 7.2111, -12.7758, 0, 44.1396, 44.1401, 44.1414, 61.9794, 44.9232, 44.1395, 44.1395, 44.1395, 44.1395, 44.1395, 44.1395, 44.1395, 44.1395, 44.1395, 44.1395, 44.1395, 44.1395, 44.1395, 44.1395, 44.1395, 44.1395, 44.1395, 44.1499, 44.1395
6.66164, 46, 57.6177, 44.144, 6.9282, -11.6177, 0, 44.144, 44.1447, 44.1458, 56.9731, 44.776, 44.144, 44.144, 44.144, 44.144, 44.144, 44.144, 44.144, 44.144, 44.144, 44.144, 44.144, 44.144, 44.144, 44.144, 44.144, 44.144, 44.144, 44.1543, 44.144
6.66952, 50, 53.8098, 44.1485, 7.2111, -3.80979, 0, 44.1485, 44.1493, 44.1501, 53.2927, 44.653, 44.1485, 44.1485, 44.1485, 44.1485, 44.1485, 44.1485, 44.1485, 44.1485, 44.1485, 44.1485, 44.1485, 44.1485, 44.1485, 44.1485, 44.1485, 44.1485, 44.1485, 44.1586, 44.1485
6.6774, 38, 51.0281, 44.1528, 6.32456, -13.0281, 0, 44.1528, 44.1537, 44.1543, 50.6168, 44.5516, 44.1528, 44.1528, 44.1528, 44.1528, 44.1528, 44.1528, 44.1528, 44.1528, 44.1528, 44.1528, 44.1528, 44.1528, 44.1528, 44.1528, 44.1528, 44.1528, 44.1528, 44.1627, 44.1528
6.68528, 24, 49.0172, 44.1569, 5.09902, -25.0172, 0, 44.1569, 44.158, 44.1583, 48.6928, 44.4691, 44.1569, 44.1569, 44.1569, 44.1569, 44.1569, 44.1569, 44.1569, 44.1569, 44.1569, 44.1569, 44.1569, 44.1569, 44.1569, 44.1569, 44.1569, 44.1569, 44.1569, 44.1665, 44.1569
6.69316, 42, 47.5792, 44.1607, 6.63325, -5.5792, 0, 44.1607, 44.1621, 44.1621, 47.3252, 44.4027, 44.1607, 44.1607, 44.1607, 44.1607, 44.1607, 44.1607, 44.1607, 44.1607, 44.1607, 44.1607, 44.1607, 44.1607, 44.1607, 44.1607, 44.1607, 44.1607, 44.1607, 44.17, 44.1607
6.70104, 34, 46.5627, 44.1643, 6, -12.5627, 0, 44.1643, 44.1659, 44.1656, 46.3651, 44.35, 44.1643, 44.1643, 44.1643, 44.1643, 44.1643, 44.1643, 44.1643, 44.1643, 44.1643, 44.1643, 44.1643, 44.1643, 44.1643, 44.1643, 44.1643, 44.1643, 44.1643, 44.1731, 44.1643
6.70892, 30, 45.8539, 44.1674, 5.65685, -15.8539, 0, 44.1674, 44.1694, 44.1687, 45.701, 44.3086, 44.1674, 44.1674, 44.1674, 44.1674, 44.1674, 44.1674, 44.1674, 44.1674, 44.1674, 44.1674, 44.1674, 44.1674, 44.1674, 44.1674, 44.1674, 44.1674, 44.1674, 44.1758, 44.1674
6.7168, 40, 45.3684, 44.1701, 6.48074, -5.36836, 0, 44.1701, 44.1725, 44.1714, 45.2506, 44.2763, 44.1701, 44.1701, 44.1701, 44.1701, 44.1701, 44.1701, 44.1701, 44.1701, 44.1701, 44.1701, 44.1701, 44.1701, 44.1701, 44.1701, 44.1701, 44.1701, 44.1701, 44.1781, 44.1701
6.72468, 28, 45.0451, 44.1724, 5.47723, -17.0451, 0, 44.1724, 44.1752, 44.1736, 44.9545, 44.2515, 44.1724, 44.1724, 44.1724, 44.1724, 44.1724, 44.1724, 44.1724, 44.1724, 44.1724, 44.1724, 44.1724, 44.1724, 44.1724, 44.1724, 44.1724, 44.1724, 44.1724, 44.1798, 44.1724
6.73256, 44, 44.8414, 44.1741, 6.78233, -0.841412, 0, 44.1741, 44.1775, 44.1753, 44.7716, 44.2325, 44.1741, 44.1741, 44.1741, 44.1741, 44.1741, 44.1741, 44.1741, 44.1741, 44.1741, 44.1741, 44.1741, 44.1741, 44.1741, 44.1741, 44.1741, 44.1741, 44.1741, 44.181, 44.1741
6.74044, 26, 44.7286, 44.1752, 5.2915, -18.7286, 0, 44.1753, 44.1792, 44.1764, 44.6745, 44.2179, 44.1752, 44.1752, 44.1752, 44.1752, 44.1752, 44.1752, 44.1752, 44.1752, 44.1752, 44.1752, 44.1752, 44.1752, 44.1752, 44.1752, 44.1752, 44.1752, 44.1752, 44.1816, 44.1752
6.74832, 24, 44.6899, 44.1758, 5.09902, -20.6899, 0, 44.1758, 44.1804, 44.177, 44.6474, 44.2067, 44.1758, 44.1758, 44.1758, 44.1758, 44.1758, 44.1758, 44.1758, 44.1758, 44.1758, 44.1758, 44.1758, 44.1758, 44.1758, 44.1758, 44.1758, 44.1758, 44.1758, 44.1816, 44.1758
6.7562, 26, 44.7178, 44.1757, 5.2915, -18.7178, 0, 44.1757, 44.1811, 44.1769, 44.6838, 44.1979, 44.1757, 44.1757, 44.1757, 44.1757, 44.1757, 44.1757, 44.1757, 44.1757, 44.1757, 44.1757, 44.1757, 44.1757, 44.1757, 44.1757, 44.1757, 44.1757, 44.1757, 44.181, 44.1757
6.76408, 22, 44.8137, 44.175, 4.89898, -22.8137, 0, 44.175, 44.1812, 44.1762, 44.7858, 44.1908, 44.175, 44.175, 44.175, 44.175, 44.175, 44.175, 44.175, 44.175, 44.175, 44.175, 44.175, 44.175, 44.175, 44.175, 44.175, 44.175, 44.175, 44.1798, 44.175
6.77196, 38, 44.9867, 44.1737, 6.32456, -6.98674, 0, 44.1737, 44.1808, 44.1748, 44.9632, 44.1847, 44.1737, 44.1737, 44.1737, 44.1737, 44.1737, 44.1737, 44.1737, 44.1737, 44.1737, 44.1737, 44.1737, 44.1737, 44.1737, 44.1737, 44.1737, 44.1737, 44.1737, 44.1779, 44.1737
6.77984, 18, 45.2548, 44.1716, 4.47214, -27.2548, 0, 44.1716, 44.1797, 44.1728, 45.2341, 44.1793, 44.1716, 44.1716, 44.1716, 44.1716, 44.1716, 44.1716, 44.1716, 44.1716, 44.1716, 44.1716, 44.1716, 44.1716, 44.1716, 44.1716, 44.1716, 44.1716, 44.1716, 44.1754, 44.1716
6.78772, 32, 45.6446, 44.1689, 5.83095, -13.6446, 0, 44.1689, 44.178, 44.17, 45.6257, 44.1742, 44.1689, 44.1689, 44.1689, 44.1689, 44.1689, 44.1689, 44.1689, 44.1689, 44.1689, 44.1689, 44.1689, 44.1689, 44.1689, 44.1689, 44.1689, 44.1689, 44.1689, 44.1722, 44.1689
6.7956, 38, 46.1931, 44.1654, 6.32456, -8.19313, 0, 44.1654, 44.1755, 44.1666, 46.1753, 44.169, 44.1654, 44.1654, 44.1654, 44.1654, 44.1654, 44.1654, 44.1654, 44.1654, 44.1654, 44.1654, 44.1654, 44.1654, 44.1654, 44.1654, 44.1654, 44.1654, 44.1654, 44.1683, 44.1654
6.80348, 54, 46.9491, 44.1612, 7.48331, 7.05088, 0, 44.1612, 44.1724, 44.1624, 46.9317, 44.1636, 44.1612, 44.1612, 44.1612, 44.1612, 44.1612, 44.1612, 44.1612, 44.1612, 44.1612, 44.1612, 44.1612, 44.1612, 44.1612, 44.1612, 44.1612, 44.1612, 44.1612, 44.1637, 44.1612
6.81136, 28, 47.9749, 44.1562, 5.47723, -19.9749, 0, 44.1562, 44.1685, 44.1574, 47.9576, 44.1579, 44.1562, 44.1562, 44.1562, 44.1562, 44.1562, 44.1562, 44.1562, 44.1562, 44.1562, 44.1562, 44.1562, 44.1562, 44.1562, 44.1562, 44.1562, 44.1562, 44.1562, 44.1584, 44.1562
6.81924, 26, 49.3477, 44.1504, 5.2915, -23.3477, 0, 44.1504, 44.1637, 44.1516, 49.3302, 44.1515, 44.1504, 44.1504, 44.1504, 44.1504, 44.1504, 44.1504, 44.1504, 44.1504, 44.1504, 44.1504, 44.1504, 44.1504, 44.1504, 44.1504, 44.1504, 44.1504, 44.1504, 44.1522, 44.1504
6.82712, 36, 51.1626, 44.1436, 6.16441, -15.1626, 0, 44.1436, 44.158, 44.1448, 51.1446, 44.1443, 44.1436, 44.1436, 44.1436, 44.1436, 44.1436, 44.1436, 44.1436, 44.1436, 44.1436, 44.1436, 44.1436, 44.1436, 44.1436, 44.1436, 44.1436, 44.1436, 44.1436, 44.1452, 44.1436
6.835, 54, 53.5329, 44.1359, 7.48331, 0.467121, 0, 44.1359, 44.1513, 44.1371, 53.5145, 44.1363, 44.1359, 44.1359, 44.1359, 44.1359, 44.1359, 44.1359, 44.1359, 44.1359, 44.1359, 44.1359, 44.1359, 44.1359, 44.1359, 44.1359, 44.1359, 44.1359, 44.1359, 44.1372, 44.1359
6.84288, 44, 56.5916, 44.1269, 6.78233, -12.5916, 0, 44.127, 44.1433, 44.1282, 56.5727, 44.1273, 44.1269, 44.1269, 44.1269, 44.1269, 44.1269, 44.1269, 44.1269, 44.1269, 44.1269, 44.1269, 44.1269, 44.1269, 44.1269, 44.1269, 44.1269, 44.1269, 44.1269, 44.1281, 44.1269
6.85076, 66, 60.4922, 44.1167, 8.24621, 5.50784, 0, 44.1167, 44.1339, 44.1179, 60.4727, 44.1169, 44.1167, 44.1167, 44.1167, 44.1167, 44.1167, 44.1167, 44.1167, 44.1167, 44.1167, 44.1167, 44.1167, 44.1167, 44.1167, 44.1167, 44.1167, 44.1167, 44.1167, 44.1176, 44.1167
6.85864, 62, 65.4072, 44.1049, 8, -3.40717, 0, 44.1049, 44.1227, 44.1061, 65.3873, 44.105, 44.1049, 44.1049, 44.1049, 44.1049, 44.1049, 44.1049, 44.1049, 44.1049, 44.1049, 44.1049, 44.1049, 44.1049, 44.1049, 44.1049, 44.1049, 44.1049, 44.1049, 44.1057, 44.1049
6.86652, 104, 71.5271, 44.0912, 10.2956, 32.4729, 0, 44.0912, 44.1095, 44.0924, 71.5068, 44.0913, 44.0912, 44.0912, 44.0912, 44.0912, 44.0912, 44.0912, 44.0912, 44.0912, 44.0912, 44.0912, 44.0912, 44.0912, 44.0912, 44.0912, 44.0912, 44.0912, 44.0912, 44.0918, 44.0912
6.8744, 84, 79.0547, 44.0751, 9.27362, 4.94529, 0, 44.0751, 44.0938, 44.0763, 79.0342, 44.0752, 44.0751, 44.0751, 44.0751, 44.0751, 44.0751, 44.0751, 44.0751, 44.0751, 44.0751, 44.0751, 44.0751, 44.0751, 44.0751, 44.0751, 44.0751, 44.0751, 44.0751, 44.0756, 44.0751
6.88228, 106, 88.2021, 44.0561, 10.3923, 17.7979, 0, 44.0561, 44.0751, 44.0574, 88.1814, 44.0562, 44.0561, 44.0561, 44.0561, 44.0561, 44.0561, 44.0561, 44.0561, 44.0561, 44.0561, 44.0561, 44.0561, 44.0561, 44.0561, 44.0561, 44.0561, 44.0561, 44.0561, 44.0565, 44.0561
6.89016, 90, 99.1821, 44.0335, 9.59166, -9.18211, 0, 44.0336, 44.0525, 44.0348, 99.1615, 44.0336, 44.0335, 44.0335, 44.0335, 44.0335, 44.0335, 44.0335, 44.0335, 44.0335, 44.0335, 44.0335, 44.0335, 44.0335, 44.0335, 44.0335, 44.0335, 44.0335, 44.0335, 44.0339, 44.0335
6.89804, 114, 112.197, 44.0065, 10.7703, 1.80324, 0, 44.0065, 44.0253, 44.0077, 112.176, 44.0065, 44.0065, 44.0065, 44.0065, 44.0065, 44.0065, 44.0065, 44.0065, 44.0065, 44.0065, 44.0065, 44.0065, 44.0065, 44.0065, 44.0065, 44.0065, 44.0065, 44.0065, 44.0067, 44.0065
6.90592, 156, 127.43, 43.9738, 12.5698, 28.5705, 0, 43.9738, 43.9924, 43.9751, 127.409, 43.9738, 43.9738, 43.9738, 43.9738, 43.9738, 43.9738, 43.9738, 43.9738, 43.9738, 43.9738, 43.9738, 43.9738, 43.9738, 43.9738, 43.9738, 43.9738, 43.9738, 43.9738, 43.974, 43.9738
6.9138, 172, 145.03, 43.9342, 13.1909, 26.9699, 0, 43.9342, 43.9523, 43.9355, 145.011, 43.9342, 43.9342, 43.9342, 43.9342, 43.9342, 43.9342, 43.9342, 43.9342, 43.9342, 43.9342, 43.9342, 43.9342, 43.9342, 43.9342, 43.9342, 43.9342, 43.9342, 43.9342, 43.9344, 43.9342
6.92168, 158, 165.101, 43.8861, 12.6491, -7.10063, 0, 43.8861, 43.9036, 43.8874, 165.082, 43.8861, 43.8861, 43.8861, 43.8861, 43.8861, 43.8861, 43.8861, 43.8861, 43.8861, 43.8861, 43.8861, 43.8861, 43.8861, 43.8861, 43.8861, 43.8861, 43.8861, 43.8861, 43.8862, 43.8861
6.92956, 168, 187.682, 43.8276, 13.0384, -19.6819, 0, 43.8276, 43.8443, 43.8289, 187.664, 43.8276, 43.8276, 43.8276, 43.8276, 43.8276, 43.8276, 43.8276, 43.8276, 43.8276, 43.8276, 43.8276, 43.8276, 43.8276, 43.8276, 43.8276, 43.8276, 43.8276, 43.8276, 43.8277, 43.8276
6.93744, 226, 212.739, 43.7565, 15.0997, 13.261, 0, 43.7565, 43.7724, 43.7578, 212.722, 43.7565, 43.7565, 43.7565, 43.7565, 43.7565, 43.7565, 43.7565, 43.7565, 43.7565, 43.7565, 43.7565, 43.7565, 43.7565, 43.7565, 43.7565, 43.7565, 43.7565, 43.7565, 43.7566, 43.7565
6.94532, 238, 240.152, 43.6703, 15.4919, -2.1515, 0, 43.6703, 43.6852, 43.6716, 240.135, 43.6703, 43.6703, 43.6703, 43.6703, 43.6703, 43.6703, 43.6703, 43.6703, 43.6703, 43.6703, 43.6703, 43.6703, 43.6703, 43.6703, 43.6703, 43.6703, 43.6703, 43.6703, 43.6704, 43.6703
6.9532, 326, 269.696, 43.5662, 18.1108, 56.3039, 0, 43.5662, 43.5801, 43.5675, 269.681, 43.5662, 43.5662, 43.5662, 43.5662, 43.5662, 43.5662, 43.5662, 43.5662, 43.5662, 43.5662, 43.5662, 43.5662, 43.5662, 43.5662, 43.5662, 43.5662, 43.5662, 43.5662, 43.5662, 43.5662
6.96108, 314, 301.052, 43.4411, 17.7764, 12.9484, 0, 43.4411, 43.4539, 43.4424, 301.037, 43.4411, 43.4411, 43.4411, 43.4411, 43.4411, 43.4411, 43.4411, 43.4411, 43.4411, 43.4411, 43.4411, 43.4411, 43.4411, 43.4411, 43.4411, 43.4411, 43.4411, 43.4411, 43.4411, 43.4411
6.96896, 338, 333.793, 43.2916, 18.4391, 4.20706, 0, 43.2916, 43.3033, 43.293, 333.78, 43.2916, 43.2916, 43.2916, 43.2916, 43.2916, 43.2916, 43.2916, 43.2916, 43.2916, 43.2916, 43.2916, 43.2916, 43.2916, 43.2916, 43.2916, 43.2916, 43.2916, 43.2916, 43.2916, 43.2916
6.97684, 338, 367.388, 43.1142, 18.4391, -29.3882, 0, 43.1142, 43.1248, 43.1156, 367.376, 43.1142, 43.1142, 43.1142, 43.1142, 43.1142, 43.1142, 43.1142, 43.1142, 43.1142, 43.1142, 43.1142, 43.1142, 43.1142, 43.1142, 43.1142, 43.1142, 43.1142, 43.1142, 43.1142, 43.1142
6.98472, 350, 401.222, 42.9053, 18.7617, -51.2216, 0, 42.9053, 42.9148, 42.9066, 401.211, 42.9053, 42.9053, 42.9053, 42.9053, 42.9053, 42.9053, 42.9053, 42.9053, 42.9053, 42.9053, 42.9053, 42.9053, 42.9053, 42.9053, 42.9053, 42.9053, 42.9053, 42.9053, 42.9053, 42.9053
6.9926, 450, 434.601, 42.6611, 21.2603, 15.399, 0, 42.6611, 42.6696, 42.6625, 434.591, 42.6611, 42.6611, 42.6611, 42.6611, 42.6611, 42.6611, 42.6611, 42.6611, 42.6611, 42.6611, 42.6611, 42.6611, 42.6611, 42.6611, 42.6611, 42.6611, 42.6611, 42.6611, 42.6611, 42.6611
7.00048, 418, 466.716, 42.3107, 20.4939, -48.7159, 0, 42.3107, 42.3182, 42.3121, 466.707, 42.3107, 42.3107, 42.3107, 42.3107, 42.3107, 42.3107, 42.3107, 42.3107, 42.3107, 42.3107, 42.3107, 42.3107, 42.3107, 42.3107, 42.3107, 42.3107, 42.3107, 42.3107, 42.3107, 42.3107
7.00836, 484, 496.393, 41.4552, 22.0454, -12.3931, 0, 41.4552, 41.4618, 41.4566, 496.385, 41.4552, 41.4552, 41.4552, 41.4552, 41.4552, 41.4552, 41.4552, 41.4552, 41.4552, 41.4552, 41.4552, 41.4552, 41.4552, 41.4552, 41.4552, 41.4552, 41.4552, 41.4552, 41.4552, 41.4552
7.01624, 452, 523.379, 40.5999, 21.3073, -71.3785, 0, 40.5999, 40.6056, 40.6013, 523.371, 40.5999, 40.5999, 40.5999, 40.5999, 40.5999, 40.5999, 40.5999, 40.5999, 40.5999, 40.5999, 40.5999, 40.5999, 40.5999, 40.5999, 40.5999, 40.5999, 40.5999, 40.5999, 40.5999, 40.5999
7.02412, 524, 546.909, 39.7128, 22.9347, -22.9091, 0, 39.7128, 39.7178, 39.7142, 546.903, 39.7128, 39.7128, 39.7128, 39.7128, 39.7128, 39.7128, 39.7128, 39.7128, 39.7128, 39.7128, 39.7128, 39.7128, 39.7128, 39.7128, 39.7128, 39.7128, 39.7128, 39.7128, 39.7128, 39.7128
7.032, 478, 566.319, 38.7964, 21.9089, -88.3195, 0, 38.7964, 38.8007, 38.7979, 566.314, 38.7964, 38.7964, 38.7964, 38.7964, 38.7964, 38.7964, 38.7964, 38.7964, 38.7964, 38.7964, 38.7964, 38.7964, 38.7964, 38.7964, 38.7964, 38.7964, 38.7964, 38.7964, 38.7964, 38.7964
7.03988, 478, 581.047, 37.8537, 21.9089, -103.047, 0, 37.8537, 37.8573, 37.8551, 581.042, 37.8537, 37.8537, 37.8537, 37.8537, 37.8537, 37.8537, 37.8537, 37.8537, 37.8537, 37.8537, 37.8537, 37.8537, 37.8537, 37.8537, 37.8537, 37.8537, 37.8537, 37.8537, 37.8537, 37.8537
7.04776, 566, 590.651, 36.8886, 23.8328, -24.651, 0, 36.8886, 36.8916, 36.89, 590.646, 36.8886, 36.8886, 36.8886, 36.8886, 36.8886, 36.8886, 36.8886, 36.8886, 36.8886, 36.8886, 36.8886, 36.8886, 36.8886, 36.8886, 36.8886, 36.8886, 36.8886, 36.8886, 36.8886, 36.8886
7.05564, 516, 594.835, 35.9059, 22.7596, -78.8354, 0, 35.9059, 35.9085, 35.9074, 594.831, 35.9059, 35.9059, 35.9059, 35.9059, 35.9059, 35.9059, 35.9059, 35.9059, 35.9059, 35.9059, 35.9059, 35.9059, 35.9059, 35.9059, 35.9059, 35.9059, 35.9059, 35.9059, 35.9059, 35.9059
7.06352, 588, 593.463, 34.9115, 24.2899, -5.46265, 0, 34.9115, 34.9137, 34.913, 593.459, 34.9115, 34.9115, 34.9115, 34.9115, 34.9115, 34.9115, 34.9115, 34.9115, 34.9115, 34.9115, 34.9115, 34.9115, 34.9115, 34.9115, 34.9115, 34.9115, 34.9115, 34.9115, 34.9115, 34.9115
7.0714, 488, 586.562, 33.9114, 22.1359, -98.5616, 0, 33.9114, 33.9132, 33.9129, 586.558, 33.9114, 33.9114, 33.9114, 33.9114, 33.9114, 33.9114, 33.9114, 33.9114, 33.9114, 33.9114, 33.9114, 33.9114, 33.9114, 33.9114, 33.9114, 33.9114, 33.9114, 33.9114, 33.9114, 33.9114
7.07928, 576, 574.323, 32.9121, 24.0416, 1.67676, 0, 32.9121, 32.9136, 32.9136, 574.32, 32.9121, 32.9121, 32.9121, 32.9121, 32.9121, 32.9121, 32.9121, 32.9121, 32.9121, 32.9121, 32.9121, 32.9121, 32.9121, 32.9121, 32.9121, 32.9121, 32.9121, 32.9121, 32.9121, 32.9121
7.08716, 540, 557.095, 31.9208, 23.2809, -17.095, 0, 31.9208, 31.9221, 31.9224, 557.092, 31.9208, 31.9208, 31.9208, 31.9208, 31.9208, 31.9208, 31.9208, 31.9208, 31.9208, 31.9208, 31.9208, 31.9208, 31.9208, 31.9208, 31.9208, 31.9208, 31.9208, 31.9208, 31.9209, 31.9208
7.09504, 472, 535.358, 30.9445, 21.7715, -63.3579, 0, 30.9445, 30.9456, 30.9462, 535.355, 30.9445, 30.9445, 30.9445, 30.9445, 30.9445, 30.9445, 30.9445, 30.9445, 30.9445, 30.9445, 30.9445, 30.9445, 30.9445, 30.9445, 30.9445, 30.9445, 30.9445, 30.9445, 30.9446, 30.9445
7.10292, 516, 509.71, 29.9902, 22.7596, 6.28995, 0, 29.9902, 29.9912, 29.992, 509.707, 29.9902, 29.9902, 29.9902, 29.9902, 29.9902, 29.9902, 29.9902, 29.9902, 29.9902, 29.9902, 29.9902, 29.9902, 29.9902, 29.9902, 29.9902, 29.9902, 29.9902, 29.9902, 29.9903, 29.9902
7.1108, 420, 480.827, 29.064, 20.5426, -60.8268, 0, 29.064, 29.0648, 29.0659, 480.824, 29.064, 29.064, 29.064, 29.064, 29.064, 29.064, 29.064, 29.064, 29.064, 29.064, 29.064, 29.064, 29.064, 29.064, 29.064, 29.064, 29.064, 29.064, 29.0641, 29.064
7.11868, 406, 449.45, 28.172, 20.199, -43.4498, 0, 28.172, 28.1727, 28.1741, 449.447, 28.172, 28.172, 28.172, 28.172, 28.172, 28.172, 28.172, 28.172, 28.172, 28.172, 28.172, 28.172, 28.172, 28.172, 28.172, 28.172, 28.172, 28.172, 28.1722, 28.172
7.12656, 374, 416.337, 27.319, 19.3907, -42.3365, 0, 27.319, 27.3196, 27.3213, 416.333, 27.319, 27.319, 27.319, 27.319, 27.319, 27.319, 27.319, 27.319, 27.319, 27.319, 27.319, 27.319, 27.319, 27.319, 27.319, 27.319, 27.319, 27.319, 27.3192, 27.319
7.13444, 340, 382.238, 26.509, 18.4932, -42.2377, 0, 26.509, 26.5096, 26.5118, 382.234, 26.509, 26.509, 26.509, 26.509, 26.509, 26.509, 26.509, 26.509, 26.509, 26.509, 26.509, 26.509, 26.509, 26.509, 26.509, 26.509, 26.509, 26.509, 26.5094, 26.509
7.14232, 326, 347.876, 25.7453, 18.1108, -21.8756, 0, 25.7454, 25.7459, 25.7487, 347.871, 25.7453, 25.7453, 25.7453, 25.7453, 25.7453, 25.7453, 25.7453, 25.7453, 25.7453, 25.7453, 25.7453, 25.7453, 25.7453, 25.7453, 25.7453, 25.7453, 25.7453, 25.7453, 25.7458, 25.7453
7.1502, 292, 313.907, 25.0298, 17.1464, -21.9074, 0, 25.0298, 25.0303, 25.0341, 313.902, 25.0298, 25.0298, 25.0298, 25.0298, 25.0298, 25.0298, 25.0298, 25.0298, 25.0298, 25.0298, 25.0298, 25.0298, 25.0298, 25.0298, 25.0298, 25.0298, 25.0298, 25.0298, 25.0305, 25.0298
7.15808, 230, 280.915, 24.3626, 15.2315, -50.9147, 0, 24.3626, 24.3631, 24.3682, 280.908, 24.3626, 24.3626, 24.3626, 24.3626, 24.3626, 24.3626, 24.3626, 24.3626, 24.3626, 24.3626, 24.3626, 24.3626, 24.3626, 24.3626, 24.3626, 24.3626, 24.3626, 24.3626, 24.3635, 24.3626
7.16596, 248, 249.386, 23.7431, 15.8114, -1.38647, 0, 23.7431, 23.7435, 23.7505, 249.377, 23.7431, 23.7431, 23.7431, 23.7431, 23.7431, 23.7431, 23.7431, 23.7431, 23.7431, 23.7431, 23.7431, 23.7431, 23.7431, 23.7431, 23.7431, 23.7431, 23.7431, 23.7431, 23.7443, 23.7431
7.17384, 218, 219.72, 23.1701, 14.8324, -1.72008, 0, 23.1702, 23.1706, 23.1801, 219.708, 23.1701, 23.1701, 23.1701, 23.1701, 23.1701, 23.1701, 23.1701, 23.1701, 23.1701, 23.1701, 23.1701, 23.1701, 23.1701, 23.1701, 23.1701, 23.1701, 23.1701, 23.1701, 23.1717, 23.1701
7.18172, 206, 192.205, 22.6414, 14.4222, 13.7945, 0, 22.6414, 22.6419, 22.655, 192.189, 22.6414, 22.6414, 22.6414, 22.6414, 22.6414, 22.6414, 22.6414, 22.6414, 22.6414, 22.6414, 22.6414, 22.6414, 22.6414, 22.6414, 22.6414, 22.6414, 22.6414, 22.6414, 22.6434, 22.6414
7.1896, 188, 167.036, 22.154, 13.784, 20.9641, 0, 22.154, 22.1544, 22.1727, 167.014, 22.154, 22.154, 22.154, 22.154, 22.154, 22.154, 22.154, 22.154, 22.154, 22.154, 22.154, 22.154, 22.154, 22.154, 22.154, 22.154, 22.154, 22.154, 22.1566, 22.154
7.19748, 122, 144.318, 21.7046, 11.1355, -22.3179, 0, 21.7047, 21.7051, 21.7304, 144.288, 21.7046, 21.7046, 21.7046, 21.7046, 21.7046, 21.7046, 21.7046, 21.7046, 21.7046, 21.7046, 21.7046, 21.7046, 21.7046, 21.7046, 21.7046, 21.7046, 21.7046, 21.7046, 21.7079, 21.7046
7.20536, 114, 124.073, 21.2898, 10.7703, -10.0734, 0, 21.2898, 21.2902, 21.3252, 124.033, 21.2898, 21.2898, 21.2898, 21.2898, 21.2898, 21.2898, 21.2898, 21.2898, 21.2898, 21.2898, 21.2898, 21.2898, 21.2898, 21.2898, 21.2898, 21.2898, 21.2898, 21.2898, 21.2939, 21.2898
7.21324, 82, 106.252, 20.9049, 9.16515, -24.2522, 0, 20.9049, 20.9053, 20.9534, 106.198, 20.9049, 20.9049, 20.9049, 20.9049, 20.9049, 20.9049, 20.9049, 20.9049, 20.9049, 20.9049, 20.9049, 20.9049, 20.9049, 20.9049, 20.9049, 20.9049, 20.9049, 20.9049, 20.91, 20.9049
7.22112, 90, 90.7513, 20.5456, 9.59166, -0.751297, 0, 20.5457, 20.5461, 20.6119, 90.6783, 20.5456, 20.5456, 20.5456, 20.5456, 20.5456, 20.5456, 20.5456, 20.5456, 20.5456, 20.5456, 20.5456, 20.5456, 20.5456, 20.5456, 20.5456, 20.5456, 20.5456, 20.5456, 20.552, 20.5456
7.229, 42, 77.426, 20.2076, 6.63325, -35.426, 0, 20.2076, 20.208, 20.2972, 77.3282, 20.2076, 20.2076, 20.2076, 20.2076, 20.2076, 20.2076, 20.2076, 20.2076, 20.2076, 20.2076, 20.2076, 20.2076, 20.2076, 20.2076, 20.2076, 20.2076, 20.2076, 20.2076, 20.2153, 20.2076
7.23688, 66, 66.0992, 19.8865, 8.24621, -0.099205, 0, 19.8865, 19.8869, 20.007, 65.969, 19.8865, 19.8865, 19.8865, 19.8865, 19.8865, 19.8865, 19.8865, 19.8865, 19.8865, 19.8865, 19.8865, 19.8865, 19.8865, 19.8865, 19.8865, 19.8865, 19.8865, 19.8865, 19.8958, 19.8865
7.24476, 54, 56.5766, 19.5785, 7.48331, -2.57656, 0, 19.5785, 19.579, 19.7391, 56.4044, 19.5785, 19.5785, 19.5785, 19.5785, 19.5785, 19.5785, 19.5785, 19.5785, 19.5785, 19.5785, 19.5785, 19.5785, 19.5785, 19.5785, 19.5785, 19.5785, 19.5785, 19.5785, 19.5897, 19.5785
7.25264, 52, 48.6579, 19.2803, 7.34847, 3.34207, 0, 19.2803, 19.2807, 19.4924, 48.4321, 19.2803, 19.2803, 19.2803, 19.2803, 19.2803, 19.2803, 19.2803, 19.2803, 19.2803, 19.2803, 19.2803, 19.2803, 19.2803, 19.2803, 19.2803, 19.2803, 19.2803, 19.2803, 19.2935, 19.2803
7.26052, 32, 42.1426, 18.9887, 5.83095, -10.1426, 0, 18.9888, 18.9892, 19.2665, 41.8489, 18.9887, 18.9887, 18.9887, 18.9887, 18.9887, 18.9887, 18.9887, 18.9887, 18.9887, 18.9887, 18.9887, 18.9887, 18.9887, 18.9887, 18.9887, 18.9887, 18.9887, 18.9887, 19.0042, 18.9887
7.2684, 30, 36.838, 18.7009, 5.65685, -6.83797, 0, 18.7009, 18.7013, 19.0612, 36.4592, 18.7009, 18.7009, 18.7009, 18.7009, 18.7009, 18.7009, 18.7009, 18.7009, 18.7009, 18.7009, 18.7009, 18.7009, 18.7009, 18.7009, 18.7009, 18.7009, 18.7009, 18.7009, 18.7189, 18.7009
7.27628, 16, 32.5643, 18.4142, 4.24264, -16.5643, 0, 18.4142, 18.4146, 18.8772, 32.0801, 18.4142, 18.4142, 18.4142, 18.4142, 18.4142, 18.4142, 18.4142, 18.4142, 18.4142, 18.4142, 18.4142, 18.4142, 18.4142, 18.4142, 18.4142, 18.4142, 18.4142, 18.4142, 18.4349, 18.4142
7.28416, 34, 29.1585, 18.1266, 6, 4.84152, 0, 18.1266, 18.127, 18.7159, 28.5452, 18.1266, 18.1266, 18.1266, 18.1266, 18.1266, 18.1266, 18.1266, 18.1266, 18.1266, 18.1266, 18.1266, 18.1266, 18.1266, 18.1266, 18.1266, 18.1266, 18.1266, 18.1266, 18.1501, 18.1266
7.29204, 20, 26.4752, 17.8363, 4.69042, -6.47524, 0, 17.8363, 17.8368, 18.5792, 25.7054, 17.8363, 17.8363, 17.8363, 17.8363, 17.8363, 17.8363, 17.8363, 17.8363, 17.8363, 17.8363, 17.8363, 17.8363, 17.8363, 17.8363, 17.8363, 17.8363, 17.8363, 17.8363, 17.8628, 17.8363
7.29992, 10, 24.3882, 17.5425, 3.4641, -14.3882, 0, 17.5425, 17.543, 18.47, 23.4308, 17.5425, 17.5425, 17.5425, 17.5425, 17.5425, 17.5425, 17.5425, 17.5425, 17.5425, 17.5425, 17.5425, 17.5425, 17.5425, 17.5425, 17.5425, 17.5425, 17.5425, 17.5425, 17.5721, 17.5425
7.3078, 18, 22.9769, 17.4319, 4.47214, -4.97687, 0, 17.432, 17.4324, 18.5785, 21.7972, 17.4319, 17.4319, 17.4319, 17.4319, 17.4319, 17.4319, 17.4319, 17.4319, 17.4319, 17.4319, 17.4319, 17.4319, 17.4319, 17.4319, 17.4319, 17.4319, 17.4319, 17.4319, 17.4646, 17.4319
7.31568, 24, 21.9189, 17.2727, 5.09902, 2.08113, 0, 17.2727, 17.2732, 18.6764, 20.479, 17.2727, 17.2727, 17.2727, 17.2727, 17.2727, 17.2727, 17.2727, 17.2727, 17.2727, 17.2727, 17.2727, 17.2727, 17.2727, 17.2727, 17.2727, 17.2727, 17.2727, 17.2727, 17.3084, 17.2727
7.32356, 14, 21.2045, 17.1303, 4, -7.20446, 0, 17.1303, 17.1308, 18.832, 19.4637, 17.1303, 17.1303, 17.1303, 17.1303, 17.1303, 17.1303, 17.1303, 17.1303, 17.1303, 17.1303, 17.1303, 17.1303, 17.1303, 17.1303, 17.1303, 17.1303, 17.1303, 17.1303, 17.1689, 17.1303
7.33144, 10, 20.7555, 16.9884, 3.4641, -10.7555, 0, 16.9884, 16.9889, 19.0312, 18.6708, 16.9884, 16.9884, 16.9884, 16.9884, 16.9884, 16.9884, 16.9884, 16.9884, 16.9884, 16.9884, 16.9884, 16.9884, 16.9884, 16.9884, 16.9884, 16.9884, 16.9884, 16.9884, 17.0297, 16.9884
7.33932, 18, 20.5218, 16.8471, 4.47214, -2.5218, 0, 16.8471, 16.8475, 19.2754, 18.0491, 16.8471, 16.8471, 16.8471, 16.8471, 16.8471, 16.8471, 16.8471, 16.8471, 16.8471, 16.8471, 16.8471, 16.8471, 16.8471, 16.8471, 16.8471, 16.8471, 16.8471, 16.8471, 16.8909, 16.8471
7.3472, 10, 20.4623, 16.7064, 3.4641, -10.4623, 0, 16.7064, 16.7069, 19.5648, 17.5574, 16.7064, 16.7064, 16.7064, 16.7064, 16.7064, 16.7064, 16.7064, 16.7064, 16.7064, 16.7064, 16.7064, 16.7064, 16.7064, 16.7064, 16.7064, 16.7064, 16.7064, 16.7064, 16.7525, 16.7064
7.35508, 16, 20.5433, 16.5663, 4.24264, -4.54329, 0, 16.5663, 16.5667, 19.8979, 17.1632, 16.5663, 16.5663, 16.5663, 16.5663, 16.5663, 16.5663, 16.5663, 16.5663, 16.5663, 16.5663, 16.5663, 16.5663, 16.5663, 16.5663, 16.5663, 16.5663, 16.5663, 16.5663, 16.6142, 16.5663
7.36296, 28, 20.7369, 16.4267, 5.47723, 7.26313, 0, 16.4267, 16.4272, 20.2721, 16.8416, 16.4267, 16.4267, 16.4267, 16.4267, 16.4267, 16.4267, 16.4267, 16.4267, 16.4267, 16.4267, 16.4267, 16.4267, 16.4267, 16.4267, 16.4267, 16.4267, 16.4267, 16.4267, 16.4761, 16.4267
7.37084, 20, 21.0194, 16.2878, 4.69042, -1.01936, 0, 16.2878, 16.2882, 20.6827, 16.5735, 16.2878, 16.2878, 16.2878, 16.2878, 16.2878, 16.2878, 16.2878, 16.2878, 16.2878, 16.2878, 16.2878, 16.2878, 16.2878, 16.2878, 16.2878, 16.2878, 16.2878, 16.2878, 16.3382, 16.2878
7.37872, 22, 21.3698, 16.1493, 4.89898, 0.630196, 0, 16.1493, 16.1498, 21.1233, 16.3444, 16.1493, 16.1493, 16.1493, 16.1493, 16.1493, 16.1493, 16.1493, 16.1493, 16.1493, 16.1493, 16.1493, 16.1493, 16.1493, 16.1493, 16.1493, 16.1493, 16.1493, 16.1493, 16.2002, 16.1493
7.3866, 20, 21.7693, 16.0115, 4.69042, -1.76934, 0, 16.0115, 16.0119, 21.586, 16.1434, 16.0115, 16.0115, 16.0115, 16.0115, 16.0115, 16.0115, 16.0115, 16.0115, 16.0115, 16.0115, 16.0115, 16.0115, 16.0115, 16.0115, 16.0115, 16.0115, 16.0115, 16.0115, 16.0624, 16.0115
7.39448, 32, 22.2004, 15.8743, 5.83095, 9.79965, 0, 15.8743, 15.8748, 22.0609, 15.9628, 15.8743, 15.8743, 15.8743, 15.8743, 15.8743, 15.8743, 15.8743, 15.8743, 15.8743, 15.8743, 15.8743, 15.8743, 15.8743, 15.8743, 15.8743, 15.8743, 15.8743, 15.8743, 15.9247, 15.8743
7.40236, 24, 22.6457, 15.7376, 5.09902, 1.35433, 0, 15.7376, 15.7381, 22.5369, 15.7964, 15.7376, 15.7376, 15.7376, 15.7376, 15.7376, 15.7376, 15.7376, 15.7376, 15.7376, 15.7376, 15.7376, 15.7376, 15.7376, 15.7376, 15.7376, 15.7376, 15.7376, 15.7376, 15.7871, 15.7376
7.41024, 16, 23.0889, 15.6015, 4.24264, -7.0889, 0, 15.6015, 15.602, 23.0016, 15.6402, 15.6015, 15.6015, 15.6015, 15.6015, 15.6015, 15.6015, 15.6015, 15.6015, 15.6015, 15.6015, 15.6015, 15.6015, 15.6015, 15.6015, 15.6015, 15.6015, 15.6015, 15.6015, 15.6496, 15.6015
7.41812, 24, 23.5139, 15.4661, 5.09902, 0.486065, 0, 15.4661, 15.4666, 23.4419, 15.4913, 15.4661, 15.4661, 15.4661, 15.4661, 15.4661, 15.4661, 15.4661, 15.4661, 15.4661, 15.4661, 15.4661, 15.4661, 15.4661, 15.4661, 15.4661, 15.4661, 15.4661, 15.4661, 15.5123, 15.4661
7.426, 32, 23.9052, 15.3311, 5.83095, 8.09483, 0, 15.3311, 15.3316, 23.8442, 15.3474, 15.3311, 15.3311, 15.3311, 15.3311, 15.3311, 15.3311, 15.3311, 15.3311, 15.3311, 15.3311, 15.3311, 15.3311, 15.3311, 15.3311, 15.3311, 15.3311, 15.3311, 15.3311, 15.3752, 15.3311
7.43388, 20, 24.2481, 15.1967, 4.69042, -4.24814, 0, 15.1967, 15.1972, 24.1955, 15.2072, 15.1967, 15.1967, 15.1967, 15.1967, 15.1967, 15.1967, 15.1967, 15.1967, 15.1967, 15.1967, 15.1967, 15.1967, 15.1967, 15.1967, 15.1967, 15.1967, 15.1967, 15.1967, 15.2383, 15.1967
7.44176, 24, 24.5295, 15.063, 5.09902, -0.529493, 0, 15.0631, 15.0636, 24.4834, 15.0697, 15.063, 15.063, 15.063, 15.063, 15.063, 15.063, 15.063, 15.063, 15.063, 15.063, 15.063, 15.063, 15.063, 15.063, 15.063, 15.063, 15.063, 15.063, 15.1019, 15.063
7.44964, 20, 24.7372, 14.9298, 4.69042, -4.73719, 0, 14.9298, 14.9304, 24.6964, 14.934, 14.9298, 14.9298, 14.9298, 14.9298, 14.9298, 14.9298, 14.9298, 14.9298, 14.9298, 14.9298, 14.9298, 14.9298, 14.9298, 14.9298, 14.9298, 14.9298, 14.9298, 14.9298, 14.9659, 14.9298
7.45752, 24, 24.8616, 14.7972, 5.09902, -0.861568, 0, 14.7972, 14.7977, 24.8254, 14.7998, 14.7972, 14.7972, 14.7972, 14.7972, 14.7972, 14.7972, 14.7972, 14.7972, 14.7972, 14.7972, 14.7972, 14.7972, 14.7972, 14.7972, 14.7972, 14.7972, 14.7972, 14.7972, 14.8303, 14.7972
7.4654, 30, 24.8952, 14.6653, 5.65685, 5.10476, 0, 14.6653, 14.6658, 24.863, 14.6669, 14.6653, 14.6653, 14.6653, 14.6653, 14.6653, 14.6653, 14.6653, 14.6653, 14.6653, 14.6653, 14.6653, 14.6653, 14.6653, 14.6653, 14.6653, 14.6653, 14.6653, 14.6653, 14.6953, 14.6653
7.47328, 22, 24.8331, 14.5337, 4.89898, -2.83314, 0, 14.5338, 14.5343, 24.8045, 14.5347, 14.5337, 14.5337, 14.5337, 14.5337, 14.5337, 14.5337, 14.5337, 14.5337, 14.5337, 14.5337, 14.5337, 14.5337, 14.5337, 14.5337, 14.5337, 14.5337, 14.5337, 14.5337, 14.5608, 14.5337
7.48116, 26, 24.6734, 14.4028, 5.2915, 1.32658, 0, 14.4028, 14.4034, 24.648, 14.4034, 14.4028, 14.4028, 14.4028, 14.4028, 14.4028, 14.4028, 14.4028, 14.4028, 14.4028, 14.4028, 14.4028, 14.4028, 14.4028, 14.4028, 14.4028, 14.4028, 14.4028, 14.4028, 14.4271, 14.4028
7.48904, 34, 24.4171, 14.2727, 6, 9.58292, 0, 14.2727, 14.2732, 24.3947, 14.273, 14.2727, 14.2727, 14.2727, 14.2727, 14.2727, 14.2727, 14.2727, 14.2727, 14.2727, 14.2727, 14.2727, 14.2727, 14.2727, 14.2727, 14.2727, 14.2727, 14.2727, 14.2727, 14.2942, 14.2727
7.49692, 32, 24.0675, 14.1429, 5.83095, 7.93254, 0, 14.1429, 14.1435, 24.0477, 14.1431, 14.1429, 14.1429, 14.1429, 14.1429, 14.1429, 14.1429, 14.1429, 14.1429, 14.1429, 14.1429, 14.1429, 14.1429, 14.1429, 14.1429, 14.1429, 14.1429, 14.1429, 14.1429, 14.1619, 14.1429
7.5048, 32, 23.631, 14.0138, 5.83095, 8.36901, 0, 14.0138, 14.0143, 23.6137, 14.0139, 14.0138, 14.0138, 14.0138, 14.0138, 14.0138, 14.0138, 14.0138, 14.0138, 14.0138, 14.0138, 14.0138, 14.0138, 14.0138, 14.0138, 14.0138, 14.0138, 14.0138, 14.0138, 14.0304, 14.0138
7.51268, 20, 23.1164, 13.8853, 4.69042, -3.11636, 0, 13.8853, 13.8859, 23.1012, 13.8854, 13.8853, 13.8853, 13.8853, 13.8853, 13.8853, 13.8853, 13.8853, 13.8853, 13.8853, 13.8853, 13.8853, 13.8853, 13.8853, 13.8853, 13.8853, 13.8853, 13.8853, 13.8853, 13.8998, 13.8853
7.52056, 20, 22.5337, 13.7573, 4.69042, -2.53371, 0, 13.7573, 13.7579, 22.5204, 13.7573, 13.7573, 13.7573, 13.7573, 13.7573, 13.7573, 13.7573, 13.7573, 13.7573, 13.7573, 13.7573, 13.7573, 13.7573, 13.7573, 13.7573, 13.7573, 13.7573, 13.7573, 13.7573, 13.77, 13.7573
7.52844, 22, 21.8952, 13.6299, 4.89898, 0.104836, 0, 13.6299, 13.6304, 21.8835, 13.6299, 13.6299, 13.6299, 13.6299, 13.6299, 13.6299, 13.6299, 13.6299, 13.6299, 13.6299, 13.6299, 13.6299, 13.6299, 13.6299, 13.6299, 13.6299, 13.6299, 13.6299, 13.6299, 13.6409, 13.6299
7.53632, 30, 21.2137, 13.5032, 5.65685, 8.78629, 0, 13.5032, 13.5038, 21.2033, 13.5032, 13.5032, 13.5032, 13.5032, 13.5032, 13.5032, 13.5032, 13.5032, 13.5032, 13.5032, 13.5032, 13.5032, 13.5032, 13.5032, 13.5032, 13.5032, 13.5032, 13.5032, 13.5032, 13.513, 13.5032
7.5442, 22, 20.5021, 13.3769, 4.89898, 1.49791, 0, 13.377, 13.3775, 20.4928, 13.3769, 13.3769, 13.3769, 13.3769, 13.3769, 13.3769, 13.3769, 13.3769, 13.3769, 13.3769, 13.3769, 13.3769, 13.3769, 13.3769, 13.3769, 13.3769, 13.3769, 13.3769, 13.3769, 13.3857, 13.3769
7.55208, 26, 19.7736, 13.2513, 5.2915, 6.22636, 0, 13.2513, 13.2519, 19.7651, 13.2513, 13.2513, 13.2513, 13.2513, 13.2513, 13.2513, 13.2513, 13.2513, 13.2513, 13.2513, 13.2513, 13.2513, 13.2513, 13.2513, 13.2513, 13.2513, 13.2513, 13.2513, 13.2513, 13.2592, 13.2513
7.55996, 26, 19.041, 13.1264, 5.2915, 6.95905, 0, 13.1264, 13.127, 19.0329, 13.1264, 13.1264, 13.1264, 13.1264, 13.1264, 13.1264, 13.1264, 13.1264, 13.1264, 13.1264, 13.1264, 13.1264, 13.1264, 13.1264, 13.1264, 13.1264, 13.1264, 13.1264, 13.1264, 13.1338, 13.1264
7.56784, 22, 18.3151, 13.0018, 4.89898, 3.68488, 0, 13.0019, 13.0025, 18.3074, 13.0018, 13.0018, 13.0018, 13.0018, 13.0018, 13.0018, 13.0018, 13.0018, 13.0018, 13.0018, 13.0018, 13.0018, 13.0018, 13.0018, 13.0018, 13.0018, 13.0018, 13.0018, 13.0018, 13.0089, 13.0018
7.57572, 12, 17.6065, 12.8779, 3.74166, -5.60646, 0, 12.8779, 12.8785, 17.5988, 12.8779, 12.8779, 12.8779, 12.8779, 12.8779, 12.8779, 12.8779, 12.8779, 12.8779, 12.8779, 12.8779, 12.8779, 12.8779, 12.8779, 12.8779, 12.8779, 12.8779, 12.8779, 12.8779, 12.8849, 12.8779
7.5836, 14, 16.9239, 12.7548, 4, -2.92388, 0, 12.7548, 12.7554, 16.9162, 12.7548, 12.7548, 12.7548, 12.7548, 12.7548, 12.7548, 12.7548, 12.7548, 12.7548, 12.7548, 12.7548, 12.7548, 12.7548, 12.7548, 12.7548, 12.7548, 12.7548, 12.7548, 12.7548, 12.7619, 12.7548
7.59148, 16, 16.2739, 12.632, 4.24264, -0.273886, 0, 12.6321, 12.6327, 16.2659, 12.632, 12.632, 12.632, 12.632, 12.632, 12.632, 12.632, 12.632, 12.632, 12.632, 12.632, 12.632, 12.632, 12.632, 12.632, 12.632, 12.632, 12.632, 12.632, 12.6394, 12.632
7.59936, 20, 15.6618, 12.5099, 4.69042, 4.33819, 0, 12.5099, 12.5106, 15.6534, 12.5099, 12.5099, 12.5099, 12.5099, 12.5099, 12.5099, 12.5099, 12.5099, 12.5099, 12.5099, 12.5099, 12.5099, 12.5099, 12.5099, 12.5099, 12.5099, 12.5099, 12.5099, 12.5099, 12.5177, 12.5099
7.60724, 18, 15.0915, 12.3885, 4.47214, 2.90849, 0, 12.3885, 12.3892, 15.0825, 12.3885, 12.3885, 12.3885, 12.3885, 12.3885, 12.3885, 12.3885, 12.3885, 12.3885, 12.3885, 12.3885, 12.3885, 12.3885, 12.3885, 12.3885, 12.3885, 12.3885, 12.3885, 12.3885, 12.3969, 12.3885
7.61512, 6, 14.5645, 12.2675, 2.82843, -8.56446, 0, 12.2676, 12.2683, 14.5547, 12.2675, 12.2675, 12.2675, 12.2675, 12.2675, 12.2675, 12.2675, 12.2675, 12.2675, 12.2675, 12.2675, 12.2675, 12.2675, 12.2675, 12.2675, 12.2675, 12.2675, 12.2675, 12.2675, 12.2765, 12.2675
7.62299, 26, 14.0814, 12.1471, 5.2915, 11.9186, 0, 12.1471, 12.1479, 14.071, 12.1471, 12.1471, 12.1471, 12.1471, 12.1471, 12.1471, 12.1471, 12.1471, 12.1471, 12.1471, 12.1471, 12.1471, 12.1471, 12.1471, 12.1471, 12.1471, 12.1471, 12.1471, 12.1471, 12.1569, 12.1471
7.63088, 18, 13.642, 12.0276, 4.47214, 4.35798, 0, 12.0276, 12.0284, 13.6307, 12.0276, 12.0276, 12.0276, 12.0276, 12.0276, 12.0276, 12.0276, 12.0276, 12.0276, 12.0276, 12.0276, 12.0276, 12.0276, 12.0276, 12.0276, 12.0276, 12.0276, 12.0276, 12.0276, 12.0381, 12.0276
7.63876, 18, 13.2441, 11.9084, 4.47214, 4.75593, 0, 11.9084, 11.9092, 13.2319, 11.9084, 11.9084, 11.9084, 11.9084, 11.9084, 11.9084, 11.9084, 11.9084, 11.9084, 11.9084, 11.9084, 11.9084, 11.9084, 11.9084, 11.9084, 11.9084, 11.9084, 11.9084, 11.9084, 11.9197, 11.9084
7.64664, 18, 12.8854, 11.7897, 4.47214, 5.11463, 0, 11.7897, 11.7906, 12.8723, 11.7897, 11.7897, 11.7897, 11.7897, 11.7897, 11.7897, 11.7897, 11.7897, 11.7897, 11.7897, 11.7897, 11.7897, 11.7897, 11.7897, 11.7897, 11.7897, 11.7897, 11.7897, 11.7897, 11.8019, 11.7897
7.65452, 12, 12.5632, 11.6719, 3.74166, -0.563152, 0, 11.6719, 11.6729, 12.5493, 11.6719, 11.6719, 11.6719, 11.6719, 11.6719, 11.6719, 11.6719, 11.6719, 11.6719, 11.6719, 11.6719, 11.6719, 11.6719, 11.6719, 11.6719, 11.6719, 11.6719, 11.6719, 11.6719, 11.6848, 11.6719
7.6624, 14, 12.2736, 11.5545, 4, 1.72637, 0, 11.5545, 11.5555, 12.259, 11.5545, 11.5545, 11.5545, 11.5545, 11.5545, 11.5545, 11.5545, 11.5545, 11.5545, 11.5545, 11.5545, 11.5545, 11.5545, 11.5545, 11.5545, 11.5545, 11.5545, 11.5545, 11.5545, 11.5681, 11.5545
7.67028, 14, 12.0135, 11.4376, 4, 1.98651, 0, 11.4377, 11.4387, 11.9981, 11.4376, 11.4376, 11.4376, 11.4376, 11.4376, 11.4376, 11.4376, 11.4376, 11.4376, 11.4376, 11.4376, 11.4376, 11.4376, 11.4376, 11.4376, 11.4376, 11.4376, 11.4376, 11.4376, 11.4519, 11.4376
7.67816, 14, 11.7794, 11.3216, 4, 2.22057, 0, 11.3216, 11.3228, 11.7634, 11.3216, 11.3216, 11.3216, 11.3216, 11.3216, 11.3216, 11.3216, 11.3216, 11.3216, 11.3216, 11.3216, 11.3216, 11.3216, 11.3216, 11.3216, 11.3216, 11.3216, 11.3216, 11.3216, 11.3365, 11.3216
7.68604, 10, 11.5676, 11.206, 3.4641, -1.56758, 0, 11.206, 11.2072, 11.551, 11.206, 11.206, 11.206, 11.206, 11.206, 11.206, 11.206, 11.206, 11.206, 11.206, 11.206, 11.206, 11.206, 11.206, 11.206, 11.206, 11.206, 11.206, 11.206, 11.2213, 11.206
7.69391, 14, 11.3749, 11.0909, 4, 2.62509, 0, 11.0909, 11.0922, 11.358, 11.0909, 11.0909, 11.0909, 11.0909, 11.0909, 11.0909, 11.0909, 11.0909, 11.0909, 11.0909, 11.0909, 11.0909, 11.0909, 11.0909, 11.0909, 11.0909, 11.0909, 11.0909, 11.0909, 11.1065, 11.0909
7.7018, 14, 11.3072, 11.0852, 4, 2.69278, 0, 11.0852, 11.0866, 11.29, 11.0852, 11.0852, 11.0852, 11.0852, 11.0852, 11.0852, 11.0852, 11.0852, 11.0852, 11.0852, 11.0852, 11.0852, 11.0852, 11.0852, 11.0852, 11.0852, 11.0852, 11.0852, 11.0852, 11.101, 11.0852
7.70968, 4, 11.2525, 11.0795, 2.44949, -7.25248, 0, 11.0795, 11.081, 11.2351, 11.0795, 11.0795, 11.0795, 11.0795, 11.0795, 11.0795, 11.0795, 11.0795, 11.0795, 11.0795, 11.0795, 11.0795, 11.0795, 11.0795, 11.0795, 11.0795, 11.0795, 11.0795, 11.0795, 11.0953, 11.0795
7.71756, 10, 11.208, 11.0734, 3.4641, -1.20798, 0, 11.0735, 11.0751, 11.1906, 11.0734, 11.0734, 11.0734, 11.0734, 11.0734, 11.0734, 11.0734, 11.0734, 11.0734, 11.0734, 11.0734, 11.0734, 11.0734, 11.0734, 11.0734, 11.0734, 11.0734, 11.0734, 11.0734, 11.0891, 11.0734
7.72544, 6, 11.1715, 11.0669, 2.82843, -5.1715, 0, 11.0669, 11.0686, 11.1543, 11.0669, 11.0669, 11.0669, 11.0669, 11.0669, 11.0669, 11.0669, 11.0669, 11.0669, 11.0669, 11.0669, 11.0669, 11.0669, 11.0669, 11.0669, 11.0669, 11.0669, 11.0669, 11.0669, 11.0822, 11.0669
7.73331, 10, 11.1414, 11.0598, 3.4641, -1.14142, 0, 11.0598, 11.0617, 11.1245, 11.0598, 11.0598, 11.0598, 11.0598, 11.0598, 11.0598, 11.0598, 11.0598, 11.0598, 11.0598, 11.0598, 11.0598, 11.0598, 11.0598, 11.0598, 11.0598, 11.0598, 11.0598, 11.0598, 11.0748, 11.0598
7.7412, 12, 11.1165, 11.0526, 3.74166, 0.883509, 0, 11.0526, 11.0546, 11.1, 11.0526, 11.0526, 11.0526, 11.0526, 11.0526, 11.0526, 11.0526, 11.0526, 11.0526, 11.0526, 11.0526, 11.0526, 11.0526, 11.0526, 11.0526, 11.0526, 11.0526, 11.0526, 11.0526, 11.067, 11.0526
7.74908, 16, 11.0957, 11.0452, 4.24264, 4.9043, 0, 11.0453, 11.0474, 11.0797, 11.0452, 11.0452, 11.0452, 11.0452, 11.0452, 11.0452, 11.0452, 11.0452, 11.0452, 11.0452, 11.0452, 11.0452, 11.0452, 11.0452, 11.0452, 11.0452, 11.0452, 11.0452, 11.0452, 11.059, 11.0452
7.75696, 14, 11.078, 11.0377, 4, 2.92205, 0, 11.0378, 11.0401, 11.0626, 11.0377, 11.0377, 11.0377, 11.0377, 11.0377, 11.0377, 11.0377, 11.0377, 11.0377, 11.0377, 11.0377, 11.0377, 11.0377, 11.0377, 11.0377, 11.0377, 11.0377, 11.0377, 11.0377, 11.0508, 11.0377
7.76484, 12, 11.0626, 11.0301, 3.74166, 0.93742, 0, 11.0302, 11.0326, 11.0479, 11.0301, 11.0301, 11.0301, 11.0301, 11.0301, 11.0301, 11.0301, 11.0301, 11.0301, 11.0301, 11.0301, 11.0301, 11.0301, 11.0301, 11.0301, 11.0301, 11.0301, 11.0301, 11.0301, 11.0424, 11.0301
7.77272, 22, 11.0491, 11.0226, 4.89898, 10.9509, 0, 11.0226, 11.0251, 11.0351, 11.0226, 11.0226, 11.0226, 11.0226, 11.0226, 11.0226, 11.0226, 11.0226, 11.0226, 11.0226, 11.0226, 11.0226, 11.0226, 11.0226, 11.0226, 11.0226, 11.0226, 11.0226, 11.0226, 11.0339, 11.0226
7.78059, 16, 11.0371, 11.0151, 4.24264, 4.96294, 0, 11.0151, 11.0177, 11.0239, 11.0151, 11.0151, 11.0151, 11.0151, 11.0151, 11.0151, 11.0151, 11.0151, 11.0151, 11.0151, 11.0151, 11.0151, 11.0151, 11.0151, 11.0151, 11.0151, 11.0151, 11.0151, 11.0151, 11.0255, 11.0151
7.78847, 6, 11.026, 11.0074, 2.82843, -5.02596, 0, 11.0074, 11.0102, 11.0136, 11.0074, 11.0074, 11.0074, 11.0074, 11.0074, 11.0074, 11.0074, 11.0074, 11.0074, 11.0074, 11.0074, 11.0074, 11.0074, 11.0074, 11.0074, 11.0074, 11.0074, 11.0074, 11.0074, 11.017, 11.0074
7.79635, 14, 11.0156, 10.9998, 4, 2.98436, 0, 10.9998, 11.0027, 11.0041, 10.9998, 10.9998, 10.9998, 10.9998, 10.9998, 10.9998, 10.9998, 10.9998, 10.9998, 10.9998, 10.9998, 10.9998, 10.9998, 10.9998, 10.9998, 10.9998, 10.9998, 10.9998, 10.9998, 11.0085, 10.9998
7.80423, 12, 11.006, 10.9923, 3.74166, 0.993969, 0, 10.9923, 10.9953, 10.9953, 10.9923, 10.9923, 10.9923, 10.9923, 10.9923, 10.9923, 10.9923, 10.9923, 10.9923, 10.9923, 10.9923, 10.9923, 10.9923, 10.9923, 10.9923, 10.9923, 10.9923, 10.9923, 10.9923, 11.0001, 10.9923
7.81211, 10, 10.9967, 10.9847, 3.4641, -0.996725, 0, 10.9847, 10.9877, 10.9868, 10.9847, 10.9847, 10.9847, 10.9847, 10.9847, 10.9847, 10.9847, 10.9847, 10.9847, 10.9847, 10.9847, 10.9847, 10.9847, 10.9847, 10.9847, 10.9847, 10.9847, 10.9847, 10.9847, 10.9917, 10.9847
7.81999, 14, 10.9875, 10.9769, 4, 3.01245, 0, 10.9769, 10.9799, 10.9783, 10.9769, 10.9769, 10.9769, 10.9769, 10.9769, 10.9769, 10.9769, 10.9769, 10.9769, 10.9769, 10.9769, 10.9769, 10.9769, 10.9769, 10.9769, 10.9769, 10.9769, 10.9769, 10.9769, 10.9831, 10.9769
7.82788, 22, 10.9782, 10.9686, 4.89898, 11.0218, 0, 10.9686, 10.9716, 10.9696, 10.9686, 10.9686, 10.9686, 10.9686, 10.9686, 10.9686, 10.9686, 10.9686, 10.9686, 10.9686, 10.9686, 10.9686, 10.9686, 10.9686, 10.9686, 10.9686, 10.9686, 10.9686, 10.9686, 10.9741, 10.9686
7.83575, 12, 10.968, 10.9593, 3.74166, 1.03204, 0, 10.9593, 10.9623, 10.96, 10.9593, 10.9593, 10.9593, 10.9593, 10.9593, 10.9593, 10.9593, 10.9593, 10.9593, 10.9593, 10.9593, 10.9593, 10.9593, 10.9593, 10.9593, 10.9593, 10.9593, 10.9593, 10.9593, 10.9642, 10.9593
7.84364, 14, 10.9568, 10.9488, 4, 3.04322, 0, 10.9488, 10.9518, 10.9493, 10.9488, 10.9488, 10.9488, 10.9488, 10.9488, 10.9488, 10.9488, 10.9488, 10.9488, 10.9488, 10.9488, 10.9488, 10.9488, 10.9488, 10.9488, 10.9488, 10.9488, 10.9488, 10.9488, 10.9532, 10.9488
7.85152, 6, 10.9444, 10.9369, 2.82843, -4.94445, 0, 10.9369, 10.9399, 10.9373, 10.9369, 10.9369, 10.9369, 10.9369, 10.9369, 10.9369, 10.9369, 10.9369, 10.9369, 10.9369, 10.9369, 10.9369, 10.9369, 10.9369, 10.9369, 10.9369, 10.9369, 10.9369, 10.9369, 10.9411, 10.9369
7.8594, 18, 10.931, 10.9238, 4.47214, 7.06895, 0, 10.9238, 10.9267, 10.9241, 10.9238, 10.9238, 10.9238, 10.9238, 10.9238, 10.9238, 10.9238, 10.9238, 10.9238, 10.9238, 10.9238, 10.9238, 10.9238, 10.9238, 10.9238, 10.9238, 10.9238, 10.9238, 10.9238, 10.9278, 10.9238
7.86727, 14, 10.9168, 10.9096, 4, 3.08315, 0, 10.9097, 10.9125, 10.9099, 10.9096, 10.9096, 10.9096, 10.9096, 10.9096, 10.9096, 10.9096, 10.9096, 10.9096, 10.9096, 10.9096, 10.9096, 10.9096, 10.9096, 10.9096, 10.9096, 10.9097, 10.9096, 10.9096, 10.9137, 10.9096
7.87515, 10, 10.902, 10.8947, 3.4641, -0.902038, 0, 10.8947, 10.8974, 10.8949, 10.8947, 10.8947, 10.8947, 10.8947, 10.8947, 10.8947, 10.8947, 10.8947, 10.8947, 10.8947, 10.8947, 10.8947, 10.8947, 10.8947, 10.8947, 10.8947, 10.8947, 10.8947, 10.8947, 10.899, 10.8947
7.88303, 4, 10.8869, 10.879, 2.44949, -6.88686, 0, 10.879, 10.8816, 10.8792, 10.879, 10.879, 10.879, 10.879, 10.879, 10.879, 10.879, 10.879, 10.879, 10.879, 10.879, 10.879, 10.879, 10.879, 10.879, 10.879, 10.879, 10.879, 10.879, 10.884, 10.879
7.89091, 12, 10.871, 10.8623, 3.74166, 1.129, 0, 10.8623, 10.8648, 10.8625, 10.8623, 10.8623, 10.8623, 10.8623, 10.8623, 10.8623, 10.8623, 10.8623, 10.8623, 10.8623, 10.8623, 10.8623, 10.8623, 10.8623, 10.8623, 10.8623, 10.8623, 10.8623, 10.8623, 10.8682, 10.8623
7.8988, 8, 10.8544, 10.8444, 3.16228, -2.85444, 0, 10.8444, 10.8468, 10.8446, 10.8444, 10.8444, 10.8444, 10.8444, 10.8444, 10.8444, 10.8444, 10.8444, 10.8444, 10.8444, 10.8444, 10.8444, 10.8444, 10.8444, 10.8444, 10.8444, 10.8444, 10.8444, 10.8444, 10.8518, 10.8444
7.90667, 10, 10.8376, 10.8256, 3.4641, -0.83755, 0, 10.8256, 10.8279, 10.8259, 10.8256, 10.8256, 10.8256, 10.8256, 10.8256, 10.8256, 10.8256, 10.8256, 10.8256, 10.8256, 10.8256, 10.8256, 10.8256, 10.8256, 10.8256, 10.8256, 10.8256, 10.8256, 10.8256, 10.835, 10.8256
7.91455, 12, 10.8209, 10.8064, 3.74166, 1.17909, 0, 10.8064, 10.8086, 10.8067, 10.8064, 10.8064, 10.8064, 10.8064, 10.8064, 10.8064, 10.8064, 10.8064, 10.8064, 10.8064, 10.8064, 10.8064, 10.8064, 10.8064, 10.8064, 10.8064, 10.8064, 10.8064, 10.8064, 10.8184, 10.8064
7.92243, 16, 10.8047, 10.7868, 4.24264, 5.19527, 0, 10.7868, 10.7889, 10.7872, 10.7868, 10.7868, 10.7868, 10.7868, 10.7868, 10.7868, 10.7868, 10.7868, 10.7868, 10.7868, 10.7868, 10.7868, 10.7868, 10.7868, 10.7868, 10.7868, 10.7868, 10.7868, 10.7868, 10.8023, 10.7868
7.93032, 10, 10.7892, 10.7668, 3.4641, -0.789186, 0, 10.7668, 10.7688, 10.7673, 10.7668, 10.7668, 10.7668, 10.7668, 10.7668, 10.7668, 10.7668, 10.7668, 10.7668, 10.7668, 10.7668, 10.7668, 10.7668, 10.7668, 10.7668, 10.7668, 10.7668, 10.7668, 10.7668, 10.7867, 10.7668
7.93819, 12, 10.7747, 10.7467, 3.74166, 1.22532, 0, 10.7467, 10.7485, 10.7473, 10.7467, 10.7467, 10.7467, 10.7467, 10.7467, 10.7467, 10.7467, 10.7467, 10.7467, 10.7467, 10.7467, 10.7467, 10.7467, 10.7467, 10.7467, 10.7467, 10.7467, 10.7467, 10.7467, 10.7722, 10.7467
7.94607, 14, 10.7617, 10.7265, 4, 3.23835, 0, 10.7265, 10.7282, 10.7274, 10.7265, 10.7265, 10.7265, 10.7265, 10.7265, 10.7265, 10.7265, 10.7265, 10.7265, 10.7265, 10.7265, 10.7265, 10.7265, 10.7265, 10.7265, 10.7265, 10.7265, 10.7265, 10.7265, 10.759, 10.7265
7.95396, 16, 10.7504, 10.7064, 4.24264, 5.24959, 0, 10.7064, 10.708, 10.7077, 10.7064, 10.7064, 10.7064, 10.7064, 10.7064, 10.7064, 10.7064, 10.7064, 10.7064, 10.7064, 10.7064, 10.7064, 10.7064, 10.7064, 10.7064, 10.7064, 10.7064, 10.7064, 10.7064, 10.7475, 10.7064
7.96183, 24, 10.741, 10.6862, 5.09902, 13.259, 0, 10.6862, 10.6877, 10.6879, 10.6862, 10.6862, 10.6862, 10.6862, 10.6862, 10.6862, 10.6862, 10.6862, 10.6862, 10.6862, 10.6862, 10.6862, 10.6862, 10.6862, 10.6862, 10.6862, 10.6862, 10.6862, 10.6862, 10.7378, 10.6862
7.96971, 18, 10.734, 10.666, 4.47214, 7.26603, 0, 10.666, 10.6674, 10.6684, 10.666, 10.666, 10.666, 10.666, 10.666, 10.666, 10.666, 10.666, 10.666, 10.666, 10.666, 10.666, 10.666, 10.666, 10.666, 10.666, 10.666, 10.666, 10.666, 10.7301, 10.666
7.97759, 6, 10.7298, 10.646, 2.82843, -4.72976, 0, 10.646, 10.6473, 10.6494, 10.646, 10.646, 10.646, 10.646, 10.646, 10.646, 10.646, 10.646, 10.646, 10.646, 10.646, 10.646, 10.646, 10.646, 10.646, 10.646, 10.646, 10.646, 10.646, 10.725, 10.646
7.98547, 12, 10.7283, 10.6258, 3.74166, 1.27172, 0, 10.6258, 10.6271, 10.6304, 10.6258, 10.6258, 10.6258, 10.6258, 10.6258, 10.6258, 10.6258, 10.6258, 10.6258, 10.6258, 10.6258, 10.6258, 10.6258, 10.6258, 10.6258, 10.6258, 10.6258, 10.6258, 10.6258, 10.7224, 10.6258
7.99335, 8, 10.7301, 10.6056, 3.16228, -2.73008, 0, 10.6056, 10.6068, 10.612, 10.6056, 10.6056, 10.6056, 10.6056, 10.6056, 10.6056, 10.6056, 10.6056, 10.6056, 10.6056, 10.6056, 10.6056, 10.6056, 10.6056, 10.6056, 10.6056, 10.6056, 10.6056, 10.6056, 10.7225, 10.6056
8.00123, 10, 10.7357, 10.5857, 3.4641, -0.735723, 0, 10.5858, 10.5869, 10.5945, 10.5857, 10.5857, 10.5857, 10.5857, 10.5857, 10.5857, 10.5857, 10.5857, 10.5857, 10.5857, 10.5857, 10.5857, 10.5857, 10.5857, 10.5857, 10.5857, 10.5858, 10.5857, 10.5857, 10.7258, 10.5857
8.00912, 12, 10.7449, 10.5656, 3.74166, 1.25506, 0, 10.5656, 10.5667, 10.5774, 10.5656, 10.5656, 10.5656, 10.5656, 10.5656, 10.5656, 10.5656, 10.5656, 10.5656, 10.5656, 10.5656, 10.5656, 10.5656, 10.5656, 10.5656, 10.5656, 10.5656, 10.5656, 10.5656, 10.732, 10.5656
8.01699, 8, 10.7583, 10.5455, 3.16228, -2.75825, 0, 10.5455, 10.5465, 10.5614, 10.5455, 10.5455, 10.5455, 10.5455, 10.5455, 10.5455, 10.5455, 10.5455, 10.5455, 10.5455, 10.5455, 10.5455, 10.5455, 10.5455, 10.5455, 10.5455, 10.5455, 10.5455, 10.5455, 10.7412, 10.5455
8.02487, 20, 10.8179, 10.5674, 4.69042, 9.18207, 0, 10.5674, 10.5684, 10.5887, 10.5674, 10.5674, 10.5674, 10.5674, 10.5674, 10.5674, 10.5674, 10.5674, 10.5674, 10.5674, 10.5674, 10.5674, 10.5674, 10.5674, 10.5674, 10.5674, 10.5674, 10.5674, 10.5674, 10.7956, 10.5674
8.03275, 12, 10.8817, 10.589, 3.74166, 1.11825, 0, 10.589, 10.5901, 10.6172, 10.589, 10.589, 10.589, 10.589, 10.589, 10.589, 10.589, 10.589, 10.589, 10.589, 10.589, 10.589, 10.589, 10.589, 10.589, 10.589, 10.589, 10.589, 10.589, 10.8525, 10.589
8.04064, 6, 10.9501, 10.6107, 2.82843, -4.95011, 0, 10.6107, 10.6117, 10.6477, 10.6107, 10.6107, 10.6107, 10.6107, 10.6107, 10.6107, 10.6107, 10.6107, 10.6107, 10.6107, 10.6107, 10.6107, 10.6107, 10.6107, 10.6107, 10.6107, 10.6107, 10.6107, 10.6107, 10.9121, 10.6107
8.04851, 12, 11.0233, 10.6327, 3.74166, 0.976686, 0, 10.6327, 10.6337, 10.6808, 10.6327, 10.6327, 10.6327, 10.6327, 10.6327, 10.6327, 10.6327, 10.6327, 10.6327, 10.6327, 10.6327, 10.6327, 10.6327, 10.6327, 10.6327, 10.6327, 10.6327, 10.6327, 10.6327, 10.9742, 10.6327
8.05639, 10, 11.1007, 10.6544, 3.4641, -1.10074, 0, 10.6544, 10.6554, 10.7163, 10.6544, 10.6544, 10.6544, 10.6544, 10.6544, 10.6544, 10.6544, 10.6544, 10.6544, 10.6544, 10.6544, 10.6544, 10.6544, 10.6544, 10.6544, 10.6544, 10.6544, 10.6544, 10.6544, 11.0379, 10.6544
8.06427, 12, 11.1825, 10.6762, 3.74166, 0.817451, 0, 10.6762, 10.6771, 10.7551, 10.6762, 10.6762, 10.6762, 10.6762, 10.6762, 10.6762, 10.6762, 10.6762, 10.6762, 10.6762, 10.6762, 10.6762, 10.6762, 10.6762, 10.6762, 10.6762, 10.6762, 10.6762, 10.6762, 11.1026, 10.6762
8.07215, 12, 11.2685, 10.6979, 3.74166, 0.731525, 0, 10.6979, 10.6988, 10.7977, 10.6979, 10.6979, 10.6979, 10.6979, 10.6979, 10.6979, 10.6979, 10.6979, 10.6979, 10.6979, 10.6979, 10.6979, 10.6979, 10.6979, 10.6979, 10.6979, 10.6979, 10.6979, 10.6979, 11.1677, 10.6979
8.08003, 20, 11.3581, 10.7193, 4.69042, 8.64193, 0, 10.7193, 10.7203, 10.8443, 10.7193, 10.7193, 10.7193, 10.7193, 10.7193, 10.7193, 10.7193, 10.7193, 10.7193, 10.7193, 10.7193, 10.7193, 10.7193, 10.7193, 10.7193, 10.7193, 10.7193, 10.7193, 10.7193, 11.2322, 10.7193
8.08791, 6, 11.4513, 10.7408, 2.82843, -5.45128, 0, 10.7408, 10.7418, 10.8958, 10.7408, 10.7408, 10.7408, 10.7408, 10.7408, 10.7408, 10.7408, 10.7408, 10.7408, 10.7408, 10.7408, 10.7408, 10.7408, 10.7408, 10.7408, 10.7408, 10.7408, 10.7408, 10.7408, 11.2953, 10.7408
8.09579, 18, 11.548, 10.7626, 4.47214, 6.452, 0, 10.7626, 10.7635, 10.953, 10.7626, 10.7626, 10.7626, 10.7626, 10.7626, 10.7626, 10.7626, 10.7626, 10.7626, 10.7626, 10.7626, 10.7626, 10.7626, 10.7626, 10.7626, 10.7626, 10.7626, 10.7626, 10.7626, 11.3566, 10.7626
8.10367, 12, 11.6473, 10.7841, 3.74166, 0.352686, 0, 10.7841, 10.785, 11.0159, 10.7841, 10.7841, 10.7841, 10.7841, 10.7841, 10.7841, 10.7841, 10.7841, 10.7841, 10.7841, 10.7841, 10.7841, 10.7841, 10.7841, 10.7841, 10.7841, 10.7841, 10.7841, 10.7841, 11.4146, 10.7841
8.11155, 18, 11.749, 10.8056, 4.47214, 6.25098, 0, 10.8057, 10.8066, 11.0851, 10.8056, 10.8056, 10.8056, 10.8056, 10.8056, 10.8056, 10.8056, 10.8056, 10.8056, 10.8056, 10.8056, 10.8056, 10.8056, 10.8056, 10.8056, 10.8056, 10.8056, 10.8056, 10.8056, 11.4686, 10.8056
8.11943, 14, 11.8523, 10.8269, 4, 2.14772, 0, 10.8269, 10.8278, 11.1607, 10.8269, 10.8269, 10.8269, 10.8269, 10.8269, 10.8269, 10.8269, 10.8269, 10.8269, 10.8269, 10.8269, 10.8269, 10.8269, 10.8269, 10.8269, 10.8269, 10.8269, 10.8269, 10.8269, 11.5175, 10.8269
8.12731, 14, 11.9567, 10.8479, 4, 2.04331, 0, 10.8479, 10.8489, 11.243, 10.8479, 10.8479, 10.8479, 10.8479, 10.8479, 10.8479, 10.8479, 10.8479, 10.8479, 10.8479, 10.8479, 10.8479, 10.8479, 10.8479, 10.8479, 10.8479, 10.8479, 10.8479, 10.8479, 11.5606, 10.8479
8.13519, 22, 12.0619, 10.869, 4.89898, 9.93809, 0, 10.869, 10.87, 11.3322, 10.869, 10.869, 10.869, 10.869, 10.869, 10.869, 10.869, 10.869, 10.869, 10.869, 10.869, 10.869, 10.869, 10.869, 10.869, 10.869, 10.869, 10.869, 10.869, 11.5978, 10.869
8.14307, 12, 12.1675, 10.8903, 3.74166, -0.167491, 0, 10.8903, 10.8912, 11.4282, 10.8903, 10.8903, 10.8903, 10.8903, 10.8903, 10.8903, 10.8903, 10.8903, 10.8903, 10.8903, 10.8903, 10.8903, 10.8903, 10.8903, 10.8903, 10.8903, 10.8903, 10.8903, 10.8903, 11.6286, 10.8903
8.15095, 28, 12.2724, 10.9114, 5.47723, 15.7276, 0, 10.9114, 10.9124, 11.5303, 10.9114, 10.9114, 10.9114, 10.9114, 10.9114, 10.9114, 10.9114, 10.9114, 10.9114, 10.9114, 10.9114, 10.9114, 10.9114, 10.9114, 10.9114, 10.9114, 10.9114, 10.9114, 10.9114, 11.6525, 10.9114
8.15883, 18, 12.3759, 10.9323, 4.47214, 5.62408, 0, 10.9323, 10.9333, 11.6379, 10.9323, 10.9323, 10.9323, 10.9323, 10.9323, 10.9323, 10.9323, 10.9323, 10.9323, 10.9323, 10.9323, 10.9323, 10.9323, 10.9323, 10.9323, 10.9323, 10.9323, 10.9323, 10.9323, 11.6693, 10.9323
8.16671, 16, 12.477, 10.9529, 4.24264, 3.52302, 0, 10.9529, 10.9539, 11.7497, 10.9529, 10.9529, 10.9529, 10.9529, 10.9529, 10.9529, 10.9529, 10.9529, 10.9529, 10.9529, 10.9529, 10.9529, 10.9529, 10.9529, 10.9529, 10.9529, 10.9529, 10.9529, 10.9529, 11.6791, 10.9529
8.17459, 8, 12.5749, 10.9733, 3.16228, -4.57493, 0, 10.9733, 10.9743, 11.8649, 10.9733, 10.9733, 10.9733, 10.9733, 10.9733, 10.9733, 10.9733, 10.9733, 10.9733, 10.9733, 10.9733, 10.9733, 10.9733, 10.9733, 10.9733, 10.9733, 10.9733, 10.9733, 10.9733, 11.6823, 10.9733
8.18247, 6, 12.669, 10.9936, 2.82843, -6.669, 0, 10.9937, 10.9947, 11.982, 10.9936, 10.9936, 10.9936, 10.9936, 10.9936, 10.9936, 10.9936, 10.9936, 10.9936, 10.9936, 10.9936, 10.9936, 10.9936, 10.9936, 10.9936, 10.9936, 10.9936, 10.9936, 10.9936, 11.6796, 10.9936
8.19035, 14, 12.7583, 11.0141, 4, 1.24173, 0, 11.0142, 11.0152, 12.0997, 11.0141, 11.0141, 11.0141, 11.0141, 11.0141, 11.0141, 11.0141, 11.0141, 11.0141, 11.0141, 11.0141, 11.0141, 11.0141, 11.0141, 11.0141, 11.0141, 11.0142, 11.0141, 11.0141, 11.6717, 11.0141
8.19823, 6, 12.8414, 11.0345, 2.82843, -6.84143, 0, 11.0346, 11.0356, 12.2159, 11.0345, 11.0345, 11.0345, 11.0345, 11.0345, 11.0345, 11.0345, 11.0345, 11.0345, 11.0345, 11.0345, 11.0345, 11.0345, 11.0345, 11.0345, 11.0345, 11.0345, 11.0345, 11.0345, 11.6591, 11.0345
8.20611, 22, 12.9171, 11.0545, 4.89898, 9.08294, 0, 11.0545, 11.0556, 12.3282, 11.0545, 11.0545, 11.0545, 11.0545, 11.0545, 11.0545, 11.0545, 11.0545, 11.0545, 11.0545, 11.0545, 11.0545, 11.0545, 11.0545, 11.0545, 11.0545, 11.0545, 11.0545, 11.0545, 11.6423, 11.0545
8.21399, 12, 12.984, 11.0741, 3.74166, -0.98403, 0, 11.0741, 11.0752, 12.4348, 11.0741, 11.0741, 11.0741, 11.0741, 11.0741, 11.0741, 11.0741, 11.0741, 11.0741, 11.0741, 11.0741, 11.0741, 11.0741, 11.0741, 11.0741, 11.0741, 11.0741, 11.0741, 11.0741, 11.6222, 11.0741
8.22187, 16, 13.0414, 11.0935, 4.24264, 2.95855, 0, 11.0935, 11.0946, 12.5337, 11.0935, 11.0935, 11.0935, 11.0935, 11.0935, 11.0935, 11.0935, 11.0935, 11.0935, 11.0935, 11.0935, 11.0935, 11.0935, 11.0935, 11.0935, 11.0935, 11.0935, 11.0935, 11.0935, 11.6, 11.0935
8.22975, 14, 13.0885, 11.1128, 4, 0.911483, 0, 11.1129, 11.1141, 12.6234, 11.1128, 11.1128, 11.1128, 11.1128, 11.1128, 11.1128, 11.1128, 11.1128, 11.1128, 11.1128, 11.1128, 11.1128, 11.1128, 11.1128, 11.1128, 11.1128, 11.1129, 11.1128, 11.1128, 11.5767, 11.1128
8.23763, 22, 13.1243, 11.1322, 4.89898, 8.87568, 0, 11.1322, 11.1335, 12.7021, 11.1322, 11.1322, 11.1322, 11.1322, 11.1322, 11.1322, 11.1322, 11.1322, 11.1322, 11.1322, 11.1322, 11.1322, 11.1322, 11.1322, 11.1322, 11.1322, 11.1322, 11.1322, 11.1322, 11.5532, 11.1322
8.24551, 16, 13.1478, 11.1513, 4.24264, 2.85216, 0, 11.1513, 11.1527, 12.7679, 11.1513, 11.1513, 11.1513, 11.1513, 11.1513, 11.1513, 11.1513, 11.1513, 11.1513, 11.1513, 11.1513, 11.1513, 11.1513, 11.1513, 11.1513, 11.1513, 11.1513, 11.1513, 11.1513, 11.5298, 11.1513
8.25339, 18, 13.1584, 11.1699, 4.47214, 4.84161, 0, 11.1699, 11.1715, 12.8195, 11.1699, 11.1699, 11.1699, 11.1699, 11.1699, 11.1699, 11.1699, 11.1699, 11.1699, 11.1699, 11.1699, 11.1699, 11.1699, 11.1699, 11.1699, 11.1699, 11.1699, 11.1699, 11.1699, 11.5072, 11.1699
8.26127, 22, 13.1558, 11.1882, 4.89898, 8.84419, 0, 11.1882, 11.19, 12.8561, 11.1882, 11.1882, 11.1882, 11.1882, 11.1882, 11.1882, 11.1882, 11.1882, 11.1882, 11.1882, 11.1882, 11.1882, 11.1882, 11.1882, 11.1882, 11.1882, 11.1882, 11.1882, 11.1882, 11.4861, 11.1882
8.26915, 20, 13.1403, 11.2062, 4.69042, 6.8597, 0, 11.2063, 11.2084, 12.8774, 11.2062, 11.2062, 11.2062, 11.2062, 11.2062, 11.2062, 11.2062, 11.2062, 11.2062, 11.2062, 11.2062, 11.2062, 11.2062, 11.2062, 11.2062, 11.2062, 11.2062, 11.2062, 11.2062, 11.4669, 11.2062
8.27703, 22, 13.1122, 11.2241, 4.89898, 8.88785, 0, 11.2241, 11.2268, 12.8833, 11.2241, 11.2241, 11.2241, 11.2241, 11.2241, 11.2241, 11.2241, 11.2241, 11.2241, 11.2241, 11.2241, 11.2241, 11.2241, 11.2241, 11.2241, 11.2241, 11.2241, 11.2241, 11.2241, 11.4502, 11.2241
8.28491, 16, 13.072, 11.2416, 4.24264, 2.92803, 0, 11.2416, 11.245, 12.8741, 11.2416, 11.2416, 11.2416, 11.2416, 11.2416, 11.2416, 11.2416, 11.2416, 11.2416, 11.2416, 11.2416, 11.2416, 11.2416, 11.2416, 11.2416, 11.2416, 11.2416, 11.2416, 11.2416, 11.4359, 11.2416
8.29279, 12, 13.0204, 11.2585, 3.74166, -1.02038, 0, 11.2585, 11.263, 12.8503, 11.2585, 11.2585, 11.2585, 11.2585, 11.2585, 11.2585, 11.2585, 11.2585, 11.2585, 11.2585, 11.2585, 11.2585, 11.2585, 11.2585, 11.2585, 11.2585, 11.2585, 11.2585, 11.2585, 11.424, 11.2585
8.30067, 14, 12.9585, 11.2746, 4, 1.04145, 0, 11.2746, 11.2806, 12.8128, 11.2746, 11.2746, 11.2746, 11.2746, 11.2746, 11.2746, 11.2746, 11.2746, 11.2746, 11.2746, 11.2746, 11.2746, 11.2746, 11.2746, 11.2746, 11.2746, 11.2746, 11.2746, 11.2746, 11.4144, 11.2746
8.30855, 14, 12.8879, 11.2899, 4, 1.11207, 0, 11.2899, 11.2981, 12.7629, 11.2899, 11.2899, 11.2899, 11.2899, 11.2899, 11.2899, 11.2899, 11.2899, 11.2899, 11.2899, 11.2899, 11.2899, 11.2899, 11.2899, 11.2899, 11.2899, 11.2899, 11.2899, 11.2899, 11.4069, 11.2899
8.31643, 12, 12.8103, 11.3045, 3.74166, -0.810338, 0, 11.3045, 11.3155, 12.7023, 11.3045, 11.3045, 11.3045, 11.3045, 11.3045, 11.3045, 11.3045, 11.3045, 11.3045, 11.3045, 11.3045, 11.3045, 11.3045, 11.3045, 11.3045, 11.3045, 11.3045, 11.3045, 11.3045, 11.4015, 11.3045
8.32431, 14, 12.7277, 11.3182, 4, 1.2723, 0, 11.3182, 11.3333, 12.6329, 11.3182, 11.3182, 11.3182, 11.3182, 11.3182, 11.3182, 11.3182, 11.3182, 11.3182, 11.3182, 11.3182, 11.3182, 11.3182, 11.3182, 11.3182, 11.3182, 11.3182, 11.3182, 11.3182, 11.3979, 11.3182
8.33219, 8, 12.6422, 11.3312, 3.16228, -4.64224, 0, 11.3312, 11.3519, 12.5567, 11.3312, 11.3312, 11.3312, 11.3312, 11.3312, 11.3312, 11.3312, 11.3312, 11.3312, 11.3312, 11.3312, 11.3312, 11.3312, 11.3312, 11.3312, 11.3312, 11.3312, 11.3312, 11.3312, 11.3962, 11.3312
8.34007, 12, 12.556, 11.3433, 3.74166, -0.555963, 0, 11.3433, 11.3714, 12.4753, 11.3433, 11.3433, 11.3433, 11.3433, 11.3433, 11.3433, 11.3433, 11.3433, 11.3433, 11.3433, 11.3433, 11.3433, 11.3433, 11.3433, 11.3433, 11.3433, 11.3433, 11.3433, 11.3433, 11.3957, 11.3433
8.34795, 12, 12.4712, 11.3543, 3.74166, -0.471201, 0, 11.3543, 11.3927, 12.3909, 11.3543, 11.3543, 11.3543, 11.3543, 11.3543, 11.3543, 11.3543, 11.3543, 11.3543, 11.3543, 11.3543, 11.3543, 11.3543, 11.3543, 11.3543, 11.3543, 11.3543, 11.3543, 11.3543, 11.3963, 11.3543
8.35583, 8, 12.3903, 11.3644, 3.16228, -4.39029, 0, 11.3644, 11.4163, 12.305, 11.3644, 11.3644, 11.3644, 11.3644, 11.3644, 11.3644, 11.3644, 11.3644, 11.3644, 11.3644, 11.3644, 11.3644, 11.3644, 11.3644, 11.3644, 11.3644, 11.3644, 11.3644, 11.3644, 11.3977, 11.3644
8.36371, 14, 12.3158, 11.3736, 4, 1.68425, 0, 11.3736, 11.4435, 12.2196, 11.3736, 11.3736, 11.3736, 11.3736, 11.3736, 11.3736, 11.3736, 11.3736, 11.3736, 11.3736, 11.3736, 11.3736, 11.3736, 11.3736, 11.3736, 11.3736, 11.3736, 11.3736, 11.3736, 11.3998, 11.3736
8.37159, 6, 12.2498, 11.3816, 2.82843, -6.24977, 0, 11.3816, 11.475, 12.1358, 11.3816, 11.3816, 11.3816, 11.3816, 11.3816, 11.3816, 11.3816, 11.3816, 11.3816, 11.3816, 11.3816, 11.3816, 11.3816, 11.3816, 11.3816, 11.3816, 11.3816, 11.3816, 11.3816, 11.4021, 11.3816
8.37947, 18, 12.1948, 11.3883, 4.47214, 5.80522, 0, 11.3883, 11.5124, 12.0548, 11.3883, 11.3883, 11.3883, 11.3883, 11.3883, 11.3883, 11.3883, 11.3883, 11.3883, 11.3883, 11.3883, 11.3883, 11.3883, 11.3883, 11.3883, 11.3883, 11.3883, 11.3883, 11.3883, 11.4043, 11.3883
8.38735, 22, 12.1533, 11.3938, 4.89898, 9.84672, 0, 11.3938, 11.5572, 11.9776, 11.3938, 11.3938, 11.3938, 11.3938, 11.3938, 11.3938, 11.3938, 11.3938, 11.3938, 11.3938, 11.3938, 11.3938, 11.3938, 11.3938, 11.3938, 11.3938, 11.3938, 11.3938, 11.3938, 11.4061, 11.3938
8.39523, 6, 12.128, 11.3982, 2.82843, -6.12798, 0, 11.3982, 11.6116, 11.905, 11.3982, 11.3982, 11.3982, 11.3982, 11.3982, 11.3982, 11.3982, 11.3982, 11.3982, 11.3982, 11.3982, 11.3982, 11.3982, 11.3982, 11.3982, 11.3982, 11.3982, 11.3982, 11.3982, 11.4077, 11.3982
8.40311, 16, 12.1218, 11.4016, 4.24264, 3.87822, 0, 11.4016, 11.6782, 11.8377, 11.4016, 11.4016, 11.4016, 11.4016, 11.4016, 11.4016, 11.4016, 11.4016, 11.4016, 11.4016, 11.4016, 11.4016, 11.4016, 11.4016, 11.4016, 11.4016, 11.4016, 11.4016, 11.4016, 11.409, 11.4016
8.41099, 12, 12.1376, 11.4042, 3.74166, -0.137575, 0, 11.4042, 11.7596, 11.7762, 11.4042, 11.4042, 11.4042, 11.4042, 11.4042, 11.4042, 11.4042, 11.4042, 11.4042, 11.4042, 11.4042, 11.4042, 11.4042, 11.4042, 11.4042, 11.4042, 11.4042, 11.4042, 11.4042, 11.4101, 11.4042
8.41887, 8, 12.1784, 11.406, 3.16228, -4.17836, 0, 11.4061, 11.8588, 11.7207, 11.406, 11.406, 11.406, 11.406, 11.406, 11.406, 11.406, 11.406, 11.406, 11.406, 11.406, 11.406, 11.406, 11.406, 11.406, 11.406, 11.406, 11.406, 11.406, 11.4109, 11.406
8.42675, 8, 12.2468, 11.4069, 3.16228, -4.24683, 0, 11.407, 11.9788, 11.6707, 11.4069, 11.4069, 11.4069, 11.4069, 11.4069, 11.4069, 11.4069, 11.4069, 11.4069, 11.4069, 11.4069, 11.4069, 11.4069, 11.4069, 11.4069, 11.4069, 11.4069, 11.4069, 11.4069, 11.4113, 11.4069
8.43463, 10, 12.3458, 11.4067, 3.4641, -2.34584, 0, 11.4067, 12.1225, 11.6259, 11.4067, 11.4067, 11.4067, 11.4067, 11.4067, 11.4067, 11.4067, 11.4067, 11.4067, 11.4067, 11.4067, 11.4067, 11.4067, 11.4067, 11.4067, 11.4067, 11.4067, 11.4067, 11.4067, 11.4108, 11.4067
8.44251, 12, 12.4785, 11.4053, 3.74166, -0.478486, 0, 11.4053, 12.2936, 11.5859, 11.4053, 11.4053, 11.4053, 11.4053, 11.4053, 11.4053, 11.4053, 11.4053, 11.4053, 11.4053, 11.4053, 11.4053, 11.4053, 11.4053, 11.4053, 11.4053, 11.4053, 11.4053, 11.4053, 11.4096, 11.4053
8.45039, 10, 12.6477, 11.4028, 3.4641, -2.64768, 0, 11.4028, 12.4953, 11.5503, 11.4028, 11.4028, 11.4028, 11.4028, 11.4028, 11.4028, 11.4028, 11.4028, 11.4028, 11.4028, 11.4028, 11.4028, 11.4028, 11.4028, 11.4028, 11.4028, 11.4028, 11.4028, 11.4028, 11.4077, 11.4028
8.45827, 22, 12.8563, 11.3993, 4.89898, 9.14368, 0, 11.3993, 12.731, 11.5187, 11.3993, 11.3993, 11.3993, 11.3993, 11.3993, 11.3993, 11.3993, 11.3993, 11.3993, 11.3993, 11.3993, 11.3993, 11.3993, 11.3993, 11.3993, 11.3993, 11.3993, 11.3993, 11.3993, 11.4051, 11.3993
8.46615, 16, 13.1072, 11.3949, 4.24264, 2.89283, 0, 11.3949, 13.004, 11.4908, 11.3949, 11.3949, 11.3949, 11.3949, 11.3949, 11.3949, 11.3949, 11.3949, 11.3949, 11.3949, 11.3949, 11.3949, 11.3949, 11.3949, 11.3949, 11.3949, 11.3949, 11.3949, 11.3949, 11.4022, 11.3949
8.47403, 22, 13.4026, 11.3902, 4.89898, 8.5974, 0, 11.3902, 13.3171, 11.4665, 11.3902, 11.3902, 11.3902, 11.3902, 11.3902, 11.3902, 11.3902, 11.3902, 11.3902, 11.3902, 11.3902, 11.3902, 11.3902, 11.3902, 11.3902, 11.3902, 11.3902, 11.3902, 11.3902, 11.3994, 11.3902
8.48191, 14, 13.744, 11.3851, 4, 0.256023, 0, 11.3851, 13.672, 11.4453, 11.3851, 11.3851, 11.3851, 11.3851, 11.3851, 11.3851, 11.3851, 11.3851, 11.3851, 11.3851, 11.3851, 11.3851, 11.3851, 11.3851, 11.3851, 11.3851, 11.3851, 11.3851, 11.3851, 11.3969, 11.3851
8.48979, 22, 14.1317, 11.3795, 4.89898, 7.86827, 0, 11.3795, 14.0696, 11.4266, 11.3795, 11.3795, 11.3795, 11.3795, 11.3795, 11.3795, 11.3795, 11.3795, 11.3795, 11.3795, 11.3795, 11.3795, 11.3795, 11.3795, 11.3795, 11.3795, 11.3795, 11.3795, 11.3795, 11.3945, 11.3795
8.49767, 20, 14.5649, 11.3732, 4.69042, 5.43507, 0, 11.3732, 14.5094, 11.4097, 11.3732, 11.3732, 11.3732, 11.3732, 11.3732, 11.3732, 11.3732, 11.3732, 11.3732, 11.3732, 11.3732, 11.3732, 11.3732, 11.3732, 11.3732, 11.3732, 11.3732, 11.3732, 11.3732, 11.3922, 11.3732
8.50555, 20, 15.0415, 11.3657, 4.69042, 4.95853, 0, 11.3657, 14.9894, 11.3938, 11.3657, 11.3657, 11.3657, 11.3657, 11.3657, 11.3657, 11.3657, 11.3657, 11.3657, 11.3657, 11.3657, 11.3657, 11.3657, 11.3657, 11.3657, 11.3657, 11.3657, 11.3657, 11.3657, 11.3896, 11.3657
8.51343, 18, 15.5585, 11.3573, 4.47214, 2.44147, 0, 11.3573, 15.5072, 11.3787, 11.3573, 11.3573, 11.3573, 11.3573, 11.3573, 11.3573, 11.3573, 11.3573, 11.3573, 11.3573, 11.3573, 11.3573, 11.3573, 11.3573, 11.3573, 11.3573, 11.3573, 11.3573, 11.3573, 11.3872, 11.3573
8.52131, 16, 16.112, 11.3484, 4.24264, -0.111954, 0, 11.3485, 16.0587, 11.3647, 11.3484, 11.3484, 11.3484, 11.3484, 11.3484, 11.3484, 11.3484, 11.3484, 11.3484, 11.3484, 11.3484, 11.3484, 11.3484, 11.3484, 11.3484, 11.3484, 11.3484, 11.3484, 11.3484, 11.3855, 11.3484
8.52919, 26, 16.6961, 11.3396, 5.2915, 9.30392, 0, 11.3396, 16.6384, 11.3518, 11.3396, 11.3396, 11.3396, 11.3396, 11.3396, 11.3396, 11.3396, 11.3396, 11.3396, 11.3396, 11.3396, 11.3396, 11.3396, 11.3396, 11.3396, 11.3396, 11.3396, 11.3396, 11.3396, 11.3851, 11.3396
8.53707, 20, 17.3029, 11.3304, 4.69042, 2.69708, 0, 11.3304, 17.2385, 11.3394, 11.3304, 11.3304, 11.3304, 11.3304, 11.3304, 11.3304, 11.3304, 11.3304, 11.3304, 11.3304, 11.3304, 11.3304, 11.3304, 11.3304, 11.3304, 11.3304, 11.3304, 11.3304, 11.3304, 11.3857, 11.3304
8.54495, 26, 17.9233, 11.3206, 5.2915, 8.07665, 0, 11.3206, 17.8499, 11.3273, 11.3206, 11.3206, 11.3206, 11.3206, 11.3206, 11.3206, 11.3206, 11.3206, 11.3206, 11.3206, 11.3206, 11.3206, 11.3206, 11.3206, 11.3206, 11.3206, 11.3206, 11.3206, 11.3206, 11.3874, 11.3206
8.55283, 24, 18.5461, 11.3096, 5.09902, 5.45385, 0, 11.3096, 18.4614, 11.3145, 11.3096, 11.3096, 11.3096, 11.3096, 11.3096, 11.3096, 11.3096, 11.3096, 11.3096, 11.3096, 11.3096, 11.3096, 11.3096, 11.3096, 11.3096, 11.3096, 11.3096, 11.3096, 11.3096, 11.3895, 11.3096
8.56071, 20, 19.1601, 11.2975, 4.69042, 0.839857, 0, 11.2975, 19.062, 11.301, 11.2975, 11.2975, 11.2975, 11.2975, 11.2975, 11.2975, 11.2975, 11.2975, 11.2975, 11.2975, 11.2975, 11.2975, 11.2975, 11.2975, 11.2975, 11.2975, 11.2975, 11.2975, 11.2975, 11.3921, 11.2975
8.56859, 22, 19.7538, 11.2848, 4.89898, 2.24621, 0, 11.2849, 19.6401, 11.2874, 11.2848, 11.2848, 11.2848, 11.2848, 11.2848, 11.2848, 11.2848, 11.2848, 11.2848, 11.2848, 11.2848, 11.2848, 11.2848, 11.2848, 11.2848, 11.2848, 11.2848, 11.2848, 11.2848, 11.3959, 11.2848
8.57647, 22, 20.3152, 11.2722, 4.89898, 1.68483, 0, 11.2722, 20.184, 11.274, 11.2722, 11.2722, 11.2722, 11.2722, 11.2722, 11.2722, 11.2722, 11.2722, 11.2722, 11.2722, 11.2722, 11.2722, 11.2722, 11.2722, 11.2722, 11.2722, 11.2722, 11.2722, 11.2722, 11.4015, 11.2722
8.58435, 16, 20.8317, 11.2594, 4.24264, -4.83169, 0, 11.2594, 20.6812, 11.2606, 11.2594, 11.2594, 11.2594, 11.2594, 11.2594, 11.2594, 11.2594, 11.2594, 11.2594, 11.2594, 11.2594, 11.2594, 11.2594, 11.2594, 11.2594, 11.2594, 11.2594, 11.2594, 11.2594, 11.4085, 11.2594
8.59223, 24, 21.2912, 11.2462, 5.09902, 2.70878, 0, 11.2462, 21.1197, 11.2471, 11.2462, 11.2462, 11.2462, 11.2462, 11.2462, 11.2462, 11.2462, 11.2462, 11.2462, 11.2462, 11.2462, 11.2462, 11.2462, 11.2462, 11.2462, 11.2462, 11.2462, 11.2462, 11.2462, 11.4168, 11.2462
8.60011, 22, 21.6818, 11.2317, 4.89898, 0.318216, 0, 11.2317, 21.4877, 11.2323, 11.2317, 11.2317, 11.2317, 11.2317, 11.2317, 11.2317, 11.2317, 11.2317, 11.2317, 11.2317, 11.2317, 11.2317, 11.2317, 11.2317, 11.2317, 11.2317, 11.2317, 11.2317, 11.2317, 11.4251, 11.2317
8.60799, 28, 21.9937, 11.2159, 5.47723, 6.00627, 0, 11.2159, 21.7759, 11.2163, 11.2159, 11.2159, 11.2159, 11.2159, 11.2159, 11.2159, 11.2159, 11.2159, 11.2159, 11.2159, 11.2159, 11.2159, 11.2159, 11.2159, 11.2159, 11.2159, 11.2159, 11.2159, 11.2159, 11.4332, 11.2159
8.61587, 16, 22.2199, 11.1994, 4.24264, -6.21986, 0, 11.1995, 21.9774, 11.1997, 11.1994, 11.1994, 11.1994, 11.1994, 11.1994, 11.1994, 11.1994, 11.1994, 11.1994, 11.1994, 11.1994, 11.1994, 11.1994, 11.1994, 11.1994, 11.1994, 11.1994, 11.1994, 11.1994, 11.4416, 11.1994
8.62375, 24, 22.3549, 11.183, 5.09902, 1.64505, 0, 11.1831, 22.0872, 11.1832, 11.183, 11.183, 11.183, 11.183, 11.183, 11.183, 11.183, 11.183, 11.183, 11.183, 11.183, 11.183, 11.183, 11.183, 11.183, 11.183, 11.183, 11.183, 11.183, 11.4506, 11.183
8.63163, 30, 22.3955, 11.1667, 5.65685, 7.60454, 0, 11.1667, 22.1023, 11.1668, 11.1667, 11.1667, 11.1667, 11.1667, 11.1667, 11.1667, 11.1667, 11.1667, 11.1667, 11.1667, 11.1667, 11.1667, 11.1667, 11.1667, 11.1667, 11.1667, 11.1667, 11.1667, 11.1667, 11.4597, 11.1667
8.63951, 38, 22.3399, 11.1499, 6.32456, 15.6601, 0, 11.1499, 22.0215, 11.15, 11.1499, 11.1499, 11.1499, 11.1499, 11.1499, 11.1499, 11.1499, 11.1499, 11.1499, 11.1499, 11.1499, 11.1499, 11.1499, 11.1499, 11.1499, 11.1499, 11.1499, 11.1499, 11.1499, 11.4682, 11.1499
8.64739, 12, 22.1888, 11.1319, 3.74166, -10.1888, 0, 11.1319, 21.8459, 11.132, 11.1319, 11.1319, 11.1319, 11.1319, 11.1319, 11.1319, 11.1319, 11.1319, 11.1319, 11.1319, 11.1319, 11.1319, 11.1319, 11.1319, 11.1319, 11.1319, 11.1319, 11.1319, 11.1319, 11.4747, 11.1319
8.65527, 24, 21.9457, 11.1126, 5.09902, 2.05429, 0, 11.1126, 21.5794, 11.1127, 11.1126, 11.1126, 11.1126, 11.1126, 11.1126, 11.1126, 11.1126, 11.1126, 11.1126, 11.1126, 11.1126, 11.1126, 11.1126, 11.1126, 11.1126, 11.1126, 11.1126, 11.1126, 11.1126, 11.4788, 11.1126
8.66315, 14, 21.6175, 11.0927, 4, -7.61746, 0, 11.0927, 21.2294, 11.0927, 11.0927, 11.0927, 11.0927, 11.0927, 11.0927, 11.0927, 11.0927, 11.0927, 11.0927, 11.0927, 11.0927, 11.0927, 11.0927, 11.0927, 11.0927, 11.0927, 11.0927, 11.0927, 11.0927, 11.4807, 11.0927
8.67103, 36, 21.2126, 11.0728, 6.16441, 14.7874, 0, 11.0728, 20.8048, 11.0728, 11.0728, 11.0728, 11.0728, 11.0728, 11.0728, 11.0728, 11.0728, 11.0728, 11.0728, 11.0728, 11.0728, 11.0728, 11.0728, 11.0728, 11.0728, 11.0728, 11.0728, 11.0728, 11.0728, 11.4806, 11.0728
8.67891, 12, 20.7408, 11.053, 3.74166, -8.74078, 0, 11.053, 20.3156, 11.053, 11.053, 11.053, 11.053, 11.053, 11.053, 11.053, 11.053, 11.053, 11.053, 11.053, 11.053, 11.053, 11.053, 11.053, 11.053, 11.053, 11.053, 11.053, 11.053, 11.4782, 11.053
8.68679, 18, 20.2123, 11.0328, 4.47214, -2.21229, 0, 11.0328, 19.7725, 11.0328, 11.0328, 11.0328, 11.0328, 11.0328, 11.0328, 11.0328, 11.0328, 11.0328, 11.0328, 11.0328, 11.0328, 11.0328, 11.0328, 11.0328, 11.0328, 11.0328, 11.0328, 11.0328, 11.0328, 11.4726, 11.0328
8.69467, 14, 19.6383, 11.0116, 4, -5.63828, 0, 11.0117, 19.1868, 11.0116, 11.0116, 11.0116, 11.0116, 11.0116, 11.0116, 11.0116, 11.0116, 11.0116, 11.0116, 11.0116, 11.0116, 11.0116, 11.0116, 11.0116, 11.0116, 11.0116, 11.0116, 11.0116, 11.0116, 11.4631, 11.0116
8.70255, 22, 19.0303, 10.9891, 4.89898, 2.96972, 0, 10.9892, 18.5704, 10.9892, 10.9891, 10.9891, 10.9891, 10.9891, 10.9891, 10.9891, 10.9891, 10.9891, 10.9891, 10.9891, 10.9891, 10.9891, 10.9891, 10.9891, 10.9891, 10.9891, 10.9892, 10.9891, 10.9891, 11.449, 10.9891
8.71043, 18, 18.4009, 10.966, 4.47214, -0.400894, 0, 10.966, 17.936, 10.966, 10.966, 10.966, 10.966, 10.966, 10.966, 10.966, 10.966, 10.966, 10.966, 10.966, 10.966, 10.966, 10.966, 10.966, 10.966, 10.966, 10.966, 10.966, 10.966, 11.4309, 10.966
8.71831, 14, 17.7625, 10.9429, 4, -3.76246, 0, 10.9429, 17.2959, 10.9429, 10.9429, 10.9429, 10.9429, 10.9429, 10.9429, 10.9429, 10.9429, 10.9429, 10.9429, 10.9429, 10.9429, 10.9429, 10.9429, 10.9429, 10.9429, 10.9429, 10.9429, 10.9429, 10.9429, 11.4095, 10.9429
8.72619, 12, 17.1259, 10.9201, 3.74166, -5.12588, 0, 10.9201, 16.661, 10.9201, 10.9201, 10.9201, 10.9201, 10.9201, 10.9201, 10.9201, 10.9201, 10.9201, 10.9201, 10.9201, 10.9201, 10.9201, 10.9201, 10.9201, 10.9201, 10.9201, 10.9201, 10.9201, 10.9201, 11.3849, 10.9201
8.73407, 24, 16.5001, 10.8967, 5.09902, 7.49989, 0, 10.8967, 16.0402, 10.8967, 10.8967, 10.8967, 10.8967, 10.8967, 10.8967, 10.8967, 10.8967, 10.8967, 10.8967, 10.8967, 10.8967, 10.8967, 10.8967, 10.8967, 10.8967, 10.8967, 10.8967, 10.8967, 10.8967, 11.3566, 10.8967
8.74195, 20, 15.8934, 10.8727, 4.69042, 4.10663, 0, 10.8727, 15.4415, 10.8727, 10.8727, 10.8727, 10.8727, 10.8727, 10.8727, 10.8727, 10.8727, 10.8727, 10.8727, 10.8727, 10.8727, 10.8727, 10.8727, 10.8727, 10.8727, 10.8727, 10.8727, 10.8727, 10.8727, 11.3246, 10.8727
8.74983, 16, 15.3121, 10.8474, 4.24264, 0.687885, 0, 10.8474, 14.871, 10.8474, 10.8474, 10.8474, 10.8474, 10.8474, 10.8474, 10.8474, 10.8474, 10.8474, 10.8474, 10.8474, 10.8474, 10.8474, 10.8474, 10.8474, 10.8474, 10.8474, 10.8474, 10.8474, 10.8474, 11.2885, 10.8474
8.75771, 22, 14.7626, 10.8215, 4.89898, 7.23741, 0, 10.8215, 14.3348, 10.8215, 10.8215, 10.8215, 10.8215, 10.8215, 10.8215, 10.8215, 10.8215, 10.8215, 10.8215, 10.8215, 10.8215, 10.8215, 10.8215, 10.8215, 10.8215, 10.8215, 10.8215, 10.8215, 10.8215, 11.2492, 10.8215
8.76559, 22, 14.2495, 10.7956, 4.89898, 7.7505, 0, 10.7956, 13.8371, 10.7956, 10.7956, 10.7956, 10.7956, 10.7956, 10.7956, 10.7956, 10.7956, 10.7956, 10.7956, 10.7956, 10.7956, 10.7956, 10.7956, 10.7956, 10.7956, 10.7956, 10.7956, 10.7956, 10.7956, 11.2079, 10.7956
8.77347, 12, 13.776, 10.7701, 3.74166, -1.77604, 0, 10.7701, 13.3809, 10.7701, 10.7701, 10.7701, 10.7701, 10.7701, 10.7701, 10.7701, 10.7701, 10.7701, 10.7701, 10.7701, 10.7701, 10.7701, 10.7701, 10.7701, 10.7701, 10.7701, 10.7701, 10.7701, 10.7701, 11.1652, 10.7701
8.78135, 18, 13.3427, 10.744, 4.47214, 4.65728, 0, 10.744, 12.9661, 10.744, 10.744, 10.744, 10.744, 10.744, 10.744, 10.744, 10.744, 10.744, 10.744, 10.744, 10.744, 10.744, 10.744, 10.744, 10.744, 10.744, 10.744, 10.744, 10.744, 11.1207, 10.744
8.78923, 14, 12.95, 10.7176, 4, 1.05004, 0, 10.7176, 12.5927, 10.7176, 10.7176, 10.7176, 10.7176, 10.7176, 10.7176, 10.7176, 10.7176, 10.7176, 10.7176, 10.7176, 10.7176, 10.7176, 10.7176, 10.7176, 10.7176, 10.7176, 10.7176, 10.7176, 10.7176, 11.0748, 10.7176
8.79711, 12, 12.5963, 10.69, 3.74166, -0.596285, 0, 10.69, 12.259, 10.69, 10.69, 10.69, 10.69, 10.69, 10.69, 10.69, 10.69, 10.69, 10.69, 10.69, 10.69, 10.69, 10.69, 10.69, 10.69, 10.69, 10.69, 10.69, 10.69, 11.0273, 10.69
8.80499, 12, 12.2808, 10.6618, 3.74166, -0.28084, 0, 10.6618, 11.9635, 10.6618, 10.6618, 10.6618, 10.6618, 10.6618, 10.6618, 10.6618, 10.6618, 10.6618, 10.6618, 10.6618, 10.6618, 10.6618, 10.6618, 10.6618, 10.6618, 10.6618, 10.6618, 10.6618, 10.6618, 10.9791, 10.6618
8.81287, 16, 12.0022, 10.6336, 4.24264, 3.99782, 0, 10.6336, 11.7045, 10.6336, 10.6336, 10.6336, 10.6336, 10.6336, 10.6336, 10.6336, 10.6336, 10.6336, 10.6336, 10.6336, 10.6336, 10.6336, 10.6336, 10.6336, 10.6336, 10.6336, 10.6336, 10.6336, 10.6336, 10.9313, 10.6336
8.82075, 20, 11.7582, 10.606, 4.69042, 8.24178, 0, 10.606, 11.4795, 10.606, 10.606, 10.606, 10.606, 10.606, 10.606, 10.606, 10.606, 10.606, 10.606, 10.606, 10.606, 10.606, 10.606, 10.606, 10.606, 10.606, 10.606, 10.606, 10.606, 10.8847, 10.606
8.82863, 10, 11.5452, 10.5777, 3.4641, -1.54519, 0, 10.5777, 11.2843, 10.5777, 10.5777, 10.5777, 10.5777, 10.5777, 10.5777, 10.5777, 10.5777, 10.5777, 10.5777, 10.5777, 10.5777, 10.5777, 10.5777, 10.5777, 10.5777, 10.5777, 10.5777, 10.5777, 10.5777, 10.8386, 10.5777
8.83651, 22, 11.3606, 10.5495, 4.89898, 10.6394, 0, 10.5495, 11.1162, 10.5495, 10.5495, 10.5495, 10.5495, 10.5495, 10.5495, 10.5495, 10.5495, 10.5495, 10.5495, 10.5495, 10.5495, 10.5495, 10.5495, 10.5495, 10.5495, 10.5495, 10.5495, 10.5495, 10.5495, 10.7939, 10.5495
8.84439, 12, 11.2005, 10.5201, 3.74166, 0.799484, 0, 10.5201, 10.9709, 10.5201, 10.5201, 10.5201, 10.5201, 10.5201, 10.5201, 10.5201, 10.5201, 10.5201, 10.5201, 10.5201, 10.5201, 10.5201, 10.5201, 10.5201, 10.5201, 10.5201, 10.5201, 10.5201, 10.5201, 10.7497, 10.5201
8.85227, 6, 11.0625, 10.4902, 2.82843, -5.06254, 0, 10.4903, 10.8458, 10.4902, 10.4902, 10.4902, 10.4902, 10.4902, 10.4902, 10.4902, 10.4902, 10.4902, 10.4902, 10.4902, 10.4902, 10.4902, 10.4902, 10.4902, 10.4902, 10.4902, 10.4902, 10.4902, 10.4902, 10.707, 10.4902
8.86015, 14, 10.9445, 10.4604, 4, 3.05547, 0, 10.4604, 10.7384, 10.4604, 10.4604, 10.4604, 10.4604, 10.4604, 10.4604, 10.4604, 10.4604, 10.4604, 10.4604, 10.4604, 10.4604, 10.4604, 10.4604, 10.4604, 10.4604, 10.4604, 10.4604, 10.4604, 10.4604, 10.6665, 10.4604
8.86803, 14, 10.8445, 10.4312, 4, 3.15547, 0, 10.4312, 10.6468, 10.4312, 10.4312, 10.4312, 10.4312, 10.4312, 10.4312, 10.4312, 10.4312, 10.4312, 10.4312, 10.4312, 10.4312, 10.4312, 10.4312, 10.4312, 10.4312, 10.4312, 10.4312, 10.4312, 10.4312, 10.6289, 10.4312
8.87591, 8, 10.759, 10.4014, 3.16228, -2.759, 0, 10.4014, 10.5672, 10.4014, 10.4014, 10.4014, 10.4014, 10.4014, 10.4014, 10.4014, 10.4014, 10.4014, 10.4014, 10.4014, 10.4014, 10.4014, 10.4014, 10.4014, 10.4014, 10.4014, 10.4014, 10.4014, 10.4014, 10.5931, 10.4014
8.88379, 14, 10.6865, 10.3716, 4, 3.31354, 0, 10.3716, 10.4981, 10.3716, 10.3716, 10.3716, 10.3716, 10.3716, 10.3716, 10.3716, 10.3716, 10.3716, 10.3716, 10.3716, 10.3716, 10.3716, 10.3716, 10.3716, 10.3716, 10.3716, 10.3716, 10.3716, 10.3716, 10.5599, 10.3716
8.89167, 16, 10.6244, 10.3413, 4.24264, 5.37558, 0, 10.3413, 10.437, 10.3413, 10.3413, 10.3413, 10.3413, 10.3413, 10.3413, 10.3413, 10.3413, 10.3413, 10.3413, 10.3413, 10.3413, 10.3413, 10.3413, 10.3413, 10.3413, 10.3413, 10.3413, 10.3413, 10.3413, 10.5287, 10.3413
8.89955, 10, 10.5712, 10.3104, 3.4641, -0.571227, 0, 10.3104, 10.3822, 10.3104, 10.3104, 10.3104, 10.3104, 10.3104, 10.3104, 10.3104, 10.3104, 10.3104, 10.3104, 10.3104, 10.3104, 10.3104, 10.3104, 10.3104, 10.3104, 10.3104, 10.3104, 10.3104, 10.3104, 10.4994, 10.3104
8.90743, 14, 10.526, 10.2795, 4, 3.47398, 0, 10.2795, 10.333, 10.2795, 10.2795, 10.2795, 10.2795, 10.2795, 10.2795, 10.2795, 10.2795, 10.2795, 10.2795, 10.2795, 10.2795, 10.2795, 10.2795, 10.2795, 10.2795, 10.2795, 10.2795, 10.2795, 10.2795, 10.4726, 10.2795
8.91531, 12, 10.4881, 10.2493, 3.74166, 1.51188, 0, 10.2493, 10.2888, 10.2493, 10.2493, 10.2493, 10.2493, 10.2493, 10.2493, 10.2493, 10.2493, 10.2493, 10.2493, 10.2493, 10.2493, 10.2493, 10.2493, 10.2493, 10.2493, 10.2493, 10.2493, 10.2493, 10.2493, 10.4487, 10.2493
8.92319, 8, 10.4552, 10.2186, 3.16228, -2.45518, 0, 10.2186, 10.2475, 10.2186, 10.2186, 10.2186, 10.2186, 10.2186, 10.2186, 10.2186, 10.2186, 10.2186, 10.2186, 10.2186, 10.2186, 10.2186, 10.2186, 10.2186, 10.2186, 10.2186, 10.2186, 10.2186, 10.2186, 10.4263, 10.2186
8.93107, 10, 10.4268, 10.1879, 3.4641, -0.42679, 0, 10.1879, 10.2088, 10.1879, 10.1879, 10.1879, 10.1879, 10.1879, 10.1879, 10.1879, 10.1879, 10.1879, 10.1879, 10.1879, 10.1879, 10.1879, 10.1879, 10.1879, 10.1879, 10.1879, 10.1879, 10.1879, 10.1879, 10.4058, 10.1879
8.93895, 16, 10.4021, 10.1572, 4.24264, 5.59795, 0, 10.1572, 10.1723, 10.1572, 10.1572, 10.1572, 10.1572, 10.1572, 10.1572, 10.1572, 10.1572, 10.1572, 10.1572, 10.1572, 10.1572, 10.1572, 10.1572, 10.1572, 10.1572, 10.1572, 10.1572, 10.1572, 10.1572, 10.3869, 10.1572
8.94683, 8, 10.3796, 10.126, 3.16228, -2.37955, 0, 10.126, 10.1368, 10.126, 10.126, 10.126, 10.126, 10.126, 10.126, 10.126, 10.126, 10.126, 10.126, 10.126, 10.126, 10.126, 10.126, 10.126, 10.126, 10.126, 10.126, 10.126, 10.126, 10.3687, 10.126
8.95471, 16, 10.3592, 10.0948, 4.24264, 5.64084, 0, 10.0948, 10.1025, 10.0948, 10.0948, 10.0948, 10.0948, 10.0948, 10.0948, 10.0948, 10.0948, 10.0948, 10.0948, 10.0948, 10.0948, 10.0948, 10.0948, 10.0948, 10.0948, 10.0948, 10.0948, 10.0948, 10.0948, 10.3515, 10.0948
8.96259, 12, 10.3408, 10.0643, 3.74166, 1.65923, 0, 10.0643, 10.0697, 10.0643, 10.0643, 10.0643, 10.0643, 10.0643, 10.0643, 10.0643, 10.0643, 10.0643, 10.0643, 10.0643, 10.0643, 10.0643, 10.0643, 10.0643, 10.0643, 10.0643, 10.0643, 10.0643, 10.0643, 10.3353, 10.0643
8.97047, 12, 10.3226, 10.0332, 3.74166, 1.6774, 0, 10.0332, 10.037, 10.0332, 10.0332, 10.0332, 10.0332, 10.0332, 10.0332, 10.0332, 10.0332, 10.0332, 10.0332, 10.0332, 10.0332, 10.0332, 10.0332, 10.0332, 10.0332, 10.0332, 10.0332, 10.0332, 10.0332, 10.3188, 10.0332
8.97835, 28, 10.3047, 10.0022, 5.47723, 17.6954, 0, 10.0022, 10.0048, 10.0022, 10.0022, 10.0022, 10.0022, 10.0022, 10.0022, 10.0022, 10.0022, 10.0022, 10.0022, 10.0022, 10.0022, 10.0022, 10.0022, 10.0022, 10.0022, 10.0022, 10.0022, 10.0022, 10.0022, 10.302, 10.0022
8.98623, 6, 10.287, 9.97177, 2.82843, -4.287, 0, 9.97178, 9.97363, 9.97177, 9.97177, 9.97177, 9.97177, 9.97177, 9.97177, 9.97177, 9.97177, 9.97177, 9.97177, 9.97177, 9.97177, 9.97177, 9.97177, 9.97177, 9.97177, 9.97177, 9.97177, 9.97177, 9.97177, 10.2851, 9.97177
8.99411, 2, 10.268, 9.94084, 2, -8.268, 0, 9.94085, 9.94214, 9.94084, 9.94084, 9.94084, 9.94084, 9.94084, 9.94084, 9.94084, 9.94084, 9.94084, 9.94084, 9.94084, 9.94084, 9.94084, 9.94084, 9.94084, 9.94084, 9.94084, 9.94084, 9.94084, 9.94084, 10.2667, 9.94084
9.00199, 6, 10.2478, 9.90996, 2.82843, -4.24783, 0, 9.90997, 9.91087, 9.90996, 9.90996, 9.90996, 9.90996, 9.90996, 9.90996, 9.90996, 9.90996, 9.90996, 9.90996, 9.90996, 9.90996, 9.90996, 9.90996, 9.90996, 9.90996, 9.90996, 9.90996, 9.90996, 9.90996, 10.2469, 9.90996
9.00987, 8, 10.2267, 9.87971, 3.16228, -2.22671, 0, 9.87972, 9.88035, 9.87971, 9.87971, 9.87971, 9.87971, 9.87971, 9.87971, 9.87971, 9.87971, 9.87971, 9.87971, 9.87971, 9.87971, 9.87971, 9.87971, 9.87971, 9.87971, 9.87971, 9.87971, 9.87971, 9.87971, 10.2261, 9.87971
9.01775, 8, 10.2032, 9.84892, 3.16228, -2.20319, 0, 9.84893, 9.84938, 9.84892, 9.84892, 9.84892, 9.84892, 9.84892, 9.84892, 9.84892, 9.84892, 9.84892, 9.84892, 9.84892, 9.84892, 9.84892, 9.84892, 9.84892, 9.84892, 9.84892, 9.84892, 9.84892, 9.84892, 10.2027, 9.84892
9.02563, 12, 10.1776, 9.81818, 3.74166, 1.82239, 0, 9.81819, 9.81852, 9.81818, 9.81818, 9.81818, 9.81818, 9.81818, 9.81818, 9.81818, 9.81818, 9.81818, 9.81818, 9.81818, 9.81818, 9.81818, 9.81818, 9.81818, 9.81818, 9.81818, 9.81818, 9.81818, 9.81818, 10.1773, 9.81818
9.03351, 16, 10.1702, 9.80792, 4.24264, 5.82976, 0, 9.80793, 9.80818, 9.80792, 9.80792, 9.80792, 9.80792, 9.80792, 9.80792, 9.80792, 9.80792, 9.80792, 9.80792, 9.80792, 9.80792, 9.80792, 9.80792, 9.80792, 9.80792, 9.80792, 9.80792, 9.80792, 9.80792, 10.17, 9.80792
9.04139, 18, 10.16, 9.79716, 4.47214, 7.83999, 0, 9.79718, 9.79737, 9.79716, 9.79716, 9.79716, 9.79716, 9.79716, 9.79716, 9.79716, 9.79716, 9.79716, 9.79716, 9.79716, 9.79716, 9.79716, 9.79716, 9.79716, 9.79716, 9.79716, 9.79717, 9.79716, 9.79716, 10.1598, 9.79716
9.04927, 10, 10.1474, 9.78642, 3.4641, -0.147384, 0, 9.78643, 9.78659, 9.78642, 9.78642, 9.78642, 9.78642, 9.78642, 9.78642, 9.78642, 9.78642, 9.78642, 9.78642, 9.78642, 9.78642, 9.78642, 9.78642, 9.78642, 9.78642, 9.78642, 9.78642, 9.78642, 9.78642, 10.1472, 9.78642
9.05715, 20, 10.1328, 9.77613, 4.69042, 9.86716, 0, 9.77614, 9.77628, 9.77613, 9.77613, 9.77613, 9.77613, 9.77613, 9.77613, 9.77613, 9.77613, 9.77613, 9.77613, 9.77613, 9.77613, 9.77613, 9.77613, 9.77613, 9.77613, 9.77613, 9.77613, 9.77613, 9.77613, 10.1327, 9.77613
9.06503, 2, 10.1156, 9.76542, 2, -8.11558, 0, 9.76543, 9.76555, 9.76542, 9.76542, 9.76542, 9.76542, 9.76542, 9.76542, 9.76542, 9.76542, 9.76542, 9.76542, 9.76542, 9.76542, 9.76542, 9.76542, 9.76542, 9.76542, 9.76542, 9.76542, 9.76542, 9.76542, 10.1154, 9.76542
9.07291, 10, 10.0962, 9.75471, 3.4641, -0.0961618, 0, 9.75472, 9.75483, 9.75471, 9.75471, 9.75471, 9.75471, 9.75471, 9.75471, 9.75471, 9.75471, 9.75471, 9.75471, 9.75471, 9.75471, 9.75471, 9.75471, 9.75471, 9.75471, 9.75471, 9.75471, 9.75471, 9.75471, 10.096, 9.75471
9.08079, 14, 10.0745, 9.74374, 4, 3.92549, 0, 9.74375, 9.74385, 9.74374, 9.74374, 9.74374, 9.74374, 9.74374, 9.74374, 9.74374, 9.74374, 9.74374, 9.74374, 9.74374, 9.74374, 9.74374, 9.74374, 9.74374, 9.74374, 9.74374, 9.74374, 9.74374, 9.74374, 10.0744, 9.74374
9.08867, 10, 10.0507, 9.73238, 3.4641, -0.050704, 0, 9.73239, 9.73249, 9.73238, 9.73238, 9.73238, 9.73238, 9.73238, 9.73238, 9.73238, 9.73238, 9.73238, 9.73238, 9.73238, 9.73238, 9.73238, 9.73238, 9.73238, 9.73238, 9.73238, 9.73238, 9.73238, 9.73238, 10.0506, 9.73238
9.09655, 8, 10.0254, 9.72103, 3.16228, -2.02539, 0, 9.72104, 9.72114, 9.72103, 9.72103, 9.72103, 9.72103, 9.72103, 9.72103, 9.72103, 9.72103, 9.72103, 9.72103, 9.72103, 9.72103, 9.72103, 9.72103, 9.72103, 9.72103, 9.72103, 9.72103, 9.72103, 9.72103, 10.0253, 9.72103
9.10443, 18, 9.99918, 9.71004, 4.47214, 8.00082, 0, 9.71005, 9.71015, 9.71004, 9.71004, 9.71004, 9.71004, 9.71004, 9.71004, 9.71004, 9.71004, 9.71004, 9.71004, 9.71004, 9.71004, 9.71004, 9.71004, 9.71004, 9.71004, 9.71004, 9.71004, 9.71004, 9.71004, 9.99906, 9.71004
9.11231, 8, 9.97167, 9.69872, 3.16228, -1.97167, 0, 9.69873, 9.69883, 9.69872, 9.69872, 9.69872, 9.69872, 9.69872, 9.69872, 9.69872, 9.69872, 9.69872, 9.69872, 9.69872, 9.69872, 9.69872, 9.69872, 9.69872, 9.69872, 9.69872, 9.69872, 9.69872, 9.69872, 9.97154, 9.69872
9.12019, 12, 9.94343, 9.68737, 3.74166, 2.05657, 0, 9.68738, 9.68748, 9.68737, 9.68737, 9.68737, 9.68737, 9.68737, 9.68737, 9.68737, 9.68737, 9.68737, 9.68737, 9.68737, 9.68737, 9.68737, 9.68737, 9.68737, 9.68737, 9.68737, 9.68737, 9.68737, 9.68737, 9.94331, 9.68737
9.12807, 12, 9.91417, 9.67541, 3.74166, 2.08583, 0, 9.67542, 9.67553, 9.67541, 9.67541, 9.67541, 9.67541, 9.67541, 9.67541, 9.67541, 9.67541, 9.67541, 9.67541, 9.67541, 9.67541, 9.67541, 9.67541, 9.67541, 9.67541, 9.67541, 9.67541, 9.67541, 9.67541, 9.91404, 9.67541
9.13595, 12, 9.88446, 9.66315, 3.74166, 2.11554, 0, 9.66317, 9.66327, 9.66315, 9.66315, 9.66315, 9.66315, 9.66315, 9.66315, 9.66315, 9.66315, 9.66315, 9.66315, 9.66315, 9.66315, 9.66315, 9.66315, 9.66315, 9.66315, 9.66315, 9.66316, 9.66315, 9.66315, 9.88433, 9.66315
9.14383, 20, 9.85487, 9.6509, 4.69042, 10.1451, 0, 9.65092, 9.65102, 9.6509, 9.6509, 9.6509, 9.6509, 9.6509, 9.6509, 9.6509, 9.6509, 9.6509, 9.6509, 9.6509, 9.6509, 9.6509, 9.6509, 9.6509, 9.6509, 9.6509, 9.65091, 9.6509, 9.6509, 9.85473, 9.6509
9.15171, 8, 9.82588, 9.63893, 3.16228, -1.82588, 0, 9.63894, 9.63905, 9.63893, 9.63893, 9.63893, 9.63893, 9.63893, 9.63893, 9.63893, 9.63893, 9.63893, 9.63893, 9.63893, 9.63893, 9.63893, 9.63893, 9.63893, 9.63893, 9.63893, 9.63893, 9.63893, 9.63893, 9.82575, 9.63893
9.15959, 16, 9.7972, 9.6267, 4.24264, 6.2028, 0, 9.62671, 9.62683, 9.6267, 9.6267, 9.6267, 9.6267, 9.6267, 9.6267, 9.6267, 9.6267, 9.6267, 9.6267, 9.6267, 9.6267, 9.6267, 9.6267, 9.6267, 9.6267, 9.6267, 9.6267, 9.6267, 9.6267, 9.79706, 9.6267
9.16747, 6, 9.76901, 9.61421, 2.82843, -3.76901, 0, 9.61423, 9.61436, 9.61421, 9.61421, 9.61421, 9.61421, 9.61421, 9.61421, 9.61421, 9.61421, 9.61421, 9.61421, 9.61421, 9.61421, 9.61421, 9.61421, 9.61421, 9.61421, 9.61421, 9.61421, 9.61421, 9.61421, 9.76886, 9.61421
9.17535, 8, 9.74111, 9.60112, 3.16228, -1.74111, 0, 9.60113, 9.60128, 9.60112, 9.60112, 9.60112, 9.60112, 9.60112, 9.60112, 9.60112, 9.60112, 9.60112, 9.60112, 9.60112, 9.60112, 9.60112, 9.60112, 9.60112, 9.60112, 9.60112, 9.60112, 9.60112, 9.60112, 9.74095, 9.60112
9.18323, 8, 9.71395, 9.58772, 3.16228, -1.71395, 0, 9.58774, 9.5879, 9.58772, 9.58772, 9.58772, 9.58772, 9.58772, 9.58772, 9.58772, 9.58772, 9.58772, 9.58772, 9.58772, 9.58772, 9.58772, 9.58772, 9.58772, 9.58772, 9.58772, 9.58772, 9.58772, 9.58772, 9.71376, 9.58772
9.19111, 10, 9.68795, 9.57434, 3.4641, 0.312054, 0, 9.57435, 9.57455, 9.57434, 9.57434, 9.57434, 9.57434, 9.57434, 9.57434, 9.57434, 9.57434, 9.57434, 9.57434, 9.57434, 9.57434, 9.57434, 9.57434, 9.57434, 9.57434, 9.57434, 9.57434, 9.57434, 9.57434, 9.68772, 9.57434
9.19899, 12, 9.66333, 9.56112, 3.74166, 2.33667, 0, 9.56113, 9.56137, 9.56112, 9.56112, 9.56112, 9.56112, 9.56112, 9.56112, 9.56112, 9.56112, 9.56112, 9.56112, 9.56112, 9.56112, 9.56112, 9.56112, 9.56112, 9.56112, 9.56112, 9.56112, 9.56112, 9.56112, 9.66306, 9.56112
9.20687, 12, 9.6398, 9.5477, 3.74166, 2.3602, 0, 9.54771, 9.54803, 9.5477, 9.5477, 9.5477, 9.5477, 9.5477, 9.5477, 9.5477, 9.5477, 9.5477, 9.5477, 9.5477, 9.5477, 9.5477, 9.5477, 9.5477, 9.5477, 9.5477, 9.5477, 9.5477, 9.5477, 9.63946, 9.5477
9.21475, 6, 9.61713, 9.53382, 2.82843, -3.61713, 0, 9.53383, 9.53425, 9.53382, 9.53382, 9.53382, 9.53382, 9.53382, 9.53382, 9.53382, 9.53382, 9.53382, 9.53382, 9.53382, 9.53382, 9.53382, 9.53382, 9.53382, 9.53382, 9.53382, 9.53382, 9.53382, 9.53382, 9.61668, 9.53382
9.22263, 4, 9.59518, 9.51934, 2.44949, -5.59518, 0, 9.51935, 9.51992, 9.51934, 9.51934, 9.51934, 9.51934, 9.51934, 9.51934, 9.51934, 9.51934, 9.51934, 9.51934, 9.51934, 9.51934, 9.51934, 9.51934, 9.51934, 9.51934, 9.51934, 9.51934, 9.51934, 9.51934, 9.59459, 9.51934
9.23051, 18, 9.57426, 9.50457, 4.47214, 8.42574, 0, 9.50458, 9.50535, 9.50457, 9.50457, 9.50457, 9.50457, 9.50457, 9.50457, 9.50457, 9.50457, 9.50457, 9.50457, 9.50457, 9.50457, 9.50457, 9.50457, 9.50457, 9.50457, 9.50457, 9.50457, 9.50457, 9.50457, 9.57346, 9.50457
9.23839, 8, 9.55465, 9.4898, 3.16228, -1.55465, 0, 9.48982, 9.49089, 9.4898, 9.4898, 9.4898, 9.4898, 9.4898, 9.4898, 9.4898, 9.4898, 9.4898, 9.4898, 9.4898, 9.4898, 9.4898, 9.4898, 9.4898, 9.4898, 9.4898, 9.48981, 9.4898, 9.4898, 9.55355, 9.4898
9.24627, 14, 9.53637, 9.4751, 4, 4.46363, 0, 9.47511, 9.4766, 9.4751, 9.4751, 9.4751, 9.4751, 9.4751, 9.4751, 9.4751, 9.4751, 9.4751, 9.4751, 9.4751, 9.4751, 9.4751, 9.4751, 9.4751, 9.4751, 9.4751, 9.4751, 9.4751, 9.4751, 9.53485, 9.4751
9.25415, 14, 9.51915, 9.46023, 4, 4.48085, 0, 9.46024, 9.46231, 9.46023, 9.46023, 9.46023, 9.46023, 9.46023, 9.46023, 9.46023, 9.46023, 9.46023, 9.46023, 9.46023, 9.46023, 9.46023, 9.46023, 9.46023, 9.46023, 9.46023, 9.46023, 9.46023, 9.46023, 9.51706, 9.46023
9.26203, 16, 9.5025, 9.44474, 4.24264, 6.4975, 0, 9.44475, 9.44761, 9.44474, 9.44474, 9.44474, 9.44474, 9.44474, 9.44474, 9.44474, 9.44474, 9.44474, 9.44474, 9.44474, 9.44474, 9.44474, 9.44474, 9.44474, 9.44474, 9.44474, 9.44474, 9.44474, 9.44474, 9.49961, 9.44474
9.26991, 6, 9.48643, 9.42868, 2.82843, -3.48643, 0, 9.42869, 9.43264, 9.42868, 9.42868, 9.42868, 9.42868, 9.42868, 9.42868, 9.42868, 9.42868, 9.42868, 9.42868, 9.42868, 9.42868, 9.42868, 9.42868, 9.42868, 9.42868, 9.42868, 9.42868, 9.42868, 9.42868, 9.48246, 9.42868
9.27779, 8, 9.47121, 9.41234, 3.16228, -1.47121, 0, 9.41236, 9.41776, 9.41234, 9.41234, 9.41234, 9.41234, 9.41234, 9.41234, 9.41234, 9.41234, 9.41234, 9.41234, 9.41234, 9.41234, 9.41234, 9.41234, 9.41234, 9.41234, 9.41234, 9.41234, 9.41234, 9.41234, 9.46579, 9.41234
9.28567, 12, 9.45712, 9.39602, 3.74166, 2.54288, 0, 9.39603, 9.40338, 9.39602, 9.39602, 9.39602, 9.39602, 9.39602, 9.39602, 9.39602, 9.39602, 9.39602, 9.39602, 9.39602, 9.39602, 9.39602, 9.39602, 9.39602, 9.39602, 9.39602, 9.39602, 9.39602, 9.39602, 9.44975, 9.39602
9.29355, 10, 9.44413, 9.37966, 3.4641, 0.555869, 0, 9.37967, 9.38961, 9.37966, 9.37966, 9.37966, 9.37966, 9.37966, 9.37966, 9.37966, 9.37966, 9.37966, 9.37966, 9.37966, 9.37966, 9.37966, 9.37966, 9.37966, 9.37966, 9.37966, 9.37966, 9.37966, 9.37966, 9.43417, 9.37966
9.30143, 16, 9.43204, 9.36304, 4.24264, 6.56796, 0, 9.36306, 9.37637, 9.36304, 9.36304, 9.36304, 9.36304, 9.36304, 9.36304, 9.36304, 9.36304, 9.36304, 9.36304, 9.36304, 9.36304, 9.36304, 9.36304, 9.36304, 9.36304, 9.36304, 9.36304, 9.36304, 9.36304, 9.4187, 9.36304
9.30931, 10, 9.42058, 9.34581, 3.4641, 0.579416, 0, 9.34582, 9.36353, 9.34581, 9.34581, 9.34581, 9.34581, 9.34581, 9.34581, 9.34581, 9.34581, 9.34581, 9.34581, 9.34581, 9.34581, 9.34581, 9.34581, 9.34581, 9.34581, 9.34581, 9.34581, 9.34581, 9.34581, 9.40285, 9.34581
9.31719, 10, 9.40995, 9.32802, 3.4641, 0.590053, 0, 9.32803, 9.35139, 9.32802, 9.32802, 9.32802, 9.32802, 9.32802, 9.32802, 9.32802, 9.32802, 9.32802, 9.32802, 9.32802, 9.32802, 9.32802, 9.32802, 9.32802, 9.32802, 9.32802, 9.32802, 9.32802, 9.32802, 9.38656, 9.32802
9.32507, 8, 9.40058, 9.30997, 3.16228, -1.40058, 0, 9.30999, 9.34053, 9.30997, 9.30997, 9.30997, 9.30997, 9.30997, 9.30997, 9.30997, 9.30997, 9.30997, 9.30997, 9.30997, 9.30997, 9.30997, 9.30997, 9.30997, 9.30997, 9.30997, 9.30997, 9.30997, 9.30997, 9.37001, 9.30997
9.33295, 20, 9.393, 9.29194, 4.69042, 10.607, 0, 9.29195, 9.33157, 9.29194, 9.29194, 9.29194, 9.29194, 9.29194, 9.29194, 9.29194, 9.29194, 9.29194, 9.29194, 9.29194, 9.29194, 9.29194, 9.29194, 9.29194, 9.29194, 9.29194, 9.29194, 9.29194, 9.29194, 9.35336, 9.29194
9.34083, 10, 9.38734, 9.27378, 3.4641, 0.612659, 0, 9.27379, 9.32473, 9.27378, 9.27378, 9.27378, 9.27378, 9.27378, 9.27378, 9.27378, 9.27378, 9.27378, 9.27378, 9.27378, 9.27378, 9.27378, 9.27378, 9.27378, 9.27378, 9.27378, 9.27378, 9.27378, 9.27378, 9.33637, 9.27378
9.34871, 8, 9.38371, 9.25526, 3.16228, -1.38371, 0, 9.25527, 9.32022, 9.25526, 9.25526, 9.25526, 9.25526, 9.25526, 9.25526, 9.25526, 9.25526, 9.25526, 9.25526, 9.25526, 9.25526, 9.25526, 9.25526, 9.25526, 9.25526, 9.25526, 9.25526, 9.25526, 9.25526, 9.31873, 9.25526
9.35659, 12, 9.38226, 9.23614, 3.74166, 2.61774, 0, 9.23616, 9.31825, 9.23614, 9.23614, 9.23614, 9.23614, 9.23614, 9.23614, 9.23614, 9.23614, 9.23614, 9.23614, 9.23614, 9.23614, 9.23614, 9.23614, 9.23614, 9.23614, 9.23614, 9.23615, 9.23614, 9.23614, 9.30014, 9.23614
9.36447, 12, 9.38354, 9.21652, 3.74166, 2.61646, 0, 9.21653, 9.3194, 9.21652, 9.21652, 9.21652, 9.21652, 9.21652, 9.21652, 9.21652, 9.21652, 9.21652, 9.21652, 9.21652, 9.21652, 9.21652, 9.21652, 9.21652, 9.21652, 9.21652, 9.21652, 9.21652, 9.21652, 9.28064, 9.21652
9.37235, 16, 9.38828, 9.19666, 4.24264, 6.61172, 0, 9.19667, 9.32447, 9.19666, 9.19666, 9.19666, 9.19666, 9.19666, 9.19666, 9.19666, 9.19666, 9.19666, 9.19666, 9.19666, 9.19666, 9.19666, 9.19666, 9.19666, 9.19666, 9.19666, 9.19666, 9.19666, 9.19666, 9.26046, 9.19666
9.38023, 14, 9.39721, 9.17676, 4, 4.60279, 0, 9.17677, 9.33417, 9.17676, 9.17676, 9.17676, 9.17676, 9.17676, 9.17676, 9.17676, 9.17676, 9.17676, 9.17676, 9.17676, 9.17676, 9.17676, 9.17676, 9.17676, 9.17676, 9.17676, 9.17676, 9.17676, 9.17676, 9.23978, 9.17676
9.38811, 8, 9.41072, 9.15672, 3.16228, -1.41072, 0, 9.15673, 9.34892, 9.15672, 9.15672, 9.15672, 9.15672, 9.15672, 9.15672, 9.15672, 9.15672, 9.15672, 9.15672, 9.15672, 9.15672, 9.15672, 9.15672, 9.15672, 9.15672, 9.15672, 9.15672, 9.15672, 9.15672, 9.21851, 9.15672
9.39599, 10, 9.42904, 9.13623, 3.4641, 0.570959, 0, 9.13624, 9.3689, 9.13623, 9.13623, 9.13623, 9.13623, 9.13623, 9.13623, 9.13623, 9.13623, 9.13623, 9.13623, 9.13623, 9.13623, 9.13623, 9.13623, 9.13623, 9.13623, 9.13623, 9.13623, 9.13623, 9.13623, 9.19636, 9.13623
9.40387, 22, 9.45248, 9.11516, 4.89898, 12.5475, 0, 9.11518, 9.3944, 9.11516, 9.11516, 9.11516, 9.11516, 9.11516, 9.11516, 9.11516, 9.11516, 9.11516, 9.11516, 9.11516, 9.11516, 9.11516, 9.11516, 9.11516, 9.11516, 9.11516, 9.11517, 9.11516, 9.11516, 9.17323, 9.11516
9.41175, 14, 9.48155, 9.09364, 4, 4.51845, 0, 9.09365, 9.42588, 9.09364, 9.09364, 9.09364, 9.09364, 9.09364, 9.09364, 9.09364, 9.09364, 9.09364, 9.09364, 9.09364, 9.09364, 9.09364, 9.09364, 9.09364, 9.09364, 9.09364, 9.09364, 9.09364, 9.09364, 9.14929, 9.09364
9.41963, 8, 9.51678, 9.0719, 3.16228, -1.51678, 0, 9.07191, 9.46384, 9.0719, 9.0719, 9.0719, 9.0719, 9.0719, 9.0719, 9.0719, 9.0719, 9.0719, 9.0719, 9.0719, 9.0719, 9.0719, 9.0719, 9.0719, 9.0719, 9.0719, 9.0719, 9.0719, 9.0719, 9.12483, 9.0719
9.42751, 12, 9.55839, 9.05, 3.74166, 2.44161, 0, 9.05002, 9.5084, 9.05, 9.05, 9.05, 9.05, 9.05, 9.05, 9.05, 9.05, 9.05, 9.05, 9.05, 9.05, 9.05, 9.05, 9.05, 9.05, 9.05, 9.05, 9.05, 9.05, 9.09998, 9.05
9.43539, 8, 9.60626, 9.02784, 3.16228, -1.60626, 0, 9.02786, 9.55939, 9.02784, 9.02784, 9.02784, 9.02784, 9.02784, 9.02784, 9.02784, 9.02784, 9.02784, 9.02784, 9.02784, 9.02784, 9.02784, 9.02784, 9.02784, 9.02784, 9.02784, 9.02784, 9.02784, 9.02784, 9.07469, 9.02784
9.44327, 4, 9.66002, 9.00527, 2.44949, -5.66002, 0, 9.00528, 9.61637, 9.00527, 9.00527, 9.00527, 9.00527, 9.00527, 9.00527, 9.00527, 9.00527, 9.00527, 9.00527, 9.00527, 9.00527, 9.00527, 9.00527, 9.00527, 9.00527, 9.00527, 9.00527, 9.00527, 9.00527, 9.0489, 9.00527
9.45115, 20, 9.71923, 8.98224, 4.69042, 10.2808, 0, 8.98225, 9.67883, 8.98224, 8.98224, 8.98224, 8.98224, 8.98224, 8.98224, 8.98224, 8.98224, 8.98224, 8.98224, 8.98224, 8.98224, 8.98224, 8.98224, 8.98224, 8.98224, 8.98224, 8.98224, 8.98224, 8.98224, 9.02263, 8.98224
9.45903, 6, 9.78337, 8.95888, 2.82843, -3.78337, 0, 8.95889, 9.74615, 8.95888, 8.95888, 8.95888, 8.95888, 8.95888, 8.95888, 8.95888, 8.95888, 8.95888, 8.95888, 8.95888, 8.95888, 8.95888, 8.95888, 8.95888, 8.95888, 8.95888, 8.95888, 8.95888, 8.95888, 8.99607, 8.95888
9.46691, 8, 9.85163, 8.9353, 3.16228, -1.85163, 0, 8.93531, 9.8175, 8.9353, 8.9353, 8.9353, 8.9353, 8.9353, 8.9353, 8.9353, 8.9353, 8.9353, 8.9353, 8.9353, 8.9353, 8.9353, 8.9353, 8.9353, 8.9353, 8.9353, 8.9353, 8.9353, 8.9353, 8.96942, 8.9353
9.47479, 16, 9.92284, 8.91139, 4.24264, 6.07716, 0, 8.91141, 9.8916, 8.91139, 8.91139, 8.91139, 8.91139, 8.91139, 8.91139, 8.91139, 8.91139, 8.91139, 8.91139, 8.91139, 8.91139, 8.91139, 8.91139, 8.91139, 8.91139, 8.91139, 8.91139, 8.91139, 8.91139, 8.94262, 8.91139
9.48267, 8, 9.99558, 8.88713, 3.16228, -1.99558, 0, 8.88714, 9.96699, 8.88713, 8.88713, 8.88713, 8.88713, 8.88713, 8.88713, 8.88713, 8.88713, 8.88713, 8.88713, 8.88713, 8.88713, 8.88713, 8.88713, 8.88713, 8.88713, 8.88713, 8.88713, 8.88713, 8.88713, 8.91569, 8.88713
9.49055, 4, 10.0683, 8.86249, 2.44949, -6.06831, 0, 8.86251, 10.0421, 8.86249, 8.86249, 8.86249, 8.86249, 8.86249, 8.86249, 8.86249, 8.86249, 8.86249, 8.86249, 8.86249, 8.86249, 8.86249, 8.86249, 8.86249, 8.86249, 8.86249, 8.86249, 8.86249, 8.86249, 8.88869, 8.86249
9.49843, 14, 10.1394, 8.83755, 4, 3.86061, 0, 8.83756, 10.1152, 8.83755, 8.83755, 8.83755, 8.83755, 8.83755, 8.83755, 8.83755, 8.83755, 8.83755, 8.83755, 8.83755, 8.83755, 8.83755, 8.83755, 8.83755, 8.83755, 8.83755, 8.83755, 8.83755, 8.83755, 8.8617, 8.83755
9.50631, 12, 10.207, 8.81224, 3.74166, 1.79303, 0, 8.81226, 10.1845, 8.81224, 8.81224, 8.81224, 8.81224, 8.81224, 8.81224, 8.81224, 8.81224, 8.81224, 8.81224, 8.81224, 8.81224, 8.81224, 8.81224, 8.81224, 8.81224, 8.81224, 8.81224, 8.81224, 8.81224, 8.83472, 8.81224
9.51419, 10, 10.2692, 8.78657, 3.4641, -0.269181, 0, 8.78658, 10.248, 8.78657, 8.78657, 8.78657, 8.78657, 8.78657, 8.78657, 8.78657, 8.78657, 8.78657, 8.78657, 8.78657, 8.78657, 8.78657, 8.78657, 8.78657, 8.78657, 8.78657, 8.78657, 8.78657, 8.78657, 8.80776, 8.78657
9.52207, 10, 10.3241, 8.76052, 3.4641, -0.324142, 0, 8.76054, 10.3038, 8.76052, 8.76052, 8.76052, 8.76052, 8.76052, 8.76052, 8.76052, 8.76052, 8.76052, 8.76052, 8.76052, 8.76052, 8.76052, 8.76052, 8.76052, 8.76052, 8.76052, 8.76052, 8.76052, 8.76052, 8.78083, 8.76052
9.52995, 12, 10.37, 8.73404, 3.74166, 1.62997, 0, 8.73406, 10.3502, 8.73404, 8.73404, 8.73404, 8.73404, 8.73404, 8.73404, 8.73404, 8.73404, 8.73404, 8.73404, 8.73404, 8.73404, 8.73404, 8.73404, 8.73404, 8.73404, 8.73404, 8.73405, 8.73404, 8.73404, 8.75389, 8.73404
9.53783, 14, 10.4051, 8.70703, 4, 3.59494, 0, 8.70704, 10.3852, 8.70703, 8.70703, 8.70703, 8.70703, 8.70703, 8.70703, 8.70703, 8.70703, 8.70703, 8.70703, 8.70703, 8.70703, 8.70703, 8.70703, 8.70703, 8.70703, 8.70703, 8.70703, 8.70703, 8.70703, 8.72683, 8.70703
9.54571, 10, 10.4278, 8.67949, 3.4641, -0.427807, 0, 8.67951, 10.4076, 8.67949, 8.67949, 8.67949, 8.67949, 8.67949, 8.67949, 8.67949, 8.67949, 8.67949, 8.67949, 8.67949, 8.67949, 8.67949, 8.67949, 8.67949, 8.67949, 8.67949, 8.67949, 8.67949, 8.67949, 8.69967, 8.67949
9.55359, 12, 10.437, 8.65133, 3.74166, 1.56301, 0, 8.65135, 10.416, 8.65133, 8.65133, 8.65133, 8.65133, 8.65133, 8.65133, 8.65133, 8.65133, 8.65133, 8.65133, 8.65133, 8.65133, 8.65133, 8.65133, 8.65133, 8.65133, 8.65133, 8.65133, 8.65133, 8.65133, 8.6723, 8.65133
9.56147, 18, 10.4317, 8.62257, 4.47214, 7.56828, 0, 8.62259, 10.4096, 8.62257, 8.62257, 8.62257, 8.62257, 8.62257, 8.62257, 8.62257, 8.62257, 8.62257, 8.62257, 8.62257, 8.62257, 8.62257, 8.62257, 8.62257, 8.62257, 8.62257, 8.62257, 8.62257, 8.62257, 8.64471, 8.62257
9.56935, 10, 10.4115, 8.59324, 3.4641, -0.411491, 0, 8.59325, 10.3878, 8.59324, 8.59324, 8.59324, 8.59324, 8.59324, 8.59324, 8.59324, 8.59324, 8.59324, 8.59324, 8.59324, 8.59324, 8.59324, 8.59324, 8.59324, 8.59324, 8.59324, 8.59324, 8.59324, 8.59324, 8.61691, 8.59324
9.57723, 16, 10.3762, 8.56341, 4.24264, 5.62382, 0, 8.56343, 10.3506, 8.56341, 8.56341, 8.56341, 8.56341, 8.56341, 8.56341, 8.56341, 8.56341, 8.56341, 8.56341, 8.56341, 8.56341, 8.56341, 8.56341, 8.56341, 8.56341, 8.56341, 8.56342, 8.56341, 8.56341, 8.58895, 8.56341
9.58511, 12, 10.326, 8.5331, 3.74166, 1.67404, 0, 8.53311, 10.2983, 8.5331, 8.5331, 8.5331, 8.5331, 8.5331, 8.5331, 8.5331, 8.5331, 8.5331, 8.5331, 8.5331, 8.5331, 8.5331, 8.5331, 8.5331, 8.5331, 8.5331, 8.5331, 8.5331, 8.5331, 8.56079, 8.5331
9.59299, 6, 10.2614, 8.50232, 2.82843, -4.26139, 0, 8.50233, 10.2313, 8.50232, 8.50232, 8.50232, 8.50232, 8.50232, 8.50232, 8.50232, 8.50232, 8.50232, 8.50232, 8.50232, 8.50232, 8.50232, 8.50232, 8.50232, 8.50232, 8.50232, 8.50232, 8.50232, 8.50232, 8.53241, 8.50232
9.60087, 14, 10.1834, 8.47114, 4, 3.8166, 0, 8.47116, 10.1507, 8.47114, 8.47114, 8.47114, 8.47114, 8.47114, 8.47114, 8.47114, 8.47114, 8.47114, 8.47114, 8.47114, 8.47114, 8.47114, 8.47114, 8.47114, 8.47114, 8.47114, 8.47114, 8.47114, 8.47114, 8.50383, 8.47114
9.60875, 12, 10.093, 8.43945, 3.74166, 1.90698, 0, 8.43947, 10.0576, 8.43945, 8.43945, 8.43945, 8.43945, 8.43945, 8.43945, 8.43945, 8.43945, 8.43945, 8.43945, 8.43945, 8.43945, 8.43945, 8.43945, 8.43945, 8.43945, 8.43945, 8.43945, 8.43945, 8.43945, 8.47488, 8.43945
9.61663, 6, 9.99163, 8.40722, 2.82843, -3.99163, 0, 8.40724, 9.95335, 8.40722, 8.40722, 8.40722, 8.40722, 8.40722, 8.40722, 8.40722, 8.40722, 8.40722, 8.40722, 8.40722, 8.40722, 8.40722, 8.40722, 8.40722, 8.40722, 8.40722, 8.40722, 8.40722, 8.40722, 8.44549, 8.40722
9.62451, 20, 9.88089, 8.37453, 4.69042, 10.1191, 0, 8.37454, 9.83976, 8.37453, 8.37453, 8.37453, 8.37453, 8.37453, 8.37453, 8.37453, 8.37453, 8.37453, 8.37453, 8.37453, 8.37453, 8.37453, 8.37453, 8.37453, 8.37453, 8.37453, 8.37453, 8.37453, 8.37453, 8.41565, 8.37453
9.63239, 12, 9.76237, 8.34121, 3.74166, 2.23763, 0, 8.34123, 9.71841, 8.34121, 8.34121, 8.34121, 8.34121, 8.34121, 8.34121, 8.34121, 8.34121, 8.34121, 8.34121, 8.34121, 8.34121, 8.34121, 8.34121, 8.34121, 8.34121, 8.34121, 8.34121, 8.34121, 8.34121, 8.38515, 8.34121
9.64027, 12, 9.63782, 8.30726, 3.74166, 2.36218, 0, 8.30727, 9.59114, 8.30726, 8.30726, 8.30726, 8.30726, 8.30726, 8.30726, 8.30726, 8.30726, 8.30726, 8.30726, 8.30726, 8.30726, 8.30726, 8.30726, 8.30726, 8.30726, 8.30726, 8.30726, 8.30726, 8.30726, 8.35393, 8.30726
9.64815, 4, 9.50916, 8.27276, 2.44949, -5.50916, 0, 8.27278, 9.4599, 8.27276, 8.27276, 8.27276, 8.27276, 8.27276, 8.27276, 8.27276, 8.27276, 8.27276, 8.27276, 8.27276, 8.27276, 8.27276, 8.27276, 8.27276, 8.27276, 8.27276, 8.27276, 8.27276, 8.27276, 8.32201, 8.27276
9.65603, 10, 9.37826, 8.23787, 3.4641, 0.62174, 0, 8.23789, 9.32664, 8.23787, 8.23787, 8.23787, 8.23787, 8.23787, 8.23787, 8.23787, 8.23787, 8.23787, 8.23787, 8.23787, 8.23787, 8.23787, 8.23787, 8.23787, 8.23787, 8.23787, 8.23787, 8.23787, 8.23787, 8.28948, 8.23787
9.66391, 4, 9.24691, 8.20274, 2.44949, -5.24691, 0, 8.20275, 9.1932, 8.20274, 8.20274, 8.20274, 8.20274, 8.20274, 8.20274, 8.20274, 8.20274, 8.20274, 8.20274, 8.20274, 8.20274, 8.20274, 8.20274, 8.20274, 8.20274, 8.20274, 8.20274, 8.20274, 8.20274, 8.25643, 8.20274
9.67179, 14, 9.11656, 8.16733, 4, 4.88344, 0, 8.16735, 9.06106, 8.16733, 8.16733, 8.16733, 8.16733, 8.16733, 8.16733, 8.16733, 8.16733, 8.16733, 8.16733, 8.16733, 8.16733, 8.16733, 8.16733, 8.16733, 8.16733, 8.16733, 8.16733, 8.16733, 8.16733, 8.22281, 8.16733
9.67967, 10, 8.98845, 8.13159, 3.4641, 1.01155, 0, 8.1316, 8.93152, 8.13159, 8.13159, 8.13159, 8.13159, 8.13159, 8.13159, 8.13159, 8.13159, 8.13159, 8.13159, 8.13159, 8.13159, 8.13159, 8.13159, 8.13159, 8.13159, 8.13159, 8.13159, 8.13159, 8.13159, 8.18849, 8.13159
9.68755, 12, 8.86378, 8.09559, 3.74166, 3.13622, 0, 8.0956, 8.8058, 8.09559, 8.09559, 8.09559, 8.09559, 8.09559, 8.09559, 8.09559, 8.09559, 8.09559, 8.09559, 8.09559, 8.09559, 8.09559, 8.09559, 8.09559, 8.09559, 8.09559, 8.09559, 8.09559, 8.09559, 8.15354, 8.09559
9.69543, 6, 8.74339, 8.05929, 2.82843, -2.74339, 0, 8.05931, 8.68478, 8.05929, 8.05929, 8.05929, 8.05929, 8.05929, 8.05929, 8.05929, 8.05929, 8.05929, 8.05929, 8.05929, 8.05929, 8.05929, 8.05929, 8.05929, 8.05929, 8.05929, 8.05929, 8.05929, 8.05929, 8.11789, 8.05929
9.70331, 14, 8.62794, 8.02265, 4, 5.37206, 0, 8.02267, 8.56911, 8.02265, 8.02265, 8.02265, 8.02265, 8.02265, 8.02265, 8.02265, 8.02265, 8.02265, 8.02265, 8.02265, 8.02265, 8.02265, 8.02265, 8.02265, 8.02265, 8.02265, 8.02265, 8.02265, 8.02265, 8.08146, 8.02265
9.71119, 6, 8.51798, 7.98576, 2.82843, -2.51798, 0, 7.98577, 8.45936, 7.98576, 7.98576, 7.98576, 7.98576, 7.98576, 7.98576, 7.98576, 7.98576, 7.98576, 7.98576, 7.98576, 7.98576, 7.98576, 7.98576, 7.98576, 7.98576, 7.98576, 7.98576, 7.98576, 7.98576, 8.04436, 7.98576
9.71907, 6, 8.41397, 7.94878, 2.82843, -2.41397, 0, 7.9488, 8.35597, 7.94878, 7.94878, 7.94878, 7.94878, 7.94878, 7.94878, 7.94878, 7.94878, 7.94878, 7.94878, 7.94878, 7.94878, 7.94878, 7.94878, 7.94878, 7.94878, 7.94878, 7.94878, 7.94878, 7.94878, 8.00677, 7.94878
9.72695, 14, 8.31618, 7.91189, 4, 5.68382, 0, 7.91191, 8.2592, 7.91189, 7.91189, 7.91189, 7.91189, 7.91189, 7.91189, 7.91189, 7.91189, 7.91189, 7.91189, 7.91189, 7.91189, 7.91189, 7.91189, 7.91189, 7.91189, 7.91189, 7.91189, 7.91189, 7.91189, 7.96886, 7.91189
9.73483, 10, 8.2244, 7.87492, 3.4641, 1.7756, 0, 7.87493, 8.1688, 7.87492, 7.87492, 7.87492, 7.87492, 7.87492, 7.87492, 7.87492, 7.87492, 7.87492, 7.87492, 7.87492, 7.87492, 7.87492, 7.87492, 7.87492, 7.87492, 7.87492, 7.87492, 7.87492, 7.87492, 7.9305, 7.87492
9.74271, 12, 8.13853, 7.83794, 3.74166, 3.86147, 0, 7.83796, 8.08466, 7.83794, 7.83794, 7.83794, 7.83794, 7.83794, 7.83794, 7.83794, 7.83794, 7.83794, 7.83794, 7.83794, 7.83794, 7.83794, 7.83794, 7.83794, 7.83794, 7.83794, 7.83795, 7.83794, 7.83794, 7.8918, 7.83794
9.75059, 8, 8.05808, 7.80075, 3.16228, -0.0580835, 0, 7.80077, 8.00623, 7.80075, 7.80075, 7.80075, 7.80075, 7.80075, 7.80075, 7.80075, 7.80075, 7.80075, 7.80075, 7.80075, 7.80075, 7.80075, 7.80075, 7.80075, 7.80075, 7.80075, 7.80075, 7.80075, 7.80075, 7.85258, 7.80075
9.75847, 6, 7.9827, 7.76331, 2.82843, -1.9827, 0, 7.76333, 7.93311, 7.76331, 7.76331, 7.76331, 7.76331, 7.76331, 7.76331, 7.76331, 7.76331, 7.76331, 7.76331, 7.76331, 7.76331, 7.76331, 7.76331, 7.76331, 7.76331, 7.76331, 7.76331, 7.76331, 7.76331, 7.81288, 7.76331
9.76635, 6, 7.91216, 7.7258, 2.82843, -1.91216, 0, 7.72582, 7.86502, 7.7258, 7.7258, 7.7258, 7.7258, 7.7258, 7.7258, 7.7258, 7.7258, 7.7258, 7.7258, 7.7258, 7.7258, 7.7258, 7.7258, 7.7258, 7.7258, 7.7258, 7.7258, 7.7258, 7.7258, 7.77292, 7.7258
9.77423, 6, 7.8462, 7.68838, 2.82843, -1.8462, 0, 7.6884, 7.80164, 7.68838, 7.68838, 7.68838, 7.68838, 7.68838, 7.68838, 7.68838, 7.68838, 7.68838, 7.68838, 7.68838, 7.68838, 7.68838, 7.68838, 7.68838, 7.68838, 7.68838, 7.68838, 7.68838, 7.68838, 7.73292, 7.68838
9.78211, 12, 7.78442, 7.65109, 3.74166, 4.21558, 0, 7.65111, 7.74251, 7.65109, 7.65109, 7.65109, 7.65109, 7.65109, 7.65109, 7.65109, 7.65109, 7.65109, 7.65109, 7.65109, 7.65109, 7.65109, 7.65109, 7.65109, 7.65109, 7.65109, 7.65109, 7.65109, 7.65109, 7.69299, 7.65109
9.78999, 14, 7.72626, 7.61376, 4, 6.27374, 0, 7.61378, 7.68698, 7.61376, 7.61376, 7.61376, 7.61376, 7.61376, 7.61376, 7.61376, 7.61376, 7.61376, 7.61376, 7.61376, 7.61376, 7.61376, 7.61376, 7.61376, 7.61376, 7.61376, 7.61376, 7.61376, 7.61376, 7.65302, 7.61376
9.79787, 8, 7.67134, 7.57643, 3.16228, 0.328661, 0, 7.57645, 7.63462, 7.57643, 7.57643, 7.57643, 7.57643, 7.57643, 7.57643, 7.57643, 7.57643, 7.57643, 7.57643, 7.57643, 7.57643, 7.57643, 7.57643, 7.57643, 7.57643, 7.57643, 7.57643, 7.57643, 7.57643, 7.61313, 7.57643
9.80575, 8, 7.61908, 7.53888, 3.16228, 0.380923, 0, 7.53889, 7.58477, 7.53888, 7.53888, 7.53888, 7.53888, 7.53888, 7.53888, 7.53888, 7.53888, 7.53888, 7.53888, 7.53888, 7.53888, 7.53888, 7.53888, 7.53888, 7.53888, 7.53888, 7.53888, 7.53888, 7.53888, 7.57316, 7.53888
9.81363, 10, 7.56931, 7.50126, 3.4641, 2.43069, 0, 7.50128, 7.53718, 7.50126, 7.50126, 7.50126, 7.50126, 7.50126, 7.50126, 7.50126, 7.50126, 7.50126, 7.50126, 7.50126, 7.50126, 7.50126, 7.50126, 7.50126, 7.50126, 7.50126, 7.50126, 7.50126, 7.50126, 7.53337, 7.50126
9.82151, 10, 7.5219, 7.46373, 3.4641, 2.4781, 0, 7.46375, 7.49163, 7.46373, 7.46373, 7.46373, 7.46373, 7.46373, 7.46373, 7.46373, 7.46373, 7.46373, 7.46373, 7.46373, 7.46373, 7.46373, 7.46373, 7.46373, 7.46373, 7.46373, 7.46374, 7.46373, 7.46373, 7.49398, 7.46373
9.82939, 8, 7.47675, 7.42644, 3.16228, 0.523252, 0, 7.42646, 7.44794, 7.42644, 7.42644, 7.42644, 7.42644, 7.42644, 7.42644, 7.42644, 7.42644, 7.42644, 7.42644, 7.42644, 7.42644, 7.42644, 7.42644, 7.42644, 7.42644, 7.42644, 7.42644, 7.42644, 7.42644, 7.45522, 7.42644
9.83727, 8, 7.43336, 7.38906, 3.16228, 0.566639, 0, 7.38909, 7.40552, 7.38906, 7.38906, 7.38906, 7.38906, 7.38906, 7.38906, 7.38906, 7.38906, 7.38906, 7.38906, 7.38906, 7.38906, 7.38906, 7.38906, 7.38906, 7.38906, 7.38906, 7.38907, 7.38906, 7.38906, 7.41689, 7.38906
9.84515, 12, 7.39176, 7.35179, 3.74166, 4.60824, 0, 7.35181, 7.36428, 7.35179, 7.35179, 7.35179, 7.35179, 7.35179, 7.35179, 7.35179, 7.35179, 7.35179, 7.35179, 7.35179, 7.35179, 7.35179, 7.35179, 7.35179, 7.35179, 7.35179, 7.35179, 7.35179, 7.35179, 7.37925, 7.35179
9.85303, 10, 7.35172, 7.31449, 3.4641, 2.64828, 0, 7.31451, 7.3239, 7.31449, 7.31449, 7.31449, 7.31449, 7.31449, 7.31449, 7.31449, 7.31449, 7.31449, 7.31449, 7.31449, 7.31449, 7.31449, 7.31449, 7.31449, 7.31449, 7.31449, 7.31449, 7.31449, 7.31449, 7.34229, 7.31449
9.86091, 8, 7.31313, 7.27711, 3.16228, 0.686865, 0, 7.27713, 7.28415, 7.27711, 7.27711, 7.27711, 7.27711, 7.27711, 7.27711, 7.27711, 7.27711, 7.27711, 7.27711, 7.27711, 7.27711, 7.27711, 7.27711, 7.27711, 7.27711, 7.27711, 7.27711, 7.27711, 7.27711, 7.30607, 7.27711
9.86879, 12, 7.27615, 7.23983, 3.74166, 4.72385, 0, 7.23985, 7.24505, 7.23983, 7.23983, 7.23983, 7.23983, 7.23983, 7.23983, 7.23983, 7.23983, 7.23983, 7.23983, 7.23983, 7.23983, 7.23983, 7.23983, 7.23983, 7.23983, 7.23983, 7.23983, 7.23983, 7.23983, 7.27089, 7.23983
9.87667, 4, 7.24096, 7.20283, 2.44949, -3.24096, 0, 7.20286, 7.20668, 7.20283, 7.20283, 7.20283, 7.20283, 7.20283, 7.20283, 7.20283, 7.20283, 7.20283, 7.20283, 7.20283, 7.20283, 7.20283, 7.20283, 7.20283, 7.20283, 7.20283, 7.20283, 7.20283, 7.20283, 7.23708, 7.20283
9.88455, 6, 7.20723, 7.16573, 2.82843, -1.20723, 0, 7.16576, 7.16855, 7.16573, 7.16573, 7.16573, 7.16573, 7.16573, 7.16573, 7.16573, 7.16573, 7.16573, 7.16573, 7.16573, 7.16573, 7.16573, 7.16573, 7.16573, 7.16573, 7.16573, 7.16573, 7.16573, 7.16573, 7.20438, 7.16573
9.89243, 16, 7.17522, 7.12872, 4.24264, 8.82478, 0, 7.12876, 7.13077, 7.12872, 7.12872, 7.12872, 7.12872, 7.12872, 7.12872, 7.12872, 7.12872, 7.12872, 7.12872, 7.12872, 7.12872, 7.12872, 7.12872, 7.12872, 7.12872, 7.12872, 7.12872, 7.12872, 7.12872, 7.17314, 7.12872
9.90031, 4, 7.14543, 7.09223, 2.44949, -3.14543, 0, 7.09227, 7.09371, 7.09223, 7.09223, 7.09223, 7.09223, 7.09223, 7.09223, 7.09223, 7.09223, 7.09223, 7.09223, 7.09223, 7.09223, 7.09223, 7.09223, 7.09223, 7.09223, 7.09223, 7.09223, 7.09223, 7.09223, 7.14391, 7.09223
9.90819, 4, 7.11699, 7.05531, 2.44949, -3.11699, 0, 7.05535, 7.05637, 7.05531, 7.05531, 7.05531, 7.05531, 7.05531, 7.05531, 7.05531, 7.05531, 7.05531, 7.05531, 7.05531, 7.05531, 7.05531, 7.05531, 7.05531, 7.05531, 7.05531, 7.05531, 7.05531, 7.05531, 7.11589, 7.05531
9.91607, 10, 7.09055, 7.01848, 3.4641, 2.90945, 0, 7.01853, 7.01923, 7.01848, 7.01848, 7.01848, 7.01848, 7.01848, 7.01848, 7.01848, 7.01848, 7.01848, 7.01848, 7.01848, 7.01848, 7.01848, 7.01848, 7.01848, 7.01848, 7.01848, 7.01848, 7.01848, 7.01848, 7.08975, 7.01848
9.92395, 10, 7.06671, 6.98227, 3.4641, 2.93329, 0, 6.98233, 6.9828, 6.98227, 6.98227, 6.98227, 6.98227, 6.98227, 6.98227, 6.98227, 6.98227, 6.98227, 6.98227, 6.98227, 6.98227, 6.98227, 6.98227, 6.98227, 6.98227, 6.98227, 6.98227, 6.98227, 6.98227, 7.06612, 6.98227
9.93183, 8, 7.04449, 6.94563, 3.16228, 0.955513, 0, 6.9457, 6.94601, 6.94563, 6.94563, 6.94563, 6.94563, 6.94563, 6.94563, 6.94563, 6.94563, 6.94563, 6.94563, 6.94563, 6.94563, 6.94563, 6.94563, 6.94563, 6.94563, 6.94563, 6.94563, 6.94563, 6.94563, 7.04405, 6.94563
9.93971, 4, 7.02447, 6.90909, 2.44949, -3.02447, 0, 6.90916, 6.90935, 6.90909, 6.90909, 6.90909, 6.90909, 6.90909, 6.90909, 6.90909, 6.90909, 6.90909, 6.90909, 6.90909, 6.90909, 6.90909, 6.90909, 6.90909, 6.90909, 6.90909, 6.90909, 6.90909, 6.90909, 7.02414, 6.90909
9.94759, 10, 7.04085, 6.90683, 3.4641, 2.95915, 0, 6.90691, 6.90701, 6.90683, 6.90683, 6.90683, 6.90683, 6.90683, 6.90683, 6.90683, 6.90683, 6.90683, 6.90683, 6.90683, 6.90683, 6.90683, 6.90683, 6.90683, 6.90683, 6.90683, 6.90683, 6.90683, 6.90683, 7.04059, 6.90683
9.95547, 6, 7.05293, 6.89817, 2.82843, -1.05293, 0, 6.89826, 6.89829, 6.89817, 6.89817, 6.89817, 6.89817, 6.89817, 6.89817, 6.89817, 6.89817, 6.89817, 6.89817, 6.89817, 6.89817, 6.89817, 6.89817, 6.89817, 6.89817, 6.89817, 6.89817, 6.89817, 6.89817, 7.05271, 6.89817
9.96335, 8, 7.06093, 6.8834, 3.16228, 0.93907, 0, 6.88351, 6.88348, 6.8834, 6.8834, 6.8834, 6.8834, 6.8834, 6.8834, 6.8834, 6.8834, 6.8834, 6.8834, 6.8834, 6.8834, 6.8834, 6.8834, 6.8834, 6.8834, 6.8834, 6.8834, 6.8834, 6.8834, 7.06074, 6.8834
9.97123, 2, 7.06778, 6.86559, 2, -5.06778, 0, 6.86572, 6.86565, 6.86559, 6.86559, 6.86559, 6.86559, 6.86559, 6.86559, 6.86559, 6.86559, 6.86559, 6.86559, 6.86559, 6.86559, 6.86559, 6.86559, 6.86559, 6.86559, 6.86559, 6.86559, 6.86559, 6.86559, 7.0676, 6.86559
9.97911, 10, 7.07635, 6.8478, 3.4641, 2.92365, 0, 6.84795, 6.84784, 6.8478, 6.8478, 6.8478, 6.8478, 6.8478, 6.8478, 6.8478, 6.8478, 6.8478, 6.8478, 6.8478, 6.8478, 6.8478, 6.8478, 6.8478, 6.8478, 6.8478, 6.8478, 6.8478, 6.8478, 7.07616, 6.8478
9.98699, 12, 7.09629, 6.83995, 3.74166, 4.90371, 0, 6.84011, 6.83997, 6.83995, 6.83995, 6.83995, 6.83995, 6.83995, 6.83995, 6.83995, 6.83995, 6.83995, 6.83995, 6.83995, 6.83995, 6.83995, 6.83995, 6.83995, 6.83995, 6.83995, 6.83995, 6.83995, 6.83995, 7.09609, 6.83995
9.99487, 12, 7.11447, 6.82922, 3.74166, 4.88553, 0, 6.82941, 6.82923, 6.82922, 6.82922, 6.82922, 6.82922, 6.82922, 6.82922, 6.82922, 6.82922, 6.82922, 6.82922, 6.82922, 6.82922, 6.82922, 6.82922, 6.82922, 6.82922, 6.82922, 6.82922, 6.82922, 6.82922, 7.11426, 6.82922
10.0028, 8, 7.13081, 6.81592, 3.16228, 0.869192, 0, 6.81613, 6.81593, 6.81592, 6.81592, 6.81592, 6.81592, 6.81592, 6.81592, 6.81592, 6.81592, 6.81592, 6.81592, 6.81592, 6.81592, 6.81592, 6.81592, 6.81592, 6.81592, 6.81592, 6.81592, 6.81592, 6.81592, 7.13058, 6.81592
10.0106, 8, 7.14616, 6.80134, 3.16228, 0.853839, 0, 6.80159, 6.80135, 6.80134, 6.80134, 6.80134, 6.80134, 6.80134, 6.80134, 6.80134, 6.80134, 6.80134, 6.80134, 6.80134, 6.80134, 6.80134, 6.80134, 6.80134, 6.80134, 6.80134, 6.80134, 6.80134, 6.80134, 7.14591, 6.80134
10.0185, 6, 7.16133, 6.78679, 2.82843, -1.16133, 0, 6.78706, 6.78679, 6.78679, 6.78679, 6.78679, 6.78679, 6.78679, 6.78679, 6.78679, 6.78679, 6.78679, 6.78679, 6.78679, 6.78679, 6.78679, 6.78679, 6.78679, 6.78679, 6.78679, 6.78679, 6.78679, 6.78679, 7.16105, 6.78679
10.0264, 6, 7.18095, 6.77742, 2.82843, -1.18095, 0, 6.77773, 6.77742, 6.77742, 6.77742, 6.77742, 6.77742, 6.77742, 6.77742, 6.77742, 6.77742, 6.77742, 6.77742, 6.77742, 6.77742, 6.77742, 6.77742, 6.77742, 6.77742, 6.77742, 6.77742, 6.77742, 6.77742, 7.18063, 6.77742
10.0343, 8, 7.19748, 6.76624, 3.16228, 0.802525, 0, 6.76659, 6.76624, 6.76624, 6.76624, 6.76624, 6.76624, 6.76624, 6.76624, 6.76624, 6.76624, 6.76624, 6.76624, 6.76624, 6.76624, 6.76624, 6.76624, 6.76624, 6.76624, 6.76624, 6.76624, 6.76624, 6.76624, 7.19712, 6.76624
10.0422, 10, 7.21041, 6.75331, 3.4641, 2.78959, 0, 6.7537, 6.75331, 6.75331, 6.75331, 6.75331, 6.75331, 6.75331, 6.75331, 6.75331, 6.75331, 6.75331, 6.75331, 6.75331, 6.75331, 6.75331, 6.75331, 6.75331, 6.75331, 6.75331, 6.75331, 6.75331, 6.75331, 7.21002, 6.75331
10.05, 2, 7.21967, 6.73908, 2, -5.21967, 0, 6.73951, 6.73908, 6.73908, 6.73908, 6.73908, 6.73908, 6.73908, 6.73908, 6.73908, 6.73908, 6.73908, 6.73908, 6.73908, 6.73908, 6.73908, 6.73908, 6.73908, 6.73908, 6.73908, 6.73908, 6.73908, 6.73908, 7.21924, 6.73908
10.0579, 22, 7.22518, 6.72398, 4.89898, 14.7748, 0, 6.72445, 6.72398, 6.72398, 6.72398, 6.72398, 6.72398, 6.72398, 6.72398, 6.72398, 6.72398, 6.72398, 6.72398, 6.72398, 6.72398, 6.72398, 6.72398, 6.72398, 6.72398, 6.72398, 6.72398, 6.72398, 6.72398, 7.2247, 6.72398
10.0658, 12, 7.22578, 6.70733, 3.74166, 4.77422, 0, 6.70785, 6.70733, 6.70733, 6.70733, 6.70733, 6.70733, 6.70733, 6.70733, 6.70733, 6.70733, 6.70733, 6.70733, 6.70733, 6.70733, 6.70733, 6.70733, 6.70733, 6.70733, 6.70733, 6.70733, 6.70733, 6.70733, 7.22526, 6.70733
10.0737, 8, 7.22132, 6.68936, 3.16228, 0.778677, 0, 6.68992, 6.68936, 6.68936, 6.68936, 6.68936, 6.68936, 6.68936, 6.68936, 6.68936, 6.68936, 6.68936, 6.68936, 6.68936, 6.68936, 6.68936, 6.68936, 6.68936, 6.68936, 6.68936, 6.68936, 6.68936, 6.68936, 7.22076, 6.68936
10.0815, 6, 7.21187, 6.67046, 2.82843, -1.21187, 0, 6.67106, 6.67046, 6.67046, 6.67046, 6.67046, 6.67046, 6.67046, 6.67046, 6.67046, 6.67046, 6.67046, 6.67046, 6.67046, 6.67046, 6.67046, 6.67046, 6.67046, 6.67046, 6.67046, 6.67046, 6.67046, 6.67046, 7.21126, 6.67046
10.0894, 8, 7.19645, 6.64986, 3.16228, 0.803547, 0, 6.65051, 6.64986, 6.64986, 6.64986, 6.64986, 6.64986, 6.64986, 6.64986, 6.64986, 6.64986, 6.64986, 6.64986, 6.64986, 6.64986, 6.64986, 6.64986, 6.64986, 6.64986, 6.64986, 6.64986, 6.64986, 6.64986, 7.1958, 6.64986
10.0973, 8, 7.1752, 6.62782, 3.16228, 0.824796, 0, 6.62852, 6.62782, 6.62782, 6.62782, 6.62782, 6.62782, 6.62782, 6.62782, 6.62782, 6.62782, 6.62782, 6.62782, 6.62782, 6.62782, 6.62782, 6.62782, 6.62782, 6.62782, 6.62782, 6.62783, 6.62782, 6.62782, 7.17451, 6.62782
10.1052, 10, 7.1484, 6.60463, 3.4641, 2.8516, 0, 6.60537, 6.60463, 6.60463, 6.60463, 6.60463, 6.60463, 6.60463, 6.60463, 6.60463, 6.60463, 6.60463, 6.60463, 6.60463, 6.60463, 6.60463, 6.60463, 6.60463, 6.60463, 6.60463, 6.60463, 6.60463, 6.60463, 7.14766, 6.60463
10.1131, 12, 7.1165, 6.58065, 3.74166, 4.8835, 0, 6.58143, 6.58065, 6.58065, 6.58065, 6.58065, 6.58065, 6.58065, 6.58065, 6.58065, 6.58065, 6.58065, 6.58065, 6.58065, 6.58065, 6.58065, 6.58065, 6.58065, 6.58065, 6.58065, 6.58065, 6.58065, 6.58065, 7.11573, 6.58065
10.1209, 14, 7.08014, 6.5563, 4, 6.91986, 0, 6.55711, 6.5563, 6.5563, 6.5563, 6.5563, 6.5563, 6.5563, 6.5563, 6.5563, 6.5563, 6.5563, 6.5563, 6.5563, 6.5563, 6.5563, 6.5563, 6.5563, 6.5563, 6.5563, 6.5563, 6.5563, 6.5563, 7.07933, 6.5563
10.1288, 4, 7.03711, 6.5291, 2.44949, -3.03711, 0, 6.52994, 6.5291, 6.5291, 6.5291, 6.5291, 6.5291, 6.5291, 6.5291, 6.5291, 6.5291, 6.5291, 6.5291, 6.5291, 6.5291, 6.5291, 6.5291, 6.5291, 6.5291, 6.5291, 6.5291, 6.5291, 6.5291, 7.03627, 6.5291
10.1367, 6, 6.98782, 6.49905, 2.82843, -0.98782, 0, 6.49992, 6.49905, 6.49905, 6.49905, 6.49905, 6.49905, 6.49905, 6.49905, 6.49905, 6.49905, 6.49905, 6.49905, 6.49905, 6.49905, 6.49905, 6.49905, 6.49905, 6.49905, 6.49905, 6.49905, 6.49905, 6.49905, 6.98695, 6.49905
10.1446, 6, 6.93326, 6.4667, 2.82843, -0.933255, 0, 6.4676, 6.4667, 6.4667, 6.4667, 6.4667, 6.4667, 6.4667, 6.4667, 6.4667, 6.4667, 6.4667, 6.4667, 6.4667, 6.4667, 6.4667, 6.4667, 6.4667, 6.4667, 6.4667, 6.46671, 6.4667, 6.4667, 6.93236, 6.4667
10.1525, 4, 6.87466, 6.4328, 2.44949, -2.87466, 0, 6.43371, 6.4328, 6.4328, 6.4328, 6.4328, 6.4328, 6.4328, 6.4328, 6.4328, 6.4328, 6.4328, 6.4328, 6.4328, 6.4328, 6.4328, 6.4328, 6.4328, 6.4328, 6.4328, 6.4328, 6.4328, 6.4328, 6.87375, 6.4328
10.1603, 8, 6.8134, 6.39817, 3.16228, 1.1866, 0, 6.39909, 6.39817, 6.39817, 6.39817, 6.39817, 6.39817, 6.39817, 6.39817, 6.39817, 6.39817, 6.39817, 6.39817, 6.39817, 6.39817, 6.39817, 6.39817, 6.39817, 6.39817, 6.39817, 6.39817, 6.39817, 6.39817, 6.81248, 6.39817
10.1682, 4, 6.75085, 6.36364, 2.44949, -2.75085, 0, 6.36456, 6.36364, 6.36364, 6.36364, 6.36364, 6.36364, 6.36364, 6.36364, 6.36364, 6.36364, 6.36364, 6.36364, 6.36364, 6.36364, 6.36364, 6.36364, 6.36364, 6.36364, 6.36364, 6.36364, 6.36364, 6.36364, 6.74993, 6.36364
10.1761, 8, 6.7246, 6.36622, 3.16228, 1.2754, 0, 6.36714, 6.36622, 6.36622, 6.36622, 6.36622, 6.36622, 6.36622, 6.36622, 6.36622, 6.36622, 6.36622, 6.36622, 6.36622, 6.36622, 6.36622, 6.36622, 6.36622, 6.36622, 6.36622, 6.36622, 6.36622, 6.36622, 6.72368, 6.36622
10.184, 6, 6.69167, 6.36242, 2.82843, -0.691669, 0, 6.36333, 6.36242, 6.36242, 6.36242, 6.36242, 6.36242, 6.36242, 6.36242, 6.36242, 6.36242, 6.36242, 6.36242, 6.36242, 6.36242, 6.36242, 6.36242, 6.36242, 6.36242, 6.36242, 6.36242, 6.36242, 6.36242, 6.69076, 6.36242
10.1919, 6, 6.65299, 6.35266, 2.82843, -0.652992, 0, 6.35355, 6.35266, 6.35266, 6.35266, 6.35266, 6.35266, 6.35266, 6.35266, 6.35266, 6.35266, 6.35266, 6.35266, 6.35266, 6.35266, 6.35266, 6.35266, 6.35266, 6.35266, 6.35266, 6.35266, 6.35266, 6.35266, 6.65209, 6.35266
10.1997, 10, 6.61202, 6.33992, 3.4641, 3.38798, 0, 6.3408, 6.33992, 6.33992, 6.33992, 6.33992, 6.33992, 6.33992, 6.33992, 6.33992, 6.33992, 6.33992, 6.33992, 6.33992, 6.33992, 6.33992, 6.33992, 6.33992, 6.33992, 6.33992, 6.33992, 6.33992, 6.33992, 6.61114, 6.33992
10.2076, 8, 6.57214, 6.3272, 3.16228, 1.42786, 0, 6.32805, 6.3272, 6.3272, 6.3272, 6.3272, 6.3272, 6.3272, 6.3272, 6.3272, 6.3272, 6.3272, 6.3272, 6.3272, 6.3272, 6.3272, 6.3272, 6.3272, 6.3272, 6.3272, 6.3272, 6.3272, 6.3272, 6.57129, 6.3272
10.2155, 6, 6.54408, 6.32486, 2.82843, -0.544084, 0, 6.32568, 6.32486, 6.32486, 6.32486, 6.32486, 6.32486, 6.32486, 6.32486, 6.32486, 6.32486, 6.32486, 6.32486, 6.32486, 6.32486, 6.32486, 6.32486, 6.32486, 6.32486, 6.32486, 6.32486, 6.32486, 6.32486, 6.54326, 6.32486
10.2234, 16, 6.51454, 6.31932, 4.24264, 9.48546, 0, 6.32011, 6.31932, 6.31932, 6.31932, 6.31932, 6.31932, 6.31932, 6.31932, 6.31932, 6.31932, 6.31932, 6.31932, 6.31932, 6.31932, 6.31932, 6.31932, 6.31932, 6.31932, 6.31932, 6.31932, 6.31932, 6.31932, 6.51375, 6.31932
10.2313, 6, 6.48397, 6.31082, 2.82843, -0.483974, 0, 6.31157, 6.31082, 6.31082, 6.31082, 6.31082, 6.31082, 6.31082, 6.31082, 6.31082, 6.31082, 6.31082, 6.31082, 6.31082, 6.31082, 6.31082, 6.31082, 6.31082, 6.31082, 6.31082, 6.31082, 6.31082, 6.31082, 6.48322, 6.31082
10.2391, 2, 6.45402, 6.30084, 2, -4.45402, 0, 6.30155, 6.30084, 6.30084, 6.30084, 6.30084, 6.30084, 6.30084, 6.30084, 6.30084, 6.30084, 6.30084, 6.30084, 6.30084, 6.30084, 6.30084, 6.30084, 6.30084, 6.30084, 6.30084, 6.30084, 6.30084, 6.30084, 6.45331, 6.30084
10.247, 10, 6.42627, 6.29087, 3.4641, 3.57373, 0, 6.29153, 6.29087, 6.29087, 6.29087, 6.29087, 6.29087, 6.29087, 6.29087, 6.29087, 6.29087, 6.29087, 6.29087, 6.29087, 6.29087, 6.29087, 6.29087, 6.29087, 6.29087, 6.29087, 6.29087, 6.29087, 6.29087, 6.4256, 6.29087
10.2549, 8, 6.40129, 6.28144, 3.16228, 1.59871, 0, 6.28206, 6.28144, 6.28144, 6.28144, 6.28144, 6.28144, 6.28144, 6.28144, 6.28144, 6.28144, 6.28144, 6.28144, 6.28144, 6.28144, 6.28144, 6.28144, 6.28144, 6.28144, 6.28144, 6.28144, 6.28144, 6.28144, 6.40066, 6.28144
10.2628, 4, 6.37687, 6.27036, 2.44949, -2.37687, 0, 6.27094, 6.27036, 6.27036, 6.27036, 6.27036, 6.27036, 6.27036, 6.27036, 6.27036, 6.27036, 6.27036, 6.27036, 6.27036, 6.27036, 6.27036, 6.27036, 6.27036, 6.27036, 6.27036, 6.27036, 6.27036, 6.27036, 6.37629, 6.27036
10.2707, 4, 6.35309, 6.25777, 2.44949, -2.35309, 0, 6.2583, 6.25777, 6.25777, 6.25777, 6.25777, 6.25777, 6.25777, 6.25777, 6.25777, 6.25777, 6.25777, 6.25777, 6.25777, 6.25777, 6.25777, 6.25777, 6.25777, 6.25777, 6.25777, 6.25777, 6.25777, 6.25777, 6.35256, 6.25777
10.2785, 8, 6.33026, 6.24405, 3.16228, 1.66974, 0, 6.24454, 6.24405, 6.24405, 6.24405, 6.24405, 6.24405, 6.24405, 6.24405, 6.24405, 6.24405, 6.24405, 6.24405, 6.24405, 6.24405, 6.24405, 6.24405, 6.24405, 6.24405, 6.24405, 6.24405, 6.24405, 6.24405, 6.32978, 6.24405
10.2864, 10, 6.30864, 6.22959, 3.4641, 3.69136, 0, 6.23003, 6.22959, 6.22959, 6.22959, 6.22959, 6.22959, 6.22959, 6.22959, 6.22959, 6.22959, 6.22959, 6.22959, 6.22959, 6.22959, 6.22959, 6.22959, 6.22959, 6.22959, 6.22959, 6.22959, 6.22959, 6.22959, 6.30819, 6.22959
10.2943, 6, 6.28835, 6.21468, 2.82843, -0.288347, 0, 6.21508, 6.21468, 6.21468, 6.21468, 6.21468, 6.21468, 6.21468, 6.21468, 6.21468, 6.21468, 6.21468, 6.21468, 6.21468, 6.21468, 6.21468, 6.21468, 6.21468, 6.21468, 6.21468, 6.21468, 6.21468, 6.21468, 6.28795, 6.21468
10.3022, 12, 6.26899, 6.19907, 3.74166, 5.73101, 0, 6.19943, 6.19907, 6.19907, 6.19907, 6.19907, 6.19907, 6.19907, 6.19907, 6.19907, 6.19907, 6.19907, 6.19907, 6.19907, 6.19907, 6.19907, 6.19907, 6.19907, 6.19907, 6.19907, 6.19907, 6.19907, 6.19907, 6.26863, 6.19907
10.3101, 8, 6.25019, 6.18258, 3.16228, 1.74981, 0, 6.1829, 6.18258, 6.18258, 6.18258, 6.18258, 6.18258, 6.18258, 6.18258, 6.18258, 6.18258, 6.18258, 6.18258, 6.18258, 6.18258, 6.18258, 6.18258, 6.18258, 6.18258, 6.18258, 6.18258, 6.18258, 6.18258, 6.24987, 6.18258
10.3179, 2, 6.23173, 6.16518, 2, -4.23173, 0, 6.16547, 6.16518, 6.16518, 6.16518, 6.16518, 6.16518, 6.16518, 6.16518, 6.16518, 6.16518, 6.16518, 6.16518, 6.16518, 6.16518, 6.16518, 6.16518, 6.16518, 6.16518, 6.16518, 6.16518, 6.16518, 6.16518, 6.23144, 6.16518
10.3258, 6, 6.21365, 6.1471, 2.82843, -0.213654, 0, 6.14736, 6.1471, 6.1471, 6.1471, 6.1471, 6.1471, 6.1471, 6.1471, 6.1471, 6.1471, 6.1471, 6.1471, 6.1471, 6.1471, 6.1471, 6.1471, 6.1471, 6.1471, 6.1471, 6.14711, 6.1471, 6.1471, 6.2134, 6.1471
10.3337, 14, 6.19584, 6.12843, 4, 7.80416, 0, 6.12865, 6.12843, 6.12843, 6.12843, 6.12843, 6.12843, 6.12843, 6.12843, 6.12843, 6.12843, 6.12843, 6.12843, 6.12843, 6.12843, 6.12843, 6.12843, 6.12843, 6.12843, 6.12843, 6.12843, 6.12843, 6.12843, 6.19562, 6.12843
10.3416, 4, 6.17762, 6.10868, 2.44949, -2.17762, 0, 6.10888, 6.10868, 6.10868, 6.10868, 6.10868, 6.10868, 6.10868, 6.10868, 6.10868, 6.10868, 6.10868, 6.10868, 6.10868, 6.10868, 6.10868, 6.10868, 6.10868, 6.10868, 6.10868, 6.10868, 6.10868, 6.10868, 6.17742, 6.10868
10.3495, 10, 6.15896, 6.08801, 3.4641, 3.84104, 0, 6.08818, 6.08801, 6.08801, 6.08801, 6.08801, 6.08801, 6.08801, 6.08801, 6.08801, 6.08801, 6.08801, 6.08801, 6.08801, 6.08801, 6.08801, 6.08801, 6.08801, 6.08801, 6.08801, 6.08801, 6.08801, 6.08801, 6.15879, 6.08801
10.3573, 6, 6.1398, 6.06655, 2.82843, -0.139802, 0, 6.0667, 6.06655, 6.06655, 6.06655, 6.06655, 6.06655, 6.06655, 6.06655, 6.06655, 6.06655, 6.06655, 6.06655, 6.06655, 6.06655, 6.06655, 6.06655, 6.06655, 6.06655, 6.06655, 6.06655, 6.06655, 6.06655, 6.13965, 6.06655
10.3652, 6, 6.12022, 6.04452, 2.82843, -0.120216, 0, 6.04465, 6.04452, 6.04452, 6.04452, 6.04452, 6.04452, 6.04452, 6.04452, 6.04452, 6.04452, 6.04452, 6.04452, 6.04452, 6.04452, 6.04452, 6.04452, 6.04452, 6.04452, 6.04452, 6.04452, 6.04452, 6.04452, 6.12009, 6.04452
10.3731, 8, 6.10035, 6.02224, 3.16228, 1.89965, 0, 6.02236, 6.02224, 6.02224, 6.02224, 6.02224, 6.02224, 6.02224, 6.02224, 6.02224, 6.02224, 6.02224, 6.02224, 6.02224, 6.02224, 6.02224, 6.02224, 6.02224, 6.02224, 6.02224, 6.02224, 6.02224, 6.02224, 6.10024, 6.02224
10.381, 8, 6.08036, 6, 3.16228, 1.91964, 0, 6.0001, 6, 6, 6, 6, 6, 6, 6, 6, 6, 6, 6, 6, 6, 6, 6, 6, 6, 6, 6, 6, 6, 6.08026, 6
10.3889, 4, 6.07145, 5.98912, 2.44949, -2.07145, 0, 5.98921, 5.98912, 5.98912, 5.98912, 5.98912, 5.98912, 5.98912, 5.98912, 5.98912, 5.98912, 5.98912, 5.98912, 5.98912, 5.98912, 5.98912, 5.98912, 5.98912, 5.98912, 5.98912, 5.98912, 5.98912, 5.98912, 6.07136, 5.98912
10.3967, 12, 6.06067, 5.97677, 3.74166, 5.93933, 0, 5.97684, 5.97677, 5.97677, 5.97677, 5.97677, 5.97677, 5.97677, 5.97677, 5.97677, 5.97677, 5.97677, 5.97677, 5.97677, 5.97677, 5.97677, 5.97677, 5.97677, 5.97677, 5.97677, 5.97677, 5.97677, 5.97677, 6.0606, 5.97677
10.4046, 0, 6.04794, 5.96293, 1.41421, -6.04794, 0, 5.963, 5.96293, 5.96293, 5.96293, 5.96293, 5.96293, 5.96293, 5.96293, 5.96293, 5.96293, 5.96293, 5.96293, 5.96293, 5.96293, 5.96293, 5.96293, 5.96293, 5.96293, 5.96293, 5.96293, 5.96293, 5.96293, 6.04787, 5.96293
10.4125, 2, 6.03358, 5.948, 2, -4.03358, 0, 5.94806, 5.948, 5.948, 5.948, 5.948, 5.948, 5.948, 5.948, 5.948, 5.948, 5.948, 5.948, 5.948, 5.948, 5.948, 5.948, 5.948, 5.948, 5.948, 5.948, 5.948, 5.948, 6.03352, 5.948
10.4204, 6, 6.01791, 5.93234, 2.82843, -0.0179124, 0, 5.9324, 5.93234, 5.93234, 5.93234, 5.93234, 5.93234, 5.93234, 5.93234, 5.93234, 5.93234, 5.93234, 5.93234, 5.93234, 5.93234, 5.93234, 5.93234, 5.93234, 5.93234, 5.93234, 5.93234, 5.93234, 5.93234, 6.01786, 5.93234
10.4283, 6, 6.0013, 5.91634, 2.82843, -0.00129843, 0, 5.91639, 5.91634, 5.91634, 5.91634, 5.91634, 5.91634, 5.91634, 5.91634, 5.91634, 5.91634, 5.91634, 5.91634, 5.91634, 5.91634, 5.91634, 5.91634, 5.91634, 5.91634, 5.91634, 5.91634, 5.91634, 5.91634, 6.00125, 5.91634
10.4361, 8, 5.9837, 5.89994, 3.16228, 2.0163, 0, 5.89998, 5.89994, 5.89994, 5.89994, 5.89994, 5.89994, 5.89994, 5.89994, 5.89994, 5.89994, 5.89994, 5.89994, 5.89994, 5.89994, 5.89994, 5.89994, 5.89994, 5.89994, 5.89994, 5.89994, 5.89994, 5.89994, 5.98365, 5.89994
10.444, 10, 5.96484, 5.88287, 3.4641, 4.03516, 0, 5.88291, 5.88287, 5.88287, 5.88287, 5.88287, 5.88287, 5.88287, 5.88287, 5.88287, 5.88287, 5.88287, 5.88287, 5.88287, 5.88287, 5.88287, 5.88287, 5.88287, 5.88287, 5.88287, 5.88287, 5.88287, 5.88287, 5.9648, 5.88287
10.4519, 10, 5.94439, 5.86474, 3.4641, 4.05561, 0, 5.86478, 5.86474, 5.86474, 5.86474, 5.86474, 5.86474, 5.86474, 5.86474, 5.86474, 5.86474, 5.86474, 5.86474, 5.86474, 5.86474, 5.86474, 5.86474, 5.86474, 5.86474, 5.86474, 5.86474, 5.86474, 5.86474, 5.94435, 5.86474
10.4598, 6, 5.92258, 5.84574, 2.82843, 0.0774207, 0, 5.84577, 5.84574, 5.84574, 5.84574, 5.84574, 5.84574, 5.84574, 5.84574, 5.84574, 5.84574, 5.84574, 5.84574, 5.84574, 5.84574, 5.84574, 5.84574, 5.84574, 5.84574, 5.84574, 5.84574, 5.84574, 5.84574, 5.92254, 5.84574
10.4677, 2, 5.89993, 5.82631, 2, -3.89993, 0, 5.82635, 5.82631, 5.82631, 5.82631, 5.82631, 5.82631, 5.82631, 5.82631, 5.82631, 5.82631, 5.82631, 5.82631, 5.82631, 5.82631, 5.82631, 5.82631, 5.82631, 5.82631, 5.82631, 5.82631, 5.82631, 5.82631, 5.89989, 5.82631
10.4755, 10, 5.87697, 5.80692, 3.4641, 4.12303, 0, 5.80695, 5.80692, 5.80692, 5.80692, 5.80692, 5.80692, 5.80692, 5.80692, 5.80692, 5.80692, 5.80692, 5.80692, 5.80692, 5.80692, 5.80692, 5.80692, 5.80692, 5.80692, 5.80692, 5.80692, 5.80692, 5.80692, 5.87693, 5.80692
10.4834, 10, 5.85753, 5.7913, 3.4641, 4.14247, 0, 5.79133, 5.7913, 5.7913, 5.7913, 5.7913, 5.7913, 5.7913, 5.7913, 5.7913, 5.7913, 5.7913, 5.7913, 5.7913, 5.7913, 5.7913, 5.7913, 5.7913, 5.7913, 5.7913, 5.7913, 5.7913, 5.7913, 5.8575, 5.7913
10.4913, 6, 5.83594, 5.7737, 2.82843, 0.164056, 0, 5.77373, 5.7737, 5.7737, 5.7737, 5.7737, 5.7737, 5.7737, 5.7737, 5.7737, 5.7737, 5.7737, 5.7737, 5.7737, 5.7737, 5.7737, 5.7737, 5.7737, 5.7737, 5.7737, 5.7737, 5.7737, 5.7737, 5.83591, 5.7737
10.4992, 6, 5.81254, 5.75435, 2.82843, 0.187456, 0, 5.75438, 5.75435, 5.75435, 5.75435, 5.75435, 5.75435, 5.75435, 5.75435, 5.75435, 5.75435, 5.75435, 5.75435, 5.75435, 5.75435, 5.75435, 5.75435, 5.75435, 5.75435, 5.75435, 5.75435, 5.75435, 5.75435, 5.81251, 5.75435
10.5071, 8, 5.78832, 5.73414, 3.16228, 2.21168, 0, 5.73417, 5.73414, 5.73414, 5.73414, 5.73414, 5.73414, 5.73414, 5.73414, 5.73414, 5.73414, 5.73414, 5.73414, 5.73414, 5.73414, 5.73414, 5.73414, 5.73414, 5.73414, 5.73414, 5.73414, 5.73414, 5.73414, 5.78829, 5.73414
10.5149, 8, 5.76425, 5.71398, 3.16228, 2.23575, 0, 5.71401, 5.71398, 5.71398, 5.71398, 5.71398, 5.71398, 5.71398, 5.71398, 5.71398, 5.71398, 5.71398, 5.71398, 5.71398, 5.71398, 5.71398, 5.71398, 5.71398, 5.71398, 5.71398, 5.71398, 5.71398, 5.71398, 5.76422, 5.71398
10.5228, 6, 5.74608, 5.69951, 2.82843, 0.253918, 0, 5.69954, 5.69951, 5.69951, 5.69951, 5.69951, 5.69951, 5.69951, 5.69951, 5.69951, 5.69951, 5.69951, 5.69951, 5.69951, 5.69951, 5.69951, 5.69951, 5.69951, 5.69951, 5.69951, 5.69951, 5.69951, 5.69951, 5.74605, 5.69951
10.5307, 18, 5.72563, 5.68246, 4.47214, 12.2744, 0, 5.68249, 5.68246, 5.68246, 5.68246, 5.68246, 5.68246, 5.68246, 5.68246, 5.68246, 5.68246, 5.68246, 5.68246, 5.68246, 5.68246, 5.68246, 5.68246, 5.68246, 5.68246, 5.68246, 5.68246, 5.68246, 5.68246, 5.7256, 5.68246
10.5386, 2, 5.70313, 5.66301, 2, -3.70313, 0, 5.66304, 5.66301, 5.66301, 5.66301, 5.66301, 5.66301, 5.66301, 5.66301, 5.66301, 5.66301, 5.66301, 5.66301, 5.66301, 5.66301, 5.66301, 5.66301, 5.66301, 5.66301, 5.66301, 5.66301, 5.66301, 5.66301, 5.7031, 5.66301
10.5465, 8, 5.67988, 5.64238, 3.16228, 2.32012, 0, 5.64241, 5.64238, 5.64238, 5.64238, 5.64238, 5.64238, 5.64238, 5.64238, 5.64238, 5.64238, 5.64238, 5.64238, 5.64238, 5.64238, 5.64238, 5.64238, 5.64238, 5.64238, 5.64238, 5.64238, 5.64238, 5.64238, 5.67985, 5.64238
10.5543, 8, 5.65715, 5.62178, 3.16228, 2.34285, 0, 5.62181, 5.62178, 5.62178, 5.62178, 5.62178, 5.62178, 5.62178, 5.62178, 5.62178, 5.62178, 5.62178, 5.62178, 5.62178, 5.62178, 5.62178, 5.62178, 5.62178, 5.62178, 5.62178, 5.62179, 5.62178, 5.62178, 5.65712, 5.62178
10.5622, 0, 5.64171, 5.60796, 1.41421, -5.64171, 0, 5.60799, 5.60796, 5.60796, 5.60796, 5.60796, 5.60796, 5.60796, 5.60796, 5.60796, 5.60796, 5.60796, 5.60796, 5.60796, 5.60796, 5.60796, 5.60796, 5.60796, 5.60796, 5.60796, 5.60796, 5.60796, 5.60796, 5.64168, 5.60796
10.5701, 4, 5.62394, 5.59124, 2.44949, -1.62394, 0, 5.59127, 5.59124, 5.59124, 5.59124, 5.59124, 5.59124, 5.59124, 5.59124, 5.59124, 5.59124, 5.59124, 5.59124, 5.59124, 5.59124, 5.59124, 5.59124, 5.59124, 5.59124, 5.59124, 5.59124, 5.59124, 5.59124, 5.62391, 5.59124
10.578, 10, 5.604, 5.57177, 3.4641, 4.396, 0, 5.5718, 5.57177, 5.57177, 5.57177, 5.57177, 5.57177, 5.57177, 5.57177, 5.57177, 5.57177, 5.57177, 5.57177, 5.57177, 5.57177, 5.57177, 5.57177, 5.57177, 5.57177, 5.57177, 5.57177, 5.57177, 5.57177, 5.60397, 5.57177
10.5859, 2, 5.58329, 5.55095, 2, -3.58329, 0, 5.55098, 5.55095, 5.55095, 5.55095, 5.55095, 5.55095, 5.55095, 5.55095, 5.55095, 5.55095, 5.55095, 5.55095, 5.55095, 5.55095, 5.55095, 5.55095, 5.55095, 5.55095, 5.55095, 5.55095, 5.55095, 5.55095, 5.58326, 5.55095
10.5937, 6, 5.56322, 5.53017, 2.82843, 0.436784, 0, 5.5302, 5.53017, 5.53017, 5.53017, 5.53017, 5.53017, 5.53017, 5.53017, 5.53017, 5.53017, 5.53017, 5.53017, 5.53017, 5.53017, 5.53017, 5.53017, 5.53017, 5.53017, 5.53017, 5.53017, 5.53017, 5.53017, 5.56318, 5.53017
10.6016, 8, 5.55141, 5.51708, 3.16228, 2.44859, 0, 5.51711, 5.51708, 5.51708, 5.51708, 5.51708, 5.51708, 5.51708, 5.51708, 5.51708, 5.51708, 5.51708, 5.51708, 5.51708, 5.51708, 5.51708, 5.51708, 5.51708, 5.51708, 5.51708, 5.51708, 5.51708, 5.51708, 5.55138, 5.51708
10.6095, 8, 5.53686, 5.5007, 3.16228, 2.46314, 0, 5.50073, 5.5007, 5.5007, 5.5007, 5.5007, 5.5007, 5.5007, 5.5007, 5.5007, 5.5007, 5.5007, 5.5007, 5.5007, 5.5007, 5.5007, 5.5007, 5.5007, 5.5007, 5.5007, 5.5007, 5.5007, 5.5007, 5.53683, 5.5007
10.6174, 6, 5.51974, 5.48123, 2.82843, 0.48026, 0, 5.48126, 5.48123, 5.48123, 5.48123, 5.48123, 5.48123, 5.48123, 5.48123, 5.48123, 5.48123, 5.48123, 5.48123, 5.48123, 5.48123, 5.48123, 5.48123, 5.48123, 5.48123, 5.48123, 5.48123, 5.48123, 5.48123, 5.51971, 5.48123
10.6253, 12, 5.50157, 5.46025, 3.74166, 6.49843, 0, 5.46028, 5.46025, 5.46025, 5.46025, 5.46025, 5.46025, 5.46025, 5.46025, 5.46025, 5.46025, 5.46025, 5.46025, 5.46025, 5.46025, 5.46025, 5.46025, 5.46025, 5.46025, 5.46025, 5.46025, 5.46025, 5.46025, 5.50154, 5.46025
10.6331, 6, 5.48386, 5.43931, 2.82843, 0.51614, 0, 5.43934, 5.43931, 5.43931, 5.43931, 5.43931, 5.43931, 5.43931, 5.43931, 5.43931, 5.43931, 5.43931, 5.43931, 5.43931, 5.43931, 5.43931, 5.43931, 5.43931, 5.43931, 5.43931, 5.43931, 5.43931, 5.43931, 5.48383, 5.43931
10.641, 2, 5.47535, 5.42723, 2, -3.47535, 0, 5.42726, 5.42723, 5.42723, 5.42723, 5.42723, 5.42723, 5.42723, 5.42723, 5.42723, 5.42723, 5.42723, 5.42723, 5.42723, 5.42723, 5.42723, 5.42723, 5.42723, 5.42723, 5.42723, 5.42723, 5.42723, 5.42723, 5.47532, 5.42723
10.6489, 6, 5.46324, 5.41128, 2.82843, 0.536763, 0, 5.41131, 5.41128, 5.41128, 5.41128, 5.41128, 5.41128, 5.41128, 5.41128, 5.41128, 5.41128, 5.41128, 5.41128, 5.41128, 5.41128, 5.41128, 5.41128, 5.41128, 5.41128, 5.41128, 5.41128, 5.41128, 5.41128, 5.4632, 5.41128
10.6568, 4, 5.44769, 5.39172, 2.44949, -1.44769, 0, 5.39175, 5.39172, 5.39172, 5.39172, 5.39172, 5.39172, 5.39172, 5.39172, 5.39172, 5.39172, 5.39172, 5.39172, 5.39172, 5.39172, 5.39172, 5.39172, 5.39172, 5.39172, 5.39172, 5.39172, 5.39172, 5.39172, 5.44766, 5.39172
10.6647, 8, 5.43047, 5.37038, 3.16228, 2.56953, 0, 5.37041, 5.37038, 5.37038, 5.37038, 5.37038, 5.37038, 5.37038, 5.37038, 5.37038, 5.37038, 5.37038, 5.37038, 5.37038, 5.37038, 5.37038, 5.37038, 5.37038, 5.37038, 5.37038, 5.37038, 5.37038, 5.37038, 5.43044, 5.37038
10.6725, 8, 5.41328, 5.34909, 3.16228, 2.58672, 0, 5.34912, 5.34909, 5.34909, 5.34909, 5.34909, 5.34909, 5.34909, 5.34909, 5.34909, 5.34909, 5.34909, 5.34909, 5.34909, 5.34909, 5.34909, 5.34909, 5.34909, 5.34909, 5.34909, 5.34909, 5.34909, 5.34909, 5.41325, 5.34909
10.6804, 10, 5.40626, 5.33806, 3.4641, 4.59374, 0, 5.33809, 5.33806, 5.33806, 5.33806, 5.33806, 5.33806, 5.33806, 5.33806, 5.33806, 5.33806, 5.33806, 5.33806, 5.33806, 5.33806, 5.33806, 5.33806, 5.33806, 5.33806, 5.33806, 5.33806, 5.33806, 5.33806, 5.40623, 5.33806
10.6883, 8, 5.3946, 5.32257, 3.16228, 2.6054, 0, 5.32261, 5.32257, 5.32257, 5.32257, 5.32257, 5.32257, 5.32257, 5.32257, 5.32257, 5.32257, 5.32257, 5.32257, 5.32257, 5.32257, 5.32257, 5.32257, 5.32257, 5.32257, 5.32257, 5.32257, 5.32257, 5.32257, 5.39456, 5.32257
10.6962, 4, 5.37849, 5.30294, 2.44949, -1.37849, 0, 5.30297, 5.30294, 5.30294, 5.30294, 5.30294, 5.30294, 5.30294, 5.30294, 5.30294, 5.30294, 5.30294, 5.30294, 5.30294, 5.30294, 5.30294, 5.30294, 5.30294, 5.30294, 5.30294, 5.30294, 5.30294, 5.30294, 5.37846, 5.30294
10.7041, 0, 5.35996, 5.28126, 1.41421, -5.35996, 0, 5.28129, 5.28126, 5.28126, 5.28126, 5.28126, 5.28126, 5.28126, 5.28126, 5.28126, 5.28126, 5.28126, 5.28126, 5.28126, 5.28126, 5.28126, 5.28126, 5.28126, 5.28126, 5.28126, 5.28126, 5.28126, 5.28126, 5.35993, 5.28126
10.7119, 6, 5.34103, 5.25962, 2.82843, 0.658975, 0, 5.25965, 5.25962, 5.25962, 5.25962, 5.25962, 5.25962, 5.25962, 5.25962, 5.25962, 5.25962, 5.25962, 5.25962, 5.25962, 5.25962, 5.25962, 5.25962, 5.25962, 5.25962, 5.25962, 5.25962, 5.25962, 5.25962, 5.34099, 5.25962
10.7198, 12, 5.33319, 5.2496, 3.74166, 6.66681, 0, 5.24964, 5.2496, 5.2496, 5.2496, 5.2496, 5.2496, 5.2496, 5.2496, 5.2496, 5.2496, 5.2496, 5.2496, 5.2496, 5.2496, 5.2496, 5.2496, 5.2496, 5.2496, 5.2496, 5.2496, 5.2496, 5.2496, 5.33316, 5.2496
10.7277, 0, 5.31975, 5.23456, 1.41421, -5.31975, 0, 5.2346, 5.23456, 5.23456, 5.23456, 5.23456, 5.23456, 5.23456, 5.23456, 5.23456, 5.23456, 5.23456, 5.23456, 5.23456, 5.23456, 5.23456, 5.23456, 5.23456, 5.23456, 5.23456, 5.23456, 5.23456, 5.23456, 5.31971, 5.23456
10.7356, 4, 5.30101, 5.21485, 2.44949, -1.30101, 0, 5.21488, 5.21485, 5.21485, 5.21485, 5.21485, 5.21485, 5.21485, 5.21485, 5.21485, 5.21485, 5.21485, 5.21485, 5.21485, 5.21485, 5.21485, 5.21485, 5.21485, 5.21485, 5.21485, 5.21485, 5.21485, 5.21485, 5.30098, 5.21485
10.7435, 8, 5.27932, 5.19283, 3.16228, 2.72068, 0, 5.19286, 5.19283, 5.19283, 5.19283, 5.19283, 5.19283, 5.19283, 5.19283, 5.19283, 5.19283, 5.19283, 5.19283, 5.19283, 5.19283, 5.19283, 5.19283, 5.19283, 5.19283, 5.19283, 5.19283, 5.19283, 5.19283, 5.27929, 5.19283
10.7513, 8, 5.25702, 5.17085, 3.16228, 2.74298, 0, 5.17089, 5.17085, 5.17085, 5.17085, 5.17085, 5.17085, 5.17085, 5.17085, 5.17085, 5.17085, 5.17085, 5.17085, 5.17085, 5.17085, 5.17085, 5.17085, 5.17085, 5.17085, 5.17085, 5.17085, 5.17085, 5.17085, 5.25699, 5.17085
10.7592, 14, 5.24702, 5.16183, 4, 8.75298, 0, 5.16186, 5.16183, 5.16183, 5.16183, 5.16183, 5.16183, 5.16183, 5.16183, 5.16183, 5.16183, 5.16183, 5.16183, 5.16183, 5.16183, 5.16183, 5.16183, 5.16183, 5.16183, 5.16183, 5.16183, 5.16183, 5.16183, 5.24699, 5.16183
10.7671, 6, 5.23081, 5.14723, 2.82843, 0.769186, 0, 5.14727, 5.14723, 5.14723, 5.14723, 5.14723, 5.14723, 5.14723, 5.14723, 5.14723, 5.14723, 5.14723, 5.14723, 5.14723, 5.14723, 5.14723, 5.14723, 5.14723, 5.14723, 5.14723, 5.14724, 5.14723, 5.14723, 5.23078, 5.14723
10.775, 6, 5.20884, 5.12746, 2.82843, 0.791162, 0, 5.12749, 5.12746, 5.12746, 5.12746, 5.12746, 5.12746, 5.12746, 5.12746, 5.12746, 5.12746, 5.12746, 5.12746, 5.12746, 5.12746, 5.12746, 5.12746, 5.12746, 5.12746, 5.12746, 5.12746, 5.12746, 5.12746, 5.2088, 5.12746
10.7829, 6, 5.18376, 5.10513, 2.82843, 0.816241, 0, 5.10516, 5.10513, 5.10513, 5.10513, 5.10513, 5.10513, 5.10513, 5.10513, 5.10513, 5.10513, 5.10513, 5.10513, 5.10513, 5.10513, 5.10513, 5.10513, 5.10513, 5.10513, 5.10513, 5.10513, 5.10513, 5.10513, 5.18373, 5.10513
10.7907, 12, 5.15825, 5.08284, 3.74166, 6.84175, 0, 5.08288, 5.08284, 5.08284, 5.08284, 5.08284, 5.08284, 5.08284, 5.08284, 5.08284, 5.08284, 5.08284, 5.08284, 5.08284, 5.08284, 5.08284, 5.08284, 5.08284, 5.08284, 5.08284, 5.08284, 5.08284, 5.08284, 5.15822, 5.08284
10.7986, 8, 5.14677, 5.075, 3.16228, 2.85323, 0, 5.07503, 5.075, 5.075, 5.075, 5.075, 5.075, 5.075, 5.075, 5.075, 5.075, 5.075, 5.075, 5.075, 5.075, 5.075, 5.075, 5.075, 5.075, 5.075, 5.075, 5.075, 5.075, 5.14673, 5.075
10.8065, 2, 5.12872, 5.06092, 2, -3.12872, 0, 5.06095, 5.06092, 5.06092, 5.06092, 5.06092, 5.06092, 5.06092, 5.06092, 5.06092, 5.06092, 5.06092, 5.06092, 5.06092, 5.06092, 5.06092, 5.06092, 5.06092, 5.06092, 5.06092, 5.06092, 5.06092, 5.06092, 5.12868, 5.06092
10.8144, 6, 5.10461, 5.04104, 2.82843, 0.895388, 0, 5.04107, 5.04104, 5.04104, 5.04104, 5.04104, 5.04104, 5.04104, 5.04104, 5.04104, 5.04104, 5.04104, 5.04104, 5.04104, 5.04104, 5.04104, 5.04104, 5.04104, 5.04104, 5.04104, 5.04104, 5.04104, 5.04104, 5.10458, 5.04104
10.8223, 4, 5.07747, 5.01829, 2.44949, -1.07747, 0, 5.01832, 5.01829, 5.01829, 5.01829, 5.01829, 5.01829, 5.01829, 5.01829, 5.01829, 5.01829, 5.01829, 5.01829, 5.01829, 5.01829, 5.01829, 5.01829, 5.01829, 5.01829, 5.01829, 5.01829, 5.01829, 5.01829, 5.07744, 5.01829
10.8301, 4, 5.05029, 4.99559, 2.44949, -1.05029, 0, 4.99562, 4.99559, 4.99559, 4.99559, 4.99559, 4.99559, 4.99559, 4.99559, 4.99559, 4.99559, 4.99559, 4.99559, 4.99559, 4.99559, 4.99559, 4.99559, 4.99559, 4.99559, 4.99559, 4.99559, 4.99559, 4.99559, 5.05026, 4.99559
10.838, 4, 5.04012, 4.9899, 2.44949, -1.04012, 0, 4.98994, 4.9899, 4.9899, 4.9899, 4.9899, 4.9899, 4.9899, 4.9899, 4.9899, 4.9899, 4.9899, 4.9899, 4.9899, 4.9899, 4.9899, 4.9899, 4.9899, 4.9899, 4.9899, 4.9899, 4.9899, 4.9899, 5.04008, 4.9899
10.8459, 8, 5.02246, 4.97667, 3.16228, 2.97754, 0, 4.9767, 4.97667, 4.97667, 4.97667, 4.97667, 4.97667, 4.97667, 4.97667, 4.97667, 4.97667, 4.97667, 4.97667, 4.97667, 4.97667, 4.97667, 4.97667, 4.97667, 4.97667, 4.97667, 4.97667, 4.97667, 4.97667, 5.02242, 4.97667
10.8538, 10, 4.99793, 4.95643, 3.4641, 5.00207, 0, 4.95646, 4.95643, 4.95643, 4.95643, 4.95643, 4.95643, 4.95643, 4.95643, 4.95643, 4.95643, 4.95643, 4.95643, 4.95643, 4.95643, 4.95643, 4.95643, 4.95643, 4.95643, 4.95643, 4.95643, 4.95643, 4.95643, 4.99789, 4.95643
10.8617, 4, 4.97012, 4.93273, 2.44949, -0.97012, 0, 4.93277, 4.93273, 4.93273, 4.93273, 4.93273, 4.93273, 4.93273, 4.93273, 4.93273, 4.93273, 4.93273, 4.93273, 4.93273, 4.93273, 4.93273, 4.93273, 4.93273, 4.93273, 4.93273, 4.93273, 4.93273, 4.93273, 4.97009, 4.93273
10.8695, 6, 4.94261, 4.90909, 2.82843, 1.05739, 0, 4.90913, 4.90909, 4.90909, 4.90909, 4.90909, 4.90909, 4.90909, 4.90909, 4.90909, 4.90909, 4.90909, 4.90909, 4.90909, 4.90909, 4.90909, 4.90909, 4.90909, 4.90909, 4.90909, 4.90909, 4.90909, 4.90909, 4.94257, 4.90909
10.8774, 10, 4.94301, 4.91309, 3.4641, 5.05699, 0, 4.91313, 4.91309, 4.91309, 4.91309, 4.91309, 4.91309, 4.91309, 4.91309, 4.91309, 4.91309, 4.91309, 4.91309, 4.91309, 4.91309, 4.91309, 4.91309, 4.91309, 4.91309, 4.91309, 4.91309, 4.91309, 4.91309, 4.94298, 4.91309
10.8853, 2, 4.93563, 4.909, 2, -2.93563, 0, 4.90903, 4.909, 4.909, 4.909, 4.909, 4.909, 4.909, 4.909, 4.909, 4.909, 4.909, 4.909, 4.909, 4.909, 4.909, 4.909, 4.909, 4.909, 4.909, 4.909, 4.909, 4.909, 4.93559, 4.909
10.8932, 0, 4.92094, 4.89728, 1.41421, -4.92094, 0, 4.89732, 4.89728, 4.89728, 4.89728, 4.89728, 4.89728, 4.89728, 4.89728, 4.89728, 4.89728, 4.89728, 4.89728, 4.89728, 4.89728, 4.89728, 4.89728, 4.89728, 4.89728, 4.89728, 4.89728, 4.89728, 4.89728, 4.92091, 4.89728
10.9011, 4, 4.9028, 4.88177, 2.44949, -0.902799, 0, 4.8818, 4.88177, 4.88177, 4.88177, 4.88177, 4.88177, 4.88177, 4.88177, 4.88177, 4.88177, 4.88177, 4.88177, 4.88177, 4.88177, 4.88177, 4.88177, 4.88177, 4.88177, 4.88177, 4.88177, 4.88177, 4.88177, 4.90276, 4.88177
10.9089, 2, 4.88502, 4.86628, 2, -2.88502, 0, 4.86631, 4.86628, 4.86628, 4.86628, 4.86628, 4.86628, 4.86628, 4.86628, 4.86628, 4.86628, 4.86628, 4.86628, 4.86628, 4.86628, 4.86628, 4.86628, 4.86628, 4.86628, 4.86628, 4.86628, 4.86628, 4.86628, 4.88498, 4.86628
10.9168, 14, 4.88482, 4.86803, 4, 9.11518, 0, 4.86807, 4.86803, 4.86803, 4.86803, 4.86803, 4.86803, 4.86803, 4.86803, 4.86803, 4.86803, 4.86803, 4.86803, 4.86803, 4.86803, 4.86803, 4.86803, 4.86803, 4.86803, 4.86803, 4.86803, 4.86803, 4.86803, 4.88478, 4.86803
10.9247, 6, 4.87826, 4.8631, 2.82843, 1.12174, 0, 4.86313, 4.8631, 4.8631, 4.8631, 4.8631, 4.8631, 4.8631, 4.8631, 4.8631, 4.8631, 4.8631, 4.8631, 4.8631, 4.8631, 4.8631, 4.8631, 4.8631, 4.8631, 4.8631, 4.8631, 4.8631, 4.8631, 4.87822, 4.8631
10.9326, 12, 4.86583, 4.85199, 3.74166, 7.13417, 0, 4.85203, 4.85199, 4.85199, 4.85199, 4.85199, 4.85199, 4.85199, 4.85199, 4.85199, 4.85199, 4.85199, 4.85199, 4.85199, 4.85199, 4.85199, 4.85199, 4.85199, 4.85199, 4.85199, 4.85199, 4.85199, 4.85199, 4.86579, 4.85199
10.9405, 2, 4.85062, 4.83781, 2, -2.85062, 0, 4.83784, 4.83781, 4.83781, 4.83781, 4.83781, 4.83781, 4.83781, 4.83781, 4.83781, 4.83781, 4.83781, 4.83781, 4.83781, 4.83781, 4.83781, 4.83781, 4.83781, 4.83781, 4.83781, 4.83781, 4.83781, 4.83781, 4.85058, 4.83781
10.9483, 6, 4.8357, 4.82365, 2.82843, 1.1643, 0, 4.82368, 4.82365, 4.82365, 4.82365, 4.82365, 4.82365, 4.82365, 4.82365, 4.82365, 4.82365, 4.82365, 4.82365, 4.82365, 4.82365, 4.82365, 4.82365, 4.82365, 4.82365, 4.82365, 4.82365, 4.82365, 4.82365, 4.83566, 4.82365
10.9562, 6, 4.8362, 4.82467, 2.82843, 1.1638, 0, 4.82471, 4.82467, 4.82467, 4.82467, 4.82467, 4.82467, 4.82467, 4.82467, 4.82467, 4.82467, 4.82467, 4.82467, 4.82467, 4.82467, 4.82467, 4.82467, 4.82467, 4.82467, 4.82467, 4.82467, 4.82467, 4.82467, 4.83616, 4.82467
10.9641, 6, 4.83044, 4.81924, 2.82843, 1.16956, 0, 4.81927, 4.81924, 4.81924, 4.81924, 4.81924, 4.81924, 4.81924, 4.81924, 4.81924, 4.81924, 4.81924, 4.81924, 4.81924, 4.81924, 4.81924, 4.81924, 4.81924, 4.81924, 4.81924, 4.81924, 4.81924, 4.81924, 4.83041, 4.81924
10.972, 4, 4.81893, 4.80786, 2.44949, -0.818929, 0, 4.80789, 4.80786, 4.80786, 4.80786, 4.80786, 4.80786, 4.80786, 4.80786, 4.80786, 4.80786, 4.80786, 4.80786, 4.80786, 4.80786, 4.80786, 4.80786, 4.80786, 4.80786, 4.80786, 4.80786, 4.80786, 4.80786, 4.81889, 4.80786
10.9799, 6, 4.80461, 4.79352, 2.82843, 1.19539, 0, 4.79356, 4.79352, 4.79352, 4.79352, 4.79352, 4.79352, 4.79352, 4.79352, 4.79352, 4.79352, 4.79352, 4.79352, 4.79352, 4.79352, 4.79352, 4.79352, 4.79352, 4.79352, 4.79352, 4.79352, 4.79352, 4.79352, 4.80457, 4.79352
10.9877, 0, 4.79043, 4.7792, 1.41421, -4.79043, 0, 4.77924, 4.7792, 4.7792, 4.7792, 4.7792, 4.7792, 4.7792, 4.7792, 4.7792, 4.7792, 4.7792, 4.7792, 4.7792, 4.7792, 4.7792, 4.7792, 4.7792, 4.7792, 4.7792, 4.7792, 4.7792, 4.7792, 4.79039, 4.7792
10.9956, 4, 4.79164, 4.78019, 2.44949, -0.791643, 0, 4.78023, 4.78019, 4.78019, 4.78019, 4.78019, 4.78019, 4.78019, 4.78019, 4.78019, 4.78019, 4.78019, 4.78019, 4.78019, 4.78019, 4.78019, 4.78019, 4.78019, 4.78019, 4.78019, 4.78019, 4.78019, 4.78019, 4.7916, 4.78019
11.0035, 12, 4.7865, 4.77475, 3.74166, 7.2135, 0, 4.77479, 4.77475, 4.77475, 4.77475, 4.77475, 4.77475, 4.77475, 4.77475, 4.77475, 4.77475, 4.77475, 4.77475, 4.77475, 4.77475, 4.77475, 4.77475, 4.77475, 4.77475, 4.77475, 4.77475, 4.77475, 4.77475, 4.78646, 4.77475
11.0114, 4, 4.7755, 4.76343, 2.44949, -0.775505, 0, 4.76347, 4.76343, 4.76343, 4.76343, 4.76343, 4.76343, 4.76343, 4.76343, 4.76343, 4.76343, 4.76343, 4.76343, 4.76343, 4.76343, 4.76343, 4.76343, 4.76343, 4.76343, 4.76343, 4.76344, 4.76343, 4.76343, 4.77547, 4.76343
11.0193, 8, 4.7616, 4.74919, 3.16228, 3.2384, 0, 4.74923, 4.74919, 4.74919, 4.74919, 4.74919, 4.74919, 4.74919, 4.74919, 4.74919, 4.74919, 4.74919, 4.74919, 4.74919, 4.74919, 4.74919, 4.74919, 4.74919, 4.74919, 4.74919, 4.74919, 4.74919, 4.74919, 4.76156, 4.74919
11.0271, 10, 4.7477, 4.73497, 3.4641, 5.2523, 0, 4.735, 4.73497, 4.73497, 4.73497, 4.73497, 4.73497, 4.73497, 4.73497, 4.73497, 4.73497, 4.73497, 4.73497, 4.73497, 4.73497, 4.73497, 4.73497, 4.73497, 4.73497, 4.73497, 4.73497, 4.73497, 4.73497, 4.74766, 4.73497
11.035, 8, 4.74831, 4.73529, 3.16228, 3.25169, 0, 4.73533, 4.73529, 4.73529, 4.73529, 4.73529, 4.73529, 4.73529, 4.73529, 4.73529, 4.73529, 4.73529, 4.73529, 4.73529, 4.73529, 4.73529, 4.73529, 4.73529, 4.73529, 4.73529, 4.73529, 4.73529, 4.73529, 4.74827, 4.73529
11.0429, 8, 4.74254, 4.72928, 3.16228, 3.25746, 0, 4.72931, 4.72928, 4.72928, 4.72928, 4.72928, 4.72928, 4.72928, 4.72928, 4.72928, 4.72928, 4.72928, 4.72928, 4.72928, 4.72928, 4.72928, 4.72928, 4.72928, 4.72928, 4.72928, 4.72928, 4.72928, 4.72928, 4.7425, 4.72928
11.0508, 6, 4.7309, 4.71746, 2.82843, 1.2691, 0, 4.7175, 4.71746, 4.71746, 4.71746, 4.71746, 4.71746, 4.71746, 4.71746, 4.71746, 4.71746, 4.71746, 4.71746, 4.71746, 4.71746, 4.71746, 4.71746, 4.71746, 4.71746, 4.71746, 4.71746, 4.71746, 4.71746, 4.73086, 4.71746
11.0587, 6, 4.71631, 4.70276, 2.82843, 1.28369, 0, 4.7028, 4.70276, 4.70276, 4.70276, 4.70276, 4.70276, 4.70276, 4.70276, 4.70276, 4.70276, 4.70276, 4.70276, 4.70276, 4.70276, 4.70276, 4.70276, 4.70276, 4.70276, 4.70276, 4.70276, 4.70276, 4.70276, 4.71627, 4.70276
11.0665, 2, 4.70165, 4.68808, 2, -2.70165, 0, 4.68812, 4.68808, 4.68808, 4.68808, 4.68808, 4.68808, 4.68808, 4.68808, 4.68808, 4.68808, 4.68808, 4.68808, 4.68808, 4.68808, 4.68808, 4.68808, 4.68808, 4.68808, 4.68808, 4.68808, 4.68808, 4.68808, 4.70161, 4.68808
11.0744, 14, 4.70191, 4.68841, 4, 9.29809, 0, 4.68845, 4.68841, 4.68841, 4.68841, 4.68841, 4.68841, 4.68841, 4.68841, 4.68841, 4.68841, 4.68841, 4.68841, 4.68841, 4.68841, 4.68841, 4.68841, 4.68841, 4.68841, 4.68841, 4.68841, 4.68841, 4.68841, 4.70187, 4.68841
11.0823, 12, 4.69576, 4.68242, 3.74166, 7.30424, 0, 4.68246, 4.68242, 4.68242, 4.68242, 4.68242, 4.68242, 4.68242, 4.68242, 4.68242, 4.68242, 4.68242, 4.68242, 4.68242, 4.68242, 4.68242, 4.68242, 4.68242, 4.68242, 4.68242, 4.68242, 4.68242, 4.68242, 4.69572, 4.68242
11.0902, 4, 4.68374, 4.67066, 2.44949, -0.683745, 0, 4.6707, 4.67066, 4.67066, 4.67066, 4.67066, 4.67066, 4.67066, 4.67066, 4.67066, 4.67066, 4.67066, 4.67066, 4.67066, 4.67066, 4.67066, 4.67066, 4.67066, 4.67066, 4.67066, 4.67066, 4.67066, 4.67066, 4.6837, 4.67066
11.0981, 6, 4.66878, 4.65604, 2.82843, 1.33122, 0, 4.65608, 4.65604, 4.65604, 4.65604, 4.65604, 4.65604, 4.65604, 4.65604, 4.65604, 4.65604, 4.65604, 4.65604, 4.65604, 4.65604, 4.65604, 4.65604, 4.65604, 4.65604, 4.65604, 4.65604, 4.65604, 4.65604, 4.66874, 4.65604
11.1059, 6, 4.65376, 4.64143, 2.82843, 1.34624, 0, 4.64147, 4.64143, 4.64143, 4.64143, 4.64143, 4.64143, 4.64143, 4.64143, 4.64143, 4.64143, 4.64143, 4.64143, 4.64143, 4.64143, 4.64143, 4.64143, 4.64143, 4.64143, 4.64143, 4.64144, 4.64143, 4.64143, 4.65372, 4.64143
11.1138, 4, 4.6528, 4.64097, 2.44949, -0.652804, 0, 4.64101, 4.64097, 4.64097, 4.64097, 4.64097, 4.64097, 4.64097, 4.64097, 4.64097, 4.64097, 4.64097, 4.64097, 4.64097, 4.64097, 4.64097, 4.64097, 4.64097, 4.64097, 4.64097, 4.64097, 4.64097, 4.64097, 4.65276, 4.64097
11.1217, 4, 4.64555, 4.63427, 2.44949, -0.645548, 0, 4.63431, 4.63427, 4.63427, 4.63427, 4.63427, 4.63427, 4.63427, 4.63427, 4.63427, 4.63427, 4.63427, 4.63427, 4.63427, 4.63427, 4.63427, 4.63427, 4.63427, 4.63427, 4.63427, 4.63428, 4.63427, 4.63427, 4.64551, 4.63427
11.1296, 4, 4.63254, 4.62188, 2.44949, -0.632543, 0, 4.62192, 4.62188, 4.62188, 4.62188, 4.62188, 4.62188, 4.62188, 4.62188, 4.62188, 4.62188, 4.62188, 4.62188, 4.62188, 4.62188, 4.62188, 4.62188, 4.62188, 4.62188, 4.62188, 4.62188, 4.62188, 4.62188, 4.6325, 4.62188
11.1375, 8, 4.61667, 4.60665, 3.16228, 3.38333, 0, 4.60669, 4.60665, 4.60665, 4.60665, 4.60665, 4.60665, 4.60665, 4.60665, 4.60665, 4.60665, 4.60665, 4.60665, 4.60665, 4.60665, 4.60665, 4.60665, 4.60665, 4.60665, 4.60665, 4.60665, 4.60665, 4.60665, 4.61663, 4.60665
11.1453, 4, 4.60079, 4.59146, 2.44949, -0.600788, 0, 4.5915, 4.59146, 4.59146, 4.59146, 4.59146, 4.59146, 4.59146, 4.59146, 4.59146, 4.59146, 4.59146, 4.59146, 4.59146, 4.59146, 4.59146, 4.59146, 4.59146, 4.59146, 4.59146, 4.59146, 4.59146, 4.59146, 4.60075, 4.59146
11.1532, 4, 4.59968, 4.59105, 2.44949, -0.599679, 0, 4.59109, 4.59105, 4.59105, 4.59105, 4.59105, 4.59105, 4.59105, 4.59105, 4.59105, 4.59105, 4.59105, 4.59105, 4.59105, 4.59105, 4.59105, 4.59105, 4.59105, 4.59105, 4.59105, 4.59105, 4.59105, 4.59105, 4.59964, 4.59105
11.1611, 2, 4.59232, 4.58439, 2, -2.59232, 0, 4.58443, 4.58439, 4.58439, 4.58439, 4.58439, 4.58439, 4.58439, 4.58439, 4.58439, 4.58439, 4.58439, 4.58439, 4.58439, 4.58439, 4.58439, 4.58439, 4.58439, 4.58439, 4.58439, 4.58439, 4.58439, 4.58439, 4.59228, 4.58439
11.169, 14, 4.57928, 4.57205, 4, 9.42072, 0, 4.57209, 4.57205, 4.57205, 4.57205, 4.57205, 4.57205, 4.57205, 4.57205, 4.57205, 4.57205, 4.57205, 4.57205, 4.57205, 4.57205, 4.57205, 4.57205, 4.57205, 4.57205, 4.57205, 4.57205, 4.57205, 4.57205, 4.57924, 4.57205
11.1769, 6, 4.56343, 4.55689, 2.82843, 1.43657, 0, 4.55693, 4.55689, 4.55689, 4.55689, 4.55689, 4.55689, 4.55689, 4.55689, 4.55689, 4.55689, 4.55689, 4.55689, 4.55689, 4.55689, 4.55689, 4.55689, 4.55689, 4.55689, 4.55689, 4.55689, 4.55689, 4.55689, 4.56338, 4.55689
11.1847, 6, 4.54762, 4.54175, 2.82843, 1.45238, 0, 4.54179, 4.54175, 4.54175, 4.54175, 4.54175, 4.54175, 4.54175, 4.54175, 4.54175, 4.54175, 4.54175, 4.54175, 4.54175, 4.54175, 4.54175, 4.54175, 4.54175, 4.54175, 4.54175, 4.54175, 4.54175, 4.54175, 4.54758, 4.54175
11.1926, 2, 4.5457, 4.54046, 2, -2.5457, 0, 4.5405, 4.54046, 4.54046, 4.54046, 4.54046, 4.54046, 4.54046, 4.54046, 4.54046, 4.54046, 4.54046, 4.54046, 4.54046, 4.54046, 4.54046, 4.54046, 4.54046, 4.54046, 4.54046, 4.54046, 4.54046, 4.54046, 4.54566, 4.54046
11.2005, 4, 4.53764, 4.533, 2.44949, -0.537641, 0, 4.53305, 4.533, 4.533, 4.533, 4.533, 4.533, 4.533, 4.533, 4.533, 4.533, 4.533, 4.533, 4.533, 4.533, 4.533, 4.533, 4.533, 4.533, 4.533, 4.533, 4.533, 4.533, 4.5376, 4.533
11.2084, 4, 4.52399, 4.51992, 2.44949, -0.523994, 0, 4.51996, 4.51992, 4.51992, 4.51992, 4.51992, 4.51992, 4.51992, 4.51992, 4.51992, 4.51992, 4.51992, 4.51992, 4.51992, 4.51992, 4.51992, 4.51992, 4.51992, 4.51992, 4.51992, 4.51992, 4.51992, 4.51992, 4.52395, 4.51992
11.2163, 6, 4.5076, 4.50404, 2.82843, 1.4924, 0, 4.50408, 4.50404, 4.50404, 4.50404, 4.50404, 4.50404, 4.50404, 4.50404, 4.50404, 4.50404, 4.50404, 4.50404, 4.50404, 4.50404, 4.50404, 4.50404, 4.50404, 4.50404, 4.50404, 4.50404, 4.50404, 4.50404, 4.50755, 4.50404
11.2241, 6, 4.49127, 4.48819, 2.82843, 1.50873, 0, 4.48823, 4.48819, 4.48819, 4.48819, 4.48819, 4.48819, 4.48819, 4.48819, 4.48819, 4.48819, 4.48819, 4.48819, 4.48819, 4.48819, 4.48819, 4.48819, 4.48819, 4.48819, 4.48819, 4.48819, 4.48819, 4.48819, 4.49123, 4.48819
11.232, 12, 4.48966, 4.48701, 3.74166, 7.51034, 0, 4.48705, 4.48701, 4.48701, 4.48701, 4.48701, 4.48701, 4.48701, 4.48701, 4.48701, 4.48701, 4.48701, 4.48701, 4.48701, 4.48701, 4.48701, 4.48701, 4.48701, 4.48701, 4.48701, 4.48701, 4.48701, 4.48701, 4.48962, 4.48701
11.2399, 2, 4.48188, 4.47962, 2, -2.48188, 0, 4.47966, 4.47962, 4.47962, 4.47962, 4.47962, 4.47962, 4.47962, 4.47962, 4.47962, 4.47962, 4.47962, 4.47962, 4.47962, 4.47962, 4.47962, 4.47962, 4.47962, 4.47962, 4.47962, 4.47962, 4.47962, 4.47962, 4.48184, 4.47962
11.2478, 6, 4.46851, 4.46659, 2.82843, 1.53149, 0, 4.46663, 4.46659, 4.46659, 4.46659, 4.46659, 4.46659, 4.46659, 4.46659, 4.46659, 4.46659, 4.46659, 4.46659, 4.46659, 4.46659, 4.46659, 4.46659, 4.46659, 4.46659, 4.46659, 4.46659, 4.46659, 4.46659, 4.46847, 4.46659
11.2557, 6, 4.45238, 4.45075, 2.82843, 1.54762, 0, 4.4508, 4.45075, 4.45075, 4.45075, 4.45075, 4.45075, 4.45075, 4.45075, 4.45075, 4.45075, 4.45075, 4.45075, 4.45075, 4.45075, 4.45075, 4.45075, 4.45075, 4.45075, 4.45075, 4.45075, 4.45075, 4.45075, 4.45233, 4.45075
11.2635, 6, 4.43631, 4.43495, 2.82843, 1.56369, 0, 4.43499, 4.43495, 4.43495, 4.43495, 4.43495, 4.43495, 4.43495, 4.43495, 4.43495, 4.43495, 4.43495, 4.43495, 4.43495, 4.43495, 4.43495, 4.43495, 4.43495, 4.43495, 4.43495, 4.43495, 4.43495, 4.43495, 4.43626, 4.43495
11.2714, 4, 4.43399, 4.43285, 2.44949, -0.433988, 0, 4.4329, 4.43285, 4.43285, 4.43285, 4.43285, 4.43285, 4.43285, 4.43285, 4.43285, 4.43285, 4.43285, 4.43285, 4.43285, 4.43285, 4.43285, 4.43285, 4.43285, 4.43285, 4.43285, 4.43285, 4.43285, 4.43285, 4.43394, 4.43285
11.2793, 0, 4.42554, 4.4246, 1.41421, -4.42554, 0, 4.42465, 4.4246, 4.4246, 4.4246, 4.4246, 4.4246, 4.4246, 4.4246, 4.4246, 4.4246, 4.4246, 4.4246, 4.4246, 4.4246, 4.4246, 4.4246, 4.4246, 4.4246, 4.4246, 4.4246, 4.4246, 4.4246, 4.4255, 4.4246
11.2872, 4, 4.41152, 4.41075, 2.44949, -0.411524, 0, 4.41079, 4.41075, 4.41075, 4.41075, 4.41075, 4.41075, 4.41075, 4.41075, 4.41075, 4.41075, 4.41075, 4.41075, 4.41075, 4.41075, 4.41075, 4.41075, 4.41075, 4.41075, 4.41075, 4.41075, 4.41075, 4.41075, 4.41148, 4.41075
11.2951, 12, 4.39476, 4.39412, 3.74166, 7.60524, 0, 4.39417, 4.39412, 4.39412, 4.39412, 4.39412, 4.39412, 4.39412, 4.39412, 4.39412, 4.39412, 4.39412, 4.39412, 4.39412, 4.39412, 4.39412, 4.39412, 4.39412, 4.39412, 4.39412, 4.39412, 4.39412, 4.39412, 4.39471, 4.39412
11.3029, 14, 4.37805, 4.37752, 4, 9.62195, 0, 4.37757, 4.37752, 4.37752, 4.37752, 4.37752, 4.37752, 4.37752, 4.37752, 4.37752, 4.37752, 4.37752, 4.37752, 4.37752, 4.37752, 4.37752, 4.37752, 4.37752, 4.37752, 4.37752, 4.37752, 4.37752, 4.37752, 4.378, 4.37752
11.3108, 8, 4.37601, 4.37558, 3.16228, 3.62399, 0, 4.37563, 4.37558, 4.37558, 4.37558, 4.37558, 4.37558, 4.37558, 4.37558, 4.37558, 4.37558, 4.37558, 4.37558, 4.37558, 4.37558, 4.37558, 4.37558, 4.37558, 4.37558, 4.37558, 4.37558, 4.37558, 4.37558, 4.37596, 4.37558
11.3187, 6, 4.36777, 4.36742, 2.82843, 1.63223, 0, 4.36747, 4.36742, 4.36742, 4.36742, 4.36742, 4.36742, 4.36742, 4.36742, 4.36742, 4.36742, 4.36742, 4.36742, 4.36742, 4.36742, 4.36742, 4.36742, 4.36742, 4.36742, 4.36742, 4.36742, 4.36742, 4.36742, 4.36772, 4.36742
11.3266, 8, 4.35391, 4.35363, 3.16228, 3.64609, 0, 4.35368, 4.35363, 4.35363, 4.35363, 4.35363, 4.35363, 4.35363, 4.35363, 4.35363, 4.35363, 4.35363, 4.35363, 4.35363, 4.35363, 4.35363, 4.35363, 4.35363, 4.35363, 4.35363, 4.35363, 4.35363, 4.35363, 4.35386, 4.35363
11.3345, 10, 4.33727, 4.33703, 3.4641, 5.66273, 0, 4.33709, 4.33703, 4.33703, 4.33703, 4.33703, 4.33703, 4.33703, 4.33703, 4.33703, 4.33703, 4.33703, 4.33703, 4.33703, 4.33703, 4.33703, 4.33703, 4.33703, 4.33703, 4.33703, 4.33703, 4.33703, 4.33703, 4.33722, 4.33703
11.3423, 8, 4.32067, 4.32047, 3.16228, 3.67933, 0, 4.32053, 4.32047, 4.32047, 4.32047, 4.32047, 4.32047, 4.32047, 4.32047, 4.32047, 4.32047, 4.32047, 4.32047, 4.32047, 4.32047, 4.32047, 4.32047, 4.32047, 4.32047, 4.32047, 4.32047, 4.32047, 4.32047, 4.32061, 4.32047
11.3502, 8, 4.31778, 4.31761, 3.16228, 3.68222, 0, 4.31767, 4.31761, 4.31761, 4.31761, 4.31761, 4.31761, 4.31761, 4.31761, 4.31761, 4.31761, 4.31761, 4.31761, 4.31761, 4.31761, 4.31761, 4.31761, 4.31761, 4.31761, 4.31761, 4.31761, 4.31761, 4.31761, 4.31772, 4.31761
11.3581, 2, 4.30872, 4.30857, 2, -2.30872, 0, 4.30863, 4.30857, 4.30857, 4.30857, 4.30857, 4.30857, 4.30857, 4.30857, 4.30857, 4.30857, 4.30857, 4.30857, 4.30857, 4.30857, 4.30857, 4.30857, 4.30857, 4.30857, 4.30857, 4.30857, 4.30857, 4.30857, 4.30866, 4.30857
11.366, 8, 4.29405, 4.29392, 3.16228, 3.70595, 0, 4.29398, 4.29392, 4.29392, 4.29392, 4.29392, 4.29392, 4.29392, 4.29392, 4.29392, 4.29392, 4.29392, 4.29392, 4.29392, 4.29392, 4.29392, 4.29392, 4.29392, 4.29392, 4.29392, 4.29392, 4.29392, 4.29392, 4.29398, 4.29392
11.3739, 2, 4.2766, 4.27648, 2, -2.2766, 0, 4.27655, 4.27648, 4.27648, 4.27648, 4.27648, 4.27648, 4.27648, 4.27648, 4.27648, 4.27648, 4.27648, 4.27648, 4.27648, 4.27648, 4.27648, 4.27648, 4.27648, 4.27648, 4.27648, 4.27648, 4.27648, 4.27648, 4.27653, 4.27648
11.3817, 12, 4.25919, 4.25908, 3.74166, 7.74081, 0, 4.25915, 4.25908, 4.25908, 4.25908, 4.25908, 4.25908, 4.25908, 4.25908, 4.25908, 4.25908, 4.25908, 4.25908, 4.25908, 4.25908, 4.25908, 4.25908, 4.25908, 4.25908, 4.25908, 4.25908, 4.25908, 4.25908, 4.25912, 4.25908
11.3896, 2, 4.25653, 4.25643, 2, -2.25653, 0, 4.2565, 4.25643, 4.25643, 4.25643, 4.25643, 4.25643, 4.25643, 4.25643, 4.25643, 4.25643, 4.25643, 4.25643, 4.25643, 4.25643, 4.25643, 4.25643, 4.25643, 4.25643, 4.25643, 4.25643, 4.25643, 4.25643, 4.25645, 4.25643
11.3975, 6, 4.24761, 4.24751, 2.82843, 1.75239, 0, 4.24759, 4.24751, 4.24751, 4.24751, 4.24751, 4.24751, 4.24751, 4.24751, 4.24751, 4.24751, 4.24751, 4.24751, 4.24751, 4.24751, 4.24751, 4.24751, 4.24751, 4.24751, 4.24751, 4.24751, 4.24751, 4.24751, 4.24753, 4.24751
11.4054, 8, 4.23302, 4.23292, 3.16228, 3.76698, 0, 4.233, 4.23292, 4.23292, 4.23292, 4.23292, 4.23292, 4.23292, 4.23292, 4.23292, 4.23292, 4.23292, 4.23292, 4.23292, 4.23292, 4.23292, 4.23292, 4.23292, 4.23292, 4.23292, 4.23292, 4.23292, 4.23292, 4.23293, 4.23292
11.4133, 6, 4.21561, 4.21551, 2.82843, 1.78439, 0, 4.2156, 4.21551, 4.21551, 4.21551, 4.21551, 4.21551, 4.21551, 4.21551, 4.21551, 4.21551, 4.21551, 4.21551, 4.21551, 4.21551, 4.21551, 4.21551, 4.21551, 4.21551, 4.21551, 4.21551, 4.21551, 4.21551, 4.21552, 4.21551
11.4211, 2, 4.19824, 4.19813, 2, -2.19824, 0, 4.19823, 4.19813, 4.19813, 4.19813, 4.19813, 4.19813, 4.19813, 4.19813, 4.19813, 4.19813, 4.19813, 4.19813, 4.19813, 4.19813, 4.19813, 4.19813, 4.19813, 4.19813, 4.19813, 4.19813, 4.19813, 4.19813, 4.19814, 4.19813
11.429, 6, 4.19471, 4.1946, 2.82843, 1.80529, 0, 4.19471, 4.1946, 4.1946, 4.1946, 4.1946, 4.1946, 4.1946, 4.1946, 4.1946, 4.1946, 4.1946, 4.1946, 4.1946, 4.1946, 4.1946, 4.1946, 4.1946, 4.1946, 4.1946, 4.1946, 4.1946, 4.1946, 4.1946, 4.1946
11.4369, 4, 4.18494, 4.18482, 2.44949, -0.184944, 0, 4.18494, 4.18482, 4.18482, 4.18482, 4.18482, 4.18482, 4.18482, 4.18482, 4.18482, 4.18482, 4.18482, 4.18482, 4.18482, 4.18482, 4.18482, 4.18482, 4.18482, 4.18482, 4.18482, 4.18482, 4.18482, 4.18482, 4.18482, 4.18482
11.4448, 12, 4.1695, 4.16937, 3.74166, 7.8305, 0, 4.1695, 4.16937, 4.16937, 4.16937, 4.16937, 4.16937, 4.16937, 4.16937, 4.16937, 4.16937, 4.16937, 4.16937, 4.16937, 4.16937, 4.16937, 4.16937, 4.16937, 4.16937, 4.16937, 4.16937, 4.16937, 4.16937, 4.16937, 4.16937
11.4527, 4, 4.15125, 4.1511, 2.44949, -0.151248, 0, 4.15124, 4.1511, 4.1511, 4.1511, 4.1511, 4.1511, 4.1511, 4.1511, 4.1511, 4.1511, 4.1511, 4.1511, 4.1511, 4.1511, 4.1511, 4.1511, 4.1511, 4.1511, 4.1511, 4.1511, 4.1511, 4.1511, 4.1511, 4.1511
11.4605, 6, 4.13304, 4.13288, 2.82843, 1.86696, 0, 4.13304, 4.13288, 4.13288, 4.13288, 4.13288, 4.13288, 4.13288, 4.13288, 4.13288, 4.13288, 4.13288, 4.13288, 4.13288, 4.13288, 4.13288, 4.13288, 4.13288, 4.13288, 4.13288, 4.13288, 4.13288, 4.13288, 4.13288, 4.13288
11.4684, 2, 4.12978, 4.1296, 2, -2.12978, 0, 4.12977, 4.1296, 4.1296, 4.1296, 4.1296, 4.1296, 4.1296, 4.1296, 4.1296, 4.1296, 4.1296, 4.1296, 4.1296, 4.1296, 4.1296, 4.1296, 4.1296, 4.1296, 4.1296, 4.1296, 4.1296, 4.1296, 4.1296, 4.1296
11.4763, 2, 4.12017, 4.11997, 2, -2.12017, 0, 4.12017, 4.11997, 4.11997, 4.11997, 4.11997, 4.11997, 4.11997, 4.11997, 4.11997, 4.11997, 4.11997, 4.11997, 4.11997, 4.11997, 4.11997, 4.11997, 4.11997, 4.11997, 4.11997, 4.11997, 4.11997, 4.11997, 4.11997, 4.11997
11.4842, 6, 4.10481, 4.10458, 2.82843, 1.89519, 0, 4.10481, 4.10458, 4.10458, 4.10458, 4.10458, 4.10458, 4.10458, 4.10458, 4.10458, 4.10458, 4.10458, 4.10458, 4.10458, 4.10458, 4.10458, 4.10458, 4.10458, 4.10458, 4.10458, 4.10458, 4.10458, 4.10458, 4.10458, 4.10458
11.4921, 10, 4.08661, 4.08634, 3.4641, 5.91339, 0, 4.08661, 4.08634, 4.08634, 4.08634, 4.08634, 4.08634, 4.08634, 4.08634, 4.08634, 4.08634, 4.08634, 4.08634, 4.08634, 4.08634, 4.08634, 4.08634, 4.08634, 4.08634, 4.08634, 4.08634, 4.08634, 4.08634, 4.08634, 4.08634
11.4999, 4, 4.06845, 4.06814, 2.44949, -0.0684533, 0, 4.06845, 4.06814, 4.06814, 4.06814, 4.06814, 4.06814, 4.06814, 4.06814, 4.06814, 4.06814, 4.06814, 4.06814, 4.06814, 4.06814, 4.06814, 4.06814, 4.06814, 4.06814, 4.06814, 4.06814, 4.06814, 4.06814, 4.06814, 4.06814
11.5078, 2, 4.06442, 4.06404, 2, -2.06442, 0, 4.06442, 4.06404, 4.06404, 4.06404, 4.06404, 4.06404, 4.06404, 4.06404, 4.06404, 4.06404, 4.06404, 4.06404, 4.06404, 4.06404, 4.06404, 4.06404, 4.06404, 4.06404, 4.06404, 4.06404, 4.06404, 4.06404, 4.06404, 4.06404
11.5157, 2, 4.05406, 4.0536, 2, -2.05406, 0, 4.05406, 4.0536, 4.0536, 4.0536, 4.0536, 4.0536, 4.0536, 4.0536, 4.0536, 4.0536, 4.0536, 4.0536, 4.0536, 4.0536, 4.0536, 4.0536, 4.0536, 4.0536, 4.0536, 4.0536, 4.0536, 4.0536, 4.0536, 4.0536
11.5236, 10, 4.03796, 4.03739, 3.4641, 5.96204, 0, 4.03796, 4.03739, 4.03739, 4.03739, 4.03739, 4.03739, 4.03739, 4.03739, 4.03739, 4.03739, 4.03739, 4.03739, 4.03739, 4.03739, 4.03739, 4.03739, 4.03739, 4.03739, 4.03739, 4.03739, 4.03739, 4.03739, 4.03739, 4.03739
11.5315, 6, 4.01904, 4.01832, 2.82843, 1.98096, 0, 4.01904, 4.01832, 4.01832, 4.01832, 4.01832, 4.01832, 4.01832, 4.01832, 4.01832, 4.01832, 4.01832, 4.01832, 4.01832, 4.01832, 4.01832, 4.01832, 4.01832, 4.01832, 4.01832, 4.01832, 4.01832, 4.01832, 4.01832, 4.01832
11.5393, 4, 4.00022, 3.99931, 2.44949, -0.000220299, 0, 4.00022, 3.99931, 3.99931, 3.99931, 3.99931, 3.99931, 3.99931, 3.99931, 3.99931, 3.99931, 3.99931, 3.99931, 3.99931, 3.99931, 3.99931, 3.99931, 3.99931, 3.99931, 3.99931, 3.99931, 3.99931, 3.99931, 3.99931, 3.99931
11.5472, 10, 3.9966, 3.99543, 3.4641, 6.0034, 0, 3.9966, 3.99543, 3.99543, 3.99543, 3.99543, 3.99543, 3.99543, 3.99543, 3.99543, 3.99543, 3.99543, 3.99543, 3.99543, 3.99543, 3.99543, 3.99543, 3.99543, 3.99543, 3.99543, 3.99543, 3.99543, 3.99543, 3.99543, 3.99543
11.5551, 4, 3.98665, 3.98513, 2.44949, 0.0133533, 0, 3.98665, 3.98513, 3.98513, 3.98513, 3.98513, 3.98513, 3.98513, 3.98513, 3.98513, 3.98513, 3.98513, 3.98513, 3.98513, 3.98513, 3.98513, 3.98513, 3.98513, 3.98513, 3.98513, 3.98513, 3.98513, 3.98513, 3.98513, 3.98513
11.563, 12, 3.97098, 3.96901, 3.74166, 8.02902, 0, 3.97098, 3.96901, 3.96901, 3.96901, 3.96901, 3.96901, 3.96901, 3.96901, 3.96901, 3.96901, 3.96901, 3.96901, 3.96901, 3.96901, 3.96901, 3.96901, 3.96901, 3.96901, 3.96901, 3.96901, 3.96901, 3.96901, 3.96901, 3.96901
11.5709, 6, 3.95258, 3.95001, 2.82843, 2.04742, 0, 3.95258, 3.95001, 3.95001, 3.95001, 3.95001, 3.95001, 3.95001, 3.95001, 3.95001, 3.95001, 3.95001, 3.95001, 3.95001, 3.95001, 3.95001, 3.95001, 3.95001, 3.95001, 3.95001, 3.95001, 3.95001, 3.95001, 3.95001, 3.95001
11.5787, 6, 3.9344, 3.93106, 2.82843, 2.0656, 0, 3.9344, 3.93106, 3.93106, 3.93106, 3.93106, 3.93106, 3.93106, 3.93106, 3.93106, 3.93106, 3.93106, 3.93106, 3.93106, 3.93106, 3.93106, 3.93106, 3.93106, 3.93106, 3.93106, 3.93106, 3.93106, 3.93106, 3.93106, 3.93106
11.5866, 4, 3.93075, 3.9264, 2.44949, 0.0692494, 0, 3.93075, 3.9264, 3.9264, 3.9264, 3.9264, 3.9264, 3.9264, 3.9264, 3.9264, 3.9264, 3.9264, 3.9264, 3.9264, 3.9264, 3.9264, 3.9264, 3.9264, 3.9264, 3.9264, 3.9264, 3.9264, 3.9264, 3.9264, 3.9264
11.5945, 6, 3.921, 3.91535, 2.82843, 2.079, 0, 3.921, 3.91535, 3.91535, 3.91535, 3.91535, 3.91535, 3.91535, 3.91535, 3.91535, 3.91535, 3.91535, 3.91535, 3.91535, 3.91535, 3.91535, 3.91535, 3.91535, 3.91535, 3.91535, 3.91535, 3.91535, 3.91535, 3.91535, 3.91535
11.6024, 6, 3.90582, 3.89849, 2.82843, 2.09418, 0, 3.90582, 3.89849, 3.89849, 3.89849, 3.89849, 3.89849, 3.89849, 3.89849, 3.89849, 3.89849, 3.89849, 3.89849, 3.89849, 3.89849, 3.89849, 3.89849, 3.89849, 3.89849, 3.89849, 3.89849, 3.89849, 3.89849, 3.89849, 3.89849
11.6103, 4, 3.88823, 3.87877, 2.44949, 0.111775, 0, 3.88822, 3.87877, 3.87877, 3.87877, 3.87877, 3.87877, 3.87877, 3.87877, 3.87877, 3.87877, 3.87877, 3.87877, 3.87877, 3.87877, 3.87877, 3.87877, 3.87877, 3.87877, 3.87877, 3.87877, 3.87877, 3.87877, 3.87877, 3.87877
11.6181, 6, 3.87124, 3.8591, 2.82843, 2.12876, 0, 3.87124, 3.8591, 3.8591, 3.8591, 3.8591, 3.8591, 3.8591, 3.8591, 3.8591, 3.8591, 3.8591, 3.8591, 3.8591, 3.8591, 3.8591, 3.8591, 3.8591, 3.8591, 3.8591, 3.8591, 3.8591, 3.8591, 3.8591, 3.8591
11.626, 4, 3.87016, 3.85464, 2.44949, 0.129836, 0, 3.87016, 3.85464, 3.85464, 3.85464, 3.85464, 3.85464, 3.85464, 3.85464, 3.85464, 3.85464, 3.85464, 3.85464, 3.85464, 3.85464, 3.85464, 3.85464, 3.85464, 3.85464, 3.85464, 3.85464, 3.85464, 3.85464, 3.85464, 3.85464
11.6339, 4, 3.86347, 3.84374, 2.44949, 0.136528, 0, 3.86347, 3.84374, 3.84374, 3.84374, 3.84374, 3.84374, 3.84374, 3.84374, 3.84374, 3.84374, 3.84374, 3.84374, 3.84374, 3.84374, 3.84374, 3.84374, 3.84374, 3.84374, 3.84374, 3.84374, 3.84374, 3.84374, 3.84374, 3.84374
11.6418, 10, 3.85193, 3.827, 3.4641, 6.14807, 0, 3.85193, 3.827, 3.827, 3.827, 3.827, 3.827, 3.827, 3.827, 3.827, 3.827, 3.827, 3.827, 3.827, 3.827, 3.827, 3.827, 3.827, 3.827, 3.827, 3.827, 3.827, 3.827, 3.827, 3.827
11.6497, 4, 3.8387, 3.80738, 2.44949, 0.161304, 0, 3.8387, 3.80738, 3.80738, 3.80738, 3.80738, 3.80738, 3.80738, 3.80738, 3.80738, 3.80738, 3.80738, 3.80738, 3.80738, 3.80738, 3.80738, 3.80738, 3.80738, 3.80738, 3.80738, 3.80738, 3.80738, 3.80738, 3.80738, 3.80738
11.6575, 2, 3.8269, 3.7878, 2, -1.8269, 0, 3.8269, 3.7878, 3.7878, 3.7878, 3.7878, 3.7878, 3.7878, 3.7878, 3.7878, 3.7878, 3.7878, 3.7878, 3.7878, 3.7878, 3.7878, 3.7878, 3.7878, 3.7878, 3.7878, 3.7878, 3.7878, 3.7878, 3.7878, 3.7878
11.6654, 6, 3.83114, 3.78266, 2.82843, 2.16886, 0, 3.83114, 3.78266, 3.78266, 3.78266, 3.78266, 3.78266, 3.78266, 3.78266, 3.78266, 3.78266, 3.78266, 3.78266, 3.78266, 3.78266, 3.78266, 3.78266, 3.78266, 3.78266, 3.78266, 3.78266, 3.78266, 3.78266, 3.78266, 3.78266
11.6733, 6, 3.83084, 3.7711, 2.82843, 2.16916, 0, 3.83084, 3.7711, 3.7711, 3.7711, 3.7711, 3.7711, 3.7711, 3.7711, 3.7711, 3.7711, 3.7711, 3.7711, 3.7711, 3.7711, 3.7711, 3.7711, 3.7711, 3.7711, 3.7711, 3.7711, 3.7711, 3.7711, 3.7711, 3.7711
11.6812, 4, 3.82684, 3.75373, 2.44949, 0.173158, 0, 3.82684, 3.75373, 3.75373, 3.75373, 3.75373, 3.75373, 3.75373, 3.75373, 3.75373, 3.75373, 3.75373, 3.75373, 3.75373, 3.75373, 3.75373, 3.75373, 3.75373, 3.75373, 3.75373, 3.75373, 3.75373, 3.75373, 3.75373, 3.75373
11.6891, 4, 3.82237, 3.73348, 2.44949, 0.177625, 0, 3.82237, 3.73348, 3.73348, 3.73348, 3.73348, 3.73348, 3.73348, 3.73348, 3.73348, 3.73348, 3.73348, 3.73348, 3.73348, 3.73348, 3.73348, 3.73348, 3.73348, 3.73348, 3.73348, 3.73348, 3.73348, 3.73348, 3.73348, 3.73348
11.6969, 6, 3.82064, 3.7133, 2.82843, 2.17936, 0, 3.82063, 3.7133, 3.7133, 3.7133, 3.7133, 3.7133, 3.7133, 3.7133, 3.7133, 3.7133, 3.7133, 3.7133, 3.7133, 3.7133, 3.7133, 3.7133, 3.7133, 3.7133, 3.7133, 3.7133, 3.7133, 3.7133, 3.7133, 3.7133
11.7048, 2, 3.8371, 3.70837, 2, -1.8371, 0, 3.8371, 3.70837, 3.70837, 3.70837, 3.70837, 3.70837, 3.70837, 3.70837, 3.70837, 3.70837, 3.70837, 3.70837, 3.70837, 3.70837, 3.70837, 3.70837, 3.70837, 3.70837, 3.70837, 3.70837, 3.70837, 3.70837, 3.70837, 3.70837
11.7127, 2, 3.85032, 3.69697, 2, -1.85032, 0, 3.85032, 3.69697, 3.69697, 3.69697, 3.69697, 3.69697, 3.69697, 3.69697, 3.69697, 3.69697, 3.69697, 3.69697, 3.69697, 3.69697, 3.69697, 3.69697, 3.69697, 3.69697, 3.69697, 3.69697, 3.69697, 3.69697, 3.69697, 3.69697
11.7206, 8, 3.86114, 3.67973, 3.16228, 4.13886, 0, 3.86114, 3.67973, 3.67973, 3.67973, 3.67973, 3.67973, 3.67973, 3.67973, 3.67973, 3.67973, 3.67973, 3.67973, 3.67973, 3.67973, 3.67973, 3.67973, 3.67973, 3.67973, 3.67973, 3.67973, 3.67973, 3.67973, 3.67973, 3.67973
11.7285, 6, 3.87274, 3.6596, 2.82843, 2.12726, 0, 3.87274, 3.6596, 3.6596, 3.6596, 3.6596, 3.6596, 3.6596, 3.6596, 3.6596, 3.6596, 3.6596, 3.6596, 3.6596, 3.6596, 3.6596, 3.6596, 3.6596, 3.6596, 3.6596, 3.6596, 3.6596, 3.6596, 3.6596, 3.6596
11.7363, 0, 3.88822, 3.63953, 1.41421, -3.88822, 0, 3.88822, 3.63953, 3.63953, 3.63953, 3.63953, 3.63953, 3.63953, 3.63953, 3.63953, 3.63953, 3.63953, 3.63953, 3.63953, 3.63953, 3.63953, 3.63953, 3.63953, 3.63953, 3.63953, 3.63953, 3.63953, 3.63953, 3.63953, 3.63953
11.7442, 8, 3.92222, 3.63405, 3.16228, 4.07778, 0, 3.92222, 3.63405, 3.63405, 3.63405, 3.63405, 3.63405, 3.63405, 3.63405, 3.63405, 3.63405, 3.63405, 3.63405, 3.63405, 3.63405, 3.63405, 3.63405, 3.63405, 3.63405, 3.63405, 3.63405, 3.63405, 3.63405, 3.63405, 3.63405
11.7521, 6, 3.95375, 3.62212, 2.82843, 2.04625, 0, 3.95375, 3.62212, 3.62212, 3.62212, 3.62212, 3.62212, 3.62212, 3.62212, 3.62212, 3.62212, 3.62212, 3.62212, 3.62212, 3.62212, 3.62212, 3.62212, 3.62212, 3.62212, 3.62212, 3.62212, 3.62212, 3.62212, 3.62212, 3.62212
11.76, 4, 3.98338, 3.60437, 2.44949, 0.0166154, 0, 3.98338, 3.60437, 3.60437, 3.60437, 3.60437, 3.60437, 3.60437, 3.60437, 3.60437, 3.60437, 3.60437, 3.60437, 3.60437, 3.60437, 3.60437, 3.60437, 3.60437, 3.60437, 3.60437, 3.60437, 3.60437, 3.60437, 3.60437, 3.60437
11.7679, 4, 4.01393, 3.58374, 2.44949, -0.0139284, 0, 4.01393, 3.58374, 3.58374, 3.58374, 3.58374, 3.58374, 3.58374, 3.58374, 3.58374, 3.58374, 3.58374, 3.58374, 3.58374, 3.58374, 3.58374, 3.58374, 3.58374, 3.58374, 3.58374, 3.58374, 3.58374, 3.58374, 3.58374, 3.58374
11.7757, 4, 4.04809, 3.56317, 2.44949, -0.0480876, 0, 4.04809, 3.56317, 3.56317, 3.56317, 3.56317, 3.56317, 3.56317, 3.56317, 3.56317, 3.56317, 3.56317, 3.56317, 3.56317, 3.56317, 3.56317, 3.56317, 3.56317, 3.56317, 3.56317, 3.56317, 3.56317, 3.56317, 3.56317, 3.56317
11.7836, 8, 4.10069, 3.55787, 3.16228, 3.89931, 0, 4.10069, 3.55787, 3.55787, 3.55787, 3.55787, 3.55787, 3.55787, 3.55787, 3.55787, 3.55787, 3.55787, 3.55787, 3.55787, 3.55787, 3.55787, 3.55787, 3.55787, 3.55787, 3.55787, 3.55787, 3.55787, 3.55787, 3.55787, 3.55787
11.7915, 6, 4.14959, 3.5461, 2.82843, 1.85041, 0, 4.14959, 3.5461, 3.5461, 3.5461, 3.5461, 3.5461, 3.5461, 3.5461, 3.5461, 3.5461, 3.5461, 3.5461, 3.5461, 3.5461, 3.5461, 3.5461, 3.5461, 3.5461, 3.5461, 3.5461, 3.5461, 3.5461, 3.5461, 3.5461
11.7994, 6, 4.19482, 3.5285, 2.82843, 1.80518, 0, 4.19482, 3.5285, 3.5285, 3.5285, 3.5285, 3.5285, 3.5285, 3.5285, 3.5285, 3.5285, 3.5285, 3.5285, 3.5285, 3.5285, 3.5285, 3.5285, 3.5285, 3.5285, 3.5285, 3.52851, 3.5285, 3.5285, 3.5285, 3.5285
11.8073, 8, 4.23867, 3.50803, 3.16228, 3.76133, 0, 4.23867, 3.50803, 3.50803, 3.50803, 3.50803, 3.50803, 3.50803, 3.50803, 3.50803, 3.50803, 3.50803, 3.50803, 3.50803, 3.50803, 3.50803, 3.50803, 3.50803, 3.50803, 3.50803, 3.50804, 3.50803, 3.50803, 3.50803, 3.50803
11.8151, 10, 4.28328, 3.48762, 3.4641, 5.71672, 0, 4.28328, 3.48762, 3.48762, 3.48762, 3.48762, 3.48762, 3.48762, 3.48762, 3.48762, 3.48762, 3.48762, 3.48762, 3.48762, 3.48762, 3.48762, 3.48762, 3.48762, 3.48762, 3.48762, 3.48763, 3.48762, 3.48762, 3.48762, 3.48762
11.823, 8, 4.3424, 3.48187, 3.16228, 3.6576, 0, 4.3424, 3.48187, 3.48187, 3.48187, 3.48187, 3.48187, 3.48187, 3.48187, 3.48187, 3.48187, 3.48187, 3.48187, 3.48187, 3.48187, 3.48187, 3.48187, 3.48187, 3.48187, 3.48187, 3.48187, 3.48187, 3.48187, 3.48187, 3.48187
11.8309, 2, 4.39402, 3.4697, 2, -2.39402, 0, 4.39402, 3.4697, 3.4697, 3.4697, 3.4697, 3.4697, 3.4697, 3.4697, 3.4697, 3.4697, 3.4697, 3.4697, 3.4697, 3.4697, 3.4697, 3.4697, 3.4697, 3.4697, 3.4697, 3.4697, 3.4697, 3.4697, 3.4697, 3.4697
11.8388, 10, 4.43777, 3.45174, 3.4641, 5.56223, 0, 4.43777, 3.45174, 3.45174, 3.45174, 3.45174, 3.45174, 3.45174, 3.45174, 3.45174, 3.45174, 3.45174, 3.45174, 3.45174, 3.45174, 3.45174, 3.45174, 3.45174, 3.45174, 3.45174, 3.45174, 3.45174, 3.45174, 3.45174, 3.45174
11.8467, 8, 4.47558, 3.43093, 3.16228, 3.52442, 0, 4.47558, 3.43093, 3.43093, 3.43093, 3.43093, 3.43093, 3.43093, 3.43093, 3.43093, 3.43093, 3.43093, 3.43093, 3.43093, 3.43093, 3.43093, 3.43093, 3.43093, 3.43093, 3.43093, 3.43093, 3.43093, 3.43093, 3.43093, 3.43093
11.8545, 4, 4.50938, 3.41018, 2.44949, -0.509377, 0, 4.50938, 3.41018, 3.41018, 3.41018, 3.41018, 3.41018, 3.41018, 3.41018, 3.41018, 3.41018, 3.41018, 3.41018, 3.41018, 3.41018, 3.41018, 3.41018, 3.41018, 3.41018, 3.41018, 3.41018, 3.41018, 3.41018, 3.41018, 3.41018
11.8624, 12, 4.55328, 3.40459, 3.74166, 7.44672, 0, 4.55328, 3.40459, 3.40459, 3.40459, 3.40459, 3.40459, 3.40459, 3.40459, 3.40459, 3.40459, 3.40459, 3.40459, 3.40459, 3.40459, 3.40459, 3.40459, 3.40459, 3.40459, 3.40459, 3.40459, 3.40459, 3.40459, 3.40459, 3.40459
11.8703, 0, 4.58479, 3.39259, 1.41421, -4.58479, 0, 4.58479, 3.39259, 3.39259, 3.39259, 3.39259, 3.39259, 3.39259, 3.39259, 3.39259, 3.39259, 3.39259, 3.39259, 3.39259, 3.39259, 3.39259, 3.39259, 3.39259, 3.39259, 3.39259, 3.39259, 3.39259, 3.39259, 3.39259, 3.39259
11.8782, 4, 4.60372, 3.3748, 2.44949, -0.603721, 0, 4.60372, 3.3748, 3.3748, 3.3748, 3.3748, 3.3748, 3.3748, 3.3748, 3.3748, 3.3748, 3.3748, 3.3748, 3.3748, 3.3748, 3.3748, 3.3748, 3.3748, 3.3748, 3.3748, 3.3748, 3.3748, 3.3748, 3.3748, 3.3748
11.8861, 0, 4.61229, 3.35417, 1.41421, -4.61229, 0, 4.61229, 3.35417, 3.35417, 3.35417, 3.35417, 3.35417, 3.35417, 3.35417, 3.35417, 3.35417, 3.35417, 3.35417, 3.35417, 3.35417, 3.35417, 3.35417, 3.35417, 3.35417, 3.35417, 3.35417, 3.35417, 3.35417, 3.35417, 3.35417
11.8939, 8, 4.61284, 3.3336, 3.16228, 3.38716, 0, 4.61283, 3.3336, 3.3336, 3.3336, 3.3336, 3.3336, 3.3336, 3.3336, 3.3336, 3.3336, 3.3336, 3.3336, 3.3336, 3.3336, 3.3336, 3.3336, 3.3336, 3.3336, 3.3336, 3.3336, 3.3336, 3.3336, 3.3336, 3.3336
11.9018, 6, 4.61955, 3.32771, 2.82843, 1.38045, 0, 4.61955, 3.32771, 3.32771, 3.32771, 3.32771, 3.32771, 3.32771, 3.32771, 3.32771, 3.32771, 3.32771, 3.32771, 3.32771, 3.32771, 3.32771, 3.32771, 3.32771, 3.32771, 3.32771, 3.32771, 3.32771, 3.32771, 3.32771, 3.32771
11.9097, 6, 4.61112, 3.31545, 2.82843, 1.38888, 0, 4.61112, 3.31545, 3.31545, 3.31545, 3.31545, 3.31545, 3.31545, 3.31545, 3.31545, 3.31545, 3.31545, 3.31545, 3.31545, 3.31545, 3.31545, 3.31545, 3.31545, 3.31545, 3.31545, 3.31545, 3.31545, 3.31545, 3.31545, 3.31545
11.9176, 10, 4.58811, 3.29744, 3.4641, 5.41189, 0, 4.58811, 3.29744, 3.29744, 3.29744, 3.29744, 3.29744, 3.29744, 3.29744, 3.29744, 3.29744, 3.29744, 3.29744, 3.29744, 3.29744, 3.29744, 3.29744, 3.29744, 3.29744, 3.29744, 3.29744, 3.29744, 3.29744, 3.29744, 3.29744
11.9255, 8, 4.55355, 3.27662, 3.16228, 3.44645, 0, 4.55355, 3.27662, 3.27662, 3.27662, 3.27662, 3.27662, 3.27662, 3.27662, 3.27662, 3.27662, 3.27662, 3.27662, 3.27662, 3.27662, 3.27662, 3.27662, 3.27662, 3.27662, 3.27662, 3.27662, 3.27662, 3.27662, 3.27662, 3.27662
11.9333, 4, 4.51059, 3.25586, 2.44949, -0.510593, 0, 4.51059, 3.25586, 3.25586, 3.25586, 3.25586, 3.25586, 3.25586, 3.25586, 3.25586, 3.25586, 3.25586, 3.25586, 3.25586, 3.25586, 3.25586, 3.25586, 3.25586, 3.25586, 3.25586, 3.25586, 3.25586, 3.25586, 3.25586, 3.25586
11.9412, 6, 4.47467, 3.25013, 2.82843, 1.52533, 0, 4.47467, 3.25013, 3.25013, 3.25013, 3.25013, 3.25013, 3.25013, 3.25013, 3.25013, 3.25013, 3.25013, 3.25013, 3.25013, 3.25013, 3.25013, 3.25013, 3.25013, 3.25013, 3.25013, 3.25013, 3.25013, 3.25013, 3.25013, 3.25013
11.9491, 6, 4.42499, 3.23803, 2.82843, 1.57501, 0, 4.42499, 3.23803, 3.23803, 3.23803, 3.23803, 3.23803, 3.23803, 3.23803, 3.23803, 3.23803, 3.23803, 3.23803, 3.23803, 3.23803, 3.23803, 3.23803, 3.23803, 3.23803, 3.23803, 3.23803, 3.23803, 3.23803, 3.23803, 3.23803
11.957, 8, 4.36291, 3.22022, 3.16228, 3.63709, 0, 4.36291, 3.22022, 3.22022, 3.22022, 3.22022, 3.22022, 3.22022, 3.22022, 3.22022, 3.22022, 3.22022, 3.22022, 3.22022, 3.22022, 3.22022, 3.22022, 3.22022, 3.22022, 3.22022, 3.22022, 3.22022, 3.22022, 3.22022, 3.22022
11.9649, 10, 4.29219, 3.19959, 3.4641, 5.70781, 0, 4.29219, 3.19959, 3.19959, 3.19959, 3.19959, 3.19959, 3.19959, 3.19959, 3.19959, 3.19959, 3.19959, 3.19959, 3.19959, 3.19959, 3.19959, 3.19959, 3.19959, 3.19959, 3.19959, 3.19959, 3.19959, 3.19959, 3.19959, 3.19959
11.9727, 12, 4.21664, 3.17903, 3.74166, 7.78336, 0, 4.21664, 3.17903, 3.17903, 3.17903, 3.17903, 3.17903, 3.17903, 3.17903, 3.17903, 3.17903, 3.17903, 3.17903, 3.17903, 3.17903, 3.17903, 3.17903, 3.17903, 3.17903, 3.17903, 3.17903, 3.17903, 3.17903, 3.17903, 3.17903
11.9806, 2, 4.15177, 3.17307, 2, -2.15177, 0, 4.15177, 3.17307, 3.17307, 3.17307, 3.17307, 3.17307, 3.17307, 3.17307, 3.17307, 3.17307, 3.17307, 3.17307, 3.17307, 3.17307, 3.17307, 3.17307, 3.17307, 3.17307, 3.17307, 3.17307, 3.17307, 3.17307, 3.17307, 3.17307
11.9885, 2, 4.07769, 3.16084, 2, -2.07769, 0, 4.07769, 3.16084, 3.16084, 3.16084, 3.16084, 3.16084, 3.16084, 3.16084, 3.16084, 3.16084, 3.16084, 3.16084, 3.16084, 3.16084, 3.16084, 3.16084, 3.16084, 3.16084, 3.16084, 3.16084, 3.16084, 3.16084, 3.16084, 3.16084
11.9964, 8, 3.99606, 3.14297, 3.16228, 4.00394, 0, 3.99605, 3.14297, 3.14297, 3.14297, 3.14297, 3.14297, 3.14297, 3.14297, 3.14297, 3.14297, 3.14297, 3.14297, 3.14297, 3.14297, 3.14297, 3.14297, 3.14297, 3.14297, 3.14297, 3.14297, 3.14297, 3.14297, 3.14297, 3.14297
12.0043, 8, 3.91071, 3.12234, 3.16228, 4.08929, 0, 3.9107, 3.12234, 3.12234, 3.12234, 3.12234, 3.12234, 3.12234, 3.12234, 3.12234, 3.12234, 3.12234, 3.12234, 3.12234, 3.12234, 3.12234, 3.12234, 3.12234, 3.12234, 3.12234, 3.12234, 3.12234, 3.12234, 3.12234, 3.12234
12.0121, 2, 3.82539, 3.10178, 2, -1.82539, 0, 3.82539, 3.10178, 3.10178, 3.10178, 3.10178, 3.10178, 3.10178, 3.10178, 3.10178, 3.10178, 3.10178, 3.10178, 3.10178, 3.10178, 3.10178, 3.10178, 3.10178, 3.10178, 3.10178, 3.10178, 3.10178, 3.10178, 3.10178, 3.10178
12.02, 6, 3.75555, 3.09589, 2.82843, 2.24445, 0, 3.75555, 3.09589, 3.09589, 3.09589, 3.09589, 3.09589, 3.09589, 3.09589, 3.09589, 3.09589, 3.09589, 3.09589, 3.09589, 3.09589, 3.09589, 3.09589, 3.09589, 3.09589, 3.09589, 3.09589, 3.09589, 3.09589, 3.09589, 3.09589
12.0279, 8, 3.68108, 3.08379, 3.16228, 4.31892, 0, 3.68108, 3.08379, 3.08379, 3.08379, 3.08379, 3.08379, 3.08379, 3.08379, 3.08379, 3.08379, 3.08379, 3.08379, 3.08379, 3.08379, 3.08379, 3.08379, 3.08379, 3.08379, 3.08379, 3.08379, 3.08379, 3.08379, 3.08379, 3.08379
12.0358, 4, 3.6033, 3.06615, 2.44949, 0.396703, 0, 3.6033, 3.06615, 3.06615, 3.06615, 3.06615, 3.06615, 3.06615, 3.06615, 3.06615, 3.06615, 3.06615, 3.06615, 3.06615, 3.06615, 3.06615, 3.06615, 3.06615, 3.06615, 3.06615, 3.06615, 3.06615, 3.06615, 3.06615, 3.06615
12.0437, 4, 3.52556, 3.04578, 2.44949, 0.47444, 0, 3.52556, 3.04578, 3.04578, 3.04578, 3.04578, 3.04578, 3.04578, 3.04578, 3.04578, 3.04578, 3.04578, 3.04578, 3.04578, 3.04578, 3.04578, 3.04578, 3.04578, 3.04578, 3.04578, 3.04578, 3.04578, 3.04578, 3.04578, 3.04578
12.0515, 2, 3.45112, 3.02548, 2, -1.45112, 0, 3.45112, 3.02548, 3.02548, 3.02548, 3.02548, 3.02548, 3.02548, 3.02548, 3.02548, 3.02548, 3.02548, 3.02548, 3.02548, 3.02548, 3.02548, 3.02548, 3.02548, 3.02548, 3.02548, 3.02548, 3.02548, 3.02548, 3.02548, 3.02548
12.0594, 6, 3.39453, 3.01948, 2.82843, 2.60547, 0, 3.39453, 3.01948, 3.01948, 3.01948, 3.01948, 3.01948, 3.01948, 3.01948, 3.01948, 3.01948, 3.01948, 3.01948, 3.01948, 3.01948, 3.01948, 3.01948, 3.01948, 3.01948, 3.01948, 3.01948, 3.01948, 3.01948, 3.01948, 3.01948
12.0673, 2, 3.33561, 3.00738, 2, -1.33561, 0, 3.33561, 3.00738, 3.00738, 3.00738, 3.00738, 3.00738, 3.00738, 3.00738, 3.00738, 3.00738, 3.00738, 3.00738, 3.00738, 3.00738, 3.00738, 3.00738, 3.00738, 3.00738, 3.00738, 3.00738, 3.00738, 3.00738, 3.00738, 3.00738
12.0752, 22, 3.27515, 2.98984, 4.89898, 18.7249, 0, 3.27515, 2.98984, 2.98984, 2.98984, 2.98984, 2.98984, 2.98984, 2.98984, 2.98984, 2.98984, 2.98984, 2.98984, 2.98984, 2.98984, 2.98984, 2.98984, 2.98984, 2.98984, 2.98984, 2.98984, 2.98984, 2.98984, 2.98984, 2.98984
12.0831, 6, 3.21595, 2.96962, 2.82843, 2.78405, 0, 3.21595, 2.96962, 2.96962, 2.96962, 2.96962, 2.96962, 2.96962, 2.96962, 2.96962, 2.96962, 2.96962, 2.96962, 2.96962, 2.96962, 2.96962, 2.96962, 2.96962, 2.96962, 2.96962, 2.96963, 2.96962, 2.96962, 2.96962, 2.96962
12.0909, 2, 3.1607, 2.94948, 2, -1.1607, 0, 3.1607, 2.94948, 2.94948, 2.94948, 2.94948, 2.94948, 2.94948, 2.94948, 2.94948, 2.94948, 2.94948, 2.94948, 2.94948, 2.94948, 2.94948, 2.94948, 2.94948, 2.94948, 2.94948, 2.94948, 2.94948, 2.94948, 2.94948, 2.94948
12.0988, 6, 3.12343, 2.94353, 2.82843, 2.87657, 0, 3.12343, 2.94353, 2.94353, 2.94353, 2.94353, 2.94353, 2.94353, 2.94353, 2.94353, 2.94353, 2.94353, 2.94353, 2.94353, 2.94353, 2.94353, 2.94353, 2.94353, 2.94353, 2.94353, 2.94353, 2.94353, 2.94353, 2.94353, 2.94353
12.1067, 0, 3.08375, 2.93157, 1.41421, -3.08375, 0, 3.08375, 2.93157, 2.93157, 2.93157, 2.93157, 2.93157, 2.93157, 2.93157, 2.93157, 2.93157, 2.93157, 2.93157, 2.93157, 2.93157, 2.93157, 2.93157, 2.93157, 2.93157, 2.93157, 2.93157, 2.93157, 2.93157, 2.93157, 2.93157
12.1146, 4, 3.04212, 2.91425, 2.44949, 0.957881, 0, 3.04212, 2.91425, 2.91425, 2.91425, 2.91425, 2.91425, 2.91425, 2.91425, 2.91425, 2.91425, 2.91425, 2.91425, 2.91425, 2.91425, 2.91425, 2.91425, 2.91425, 2.91425, 2.91425, 2.91425, 2.91425, 2.91425, 2.91425, 2.91425
12.1225, 8, 3.00102, 2.89431, 3.16228, 4.99898, 0, 3.00102, 2.89431, 2.89431, 2.89431, 2.89431, 2.89431, 2.89431, 2.89431, 2.89431, 2.89431, 2.89431, 2.89431, 2.89431, 2.89431, 2.89431, 2.89431, 2.89431, 2.89431, 2.89431, 2.89431, 2.89431, 2.89431, 2.89431, 2.89431
12.1303, 4, 2.96289, 2.87444, 2.44949, 1.03711, 0, 2.96289, 2.87444, 2.87444, 2.87444, 2.87444, 2.87444, 2.87444, 2.87444, 2.87444, 2.87444, 2.87444, 2.87444, 2.87444, 2.87444, 2.87444, 2.87444, 2.87444, 2.87444, 2.87444, 2.87444, 2.87444, 2.87444, 2.87444, 2.87444
12.1382, 6, 2.94161, 2.86879, 2.82843, 3.05839, 0, 2.94161, 2.86879, 2.86879, 2.86879, 2.86879, 2.86879, 2.86879, 2.86879, 2.86879, 2.86879, 2.86879, 2.86879, 2.86879, 2.86879, 2.86879, 2.86879, 2.86879, 2.86879, 2.86879, 2.86879, 2.86879, 2.86879, 2.86879, 2.86879
12.1461, 10, 2.9166, 2.85705, 3.4641, 7.0834, 0, 2.9166, 2.85705, 2.85705, 2.85705, 2.85705, 2.85705, 2.85705, 2.85705, 2.85705, 2.85705, 2.85705, 2.85705, 2.85705, 2.85705, 2.85705, 2.85705, 2.85705, 2.85705, 2.85705, 2.85706, 2.85705, 2.85705, 2.85705, 2.85705
12.154, 0, 2.88828, 2.83991, 1.41421, -2.88828, 0, 2.88828, 2.83991, 2.83991, 2.83991, 2.83991, 2.83991, 2.83991, 2.83991, 2.83991, 2.83991, 2.83991, 2.83991, 2.83991, 2.83991, 2.83991, 2.83991, 2.83991, 2.83991, 2.83991, 2.83991, 2.83991, 2.83991, 2.83991, 2.83991
12.1619, 8, 2.85913, 2.82011, 3.16228, 5.14087, 0, 2.85913, 2.82011, 2.82011, 2.82011, 2.82011, 2.82011, 2.82011, 2.82011, 2.82011, 2.82011, 2.82011, 2.82011, 2.82011, 2.82011, 2.82011, 2.82011, 2.82011, 2.82011, 2.82011, 2.82011, 2.82011, 2.82011, 2.82011, 2.82011
12.1697, 4, 2.83164, 2.80037, 2.44949, 1.16836, 0, 2.83164, 2.80037, 2.80037, 2.80037, 2.80037, 2.80037, 2.80037, 2.80037, 2.80037, 2.80037, 2.80037, 2.80037, 2.80037, 2.80037, 2.80037, 2.80037, 2.80037, 2.80037, 2.80037, 2.80038, 2.80037, 2.80037, 2.80037, 2.80037
12.1776, 2, 2.82113, 2.79624, 2, -0.821132, 0, 2.82113, 2.79624, 2.79624, 2.79624, 2.79624, 2.79624, 2.79624, 2.79624, 2.79624, 2.79624, 2.79624, 2.79624, 2.79624, 2.79624, 2.79624, 2.79624, 2.79624, 2.79624, 2.79624, 2.79625, 2.79624, 2.79624, 2.79624, 2.79624
12.1855, 0, 2.80483, 2.78515, 1.41421, -2.80483, 0, 2.80483, 2.78515, 2.78515, 2.78515, 2.78515, 2.78515, 2.78515, 2.78515, 2.78515, 2.78515, 2.78515, 2.78515, 2.78515, 2.78515, 2.78515, 2.78515, 2.78515, 2.78515, 2.78515, 2.78516, 2.78515, 2.78515, 2.78515, 2.78515
12.1934, 8, 2.78332, 2.76787, 3.16228, 5.21668, 0, 2.78331, 2.76787, 2.76787, 2.76787, 2.76787, 2.76787, 2.76787, 2.76787, 2.76787, 2.76787, 2.76787, 2.76787, 2.76787, 2.76787, 2.76787, 2.76787, 2.76787, 2.76787, 2.76787, 2.76787, 2.76787, 2.76787, 2.76787, 2.76787
12.2013, 4, 2.75958, 2.74753, 2.44949, 1.24042, 0, 2.75958, 2.74753, 2.74753, 2.74753, 2.74753, 2.74753, 2.74753, 2.74753, 2.74753, 2.74753, 2.74753, 2.74753, 2.74753, 2.74753, 2.74753, 2.74753, 2.74753, 2.74753, 2.74753, 2.74753, 2.74753, 2.74753, 2.74753, 2.74753
12.2091, 2, 2.73661, 2.72727, 2, -0.736609, 0, 2.73661, 2.72727, 2.72727, 2.72727, 2.72727, 2.72727, 2.72727, 2.72727, 2.72727, 2.72727, 2.72727, 2.72727, 2.72727, 2.72727, 2.72727, 2.72727, 2.72727, 2.72727, 2.72727, 2.72727, 2.72727, 2.72727, 2.72727, 2.72727
12.217, 2, 2.73975, 2.73257, 2, -0.739753, 0, 2.73975, 2.73257, 2.73257, 2.73257, 2.73257, 2.73257, 2.73257, 2.73257, 2.73257, 2.73257, 2.73257, 2.73257, 2.73257, 2.73257, 2.73257, 2.73257, 2.73257, 2.73257, 2.73257, 2.73257, 2.73257, 2.73257, 2.73257, 2.73257
12.2249, 4, 2.73732, 2.73182, 2.44949, 1.26268, 0, 2.73732, 2.73182, 2.73182, 2.73182, 2.73182, 2.73182, 2.73182, 2.73182, 2.73182, 2.73182, 2.73182, 2.73182, 2.73182, 2.73182, 2.73182, 2.73182, 2.73182, 2.73182, 2.73182, 2.73182, 2.73182, 2.73182, 2.73182, 2.73182
12.2328, 0, 2.72975, 2.72558, 1.41421, -2.72975, 0, 2.72975, 2.72558, 2.72558, 2.72558, 2.72558, 2.72558, 2.72558, 2.72558, 2.72558, 2.72558, 2.72558, 2.72558, 2.72558, 2.72558, 2.72558, 2.72558, 2.72558, 2.72558, 2.72558, 2.72558, 2.72558, 2.72558, 2.72558, 2.72558
12.2407, 2, 2.71973, 2.71659, 2, -0.719734, 0, 2.71973, 2.71659, 2.71659, 2.71659, 2.71659, 2.71659, 2.71659, 2.71659, 2.71659, 2.71659, 2.71659, 2.71659, 2.71659, 2.71659, 2.71659, 2.71659, 2.71659, 2.71659, 2.71659, 2.71659, 2.71659, 2.71659, 2.71659, 2.71659
12.2485, 2, 2.70997, 2.70762, 2, -0.709973, 0, 2.70997, 2.70762, 2.70762, 2.70762, 2.70762, 2.70762, 2.70762, 2.70762, 2.70762, 2.70762, 2.70762, 2.70762, 2.70762, 2.70762, 2.70762, 2.70762, 2.70762, 2.70762, 2.70762, 2.70762, 2.70762, 2.70762, 2.70762, 2.70762
12.2564, 6, 2.70592, 2.70416, 2.82843, 3.29408, 0, 2.70592, 2.70416, 2.70416, 2.70416, 2.70416, 2.70416, 2.70416, 2.70416, 2.70416, 2.70416, 2.70416, 2.70416, 2.70416, 2.70416, 2.70416, 2.70416, 2.70416, 2.70416, 2.70416, 2.70416, 2.70416, 2.70416, 2.70416, 2.70416
12.2643, 2, 2.70062, 2.69932, 2, -0.700616, 0, 2.70062, 2.69932, 2.69932, 2.69932, 2.69932, 2.69932, 2.69932, 2.69932, 2.69932, 2.69932, 2.69932, 2.69932, 2.69932, 2.69932, 2.69932, 2.69932, 2.69932, 2.69932, 2.69932, 2.69932, 2.69932, 2.69932, 2.69932, 2.69932
12.2722, 4, 2.69439, 2.69344, 2.44949, 1.30561, 0, 2.69439, 2.69344, 2.69344, 2.69344, 2.69344, 2.69344, 2.69344, 2.69344, 2.69344, 2.69344, 2.69344, 2.69344, 2.69344, 2.69344, 2.69344, 2.69344, 2.69344, 2.69344, 2.69344, 2.69344, 2.69344, 2.69344, 2.69344, 2.69344
12.2801, 8, 2.68623, 2.68553, 3.16228, 5.31377, 0, 2.68623, 2.68553, 2.68553, 2.68553, 2.68553, 2.68553, 2.68553, 2.68553, 2.68553, 2.68553, 2.68553, 2.68553, 2.68553, 2.68553, 2.68553, 2.68553, 2.68553, 2.68553, 2.68553, 2.68553, 2.68553, 2.68553, 2.68553, 2.68553
12.2879, 6, 2.67637, 2.67587, 2.82843, 3.32363, 0, 2.67637, 2.67587, 2.67587, 2.67587, 2.67587, 2.67587, 2.67587, 2.67587, 2.67587, 2.67587, 2.67587, 2.67587, 2.67587, 2.67587, 2.67587, 2.67587, 2.67587, 2.67587, 2.67587, 2.67587, 2.67587, 2.67587, 2.67587, 2.67587
12.2958, 8, 2.66441, 2.66405, 3.16228, 5.33559, 0, 2.66441, 2.66405, 2.66405, 2.66405, 2.66405, 2.66405, 2.66405, 2.66405, 2.66405, 2.66405, 2.66405, 2.66405, 2.66405, 2.66405, 2.66405, 2.66405, 2.66405, 2.66405, 2.66405, 2.66405, 2.66405, 2.66405, 2.66405, 2.66405
12.3037, 6, 2.65078, 2.65052, 2.82843, 3.34922, 0, 2.65078, 2.65052, 2.65052, 2.65052, 2.65052, 2.65052, 2.65052, 2.65052, 2.65052, 2.65052, 2.65052, 2.65052, 2.65052, 2.65052, 2.65052, 2.65052, 2.65052, 2.65052, 2.65052, 2.65052, 2.65052, 2.65052, 2.65052, 2.65052
12.3116, 6, 2.63635, 2.63617, 2.82843, 3.36365, 0, 2.63635, 2.63617, 2.63617, 2.63617, 2.63617, 2.63617, 2.63617, 2.63617, 2.63617, 2.63617, 2.63617, 2.63617, 2.63617, 2.63617, 2.63617, 2.63617, 2.63617, 2.63617, 2.63617, 2.63617, 2.63617, 2.63617, 2.63617, 2.63617
12.3195, 2, 2.62199, 2.62185, 2, -0.621985, 0, 2.62198, 2.62185, 2.62185, 2.62185, 2.62185, 2.62185, 2.62185, 2.62185, 2.62185, 2.62185, 2.62185, 2.62185, 2.62185, 2.62185, 2.62185, 2.62185, 2.62185, 2.62185, 2.62185, 2.62185, 2.62185, 2.62185, 2.62185, 2.62185
12.3273, 2, 2.61228, 2.61218, 2, -0.612282, 0, 2.61228, 2.61218, 2.61218, 2.61218, 2.61218, 2.61218, 2.61218, 2.61218, 2.61218, 2.61218, 2.61218, 2.61218, 2.61218, 2.61218, 2.61218, 2.61218, 2.61218, 2.61218, 2.61218, 2.61218, 2.61218, 2.61218, 2.61219, 2.61218
12.3352, 2, 2.59884, 2.59877, 2, -0.598839, 0, 2.59883, 2.59877, 2.59877, 2.59877, 2.59877, 2.59877, 2.59877, 2.59877, 2.59877, 2.59877, 2.59877, 2.59877, 2.59877, 2.59877, 2.59877, 2.59877, 2.59877, 2.59877, 2.59877, 2.59877, 2.59877, 2.59877, 2.59877, 2.59877
12.3431, 2, 2.5821, 2.58205, 2, -0.582102, 0, 2.58209, 2.58205, 2.58205, 2.58205, 2.58205, 2.58205, 2.58205, 2.58205, 2.58205, 2.58205, 2.58205, 2.58205, 2.58205, 2.58205, 2.58205, 2.58205, 2.58205, 2.58205, 2.58205, 2.58205, 2.58205, 2.58205, 2.58205, 2.58205
12.351, 2, 2.56376, 2.56372, 2, -0.563764, 0, 2.56375, 2.56372, 2.56372, 2.56372, 2.56372, 2.56372, 2.56372, 2.56372, 2.56372, 2.56372, 2.56372, 2.56372, 2.56372, 2.56372, 2.56372, 2.56372, 2.56372, 2.56372, 2.56372, 2.56372, 2.56372, 2.56372, 2.56373, 2.56372
12.3589, 4, 2.5455, 2.54545, 2.44949, 1.4545, 0, 2.54548, 2.54545, 2.54545, 2.54545, 2.54545, 2.54545, 2.54545, 2.54545, 2.54545, 2.54545, 2.54545, 2.54545, 2.54545, 2.54545, 2.54545, 2.54545, 2.54545, 2.54545, 2.54545, 2.54545, 2.54545, 2.54545, 2.54547, 2.54545
12.3667, 4, 2.55039, 2.55034, 2.44949, 1.44961, 0, 2.55036, 2.55034, 2.55034, 2.55034, 2.55034, 2.55034, 2.55034, 2.55034, 2.55034, 2.55034, 2.55034, 2.55034, 2.55034, 2.55034, 2.55034, 2.55034, 2.55034, 2.55034, 2.55034, 2.55034, 2.55034, 2.55034, 2.55037, 2.55034
12.3746, 4, 2.54937, 2.54932, 2.44949, 1.45063, 0, 2.54934, 2.54932, 2.54932, 2.54932, 2.54932, 2.54932, 2.54932, 2.54932, 2.54932, 2.54932, 2.54932, 2.54932, 2.54932, 2.54932, 2.54932, 2.54932, 2.54932, 2.54932, 2.54932, 2.54932, 2.54932, 2.54932, 2.54936, 2.54932
12.3825, 0, 2.54298, 2.54292, 1.41421, -2.54298, 0, 2.54293, 2.54292, 2.54292, 2.54292, 2.54292, 2.54292, 2.54292, 2.54292, 2.54292, 2.54292, 2.54292, 2.54292, 2.54292, 2.54292, 2.54292, 2.54292, 2.54292, 2.54292, 2.54292, 2.54292, 2.54292, 2.54292, 2.54297, 2.54292
12.3904, 4, 2.53392, 2.53383, 2.44949, 1.46608, 0, 2.53384, 2.53383, 2.53383, 2.53383, 2.53383, 2.53383, 2.53383, 2.53383, 2.53383, 2.53383, 2.53383, 2.53383, 2.53383, 2.53383, 2.53383, 2.53383, 2.53383, 2.53383, 2.53383, 2.53383, 2.53383, 2.53383, 2.53391, 2.53383
12.3983, 2, 2.52488, 2.52476, 2, -0.524883, 0, 2.52477, 2.52476, 2.52476, 2.52476, 2.52476, 2.52476, 2.52476, 2.52476, 2.52476, 2.52476, 2.52476, 2.52476, 2.52476, 2.52476, 2.52476, 2.52476, 2.52476, 2.52476, 2.52476, 2.52476, 2.52476, 2.52476, 2.52487, 2.52476
12.4061, 6, 2.52818, 2.52801, 2.82843, 3.47182, 0, 2.52802, 2.52801, 2.52801, 2.52801, 2.52801, 2.52801, 2.52801, 2.52801, 2.52801, 2.52801, 2.52801, 2.52801, 2.52801, 2.52801, 2.52801, 2.52801, 2.52801, 2.52801, 2.52801, 2.52801, 2.52801, 2.52801, 2.52818, 2.52801
12.414, 2, 2.52661, 2.52637, 2, -0.526613, 0, 2.52638, 2.52637, 2.52637, 2.52637, 2.52637, 2.52637, 2.52637, 2.52637, 2.52637, 2.52637, 2.52637, 2.52637, 2.52637, 2.52637, 2.52637, 2.52637, 2.52637, 2.52637, 2.52637, 2.52637, 2.52637, 2.52637, 2.52661, 2.52637
12.4219, 6, 2.52074, 2.5204, 2.82843, 3.47926, 0, 2.5204, 2.5204, 2.5204, 2.5204, 2.5204, 2.5204, 2.5204, 2.5204, 2.5204, 2.5204, 2.5204, 2.5204, 2.5204, 2.5204, 2.5204, 2.5204, 2.5204, 2.5204, 2.5204, 2.5204, 2.5204, 2.5204, 2.52073, 2.5204
12.4298, 4, 2.51275, 2.51227, 2.44949, 1.48725, 0, 2.51227, 2.51227, 2.51227, 2.51227, 2.51227, 2.51227, 2.51227, 2.51227, 2.51227, 2.51227, 2.51227, 2.51227, 2.51227, 2.51227, 2.51227, 2.51227, 2.51227, 2.51227, 2.51227, 2.51227, 2.51227, 2.51227, 2.51274, 2.51227
12.4377, 6, 2.50482, 2.50415, 2.82843, 3.49518, 0, 2.50416, 2.50415, 2.50415, 2.50415, 2.50415, 2.50415, 2.50415, 2.50415, 2.50415, 2.50415, 2.50415, 2.50415, 2.50415, 2.50415, 2.50415, 2.50415, 2.50415, 2.50415, 2.50415, 2.50415, 2.50415, 2.50415, 2.50481, 2.50415
12.4455, 6, 2.50785, 2.50692, 2.82843, 3.49215, 0, 2.50692, 2.50692, 2.50692, 2.50692, 2.50692, 2.50692, 2.50692, 2.50692, 2.50692, 2.50692, 2.50692, 2.50692, 2.50692, 2.50692, 2.50692, 2.50692, 2.50692, 2.50692, 2.50692, 2.50692, 2.50692, 2.50692, 2.50784, 2.50692
12.4534, 2, 2.50626, 2.50498, 2, -0.506256, 0, 2.50498, 2.50498, 2.50498, 2.50498, 2.50498, 2.50498, 2.50498, 2.50498, 2.50498, 2.50498, 2.50498, 2.50498, 2.50498, 2.50498, 2.50498, 2.50498, 2.50498, 2.50498, 2.50498, 2.50498, 2.50498, 2.50498, 2.50625, 2.50498
12.4613, 2, 2.50062, 2.49887, 2, -0.50062, 0, 2.49887, 2.49887, 2.49887, 2.49887, 2.49887, 2.49887, 2.49887, 2.49887, 2.49887, 2.49887, 2.49887, 2.49887, 2.49887, 2.49887, 2.49887, 2.49887, 2.49887, 2.49887, 2.49887, 2.49887, 2.49887, 2.49887, 2.50061, 2.49887
12.4692, 2, 2.49307, 2.49069, 2, -0.493069, 0, 2.49069, 2.49069, 2.49069, 2.49069, 2.49069, 2.49069, 2.49069, 2.49069, 2.49069, 2.49069, 2.49069, 2.49069, 2.49069, 2.49069, 2.49069, 2.49069, 2.49069, 2.49069, 2.49069, 2.49069, 2.49069, 2.49069, 2.49306, 2.49069
12.4771, 4, 2.48573, 2.48252, 2.44949, 1.51427, 0, 2.48253, 2.48252, 2.48252, 2.48252, 2.48252, 2.48252, 2.48252, 2.48252, 2.48252, 2.48252, 2.48252, 2.48252, 2.48252, 2.48252, 2.48252, 2.48252, 2.48252, 2.48252, 2.48252, 2.48252, 2.48252, 2.48252, 2.48573, 2.48252
12.4849, 4, 2.48939, 2.48509, 2.44949, 1.51061, 0, 2.48509, 2.48509, 2.48509, 2.48509, 2.48509, 2.48509, 2.48509, 2.48509, 2.48509, 2.48509, 2.48509, 2.48509, 2.48509, 2.48509, 2.48509, 2.48509, 2.48509, 2.48509, 2.48509, 2.48509, 2.48509, 2.48509, 2.48938, 2.48509
12.4928, 2, 2.48881, 2.48309, 2, -0.488811, 0, 2.4831, 2.48309, 2.48309, 2.48309, 2.48309, 2.48309, 2.48309, 2.48309, 2.48309, 2.48309, 2.48309, 2.48309, 2.48309, 2.48309, 2.48309, 2.48309, 2.48309, 2.48309, 2.48309, 2.48309, 2.48309, 2.48309, 2.48881, 2.48309
12.5007, 4, 2.48461, 2.47706, 2.44949, 1.51539, 0, 2.47706, 2.47706, 2.47706, 2.47706, 2.47706, 2.47706, 2.47706, 2.47706, 2.47706, 2.47706, 2.47706, 2.47706, 2.47706, 2.47706, 2.47706, 2.47706, 2.47706, 2.47706, 2.47706, 2.47706, 2.47706, 2.47706, 2.48461, 2.47706
12.5086, 4, 2.47892, 2.46902, 2.44949, 1.52108, 0, 2.46902, 2.46902, 2.46902, 2.46902, 2.46902, 2.46902, 2.46902, 2.46902, 2.46902, 2.46902, 2.46902, 2.46902, 2.46902, 2.46902, 2.46902, 2.46902, 2.46902, 2.46902, 2.46902, 2.46902, 2.46902, 2.46902, 2.47892, 2.46902
12.5165, 6, 2.47388, 2.46099, 2.82843, 3.52612, 0, 2.46099, 2.46099, 2.46099, 2.46099, 2.46099, 2.46099, 2.46099, 2.46099, 2.46099, 2.46099, 2.46099, 2.46099, 2.46099, 2.46099, 2.46099, 2.46099, 2.46099, 2.46099, 2.46099, 2.46099, 2.46099, 2.46099, 2.47388, 2.46099
12.5243, 2, 2.4797, 2.46303, 2, -0.479699, 0, 2.46304, 2.46303, 2.46303, 2.46303, 2.46303, 2.46303, 2.46303, 2.46303, 2.46303, 2.46303, 2.46303, 2.46303, 2.46303, 2.46303, 2.46303, 2.46303, 2.46303, 2.46303, 2.46303, 2.46303, 2.46303, 2.46303, 2.47969, 2.46303
12.5322, 4, 2.48205, 2.46067, 2.44949, 1.51795, 0, 2.46067, 2.46067, 2.46067, 2.46067, 2.46067, 2.46067, 2.46067, 2.46067, 2.46067, 2.46067, 2.46067, 2.46067, 2.46067, 2.46067, 2.46067, 2.46067, 2.46067, 2.46067, 2.46067, 2.46067, 2.46067, 2.46067, 2.48205, 2.46067
12.5401, 2, 2.48164, 2.4544, 2, -0.481643, 0, 2.45441, 2.4544, 2.4544, 2.4544, 2.4544, 2.4544, 2.4544, 2.4544, 2.4544, 2.4544, 2.4544, 2.4544, 2.4544, 2.4544, 2.4544, 2.4544, 2.4544, 2.4544, 2.4544, 2.4544, 2.4544, 2.4544, 2.48164, 2.4544
12.548, 10, 2.48065, 2.4462, 3.4641, 7.51935, 0, 2.4462, 2.4462, 2.4462, 2.4462, 2.4462, 2.4462, 2.4462, 2.4462, 2.4462, 2.4462, 2.4462, 2.4462, 2.4462, 2.4462, 2.4462, 2.4462, 2.4462, 2.4462, 2.4462, 2.4462, 2.4462, 2.4462, 2.48064, 2.4462
12.5559, 4, 2.48126, 2.43801, 2.44949, 1.51874, 0, 2.43801, 2.43801, 2.43801, 2.43801, 2.43801, 2.43801, 2.43801, 2.43801, 2.43801, 2.43801, 2.43801, 2.43801, 2.43801, 2.43801, 2.43801, 2.43801, 2.43801, 2.43801, 2.43801, 2.43801, 2.43801, 2.43801, 2.48126, 2.43801
12.5637, 4, 2.49384, 2.43991, 2.44949, 1.50616, 0, 2.43991, 2.43991, 2.43991, 2.43991, 2.43991, 2.43991, 2.43991, 2.43991, 2.43991, 2.43991, 2.43991, 2.43991, 2.43991, 2.43991, 2.43991, 2.43991, 2.43991, 2.43991, 2.43991, 2.43991, 2.43991, 2.43991, 2.49383, 2.43991
12.5716, 4, 2.50426, 2.43751, 2.44949, 1.49574, 0, 2.43752, 2.43751, 2.43751, 2.43751, 2.43751, 2.43751, 2.43751, 2.43751, 2.43751, 2.43751, 2.43751, 2.43751, 2.43751, 2.43751, 2.43751, 2.43751, 2.43751, 2.43751, 2.43751, 2.43751, 2.43751, 2.43751, 2.50426, 2.43751
12.5795, 4, 2.51334, 2.43131, 2.44949, 1.48666, 0, 2.43131, 2.43131, 2.43131, 2.43131, 2.43131, 2.43131, 2.43131, 2.43131, 2.43131, 2.43131, 2.43131, 2.43131, 2.43131, 2.43131, 2.43131, 2.43131, 2.43131, 2.43131, 2.43131, 2.43131, 2.43131, 2.43131, 2.51334, 2.43131
12.5874, 6, 2.52331, 2.42321, 2.82843, 3.47669, 0, 2.42322, 2.42321, 2.42321, 2.42321, 2.42321, 2.42321, 2.42321, 2.42321, 2.42321, 2.42321, 2.42321, 2.42321, 2.42321, 2.42321, 2.42321, 2.42321, 2.42321, 2.42321, 2.42321, 2.42321, 2.42321, 2.42321, 2.5233, 2.42321
12.5953, 4, 2.53639, 2.41513, 2.44949, 1.46361, 0, 2.41514, 2.41513, 2.41513, 2.41513, 2.41513, 2.41513, 2.41513, 2.41513, 2.41513, 2.41513, 2.41513, 2.41513, 2.41513, 2.41513, 2.41513, 2.41513, 2.41513, 2.41513, 2.41513, 2.41513, 2.41513, 2.41513, 2.53639, 2.41513
12.6031, 2, 2.56233, 2.41647, 2, -0.56233, 0, 2.41648, 2.41647, 2.41647, 2.41647, 2.41647, 2.41647, 2.41647, 2.41647, 2.41647, 2.41647, 2.41647, 2.41647, 2.41647, 2.41647, 2.41647, 2.41647, 2.41647, 2.41647, 2.41647, 2.41647, 2.41647, 2.41647, 2.56232, 2.41647
12.611, 0, 2.58784, 2.41365, 1.41421, -2.58784, 0, 2.41366, 2.41365, 2.41365, 2.41365, 2.41365, 2.41365, 2.41365, 2.41365, 2.41365, 2.41365, 2.41365, 2.41365, 2.41365, 2.41365, 2.41365, 2.41365, 2.41365, 2.41365, 2.41365, 2.41365, 2.41365, 2.41365, 2.58784, 2.41365
12.6189, 6, 2.6137, 2.40714, 2.82843, 3.3863, 0, 2.40715, 2.40714, 2.40714, 2.40714, 2.40714, 2.40714, 2.40714, 2.40714, 2.40714, 2.40714, 2.40714, 2.40714, 2.40714, 2.40714, 2.40714, 2.40714, 2.40714, 2.40714, 2.40714, 2.40714, 2.40714, 2.40714, 2.61369, 2.40714
12.6268, 6, 2.642, 2.3988, 2.82843, 3.358, 0, 2.39881, 2.3988, 2.3988, 2.3988, 2.3988, 2.3988, 2.3988, 2.3988, 2.3988, 2.3988, 2.3988, 2.3988, 2.3988, 2.3988, 2.3988, 2.3988, 2.3988, 2.3988, 2.3988, 2.3988, 2.3988, 2.3988, 2.64199, 2.3988
12.6347, 0, 2.67478, 2.39047, 1.41421, -2.67478, 0, 2.39048, 2.39047, 2.39047, 2.39047, 2.39047, 2.39047, 2.39047, 2.39047, 2.39047, 2.39047, 2.39047, 2.39047, 2.39047, 2.39047, 2.39047, 2.39047, 2.39047, 2.39047, 2.39047, 2.39047, 2.39047, 2.39047, 2.67478, 2.39047
12.6425, 4, 2.72173, 2.39171, 2.44949, 1.27827, 0, 2.39172, 2.39171, 2.39171, 2.39171, 2.39171, 2.39171, 2.39171, 2.39171, 2.39171, 2.39171, 2.39171, 2.39171, 2.39171, 2.39171, 2.39171, 2.39171, 2.39171, 2.39171, 2.39171, 2.39171, 2.39171, 2.39171, 2.72173, 2.39171
12.6504, 6, 2.76926, 2.38888, 2.82843, 3.23074, 0, 2.38889, 2.38888, 2.38888, 2.38888, 2.38888, 2.38888, 2.38888, 2.38888, 2.38888, 2.38888, 2.38888, 2.38888, 2.38888, 2.38888, 2.38888, 2.38888, 2.38888, 2.38888, 2.38888, 2.38888, 2.38888, 2.38888, 2.76925, 2.38888
12.6583, 6, 2.81775, 2.38243, 2.82843, 3.18225, 0, 2.38243, 2.38243, 2.38243, 2.38243, 2.38243, 2.38243, 2.38243, 2.38243, 2.38243, 2.38243, 2.38243, 2.38243, 2.38243, 2.38243, 2.38243, 2.38243, 2.38243, 2.38243, 2.38243, 2.38243, 2.38243, 2.38243, 2.81774, 2.38243
12.6662, 6, 2.86886, 2.37418, 2.82843, 3.13114, 0, 2.37418, 2.37418, 2.37418, 2.37418, 2.37418, 2.37418, 2.37418, 2.37418, 2.37418, 2.37418, 2.37418, 2.37418, 2.37418, 2.37418, 2.37418, 2.37418, 2.37418, 2.37418, 2.37418, 2.37418, 2.37418, 2.37418, 2.86886, 2.37418
12.6741, 6, 2.92413, 2.36594, 2.82843, 3.07587, 0, 2.36595, 2.36594, 2.36594, 2.36594, 2.36594, 2.36594, 2.36594, 2.36594, 2.36594, 2.36594, 2.36594, 2.36594, 2.36594, 2.36594, 2.36594, 2.36594, 2.36594, 2.36594, 2.36594, 2.36594, 2.36594, 2.36594, 2.92412, 2.36594
12.6819, 2, 2.99203, 2.36661, 2, -0.992026, 0, 2.36662, 2.36661, 2.36661, 2.36661, 2.36661, 2.36661, 2.36661, 2.36661, 2.36661, 2.36661, 2.36661, 2.36661, 2.36661, 2.36661, 2.36661, 2.36661, 2.36661, 2.36661, 2.36661, 2.36661, 2.36661, 2.36661, 2.99202, 2.36661
12.6898, 6, 3.05913, 2.36332, 2.82843, 2.94087, 0, 2.36332, 2.36332, 2.36332, 2.36332, 2.36332, 2.36332, 2.36332, 2.36332, 2.36332, 2.36332, 2.36332, 2.36332, 2.36332, 2.36332, 2.36332, 2.36332, 2.36332, 2.36332, 2.36332, 2.36332, 2.36332, 2.36332, 3.05913, 2.36332
12.6977, 8, 3.12523, 2.3565, 3.16228, 4.87477, 0, 2.35651, 2.3565, 2.3565, 2.3565, 2.3565, 2.3565, 2.3565, 2.3565, 2.3565, 2.3565, 2.3565, 2.3565, 2.3565, 2.3565, 2.3565, 2.3565, 2.3565, 2.3565, 2.3565, 2.3565, 2.3565, 2.3565, 3.12522, 2.3565
12.7056, 6, 3.19127, 2.34795, 2.82843, 2.80873, 0, 2.34795, 2.34795, 2.34795, 2.34795, 2.34795, 2.34795, 2.34795, 2.34795, 2.34795, 2.34795, 2.34795, 2.34795, 2.34795, 2.34795, 2.34795, 2.34795, 2.34795, 2.34795, 2.34795, 2.34795, 2.34795, 2.34795, 3.19127, 2.34795
12.7135, 12, 3.25809, 2.33941, 3.74166, 8.74191, 0, 2.33941, 2.33941, 2.33941, 2.33941, 2.33941, 2.33941, 2.33941, 2.33941, 2.33941, 2.33941, 2.33941, 2.33941, 2.33941, 2.33941, 2.33941, 2.33941, 2.33941, 2.33941, 2.33941, 2.33941, 2.33941, 2.33941, 3.25809, 2.33941
12.7213, 0, 3.33381, 2.34002, 1.41421, -3.33381, 0, 2.34003, 2.34002, 2.34002, 2.34002, 2.34002, 2.34002, 2.34002, 2.34002, 2.34002, 2.34002, 2.34002, 2.34002, 2.34002, 2.34002, 2.34002, 2.34002, 2.34002, 2.34002, 2.34002, 2.34002, 2.34002, 2.34002, 3.33381, 2.34002
12.7292, 16, 3.40427, 2.33674, 4.24264, 12.5957, 0, 2.33674, 2.33674, 2.33674, 2.33674, 2.33674, 2.33674, 2.33674, 2.33674, 2.33674, 2.33674, 2.33674, 2.33674, 2.33674, 2.33674, 2.33674, 2.33674, 2.33674, 2.33674, 2.33674, 2.33674, 2.33674, 2.33674, 3.40426, 2.33674
12.7371, 2, 3.46874, 2.32998, 2, -1.46874, 0, 2.32998, 2.32998, 2.32998, 2.32998, 2.32998, 2.32998, 2.32998, 2.32998, 2.32998, 2.32998, 2.32998, 2.32998, 2.32998, 2.32998, 2.32998, 2.32998, 2.32998, 2.32998, 2.32998, 2.32998, 2.32998, 2.32998, 3.46873, 2.32998
12.745, 12, 3.52778, 2.32149, 3.74166, 8.47222, 0, 2.3215, 2.32149, 2.32149, 2.32149, 2.32149, 2.32149, 2.32149, 2.32149, 2.32149, 2.32149, 2.32149, 2.32149, 2.32149, 2.32149, 2.32149, 2.32149, 2.32149, 2.32149, 2.32149, 2.32149, 2.32149, 2.32149, 3.52777, 2.32149
12.7529, 6, 3.58195, 2.31302, 2.82843, 2.41805, 0, 2.31303, 2.31302, 2.31302, 2.31302, 2.31302, 2.31302, 2.31302, 2.31302, 2.31302, 2.31302, 2.31302, 2.31302, 2.31302, 2.31302, 2.31302, 2.31302, 2.31302, 2.31302, 2.31302, 2.31302, 2.31302, 2.31302, 3.58195, 2.31302
12.7607, 2, 3.63865, 2.31307, 2, -1.63865, 0, 2.31308, 2.31307, 2.31307, 2.31307, 2.31307, 2.31307, 2.31307, 2.31307, 2.31307, 2.31307, 2.31307, 2.31307, 2.31307, 2.31307, 2.31307, 2.31307, 2.31307, 2.31307, 2.31307, 2.31307, 2.31307, 2.31307, 3.63864, 2.31307
12.7686, 4, 3.68446, 2.30931, 2.44949, 0.315543, 0, 2.30931, 2.30931, 2.30931, 2.30931, 2.30931, 2.30931, 2.30931, 2.30931, 2.30931, 2.30931, 2.30931, 2.30931, 2.30931, 2.30931, 2.30931, 2.30931, 2.30931, 2.30931, 2.30931, 2.30931, 2.30931, 2.30931, 3.68445, 2.30931
12.7765, 6, 3.71886, 2.30216, 2.82843, 2.28114, 0, 2.30216, 2.30216, 2.30216, 2.30216, 2.30216, 2.30216, 2.30216, 2.30216, 2.30216, 2.30216, 2.30216, 2.30216, 2.30216, 2.30216, 2.30216, 2.30216, 2.30216, 2.30216, 2.30216, 2.30216, 2.30216, 2.30216, 3.71885, 2.30216
12.7844, 8, 3.74275, 2.29333, 3.16228, 4.25725, 0, 2.29334, 2.29333, 2.29333, 2.29333, 2.29333, 2.29333, 2.29333, 2.29333, 2.29333, 2.29333, 2.29333, 2.29333, 2.29333, 2.29333, 2.29333, 2.29333, 2.29333, 2.29333, 2.29333, 2.29333, 2.29333, 2.29333, 3.74274, 2.29333
12.7923, 4, 3.75717, 2.28452, 2.44949, 0.242835, 0, 2.28453, 2.28452, 2.28452, 2.28452, 2.28452, 2.28452, 2.28452, 2.28452, 2.28452, 2.28452, 2.28452, 2.28452, 2.28452, 2.28452, 2.28452, 2.28452, 2.28452, 2.28452, 2.28452, 2.28452, 2.28452, 2.28452, 3.75716, 2.28452
12.8001, 4, 3.7704, 2.28448, 2.44949, 0.229598, 0, 2.28448, 2.28448, 2.28448, 2.28448, 2.28448, 2.28448, 2.28448, 2.28448, 2.28448, 2.28448, 2.28448, 2.28448, 2.28448, 2.28448, 2.28448, 2.28448, 2.28448, 2.28448, 2.28448, 2.28448, 2.28448, 2.28448, 3.7704, 2.28448
12.808, 10, 3.76971, 2.2807, 3.4641, 6.23029, 0, 2.28071, 2.2807, 2.2807, 2.2807, 2.2807, 2.2807, 2.2807, 2.2807, 2.2807, 2.2807, 2.2807, 2.2807, 2.2807, 2.2807, 2.2807, 2.2807, 2.2807, 2.2807, 2.2807, 2.28071, 2.2807, 2.2807, 3.7697, 2.2807
12.8159, 4, 3.75545, 2.27363, 2.44949, 0.244554, 0, 2.27363, 2.27363, 2.27363, 2.27363, 2.27363, 2.27363, 2.27363, 2.27363, 2.27363, 2.27363, 2.27363, 2.27363, 2.27363, 2.27363, 2.27363, 2.27363, 2.27363, 2.27363, 2.27363, 2.27363, 2.27363, 2.27363, 3.75544, 2.27363
12.8238, 4, 3.72945, 2.2649, 2.44949, 0.270552, 0, 2.26491, 2.2649, 2.2649, 2.2649, 2.2649, 2.2649, 2.2649, 2.2649, 2.2649, 2.2649, 2.2649, 2.2649, 2.2649, 2.2649, 2.2649, 2.2649, 2.2649, 2.2649, 2.2649, 2.26491, 2.2649, 2.2649, 3.72944, 2.2649
12.8317, 6, 3.69374, 2.2562, 2.82843, 2.30626, 0, 2.25621, 2.2562, 2.2562, 2.2562, 2.2562, 2.2562, 2.2562, 2.2562, 2.2562, 2.2562, 2.2562, 2.2562, 2.2562, 2.2562, 2.2562, 2.2562, 2.2562, 2.2562, 2.2562, 2.2562, 2.2562, 2.2562, 3.69373, 2.2562
12.8395, 10, 3.65674, 2.25538, 3.4641, 6.34326, 0, 2.25539, 2.25538, 2.25538, 2.25538, 2.25538, 2.25538, 2.25538, 2.25538, 2.25538, 2.25538, 2.25538, 2.25538, 2.25538, 2.25538, 2.25538, 2.25538, 2.25538, 2.25538, 2.25538, 2.25538, 2.25538, 2.25538, 3.65673, 2.25538
12.8474, 10, 3.6078, 2.25106, 3.4641, 6.3922, 0, 2.25107, 2.25106, 2.25106, 2.25106, 2.25106, 2.25106, 2.25106, 2.25106, 2.25106, 2.25106, 2.25106, 2.25106, 2.25106, 2.25106, 2.25106, 2.25106, 2.25106, 2.25106, 2.25106, 2.25106, 2.25106, 2.25106, 3.60779, 2.25106
12.8553, 0, 3.54822, 2.24364, 1.41421, -3.54822, 0, 2.24366, 2.24364, 2.24364, 2.24364, 2.24364, 2.24364, 2.24364, 2.24364, 2.24364, 2.24364, 2.24364, 2.24364, 2.24364, 2.24364, 2.24364, 2.24364, 2.24364, 2.24364, 2.24364, 2.24364, 2.24364, 2.24364, 3.5482, 2.24364
12.8632, 2, 3.48054, 2.2347, 2, -1.48054, 0, 2.23471, 2.2347, 2.2347, 2.2347, 2.2347, 2.2347, 2.2347, 2.2347, 2.2347, 2.2347, 2.2347, 2.2347, 2.2347, 2.2347, 2.2347, 2.2347, 2.2347, 2.2347, 2.2347, 2.2347, 2.2347, 2.2347, 3.48052, 2.2347
12.8711, 10, 3.40742, 2.22577, 3.4641, 6.59258, 0, 2.22579, 2.22577, 2.22577, 2.22577, 2.22577, 2.22577, 2.22577, 2.22577, 2.22577, 2.22577, 2.22577, 2.22577, 2.22577, 2.22577, 2.22577, 2.22577, 2.22577, 2.22577, 2.22577, 2.22577, 2.22577, 2.22577, 3.4074, 2.22577
12.8789, 6, 3.33705, 2.22392, 2.82843, 2.66295, 0, 2.22395, 2.22392, 2.22392, 2.22392, 2.22392, 2.22392, 2.22392, 2.22392, 2.22392, 2.22392, 2.22392, 2.22392, 2.22392, 2.22392, 2.22392, 2.22392, 2.22392, 2.22392, 2.22392, 2.22392, 2.22392, 2.22392, 3.33702, 2.22392
12.8868, 8, 3.26081, 2.21935, 3.16228, 4.73919, 0, 2.21939, 2.21935, 2.21935, 2.21935, 2.21935, 2.21935, 2.21935, 2.21935, 2.21935, 2.21935, 2.21935, 2.21935, 2.21935, 2.21935, 2.21935, 2.21935, 2.21935, 2.21935, 2.21935, 2.21935, 2.21935, 2.21935, 3.26078, 2.21935
12.8947, 4, 3.18005, 2.21225, 2.44949, 0.819954, 0, 2.2123, 2.21225, 2.21225, 2.21225, 2.21225, 2.21225, 2.21225, 2.21225, 2.21225, 2.21225, 2.21225, 2.21225, 2.21225, 2.21225, 2.21225, 2.21225, 2.21225, 2.21225, 2.21225, 2.21225, 2.21225, 2.21225, 3.18, 2.21225
12.9026, 4, 3.09714, 2.20389, 2.44949, 0.902859, 0, 2.20396, 2.20389, 2.20389, 2.20389, 2.20389, 2.20389, 2.20389, 2.20389, 2.20389, 2.20389, 2.20389, 2.20389, 2.20389, 2.20389, 2.20389, 2.20389, 2.20389, 2.20389, 2.20389, 2.20389, 2.20389, 2.20389, 3.09707, 2.20389
12.9105, 0, 3.01442, 2.19555, 1.41421, -3.01442, 0, 2.19564, 2.19555, 2.19555, 2.19555, 2.19555, 2.19555, 2.19555, 2.19555, 2.19555, 2.19555, 2.19555, 2.19555, 2.19555, 2.19555, 2.19555, 2.19555, 2.19555, 2.19555, 2.19555, 2.19555, 2.19555, 2.19555, 3.01433, 2.19555
12.9183, 2, 2.93689, 2.19128, 2, -0.936885, 0, 2.1914, 2.19128, 2.19128, 2.19128, 2.19128, 2.19128, 2.19128, 2.19128, 2.19128, 2.19128, 2.19128, 2.19128, 2.19128, 2.19128, 2.19128, 2.19128, 2.19128, 2.19128, 2.19128, 2.19128, 2.19128, 2.19128, 2.93676, 2.19128
12.9262, 6, 2.85962, 2.18528, 2.82843, 3.14038, 0, 2.18545, 2.18528, 2.18528, 2.18528, 2.18528, 2.18528, 2.18528, 2.18528, 2.18528, 2.18528, 2.18528, 2.18528, 2.18528, 2.18528, 2.18528, 2.18528, 2.18528, 2.18528, 2.18528, 2.18528, 2.18528, 2.18528, 2.85945, 2.18528
12.9341, 2, 2.78336, 2.17756, 2, -0.783357, 0, 2.17779, 2.17756, 2.17756, 2.17756, 2.17756, 2.17756, 2.17756, 2.17756, 2.17756, 2.17756, 2.17756, 2.17756, 2.17756, 2.17756, 2.17756, 2.17756, 2.17756, 2.17756, 2.17756, 2.17756, 2.17756, 2.17756, 2.78313, 2.17756
12.942, 0, 2.70915, 2.16856, 1.41421, -2.70915, 0, 2.16887, 2.16856, 2.16856, 2.16856, 2.16856, 2.16856, 2.16856, 2.16856, 2.16856, 2.16856, 2.16856, 2.16856, 2.16856, 2.16856, 2.16856, 2.16856, 2.16856, 2.16856, 2.16856, 2.16856, 2.16856, 2.16856, 2.70885, 2.16856
12.9499, 4, 2.63792, 2.15871, 2.44949, 1.36208, 0, 2.15913, 2.15871, 2.15871, 2.15871, 2.15871, 2.15871, 2.15871, 2.15871, 2.15871, 2.15871, 2.15871, 2.15871, 2.15871, 2.15871, 2.15871, 2.15871, 2.15871, 2.15871, 2.15871, 2.15872, 2.15871, 2.15871, 2.63751, 2.15871
12.9577, 2, 2.57045, 2.14846, 2, -0.570453, 0, 2.14901, 2.14846, 2.14846, 2.14846, 2.14846, 2.14846, 2.14846, 2.14846, 2.14846, 2.14846, 2.14846, 2.14846, 2.14846, 2.14846, 2.14846, 2.14846, 2.14846, 2.14846, 2.14846, 2.14846, 2.14846, 2.14846, 2.5699, 2.14846
12.9656, 4, 2.50677, 2.13757, 2.44949, 1.49323, 0, 2.1383, 2.13757, 2.13757, 2.13757, 2.13757, 2.13757, 2.13757, 2.13757, 2.13757, 2.13757, 2.13757, 2.13757, 2.13757, 2.13757, 2.13757, 2.13757, 2.13757, 2.13757, 2.13757, 2.13757, 2.13757, 2.13757, 2.50604, 2.13757
12.9735, 2, 2.44686, 2.12591, 2, -0.446865, 0, 2.12687, 2.12591, 2.12591, 2.12591, 2.12591, 2.12591, 2.12591, 2.12591, 2.12591, 2.12591, 2.12591, 2.12591, 2.12591, 2.12591, 2.12591, 2.12591, 2.12591, 2.12591, 2.12591, 2.12591, 2.12591, 2.12591, 2.44591, 2.12591
12.9814, 2, 2.39008, 2.11279, 2, -0.390081, 0, 2.11404, 2.11279, 2.11279, 2.11279, 2.11279, 2.11279, 2.11279, 2.11279, 2.11279, 2.11279, 2.11279, 2.11279, 2.11279, 2.11279, 2.11279, 2.11279, 2.11279, 2.11279, 2.11279, 2.11279, 2.11279, 2.11279, 2.38883, 2.11279
12.9893, 4, 2.33657, 2.09842, 2.44949, 1.66343, 0, 2.10004, 2.09842, 2.09842, 2.09842, 2.09842, 2.09842, 2.09842, 2.09842, 2.09842, 2.09842, 2.09842, 2.09842, 2.09842, 2.09842, 2.09842, 2.09842, 2.09842, 2.09842, 2.09842, 2.09842, 2.09842, 2.09842, 2.33494, 2.09842
12.9971, 6, 2.28688, 2.08345, 2.82843, 3.71312, 0, 2.08555, 2.08345, 2.08345, 2.08345, 2.08345, 2.08345, 2.08345, 2.08345, 2.08345, 2.08345, 2.08345, 2.08345, 2.08345, 2.08345, 2.08345, 2.08345, 2.08345, 2.08345, 2.08345, 2.08345, 2.08345, 2.08345, 2.28477, 2.08345
13.005, 0, 2.24145, 2.06854, 1.41421, -2.24145, 0, 2.07123, 2.06854, 2.06854, 2.06854, 2.06854, 2.06854, 2.06854, 2.06854, 2.06854, 2.06854, 2.06854, 2.06854, 2.06854, 2.06854, 2.06854, 2.06854, 2.06854, 2.06854, 2.06854, 2.06854, 2.06854, 2.06854, 2.23875, 2.06854
13.0129, 2, 2.20591, 2.05952, 2, -0.205911, 0, 2.06296, 2.05952, 2.05952, 2.05952, 2.05952, 2.05952, 2.05952, 2.05952, 2.05952, 2.05952, 2.05952, 2.05952, 2.05952, 2.05952, 2.05952, 2.05952, 2.05952, 2.05952, 2.05952, 2.05952, 2.05952, 2.05952, 2.20248, 2.05952
13.0208, 0, 2.17105, 2.04744, 1.41421, -2.17105, 0, 2.05179, 2.04744, 2.04744, 2.04744, 2.04744, 2.04744, 2.04744, 2.04744, 2.04744, 2.04744, 2.04744, 2.04744, 2.04744, 2.04744, 2.04744, 2.04744, 2.04744, 2.04744, 2.04744, 2.04744, 2.04744, 2.04744, 2.16671, 2.04744
13.0287, 2, 2.13682, 2.03252, 2, -0.136822, 0, 2.03798, 2.03252, 2.03252, 2.03252, 2.03252, 2.03252, 2.03252, 2.03252, 2.03252, 2.03252, 2.03252, 2.03252, 2.03252, 2.03252, 2.03252, 2.03252, 2.03252, 2.03252, 2.03252, 2.03253, 2.03252, 2.03252, 2.13136, 2.03252
13.0365, 2, 2.10442, 2.01623, 2, -0.104417, 0, 2.02304, 2.01623, 2.01623, 2.01623, 2.01623, 2.01623, 2.01623, 2.01623, 2.01623, 2.01623, 2.01623, 2.01623, 2.01623, 2.01623, 2.01623, 2.01623, 2.01623, 2.01623, 2.01623, 2.01623, 2.01623, 2.01623, 2.09761, 2.01623
13.0444, 2, 2.075, 2, 2, -0.0750017, 0, 2.00844, 2, 2, 2, 2, 2, 2, 2, 2, 2, 2, 2, 2, 2, 2, 2, 2, 2, 2, 2, 2, 2, 2.06656, 2
13.0523, 4, 2.06607, 2.00159, 2.44949, 1.93393, 0, 2.01198, 2.00159, 2.00159, 2.00159, 2.00159, 2.00159, 2.00159, 2.00159, 2.00159, 2.00159, 2.00159, 2.00159, 2.00159, 2.00159, 2.00159, 2.00159, 2.00159, 2.00159, 2.00159, 2.00159, 2.00159, 2.00159, 2.05569, 2.00159
13.0602, 4, 2.0561, 1.99972, 2.44949, 1.9439, 0, 2.01241, 1.99972, 1.99972, 1.99972, 1.99972, 1.99972, 1.99972, 1.99972, 1.99972, 1.99972, 1.99972, 1.99972, 1.99972, 1.99972, 1.99972, 1.99972, 1.99972, 1.99972, 1.99972, 1.99972, 1.99972, 1.99972, 2.04341, 1.99972
13.0681, 0, 2.04503, 1.99455, 1.41421, -2.04503, 0, 2.00995, 1.99455, 1.99455, 1.99455, 1.99455, 1.99455, 1.99455, 1.99455, 1.99455, 1.99455, 1.99455, 1.99455, 1.99455, 1.99455, 1.99455, 1.99455, 1.99455, 1.99455, 1.99455, 1.99455, 1.99455, 1.99455, 2.02963, 1.99455
13.0759, 4, 2.03432, 1.98775, 2.44949, 1.96568, 0, 2.00631, 1.98775, 1.98775, 1.98775, 1.98775, 1.98775, 1.98775, 1.98775, 1.98775, 1.98775, 1.98775, 1.98775, 1.98775, 1.98775, 1.98775, 1.98775, 1.98775, 1.98775, 1.98775, 1.98775, 1.98775, 1.98775, 2.01576, 1.98775
13.0838, 2, 2.02545, 1.98096, 2, -0.0254486, 0, 2.00319, 1.98096, 1.98096, 1.98096, 1.98096, 1.98096, 1.98096, 1.98096, 1.98096, 1.98096, 1.98096, 1.98096, 1.98096, 1.98096, 1.98096, 1.98096, 1.98096, 1.98096, 1.98096, 1.98096, 1.98096, 1.98096, 2.00322, 1.98096
13.0917, 2, 2.02443, 1.98036, 2, -0.0244265, 0, 2.00679, 1.98036, 1.98036, 1.98036, 1.98036, 1.98036, 1.98036, 1.98036, 1.98036, 1.98036, 1.98036, 1.98036, 1.98036, 1.98036, 1.98036, 1.98036, 1.98036, 1.98036, 1.98036, 1.98036, 1.98036, 1.98036, 1.99799, 1.98036
13.0996, 12, 2.02288, 1.9777, 3.74166, 9.97712, 0, 2.00891, 1.9777, 1.9777, 1.9777, 1.9777, 1.9777, 1.9777, 1.9777, 1.9777, 1.9777, 1.9777, 1.9777, 1.9777, 1.9777, 1.9777, 1.9777, 1.9777, 1.9777, 1.9777, 1.9777, 1.9777, 1.9777, 1.99167, 1.9777
13.1075, 6, 2.02081, 1.97311, 2.82843, 3.97919, 0, 2.00971, 1.97311, 1.97311, 1.97311, 1.97311, 1.97311, 1.97311, 1.97311, 1.97311, 1.97311, 1.97311, 1.97311, 1.97311, 1.97311, 1.97311, 1.97311, 1.97311, 1.97311, 1.97311, 1.97311, 1.97311, 1.97311, 1.98421, 1.97311
13.1153, 4, 2.01911, 1.96755, 2.44949, 1.98089, 0, 2.01019, 1.96755, 1.96755, 1.96755, 1.96755, 1.96755, 1.96755, 1.96755, 1.96755, 1.96755, 1.96755, 1.96755, 1.96755, 1.96755, 1.96755, 1.96755, 1.96755, 1.96755, 1.96755, 1.96755, 1.96755, 1.96755, 1.97646, 1.96755
13.1232, 2, 2.01864, 1.96201, 2, -0.01864, 0, 2.01134, 1.96201, 1.96201, 1.96201, 1.96201, 1.96201, 1.96201, 1.96201, 1.96201, 1.96201, 1.96201, 1.96201, 1.96201, 1.96201, 1.96201, 1.96201, 1.96201, 1.96201, 1.96201, 1.96201, 1.96201, 1.96201, 1.96931, 1.96201
13.1311, 4, 2.02308, 1.96021, 2.44949, 1.97692, 0, 2.01689, 1.96021, 1.96021, 1.96021, 1.96021, 1.96021, 1.96021, 1.96021, 1.96021, 1.96021, 1.96021, 1.96021, 1.96021, 1.96021, 1.96021, 1.96021, 1.96021, 1.96021, 1.96021, 1.96021, 1.96021, 1.96021, 1.9664, 1.96021
13.139, 2, 2.02724, 1.95702, 2, -0.0272369, 0, 2.02171, 1.95702, 1.95702, 1.95702, 1.95702, 1.95702, 1.95702, 1.95702, 1.95702, 1.95702, 1.95702, 1.95702, 1.95702, 1.95702, 1.95702, 1.95702, 1.95702, 1.95702, 1.95702, 1.95702, 1.95702, 1.95702, 1.96255, 1.95702
13.1469, 2, 2.03111, 1.95253, 2, -0.0311093, 0, 2.02585, 1.95253, 1.95253, 1.95253, 1.95253, 1.95253, 1.95253, 1.95253, 1.95253, 1.95253, 1.95253, 1.95253, 1.95253, 1.95253, 1.95253, 1.95253, 1.95253, 1.95253, 1.95253, 1.95253, 1.95253, 1.95253, 1.95779, 1.95253
13.1547, 2, 2.0353, 1.94739, 2, -0.0352972, 0, 2.02994, 1.94739, 1.94739, 1.94739, 1.94739, 1.94739, 1.94739, 1.94739, 1.94739, 1.94739, 1.94739, 1.94739, 1.94739, 1.94739, 1.94739, 1.94739, 1.94739, 1.94739, 1.94739, 1.94739, 1.94739, 1.94739, 1.95275, 1.94739
13.1626, 4, 2.04039, 1.94225, 2.44949, 1.95961, 0, 2.03456, 1.94225, 1.94225, 1.94225, 1.94225, 1.94225, 1.94225, 1.94225, 1.94225, 1.94225, 1.94225, 1.94225, 1.94225, 1.94225, 1.94225, 1.94225, 1.94225, 1.94225, 1.94225, 1.94225, 1.94225, 1.94225, 1.94809, 1.94225
13.1705, 0, 2.04833, 1.93912, 1.41421, -2.04833, 0, 2.04165, 1.93912, 1.93912, 1.93912, 1.93912, 1.93912, 1.93912, 1.93912, 1.93912, 1.93912, 1.93912, 1.93912, 1.93912, 1.93912, 1.93912, 1.93912, 1.93912, 1.93912, 1.93912, 1.93913, 1.93912, 1.93912, 1.94581, 1.93912
13.1784, 6, 2.0565, 1.93545, 2.82843, 3.9435, 0, 2.04855, 1.93545, 1.93545, 1.93545, 1.93545, 1.93545, 1.93545, 1.93545, 1.93545, 1.93545, 1.93545, 1.93545, 1.93545, 1.93545, 1.93545, 1.93545, 1.93545, 1.93545, 1.93545, 1.93545, 1.93545, 1.93545, 1.94339, 1.93545
13.1863, 4, 2.06445, 1.93088, 2.44949, 1.93555, 0, 2.05482, 1.93088, 1.93088, 1.93088, 1.93088, 1.93088, 1.93088, 1.93088, 1.93088, 1.93088, 1.93088, 1.93088, 1.93088, 1.93088, 1.93088, 1.93088, 1.93088, 1.93088, 1.93088, 1.93089, 1.93088, 1.93088, 1.94052, 1.93088
13.1941, 2, 2.07226, 1.92556, 2, -0.0722589, 0, 2.06045, 1.92556, 1.92556, 1.92556, 1.92556, 1.92556, 1.92556, 1.92556, 1.92556, 1.92556, 1.92556, 1.92556, 1.92556, 1.92556, 1.92556, 1.92556, 1.92556, 1.92556, 1.92556, 1.92556, 1.92556, 1.92556, 1.93737, 1.92556
13.202, 4, 2.07996, 1.91959, 2.44949, 1.92004, 0, 2.06543, 1.91959, 1.91959, 1.91959, 1.91959, 1.91959, 1.91959, 1.91959, 1.91959, 1.91959, 1.91959, 1.91959, 1.91959, 1.91959, 1.91959, 1.91959, 1.91959, 1.91959, 1.91959, 1.91959, 1.91959, 1.91959, 1.93412, 1.91959
13.2099, 4, 2.08766, 1.91318, 2.44949, 1.91234, 0, 2.0698, 1.91318, 1.91318, 1.91318, 1.91318, 1.91318, 1.91318, 1.91318, 1.91318, 1.91318, 1.91318, 1.91318, 1.91318, 1.91318, 1.91318, 1.91318, 1.91318, 1.91318, 1.91318, 1.91318, 1.91318, 1.91318, 1.93104, 1.91318
13.2178, 0, 2.09552, 1.90655, 1.41421, -2.09552, 0, 2.07363, 1.90655, 1.90655, 1.90655, 1.90655, 1.90655, 1.90655, 1.90655, 1.90655, 1.90655, 1.90655, 1.90655, 1.90655, 1.90655, 1.90655, 1.90655, 1.90655, 1.90655, 1.90655, 1.90655, 1.90655, 1.90655, 1.92844, 1.90655
13.2257, 0, 2.10339, 1.89962, 1.41421, -2.10339, 0, 2.07668, 1.89962, 1.89962, 1.89962, 1.89962, 1.89962, 1.89962, 1.89962, 1.89962, 1.89962, 1.89962, 1.89962, 1.89962, 1.89962, 1.89962, 1.89962, 1.89962, 1.89962, 1.89962, 1.89962, 1.89962, 1.89962, 1.92633, 1.89962
13.2335, 10, 2.11111, 1.89232, 3.4641, 7.88889, 0, 2.07871, 1.89232, 1.89232, 1.89232, 1.89232, 1.89232, 1.89232, 1.89232, 1.89232, 1.89232, 1.89232, 1.89232, 1.89232, 1.89232, 1.89232, 1.89232, 1.89232, 1.89232, 1.89232, 1.89233, 1.89232, 1.89232, 1.92472, 1.89232
13.2414, 0, 2.11882, 1.88485, 1.41421, -2.11882, 0, 2.07977, 1.88485, 1.88485, 1.88485, 1.88485, 1.88485, 1.88485, 1.88485, 1.88485, 1.88485, 1.88485, 1.88485, 1.88485, 1.88485, 1.88485, 1.88485, 1.88485, 1.88485, 1.88485, 1.88485, 1.88485, 1.88485, 1.9239, 1.88485
13.2493, 6, 2.12612, 1.87685, 2.82843, 3.87388, 0, 2.07935, 1.87685, 1.87685, 1.87685, 1.87685, 1.87685, 1.87685, 1.87685, 1.87685, 1.87685, 1.87685, 1.87685, 1.87685, 1.87685, 1.87685, 1.87685, 1.87685, 1.87685, 1.87685, 1.87685, 1.87685, 1.87685, 1.92362, 1.87685
13.2572, 2, 2.13269, 1.86804, 2, -0.132686, 0, 2.07704, 1.86804, 1.86804, 1.86804, 1.86804, 1.86804, 1.86804, 1.86804, 1.86804, 1.86804, 1.86804, 1.86804, 1.86804, 1.86804, 1.86804, 1.86804, 1.86804, 1.86804, 1.86804, 1.86804, 1.86804, 1.86804, 1.92368, 1.86804
13.2651, 0, 2.13861, 1.85855, 1.41421, -2.13861, 0, 2.07286, 1.85855, 1.85855, 1.85855, 1.85855, 1.85855, 1.85855, 1.85855, 1.85855, 1.85855, 1.85855, 1.85855, 1.85855, 1.85855, 1.85855, 1.85855, 1.85855, 1.85855, 1.85855, 1.85855, 1.85855, 1.85855, 1.9243, 1.85855
13.2729, 4, 2.14409, 1.84858, 2.44949, 1.85591, 0, 2.06691, 1.84858, 1.84858, 1.84858, 1.84858, 1.84858, 1.84858, 1.84858, 1.84858, 1.84858, 1.84858, 1.84858, 1.84858, 1.84858, 1.84858, 1.84858, 1.84858, 1.84858, 1.84858, 1.84858, 1.84858, 1.84858, 1.92576, 1.84858
13.2808, 10, 2.14936, 1.83839, 3.4641, 7.85064, 0, 2.05939, 1.83839, 1.83839, 1.83839, 1.83839, 1.83839, 1.83839, 1.83839, 1.83839, 1.83839, 1.83839, 1.83839, 1.83839, 1.83839, 1.83839, 1.83839, 1.83839, 1.83839, 1.83839, 1.83839, 1.83839, 1.83839, 1.92836, 1.83839
13.2887, 0, 2.15467, 1.82823, 1.41421, -2.15467, 0, 2.0505, 1.82823, 1.82823, 1.82823, 1.82823, 1.82823, 1.82823, 1.82823, 1.82823, 1.82823, 1.82823, 1.82823, 1.82823, 1.82823, 1.82823, 1.82823, 1.82823, 1.82823, 1.82823, 1.82823, 1.82823, 1.82823, 1.93239, 1.82823
13.2966, 2, 2.16232, 1.82041, 2, -0.162324, 0, 2.04254, 1.82041, 1.82041, 1.82041, 1.82041, 1.82041, 1.82041, 1.82041, 1.82041, 1.82041, 1.82041, 1.82041, 1.82041, 1.82041, 1.82041, 1.82041, 1.82041, 1.82041, 1.82041, 1.82041, 1.82041, 1.82041, 1.94018, 1.82041
13.3045, 2, 2.16868, 1.81126, 2, -0.168677, 0, 2.03187, 1.81126, 1.81126, 1.81126, 1.81126, 1.81126, 1.81126, 1.81126, 1.81126, 1.81126, 1.81126, 1.81126, 1.81126, 1.81126, 1.81126, 1.81126, 1.81126, 1.81126, 1.81126, 1.81126, 1.81126, 1.81126, 1.94806, 1.81126
13.3123, 4, 2.17391, 1.80099, 2.44949, 1.82609, 0, 2.01873, 1.80099, 1.80099, 1.80099, 1.80099, 1.80099, 1.80099, 1.80099, 1.80099, 1.80099, 1.80099, 1.80099, 1.80099, 1.80099, 1.80099, 1.80099, 1.80099, 1.80099, 1.80099, 1.80099, 1.80099, 1.80099, 1.95617, 1.80099
13.3202, 6, 2.17859, 1.79018, 2.82843, 3.82141, 0, 2.00376, 1.79018, 1.79018, 1.79018, 1.79018, 1.79018, 1.79018, 1.79018, 1.79018, 1.79018, 1.79018, 1.79018, 1.79018, 1.79018, 1.79018, 1.79018, 1.79018, 1.79018, 1.79018, 1.79018, 1.79018, 1.79018, 1.96501, 1.79018
13.3281, 4, 2.18327, 1.7794, 2.44949, 1.81673, 0, 1.98764, 1.7794, 1.7794, 1.7794, 1.7794, 1.7794, 1.7794, 1.7794, 1.7794, 1.7794, 1.7794, 1.7794, 1.7794, 1.7794, 1.7794, 1.7794, 1.7794, 1.7794, 1.7794, 1.7794, 1.7794, 1.7794, 1.97503, 1.7794
13.336, 6, 2.19168, 1.77245, 2.82843, 3.80832, 0, 1.97426, 1.77245, 1.77245, 1.77245, 1.77245, 1.77245, 1.77245, 1.77245, 1.77245, 1.77245, 1.77245, 1.77245, 1.77245, 1.77245, 1.77245, 1.77245, 1.77245, 1.77245, 1.77245, 1.77245, 1.77245, 1.77245, 1.98986, 1.77245
13.3439, 0, 2.19814, 1.76369, 1.41421, -2.19814, 0, 1.95815, 1.76369, 1.76369, 1.76369, 1.76369, 1.76369, 1.76369, 1.76369, 1.76369, 1.76369, 1.76369, 1.76369, 1.76369, 1.76369, 1.76369, 1.76369, 1.76369, 1.76369, 1.76369, 1.76369, 1.76369, 1.76369, 2.00369, 1.76369
13.3517, 2, 2.20279, 1.75337, 2, -0.202789, 0, 1.93965, 1.75337, 1.75337, 1.75337, 1.75337, 1.75337, 1.75337, 1.75337, 1.75337, 1.75337, 1.75337, 1.75337, 1.75337, 1.75337, 1.75337, 1.75337, 1.75337, 1.75337, 1.75337, 1.75337, 1.75337, 1.75337, 2.0165, 1.75337
13.3596, 4, 2.2063, 1.74229, 2.44949, 1.7937, 0, 1.91974, 1.74229, 1.74229, 1.74229, 1.74229, 1.74229, 1.74229, 1.74229, 1.74229, 1.74229, 1.74229, 1.74229, 1.74229, 1.74229, 1.74229, 1.74229, 1.74229, 1.74229, 1.74229, 1.74229, 1.74229, 1.74229, 2.02884, 1.74229
13.3675, 6, 2.20932, 1.73124, 2.82843, 3.79068, 0, 1.89937, 1.73124, 1.73124, 1.73124, 1.73124, 1.73124, 1.73124, 1.73124, 1.73124, 1.73124, 1.73124, 1.73124, 1.73124, 1.73124, 1.73124, 1.73124, 1.73124, 1.73124, 1.73124, 1.73124, 1.73124, 1.73124, 2.04118, 1.73124
13.3754, 6, 2.21645, 1.72499, 2.82843, 3.78355, 0, 1.88345, 1.72499, 1.72499, 1.72499, 1.72499, 1.72499, 1.72499, 1.72499, 1.72499, 1.72499, 1.72499, 1.72499, 1.72499, 1.72499, 1.72499, 1.72499, 1.72499, 1.72499, 1.72499, 1.72499, 1.72499, 1.72499, 2.05799, 1.72499
13.3833, 4, 2.22047, 1.71654, 2.44949, 1.77953, 0, 1.86512, 1.71654, 1.71654, 1.71654, 1.71654, 1.71654, 1.71654, 1.71654, 1.71654, 1.71654, 1.71654, 1.71654, 1.71654, 1.71654, 1.71654, 1.71654, 1.71654, 1.71654, 1.71654, 1.71654, 1.71654, 1.71654, 2.07189, 1.71654
13.3911, 6, 2.22145, 1.70615, 2.82843, 3.77855, 0, 1.84479, 1.70615, 1.70615, 1.70615, 1.70615, 1.70615, 1.70615, 1.70615, 1.70615, 1.70615, 1.70615, 1.70615, 1.70615, 1.70615, 1.70615, 1.70615, 1.70615, 1.70615, 1.70615, 1.70615, 1.70615, 1.70615, 2.0828, 1.70615
13.399, 2, 2.22014, 1.69482, 2, -0.22014, 0, 1.82358, 1.69482, 1.69482, 1.69482, 1.69482, 1.69482, 1.69482, 1.69482, 1.69482, 1.69482, 1.69482, 1.69482, 1.69482, 1.69482, 1.69482, 1.69482, 1.69482, 1.69482, 1.69482, 1.69482, 1.69482, 1.69482, 2.09137, 1.69482
13.4069, 2, 2.2173, 1.68352, 2, -0.217301, 0, 1.80259, 1.68352, 1.68352, 1.68352, 1.68352, 1.68352, 1.68352, 1.68352, 1.68352, 1.68352, 1.68352, 1.68352, 1.68352, 1.68352, 1.68352, 1.68352, 1.68352, 1.68352, 1.68352, 1.68352, 1.68352, 1.68352, 2.09823, 1.68352
13.4148, 4, 2.2184, 1.67796, 2.44949, 1.7816, 0, 1.78761, 1.67796, 1.67796, 1.67796, 1.67796, 1.67796, 1.67796, 1.67796, 1.67796, 1.67796, 1.67796, 1.67796, 1.67796, 1.67796, 1.67796, 1.67796, 1.67796, 1.67796, 1.67796, 1.67796, 1.67796, 1.67796, 2.10875, 1.67796
13.4227, 4, 2.21492, 1.66983, 2.44949, 1.78508, 0, 1.77042, 1.66983, 1.66983, 1.66983, 1.66983, 1.66983, 1.66983, 1.66983, 1.66983, 1.66983, 1.66983, 1.66983, 1.66983, 1.66983, 1.66983, 1.66983, 1.66983, 1.66983, 1.66983, 1.66983, 1.66983, 1.66983, 2.11433, 1.66983
13.4305, 4, 2.20698, 1.65943, 2.44949, 1.79302, 0, 1.75139, 1.65943, 1.65943, 1.65943, 1.65943, 1.65943, 1.65943, 1.65943, 1.65943, 1.65943, 1.65943, 1.65943, 1.65943, 1.65943, 1.65943, 1.65943, 1.65943, 1.65943, 1.65943, 1.65943, 1.65943, 1.65943, 2.11502, 1.65943
13.4384, 6, 2.19556, 1.64793, 2.82843, 3.80444, 0, 1.73173, 1.64793, 1.64793, 1.64793, 1.64793, 1.64793, 1.64793, 1.64793, 1.64793, 1.64793, 1.64793, 1.64793, 1.64793, 1.64793, 1.64793, 1.64793, 1.64793, 1.64793, 1.64793, 1.64793, 1.64793, 1.64793, 2.11176, 1.64793
13.4463, 6, 2.18169, 1.63647, 2.82843, 3.81831, 0, 1.71261, 1.63647, 1.63647, 1.63647, 1.63647, 1.63647, 1.63647, 1.63647, 1.63647, 1.63647, 1.63647, 1.63647, 1.63647, 1.63647, 1.63647, 1.63647, 1.63647, 1.63647, 1.63647, 1.63647, 1.63647, 1.63647, 2.10555, 1.63647
13.4542, 2, 2.17178, 1.63153, 2, -0.171775, 0, 1.70054, 1.63153, 1.63153, 1.63153, 1.63153, 1.63153, 1.63153, 1.63153, 1.63153, 1.63153, 1.63153, 1.63153, 1.63153, 1.63153, 1.63153, 1.63153, 1.63153, 1.63153, 1.63153, 1.63153, 1.63153, 1.63153, 2.10276, 1.63153
13.4621, 2, 2.15635, 1.62369, 2, -0.156349, 0, 1.6861, 1.62369, 1.62369, 1.62369, 1.62369, 1.62369, 1.62369, 1.62369, 1.62369, 1.62369, 1.62369, 1.62369, 1.62369, 1.62369, 1.62369, 1.62369, 1.62369, 1.62369, 1.62369, 1.62369, 1.62369, 1.62369, 2.09394, 1.62369
13.4699, 6, 2.13576, 1.61328, 2.82843, 3.86424, 0, 1.66962, 1.61328, 1.61328, 1.61328, 1.61328, 1.61328, 1.61328, 1.61328, 1.61328, 1.61328, 1.61328, 1.61328, 1.61328, 1.61328, 1.61328, 1.61328, 1.61328, 1.61328, 1.61328, 1.61328, 1.61328, 1.61328, 2.07942, 1.61328
13.4778, 8, 2.1114, 1.60161, 3.16228, 5.8886, 0, 1.65238, 1.60161, 1.60161, 1.60161, 1.60161, 1.60161, 1.60161, 1.60161, 1.60161, 1.60161, 1.60161, 1.60161, 1.60161, 1.60161, 1.60161, 1.60161, 1.60161, 1.60161, 1.60161, 1.60161, 1.60161, 1.60161, 2.06063, 1.60161
13.4857, 6, 2.08469, 1.58998, 2.82843, 3.91531, 0, 1.63568, 1.58998, 1.58998, 1.58998, 1.58998, 1.58998, 1.58998, 1.58998, 1.58998, 1.58998, 1.58998, 1.58998, 1.58998, 1.58998, 1.58998, 1.58998, 1.58998, 1.58998, 1.58998, 1.58998, 1.58998, 1.58998, 2.03899, 1.58998
13.4936, 6, 2.06308, 1.58568, 2.82843, 3.93692, 0, 1.62677, 1.58568, 1.58568, 1.58568, 1.58568, 1.58568, 1.58568, 1.58568, 1.58568, 1.58568, 1.58568, 1.58568, 1.58568, 1.58568, 1.58568, 1.58568, 1.58568, 1.58568, 1.58568, 1.58568, 1.58568, 1.58568, 2.02199, 1.58568
13.5015, 0, 2.03622, 1.57814, 1.41421, -2.03622, 0, 1.61505, 1.57814, 1.57814, 1.57814, 1.57814, 1.57814, 1.57814, 1.57814, 1.57814, 1.57814, 1.57814, 1.57814, 1.57814, 1.57814, 1.57814, 1.57814, 1.57814, 1.57814, 1.57814, 1.57814, 1.57814, 1.57814, 1.99931, 1.57814
13.5093, 0, 2.00474, 1.56774, 1.41421, -2.00474, 0, 1.60086, 1.56774, 1.56774, 1.56774, 1.56774, 1.56774, 1.56774, 1.56774, 1.56774, 1.56774, 1.56774, 1.56774, 1.56774, 1.56774, 1.56774, 1.56774, 1.56774, 1.56774, 1.56774, 1.56774, 1.56774, 1.56774, 1.97161, 1.56774
13.5172, 0, 1.97037, 1.55593, 1.41421, -1.97037, 0, 1.58564, 1.55593, 1.55593, 1.55593, 1.55593, 1.55593, 1.55593, 1.55593, 1.55593, 1.55593, 1.55593, 1.55593, 1.55593, 1.55593, 1.55593, 1.55593, 1.55593, 1.55593, 1.55593, 1.55593, 1.55593, 1.55593, 1.94067, 1.55593
13.5251, 2, 1.93488, 1.54417, 2, 0.0651169, 0, 1.57079, 1.54417, 1.54417, 1.54417, 1.54417, 1.54417, 1.54417, 1.54417, 1.54417, 1.54417, 1.54417, 1.54417, 1.54417, 1.54417, 1.54417, 1.54417, 1.54417, 1.54417, 1.54417, 1.54417, 1.54417, 1.54417, 1.90826, 1.54417
13.533, 0, 1.90668, 1.54055, 1.41421, -1.90668, 0, 1.56439, 1.54055, 1.54055, 1.54055, 1.54055, 1.54055, 1.54055, 1.54055, 1.54055, 1.54055, 1.54055, 1.54055, 1.54055, 1.54055, 1.54055, 1.54055, 1.54055, 1.54055, 1.54055, 1.54055, 1.54055, 1.54055, 1.88285, 1.54055
13.5409, 4, 1.87435, 1.53335, 2.44949, 2.12565, 0, 1.55466, 1.53335, 1.53335, 1.53335, 1.53335, 1.53335, 1.53335, 1.53335, 1.53335, 1.53335, 1.53335, 1.53335, 1.53335, 1.53335, 1.53335, 1.53335, 1.53335, 1.53335, 1.53335, 1.53335, 1.53335, 1.53335, 1.85304, 1.53335
13.5487, 0, 1.83859, 1.52294, 1.41421, -1.83859, 0, 1.54198, 1.52294, 1.52294, 1.52294, 1.52294, 1.52294, 1.52294, 1.52294, 1.52294, 1.52294, 1.52294, 1.52294, 1.52294, 1.52294, 1.52294, 1.52294, 1.52294, 1.52294, 1.52294, 1.52294, 1.52294, 1.52294, 1.81955, 1.52294
13.5566, 8, 1.80135, 1.51096, 3.16228, 6.19865, 0, 1.52794, 1.51096, 1.51096, 1.51096, 1.51096, 1.51096, 1.51096, 1.51096, 1.51096, 1.51096, 1.51096, 1.51096, 1.51096, 1.51096, 1.51096, 1.51096, 1.51096, 1.51096, 1.51096, 1.51096, 1.51096, 1.51096, 1.78436, 1.51096
13.5645, 0, 1.76451, 1.49902, 1.41421, -1.76451, 0, 1.51414, 1.49902, 1.49902, 1.49902, 1.49902, 1.49902, 1.49902, 1.49902, 1.49902, 1.49902, 1.49902, 1.49902, 1.49902, 1.49902, 1.49902, 1.49902, 1.49902, 1.49902, 1.49902, 1.49902, 1.49902, 1.49902, 1.74939, 1.49902
13.5724, 2, 1.73783, 1.49662, 2, 0.262174, 0, 1.51006, 1.49662, 1.49662, 1.49662, 1.49662, 1.49662, 1.49662, 1.49662, 1.49662, 1.49662, 1.49662, 1.49662, 1.49662, 1.49662, 1.49662, 1.49662, 1.49662, 1.49662, 1.49662, 1.49662, 1.49662, 1.49662, 1.72439, 1.49662
13.5803, 2, 1.70769, 1.48992, 2, 0.292308, 0, 1.50183, 1.48992, 1.48992, 1.48992, 1.48992, 1.48992, 1.48992, 1.48992, 1.48992, 1.48992, 1.48992, 1.48992, 1.48992, 1.48992, 1.48992, 1.48992, 1.48992, 1.48992, 1.48992, 1.48992, 1.48992, 1.48992, 1.69578, 1.48992
13.5881, 2, 1.67475, 1.47937, 2, 0.325253, 0, 1.4899, 1.47937, 1.47937, 1.47937, 1.47937, 1.47937, 1.47937, 1.47937, 1.47937, 1.47937, 1.47937, 1.47937, 1.47937, 1.47937, 1.47937, 1.47937, 1.47937, 1.47937, 1.47937, 1.47937, 1.47937, 1.47937, 1.66421, 1.47937
13.596, 4, 1.64111, 1.46693, 2.44949, 2.35889, 0, 1.47622, 1.46693, 1.46693, 1.46693, 1.46693, 1.46693, 1.46693, 1.46693, 1.46693, 1.46693, 1.46693, 1.46693, 1.46693, 1.46693, 1.46693, 1.46693, 1.46693, 1.46693, 1.46693, 1.46693, 1.46693, 1.46693, 1.63183, 1.46693
13.6039, 0, 1.60885, 1.45455, 1.41421, -1.60885, 0, 1.4627, 1.45455, 1.45455, 1.45455, 1.45455, 1.45455, 1.45455, 1.45455, 1.45455, 1.45455, 1.45455, 1.45455, 1.45455, 1.45455, 1.45455, 1.45455, 1.45455, 1.45455, 1.45455, 1.45455, 1.45455, 1.45455, 1.60069, 1.45455
13.6118, 2, 1.59246, 1.45664, 2, 0.407539, 0, 1.46378, 1.45664, 1.45664, 1.45664, 1.45664, 1.45664, 1.45664, 1.45664, 1.45664, 1.45664, 1.45664, 1.45664, 1.45664, 1.45664, 1.45664, 1.45664, 1.45664, 1.45664, 1.45664, 1.45664, 1.45664, 1.45664, 1.58532, 1.45664
13.6197, 0, 1.57291, 1.45411, 1.41421, -1.57291, 0, 1.46034, 1.45411, 1.45411, 1.45411, 1.45411, 1.45411, 1.45411, 1.45411, 1.45411, 1.45411, 1.45411, 1.45411, 1.45411, 1.45411, 1.45411, 1.45411, 1.45411, 1.45411, 1.45411, 1.45411, 1.45411, 1.45411, 1.56668, 1.45411
13.6275, 0, 1.55063, 1.44737, 1.41421, -1.55063, 0, 1.45278, 1.44737, 1.44737, 1.44737, 1.44737, 1.44737, 1.44737, 1.44737, 1.44737, 1.44737, 1.44737, 1.44737, 1.44737, 1.44737, 1.44737, 1.44737, 1.44737, 1.44737, 1.44737, 1.44738, 1.44737, 1.44737, 1.54522, 1.44737
13.6354, 2, 1.52772, 1.43856, 2, 0.472281, 0, 1.44323, 1.43856, 1.43856, 1.43856, 1.43856, 1.43856, 1.43856, 1.43856, 1.43856, 1.43856, 1.43856, 1.43856, 1.43856, 1.43856, 1.43856, 1.43856, 1.43856, 1.43856, 1.43856, 1.43856, 1.43856, 1.43856, 1.52304, 1.43856
13.6433, 2, 1.50627, 1.42976, 2, 0.493726, 0, 1.43379, 1.42976, 1.42976, 1.42976, 1.42976, 1.42976, 1.42976, 1.42976, 1.42976, 1.42976, 1.42976, 1.42976, 1.42976, 1.42976, 1.42976, 1.42976, 1.42976, 1.42976, 1.42976, 1.42976, 1.42976, 1.42976, 1.50225, 1.42976
13.6512, 4, 1.4963, 1.43106, 2.44949, 2.5037, 0, 1.43451, 1.43106, 1.43106, 1.43106, 1.43106, 1.43106, 1.43106, 1.43106, 1.43106, 1.43106, 1.43106, 1.43106, 1.43106, 1.43106, 1.43106, 1.43106, 1.43106, 1.43106, 1.43106, 1.43106, 1.43106, 1.43106, 1.49285, 1.43106
13.6591, 0, 1.48352, 1.42826, 1.41421, -1.48352, 0, 1.43119, 1.42826, 1.42826, 1.42826, 1.42826, 1.42826, 1.42826, 1.42826, 1.42826, 1.42826, 1.42826, 1.42826, 1.42826, 1.42826, 1.42826, 1.42826, 1.42826, 1.42826, 1.42826, 1.42826, 1.42826, 1.42826, 1.48059, 1.42826
13.6669, 8, 1.4683, 1.42178, 3.16228, 6.5317, 0, 1.42426, 1.42178, 1.42178, 1.42178, 1.42178, 1.42178, 1.42178, 1.42178, 1.42178, 1.42178, 1.42178, 1.42178, 1.42178, 1.42178, 1.42178, 1.42178, 1.42178, 1.42178, 1.42178, 1.42178, 1.42178, 1.42178, 1.46581, 1.42178
13.6748, 2, 1.45239, 1.41347, 2, 0.547613, 0, 1.41557, 1.41347, 1.41347, 1.41347, 1.41347, 1.41347, 1.41347, 1.41347, 1.41347, 1.41347, 1.41347, 1.41347, 1.41347, 1.41347, 1.41347, 1.41347, 1.41347, 1.41347, 1.41347, 1.41347, 1.41347, 1.41347, 1.45029, 1.41347
13.6827, 2, 1.43754, 1.40519, 2, 0.562463, 0, 1.40695, 1.40519, 1.40519, 1.40519, 1.40519, 1.40519, 1.40519, 1.40519, 1.40519, 1.40519, 1.40519, 1.40519, 1.40519, 1.40519, 1.40519, 1.40519, 1.40519, 1.40519, 1.40519, 1.40519, 1.40519, 1.40519, 1.43578, 1.40519
13.6906, 2, 1.43281, 1.4061, 2, 0.567189, 0, 1.40757, 1.4061, 1.4061, 1.4061, 1.4061, 1.4061, 1.4061, 1.4061, 1.4061, 1.4061, 1.4061, 1.4061, 1.4061, 1.4061, 1.4061, 1.4061, 1.4061, 1.4061, 1.4061, 1.4061, 1.4061, 1.4061, 1.43134, 1.4061
13.6985, 2, 1.42499, 1.40307, 2, 0.575011, 0, 1.40429, 1.40307, 1.40307, 1.40307, 1.40307, 1.40307, 1.40307, 1.40307, 1.40307, 1.40307, 1.40307, 1.40307, 1.40307, 1.40307, 1.40307, 1.40307, 1.40307, 1.40307, 1.40307, 1.40307, 1.40307, 1.40307, 1.42377, 1.40307
13.7063, 2, 1.41439, 1.39651, 2, 0.585613, 0, 1.39752, 1.39651, 1.39651, 1.39651, 1.39651, 1.39651, 1.39651, 1.39651, 1.39651, 1.39651, 1.39651, 1.39651, 1.39651, 1.39651, 1.39651, 1.39651, 1.39651, 1.39651, 1.39651, 1.39651, 1.39651, 1.39651, 1.41338, 1.39651
13.7142, 4, 1.4027, 1.38821, 2.44949, 2.5973, 0, 1.38903, 1.38821, 1.38821, 1.38821, 1.38821, 1.38821, 1.38821, 1.38821, 1.38821, 1.38821, 1.38821, 1.38821, 1.38821, 1.38821, 1.38821, 1.38821, 1.38821, 1.38821, 1.38821, 1.38821, 1.38821, 1.38821, 1.40187, 1.38821
13.7221, 2, 1.3916, 1.37994, 2, 0.608399, 0, 1.38061, 1.37994, 1.37994, 1.37994, 1.37994, 1.37994, 1.37994, 1.37994, 1.37994, 1.37994, 1.37994, 1.37994, 1.37994, 1.37994, 1.37994, 1.37994, 1.37994, 1.37994, 1.37994, 1.37994, 1.37994, 1.37994, 1.39093, 1.37994
13.73, 4, 1.38997, 1.38064, 2.44949, 2.61003, 0, 1.38118, 1.38064, 1.38064, 1.38064, 1.38064, 1.38064, 1.38064, 1.38064, 1.38064, 1.38064, 1.38064, 1.38064, 1.38064, 1.38064, 1.38064, 1.38064, 1.38064, 1.38064, 1.38064, 1.38064, 1.38064, 1.38064, 1.38943, 1.38064
13.7379, 0, 1.38499, 1.37757, 1.41421, -1.38499, 0, 1.378, 1.37757, 1.37757, 1.37757, 1.37757, 1.37757, 1.37757, 1.37757, 1.37757, 1.37757, 1.37757, 1.37757, 1.37757, 1.37757, 1.37757, 1.37757, 1.37757, 1.37757, 1.37757, 1.37757, 1.37757, 1.37757, 1.38456, 1.37757
13.7457, 2, 1.377, 1.37112, 2, 0.623004, 0, 1.37147, 1.37112, 1.37112, 1.37112, 1.37112, 1.37112, 1.37112, 1.37112, 1.37112, 1.37112, 1.37112, 1.37112, 1.37112, 1.37112, 1.37112, 1.37112, 1.37112, 1.37112, 1.37112, 1.37112, 1.37112, 1.37112, 1.37665, 1.37112
13.7536, 2, 1.36763, 1.363, 2, 0.632373, 0, 1.36328, 1.363, 1.363, 1.363, 1.363, 1.363, 1.363, 1.363, 1.363, 1.363, 1.363, 1.363, 1.363, 1.363, 1.363, 1.363, 1.363, 1.363, 1.363, 1.363, 1.363, 1.363, 1.36735, 1.363
13.7615, 2, 1.35853, 1.35491, 2, 0.641466, 0, 1.35513, 1.35491, 1.35491, 1.35491, 1.35491, 1.35491, 1.35491, 1.35491, 1.35491, 1.35491, 1.35491, 1.35491, 1.35491, 1.35491, 1.35491, 1.35491, 1.35491, 1.35491, 1.35491, 1.35491, 1.35491, 1.35491, 1.35831, 1.35491
13.7694, 4, 1.35795, 1.35512, 2.44949, 2.64205, 0, 1.35529, 1.35512, 1.35512, 1.35512, 1.35512, 1.35512, 1.35512, 1.35512, 1.35512, 1.35512, 1.35512, 1.35512, 1.35512, 1.35512, 1.35512, 1.35512, 1.35512, 1.35512, 1.35512, 1.35512, 1.35512, 1.35512, 1.35778, 1.35512
13.7773, 2, 1.35396, 1.35175, 2, 0.646041, 0, 1.35188, 1.35175, 1.35175, 1.35175, 1.35175, 1.35175, 1.35175, 1.35175, 1.35175, 1.35175, 1.35175, 1.35175, 1.35175, 1.35175, 1.35175, 1.35175, 1.35175, 1.35175, 1.35175, 1.35175, 1.35175, 1.35175, 1.35382, 1.35175
13.7851, 2, 1.34689, 1.34516, 2, 0.653107, 0, 1.34526, 1.34516, 1.34516, 1.34516, 1.34516, 1.34516, 1.34516, 1.34516, 1.34516, 1.34516, 1.34516, 1.34516, 1.34516, 1.34516, 1.34516, 1.34516, 1.34516, 1.34516, 1.34516, 1.34516, 1.34516, 1.34516, 1.34679, 1.34516
13.793, 2, 1.33836, 1.33698, 2, 0.661641, 0, 1.33706, 1.33698, 1.33698, 1.33698, 1.33698, 1.33698, 1.33698, 1.33698, 1.33698, 1.33698, 1.33698, 1.33698, 1.33698, 1.33698, 1.33698, 1.33698, 1.33698, 1.33698, 1.33698, 1.33698, 1.33698, 1.33698, 1.33828, 1.33698
13.8009, 2, 1.32995, 1.32883, 2, 0.670054, 0, 1.3289, 1.32883, 1.32883, 1.32883, 1.32883, 1.32883, 1.32883, 1.32883, 1.32883, 1.32883, 1.32883, 1.32883, 1.32883, 1.32883, 1.32883, 1.32883, 1.32883, 1.32883, 1.32883, 1.32884, 1.32883, 1.32883, 1.32988, 1.32883
13.8088, 6, 1.32976, 1.32884, 2.82843, 4.67024, 0, 1.32888, 1.32884, 1.32884, 1.32884, 1.32884, 1.32884, 1.32884, 1.32884, 1.32884, 1.32884, 1.32884, 1.32884, 1.32884, 1.32884, 1.32884, 1.32884, 1.32884, 1.32884, 1.32884, 1.32884, 1.32884, 1.32884, 1.32972, 1.32884
13.8167, 0, 1.32624, 1.32542, 1.41421, -1.32624, 0, 1.32546, 1.32542, 1.32542, 1.32542, 1.32542, 1.32542, 1.32542, 1.32542, 1.32542, 1.32542, 1.32542, 1.32542, 1.32542, 1.32542, 1.32542, 1.32542, 1.32542, 1.32542, 1.32542, 1.32542, 1.32542, 1.32542, 1.3262, 1.32542
13.8245, 6, 1.31971, 1.31895, 2.82843, 4.68029, 0, 1.31898, 1.31895, 1.31895, 1.31895, 1.31895, 1.31895, 1.31895, 1.31895, 1.31895, 1.31895, 1.31895, 1.31895, 1.31895, 1.31895, 1.31895, 1.31895, 1.31895, 1.31895, 1.31895, 1.31895, 1.31895, 1.31895, 1.31969, 1.31895
13.8324, 2, 1.31173, 1.31097, 2, 0.688269, 0, 1.31099, 1.31097, 1.31097, 1.31097, 1.31097, 1.31097, 1.31097, 1.31097, 1.31097, 1.31097, 1.31097, 1.31097, 1.31097, 1.31097, 1.31097, 1.31097, 1.31097, 1.31097, 1.31097, 1.31097, 1.31097, 1.31097, 1.31171, 1.31097
13.8403, 0, 1.30382, 1.30301, 1.41421, -1.30382, 0, 1.30303, 1.30301, 1.30301, 1.30301, 1.30301, 1.30301, 1.30301, 1.30301, 1.30301, 1.30301, 1.30301, 1.30301, 1.30301, 1.30301, 1.30301, 1.30301, 1.30301, 1.30301, 1.30301, 1.30301, 1.30301, 1.30301, 1.30381, 1.30301
13.8482, 4, 1.30336, 1.30245, 2.44949, 2.69664, 0, 1.30247, 1.30245, 1.30245, 1.30245, 1.30245, 1.30245, 1.30245, 1.30245, 1.30245, 1.30245, 1.30245, 1.30245, 1.30245, 1.30245, 1.30245, 1.30245, 1.30245, 1.30245, 1.30245, 1.30245, 1.30245, 1.30245, 1.30335, 1.30245
13.8561, 6, 1.29973, 1.29867, 2.82843, 4.70027, 0, 1.29868, 1.29867, 1.29867, 1.29867, 1.29867, 1.29867, 1.29867, 1.29867, 1.29867, 1.29867, 1.29867, 1.29867, 1.29867, 1.29867, 1.29867, 1.29867, 1.29867, 1.29867, 1.29867, 1.29867, 1.29867, 1.29867, 1.29972, 1.29867
13.8639, 2, 1.29326, 1.29201, 2, 0.70674, 0, 1.29201, 1.29201, 1.29201, 1.29201, 1.29201, 1.29201, 1.29201, 1.29201, 1.29201, 1.29201, 1.29201, 1.29201, 1.29201, 1.29201, 1.29201, 1.29201, 1.29201, 1.29201, 1.29201, 1.29201, 1.29201, 1.29201, 1.29325, 1.29201
13.8718, 4, 1.28542, 1.28392, 2.44949, 2.71458, 0, 1.28393, 1.28392, 1.28392, 1.28392, 1.28392, 1.28392, 1.28392, 1.28392, 1.28392, 1.28392, 1.28392, 1.28392, 1.28392, 1.28392, 1.28392, 1.28392, 1.28392, 1.28392, 1.28392, 1.28392, 1.28392, 1.28392, 1.28542, 1.28392
13.8797, 2, 1.27767, 1.27586, 2, 0.722327, 0, 1.27586, 1.27586, 1.27586, 1.27586, 1.27586, 1.27586, 1.27586, 1.27586, 1.27586, 1.27586, 1.27586, 1.27586, 1.27586, 1.27586, 1.27586, 1.27586, 1.27586, 1.27586, 1.27586, 1.27586, 1.27586, 1.27586, 1.27767, 1.27586
13.8876, 2, 1.27728, 1.27509, 2, 0.722721, 0, 1.27509, 1.27509, 1.27509, 1.27509, 1.27509, 1.27509, 1.27509, 1.27509, 1.27509, 1.27509, 1.27509, 1.27509, 1.27509, 1.27509, 1.27509, 1.27509, 1.27509, 1.27509, 1.27509, 1.27509, 1.27509, 1.27509, 1.27728, 1.27509
13.8955, 4, 1.27391, 1.27128, 2.44949, 2.72609, 0, 1.27128, 1.27128, 1.27128, 1.27128, 1.27128, 1.27128, 1.27128, 1.27128, 1.27128, 1.27128, 1.27128, 1.27128, 1.27128, 1.27128, 1.27128, 1.27128, 1.27128, 1.27128, 1.27128, 1.27128, 1.27128, 1.27128, 1.27391, 1.27128
13.9033, 4, 1.26789, 1.26474, 2.44949, 2.73211, 0, 1.26474, 1.26474, 1.26474, 1.26474, 1.26474, 1.26474, 1.26474, 1.26474, 1.26474, 1.26474, 1.26474, 1.26474, 1.26474, 1.26474, 1.26474, 1.26474, 1.26474, 1.26474, 1.26474, 1.26474, 1.26474, 1.26474, 1.26789, 1.26474
13.9112, 2, 1.26061, 1.25685, 2, 0.739389, 0, 1.25685, 1.25685, 1.25685, 1.25685, 1.25685, 1.25685, 1.25685, 1.25685, 1.25685, 1.25685, 1.25685, 1.25685, 1.25685, 1.25685, 1.25685, 1.25685, 1.25685, 1.25685, 1.25685, 1.25685, 1.25685, 1.25685, 1.26061, 1.25685
13.9191, 2, 1.25344, 1.24899, 2, 0.746557, 0, 1.24899, 1.24899, 1.24899, 1.24899, 1.24899, 1.24899, 1.24899, 1.24899, 1.24899, 1.24899, 1.24899, 1.24899, 1.24899, 1.24899, 1.24899, 1.24899, 1.24899, 1.24899, 1.24899, 1.24899, 1.24899, 1.24899, 1.25344, 1.24899
13.927, 6, 1.25277, 1.24753, 2.82843, 4.74723, 0, 1.24753, 1.24753, 1.24753, 1.24753, 1.24753, 1.24753, 1.24753, 1.24753, 1.24753, 1.24753, 1.24753, 1.24753, 1.24753, 1.24753, 1.24753, 1.24753, 1.24753, 1.24753, 1.24753, 1.24753, 1.24753, 1.24753, 1.25277, 1.24753
13.9349, 2, 1.24941, 1.24328, 2, 0.750593, 0, 1.24328, 1.24328, 1.24328, 1.24328, 1.24328, 1.24328, 1.24328, 1.24328, 1.24328, 1.24328, 1.24328, 1.24328, 1.24328, 1.24328, 1.24328, 1.24328, 1.24328, 1.24328, 1.24328, 1.24328, 1.24328, 1.24328, 1.24941, 1.24328
13.9427, 0, 1.24365, 1.23652, 1.41421, -1.24365, 0, 1.23652, 1.23652, 1.23652, 1.23652, 1.23652, 1.23652, 1.23652, 1.23652, 1.23652, 1.23652, 1.23652, 1.23652, 1.23652, 1.23652, 1.23652, 1.23652, 1.23652, 1.23652, 1.23652, 1.23653, 1.23652, 1.23652, 1.24365, 1.23652
13.9506, 4, 1.23677, 1.22854, 2.44949, 2.76323, 0, 1.22854, 1.22854, 1.22854, 1.22854, 1.22854, 1.22854, 1.22854, 1.22854, 1.22854, 1.22854, 1.22854, 1.22854, 1.22854, 1.22854, 1.22854, 1.22854, 1.22854, 1.22854, 1.22854, 1.22854, 1.22854, 1.22854, 1.23677, 1.22854
13.9585, 2, 1.23003, 1.22059, 2, 0.769974, 0, 1.22059, 1.22059, 1.22059, 1.22059, 1.22059, 1.22059, 1.22059, 1.22059, 1.22059, 1.22059, 1.22059, 1.22059, 1.22059, 1.22059, 1.22059, 1.22059, 1.22059, 1.22059, 1.22059, 1.22059, 1.22059, 1.22059, 1.23002, 1.22059
13.9664, 2, 1.22962, 1.21886, 2, 0.770377, 0, 1.21886, 1.21886, 1.21886, 1.21886, 1.21886, 1.21886, 1.21886, 1.21886, 1.21886, 1.21886, 1.21886, 1.21886, 1.21886, 1.21886, 1.21886, 1.21886, 1.21886, 1.21886, 1.21886, 1.21887, 1.21886, 1.21886, 1.22962, 1.21886
13.9743, 4, 1.22675, 1.21456, 2.44949, 2.77325, 0, 1.21456, 1.21456, 1.21456, 1.21456, 1.21456, 1.21456, 1.21456, 1.21456, 1.21456, 1.21456, 1.21456, 1.21456, 1.21456, 1.21456, 1.21456, 1.21456, 1.21456, 1.21456, 1.21456, 1.21457, 1.21456, 1.21456, 1.22674, 1.21456
13.9821, 2, 1.22166, 1.20796, 2, 0.778339, 0, 1.20796, 1.20796, 1.20796, 1.20796, 1.20796, 1.20796, 1.20796, 1.20796, 1.20796, 1.20796, 1.20796, 1.20796, 1.20796, 1.20796, 1.20796, 1.20796, 1.20796, 1.20796, 1.20796, 1.20796, 1.20796, 1.20796, 1.22166, 1.20796
13.99, 2, 1.21553, 1.20022, 2, 0.784469, 0, 1.20022, 1.20022, 1.20022, 1.20022, 1.20022, 1.20022, 1.20022, 1.20022, 1.20022, 1.20022, 1.20022, 1.20022, 1.20022, 1.20022, 1.20022, 1.20022, 1.20022, 1.20022, 1.20022, 1.20022, 1.20022, 1.20022, 1.21553, 1.20022
13.9979, 2, 1.2095, 1.19251, 2, 0.790496, 0, 1.19251, 1.19251, 1.19251, 1.19251, 1.19251, 1.19251, 1.19251, 1.19251, 1.19251, 1.19251, 1.19251, 1.19251, 1.19251, 1.19251, 1.19251, 1.19251, 1.19251, 1.19251, 1.19251, 1.19251, 1.19251, 1.19251, 1.2095, 1.19251
14.0058, 4, 1.20875, 1.19, 2.44949, 2.79125, 0, 1.19, 1.19, 1.19, 1.19, 1.19, 1.19, 1.19, 1.19, 1.19, 1.19, 1.19, 1.19, 1.19, 1.19, 1.19, 1.19, 1.19, 1.19, 1.19, 1.19, 1.19, 1.19, 1.20875, 1.19
14.0137, 0, 1.20575, 1.18521, 1.41421, -1.20575, 0, 1.18521, 1.18521, 1.18521, 1.18521, 1.18521, 1.18521, 1.18521, 1.18521, 1.18521, 1.18521, 1.18521, 1.18521, 1.18521, 1.18521, 1.18521, 1.18521, 1.18521, 1.18521, 1.18521, 1.18521, 1.18521, 1.18521, 1.20575, 1.18521
14.0215, 4, 1.20074, 1.17838, 2.44949, 2.79926, 0, 1.17838, 1.17838, 1.17838, 1.17838, 1.17838, 1.17838, 1.17838, 1.17838, 1.17838, 1.17838, 1.17838, 1.17838, 1.17838, 1.17838, 1.17838, 1.17838, 1.17838, 1.17838, 1.17838, 1.17839, 1.17838, 1.17838, 1.20074, 1.17838
14.0294, 2, 1.19474, 1.17056, 2, 0.805258, 0, 1.17056, 1.17056, 1.17056, 1.17056, 1.17056, 1.17056, 1.17056, 1.17056, 1.17056, 1.17056, 1.17056, 1.17056, 1.17056, 1.17056, 1.17056, 1.17056, 1.17056, 1.17056, 1.17056, 1.17056, 1.17056, 1.17056, 1.19474, 1.17056
14.0373, 0, 1.18875, 1.16277, 1.41421, -1.18875, 0, 1.16277, 1.16277, 1.16277, 1.16277, 1.16277, 1.16277, 1.16277, 1.16277, 1.16277, 1.16277, 1.16277, 1.16277, 1.16277, 1.16277, 1.16277, 1.16277, 1.16277, 1.16277, 1.16277, 1.16277, 1.16277, 1.16277, 1.18874, 1.16277
14.0452, 0, 1.18769, 1.15996, 1.41421, -1.18769, 0, 1.15996, 1.15996, 1.15996, 1.15996, 1.15996, 1.15996, 1.15996, 1.15996, 1.15996, 1.15996, 1.15996, 1.15996, 1.15996, 1.15996, 1.15996, 1.15996, 1.15996, 1.15996, 1.15996, 1.15996, 1.15996, 1.15996, 1.18769, 1.15996
14.0531, 0, 1.18451, 1.1551, 1.41421, -1.18451, 0, 1.1551, 1.1551, 1.1551, 1.1551, 1.1551, 1.1551, 1.1551, 1.1551, 1.1551, 1.1551, 1.1551, 1.1551, 1.1551, 1.1551, 1.1551, 1.1551, 1.1551, 1.1551, 1.1551, 1.15511, 1.1551, 1.1551, 1.18451, 1.1551
14.0609, 4, 1.17944, 1.14845, 2.44949, 2.82056, 0, 1.14845, 1.14845, 1.14845, 1.14845, 1.14845, 1.14845, 1.14845, 1.14845, 1.14845, 1.14845, 1.14845, 1.14845, 1.14845, 1.14845, 1.14845, 1.14845, 1.14845, 1.14845, 1.14845, 1.14845, 1.14845, 1.14845, 1.17944, 1.14845
14.0688, 2, 1.17335, 1.14091, 2, 0.82665, 0, 1.14091, 1.14091, 1.14091, 1.14091, 1.14091, 1.14091, 1.14091, 1.14091, 1.14091, 1.14091, 1.14091, 1.14091, 1.14091, 1.14091, 1.14091, 1.14091, 1.14091, 1.14091, 1.14091, 1.14091, 1.14091, 1.14091, 1.17335, 1.14091
14.0767, 0, 1.16714, 1.1334, 1.41421, -1.16714, 0, 1.1334, 1.1334, 1.1334, 1.1334, 1.1334, 1.1334, 1.1334, 1.1334, 1.1334, 1.1334, 1.1334, 1.1334, 1.1334, 1.1334, 1.1334, 1.1334, 1.1334, 1.1334, 1.1334, 1.1334, 1.1334, 1.1334, 1.16713, 1.1334
14.0846, 4, 1.16464, 1.12978, 2.44949, 2.83536, 0, 1.12978, 1.12978, 1.12978, 1.12978, 1.12978, 1.12978, 1.12978, 1.12978, 1.12978, 1.12978, 1.12978, 1.12978, 1.12978, 1.12978, 1.12978, 1.12978, 1.12978, 1.12978, 1.12978, 1.12978, 1.12978, 1.12978, 1.16464, 1.12978
14.0925, 0, 1.16021, 1.12442, 1.41421, -1.16021, 0, 1.12442, 1.12442, 1.12442, 1.12442, 1.12442, 1.12442, 1.12442, 1.12442, 1.12442, 1.12442, 1.12442, 1.12442, 1.12442, 1.12442, 1.12442, 1.12442, 1.12442, 1.12442, 1.12442, 1.12442, 1.12442, 1.12442, 1.16021, 1.12442
14.1003, 0, 1.15405, 1.11755, 1.41421, -1.15405, 0, 1.11755, 1.11755, 1.11755, 1.11755, 1.11755, 1.11755, 1.11755, 1.11755, 1.11755, 1.11755, 1.11755, 1.11755, 1.11755, 1.11755, 1.11755, 1.11755, 1.11755, 1.11755, 1.11755, 1.11755, 1.11755, 1.11755, 1.15405, 1.11755
14.1082, 6, 1.14692, 1.10993, 2.82843, 4.85308, 0, 1.10993, 1.10993, 1.10993, 1.10993, 1.10993, 1.10993, 1.10993, 1.10993, 1.10993, 1.10993, 1.10993, 1.10993, 1.10993, 1.10993, 1.10993, 1.10993, 1.10993, 1.10993, 1.10993, 1.10993, 1.10993, 1.10993, 1.14692, 1.10993
14.1161, 0, 1.13959, 1.10234, 1.41421, -1.13959, 0, 1.10234, 1.10234, 1.10234, 1.10234, 1.10234, 1.10234, 1.10234, 1.10234, 1.10234, 1.10234, 1.10234, 1.10234, 1.10234, 1.10234, 1.10234, 1.10234, 1.10234, 1.10234, 1.10234, 1.10234, 1.10234, 1.10234, 1.13959, 1.10234
14.124, 2, 1.13565, 1.09838, 2, 0.864351, 0, 1.09838, 1.09838, 1.09838, 1.09838, 1.09838, 1.09838, 1.09838, 1.09838, 1.09838, 1.09838, 1.09838, 1.09838, 1.09838, 1.09838, 1.09838, 1.09838, 1.09838, 1.09838, 1.09838, 1.09838, 1.09838, 1.09838, 1.13565, 1.09838
14.1319, 0, 1.13002, 1.09298, 1.41421, -1.13002, 0, 1.09298, 1.09298, 1.09298, 1.09298, 1.09298, 1.09298, 1.09298, 1.09298, 1.09298, 1.09298, 1.09298, 1.09298, 1.09298, 1.09298, 1.09298, 1.09298, 1.09298, 1.09298, 1.09298, 1.09298, 1.09298, 1.09298, 1.13002, 1.09298
14.1397, 2, 1.12288, 1.08629, 2, 0.877115, 0, 1.08629, 1.08629, 1.08629, 1.08629, 1.08629, 1.08629, 1.08629, 1.08629, 1.08629, 1.08629, 1.08629, 1.08629, 1.08629, 1.08629, 1.08629, 1.08629, 1.08629, 1.08629, 1.08629, 1.0863, 1.08629, 1.08629, 1.12288, 1.08629
14.1476, 2, 1.1149, 1.07899, 2, 0.885103, 0, 1.07899, 1.07899, 1.07899, 1.07899, 1.07899, 1.07899, 1.07899, 1.07899, 1.07899, 1.07899, 1.07899, 1.07899, 1.07899, 1.07899, 1.07899, 1.07899, 1.07899, 1.07899, 1.07899, 1.07899, 1.07899, 1.07899, 1.1149, 1.07899
14.1555, 0, 1.10672, 1.07171, 1.41421, -1.10672, 0, 1.07171, 1.07171, 1.07171, 1.07171, 1.07171, 1.07171, 1.07171, 1.07171, 1.07171, 1.07171, 1.07171, 1.07171, 1.07171, 1.07171, 1.07171, 1.07171, 1.07171, 1.07171, 1.07171, 1.07171, 1.07171, 1.07171, 1.10672, 1.07171
14.1634, 2, 1.10079, 1.06687, 2, 0.899206, 0, 1.06687, 1.06687, 1.06687, 1.06687, 1.06687, 1.06687, 1.06687, 1.06687, 1.06687, 1.06687, 1.06687, 1.06687, 1.06687, 1.06687, 1.06687, 1.06687, 1.06687, 1.06687, 1.06687, 1.06687, 1.06687, 1.06687, 1.10079, 1.06687
14.1713, 6, 1.09361, 1.06095, 2.82843, 4.90639, 0, 1.06095, 1.06095, 1.06095, 1.06095, 1.06095, 1.06095, 1.06095, 1.06095, 1.06095, 1.06095, 1.06095, 1.06095, 1.06095, 1.06095, 1.06095, 1.06095, 1.06095, 1.06095, 1.06095, 1.06095, 1.06095, 1.06095, 1.09361, 1.06095
14.1791, 2, 1.08532, 1.05408, 2, 0.914683, 0, 1.05408, 1.05408, 1.05408, 1.05408, 1.05408, 1.05408, 1.05408, 1.05408, 1.05408, 1.05408, 1.05408, 1.05408, 1.05408, 1.05408, 1.05408, 1.05408, 1.05408, 1.05408, 1.05408, 1.05408, 1.05408, 1.05408, 1.08532, 1.05408
14.187, 0, 1.07643, 1.04674, 1.41421, -1.07643, 0, 1.04674, 1.04674, 1.04674, 1.04674, 1.04674, 1.04674, 1.04674, 1.04674, 1.04674, 1.04674, 1.04674, 1.04674, 1.04674, 1.04674, 1.04674, 1.04674, 1.04674, 1.04674, 1.04674, 1.04674, 1.04674, 1.04674, 1.07643, 1.04674
14.1949, 0, 1.06747, 1.03943, 1.41421, -1.06747, 0, 1.03943, 1.03943, 1.03943, 1.03943, 1.03943, 1.03943, 1.03943, 1.03943, 1.03943, 1.03943, 1.03943, 1.03943, 1.03943, 1.03943, 1.03943, 1.03943, 1.03943, 1.03943, 1.03943, 1.03943, 1.03943, 1.03943, 1.06747, 1.03943
14.2028, 2, 1.06053, 1.03422, 2, 0.939468, 0, 1.03422, 1.03422, 1.03422, 1.03422, 1.03422, 1.03422, 1.03422, 1.03422, 1.03422, 1.03422, 1.03422, 1.03422, 1.03422, 1.03422, 1.03422, 1.03422, 1.03422, 1.03422, 1.03422, 1.03422, 1.03422, 1.03422, 1.06053, 1.03422
14.2107, 2, 1.05279, 1.02825, 2, 0.947208, 0, 1.02825, 1.02825, 1.02825, 1.02825, 1.02825, 1.02825, 1.02825, 1.02825, 1.02825, 1.02825, 1.02825, 1.02825, 1.02825, 1.02825, 1.02825, 1.02825, 1.02825, 1.02825, 1.02825, 1.02825, 1.02825, 1.02825, 1.05279, 1.02825
14.2185, 2, 1.04433, 1.0216, 2, 0.955667, 0, 1.0216, 1.0216, 1.0216, 1.0216, 1.0216, 1.0216, 1.0216, 1.0216, 1.0216, 1.0216, 1.0216, 1.0216, 1.0216, 1.0216, 1.0216, 1.0216, 1.0216, 1.0216, 1.0216, 1.0216, 1.0216, 1.0216, 1.04433, 1.0216
14.2264, 4, 1.03554, 1.01461, 2.44949, 2.96446, 0, 1.01461, 1.01461, 1.01461, 1.01461, 1.01461, 1.01461, 1.01461, 1.01461, 1.01461, 1.01461, 1.01461, 1.01461, 1.01461, 1.01461, 1.01461, 1.01461, 1.01461, 1.01461, 1.01461, 1.01461, 1.01461, 1.01461, 1.03554, 1.01461
14.2343, 0, 1.02674, 1.00759, 1.41421, -1.02674, 0, 1.00759, 1.00759, 1.00759, 1.00759, 1.00759, 1.00759, 1.00759, 1.00759, 1.00759, 1.00759, 1.00759, 1.00759, 1.00759, 1.00759, 1.00759, 1.00759, 1.00759, 1.00759, 1.00759, 1.00759, 1.00759, 1.00759, 1.02674, 1.00759
14.2422, 0, 1.01769, 1.00028, 1.41421, -1.01769, 0, 1.00028, 1.00028, 1.00028, 1.00028, 1.00028, 1.00028, 1.00028, 1.00028, 1.00028, 1.00028, 1.00028, 1.00028, 1.00028, 1.00028, 1.00028, 1.00028, 1.00028, 1.00028, 1.00028, 1.00028, 1.00028, 1.00028, 1.01769, 1.00028
14.2501, 4, 1.00854, 0.992814, 2.44949, 2.99146, 0, 0.992814, 0.992814, 0.992814, 0.992814, 0.992814, 0.992814, 0.992814, 0.992814, 0.992814, 0.992814, 0.992814, 0.992814, 0.992814, 0.992814, 0.992814, 0.992814, 0.992814, 0.992814, 0.992814, 0.992814, 0.992814, 0.992814, 1.00854, 0.992814
14.2579, 0, 0.999391, 0.985269, 1.41421, -0.999391, 0, 0.985269, 0.985269, 0.985269, 0.985269, 0.985269, 0.985269, 0.985269, 0.985269, 0.985269, 0.985269, 0.985269, 0.985269, 0.985269, 0.985269, 0.985269, 0.985269, 0.985269, 0.985269, 0.985269, 0.98527, 0.985269, 0.985269, 0.99939, 0.985269
14.2658, 0, 0.990291, 0.977693, 1.41421, -0.990291, 0, 0.977693, 0.977693, 0.977693, 0.977693, 0.977693, 0.977693, 0.977693, 0.977693, 0.977693, 0.977693, 0.977693, 0.977693, 0.977693, 0.977693, 0.977693, 0.977693, 0.977693, 0.977693, 0.977693, 0.977694, 0.977693, 0.977693, 0.99029, 0.977693
14.2737, 2, 0.980919, 0.969751, 2, 1.01908, 0, 0.969751, 0.969751, 0.969751, 0.969751, 0.969751, 0.969751, 0.969751, 0.969751, 0.969751, 0.969751, 0.969751, 0.969751, 0.969751, 0.969751, 0.969751, 0.969751, 0.969751, 0.969751, 0.969751, 0.969752, 0.969751, 0.969751, 0.980918, 0.969751
14.2816, 2, 0.9713, 0.961463, 2, 1.0287, 0, 0.961463, 0.961463, 0.961463, 0.961463, 0.961463, 0.961463, 0.961463, 0.961463, 0.961463, 0.961463, 0.961463, 0.961463, 0.961463, 0.961463, 0.961463, 0.961463, 0.961463, 0.961463, 0.961463, 0.961463, 0.961463, 0.961463, 0.9713, 0.961463
14.2895, 2, 0.961484, 0.952872, 2, 1.03852, 0, 0.952872, 0.952872, 0.952872, 0.952872, 0.952872, 0.952872, 0.952872, 0.952872, 0.952872, 0.952872, 0.952872, 0.952872, 0.952872, 0.952872, 0.952872, 0.952872, 0.952872, 0.952872, 0.952872, 0.952873, 0.952872, 0.952872, 0.961483, 0.952872
14.2973, 2, 0.95157, 0.944079, 2, 1.04843, 0, 0.944079, 0.944079, 0.944079, 0.944079, 0.944079, 0.944079, 0.944079, 0.944079, 0.944079, 0.944079, 0.944079, 0.944079, 0.944079, 0.944079, 0.944079, 0.944079, 0.944079, 0.944079, 0.944079, 0.944079, 0.944079, 0.944079, 0.95157, 0.944079
14.3052, 2, 0.941681, 0.935205, 2, 1.05832, 0, 0.935205, 0.935205, 0.935205, 0.935205, 0.935205, 0.935205, 0.935205, 0.935205, 0.935205, 0.935205, 0.935205, 0.935205, 0.935205, 0.935205, 0.935205, 0.935205, 0.935205, 0.935205, 0.935205, 0.935206, 0.935205, 0.935205, 0.941681, 0.935205
14.3131, 0, 0.93184, 0.926276, 1.41421, -0.93184, 0, 0.926276, 0.926276, 0.926276, 0.926276, 0.926276, 0.926276, 0.926276, 0.926276, 0.926276, 0.926276, 0.926276, 0.926276, 0.926276, 0.926276, 0.926276, 0.926276, 0.926276, 0.926276, 0.926276, 0.926276, 0.926276, 0.926276, 0.931839, 0.926276
14.321, 0, 0.921928, 0.917178, 1.41421, -0.921928, 0, 0.917178, 0.917178, 0.917178, 0.917178, 0.917178, 0.917178, 0.917178, 0.917178, 0.917178, 0.917178, 0.917178, 0.917178, 0.917178, 0.917178, 0.917178, 0.917178, 0.917178, 0.917178, 0.917178, 0.917179, 0.917178, 0.917178, 0.921927, 0.917178
14.3289, 2, 0.911925, 0.907895, 2, 1.08807, 0, 0.907895, 0.907895, 0.907895, 0.907895, 0.907895, 0.907895, 0.907895, 0.907895, 0.907895, 0.907895, 0.907895, 0.907895, 0.907895, 0.907895, 0.907895, 0.907895, 0.907895, 0.907895, 0.907895, 0.907896, 0.907895, 0.907895, 0.911925, 0.907895
14.3367, 2, 0.901882, 0.898483, 2, 1.09812, 0, 0.898483, 0.898483, 0.898483, 0.898483, 0.898483, 0.898483, 0.898483, 0.898483, 0.898483, 0.898483, 0.898483, 0.898483, 0.898483, 0.898483, 0.898483, 0.898483, 0.898483, 0.898483, 0.898483, 0.898484, 0.898483, 0.898483, 0.901881, 0.898483
14.3446, 2, 0.89188, 0.889033, 2, 1.10812, 0, 0.889033, 0.889033, 0.889033, 0.889033, 0.889033, 0.889033, 0.889033, 0.889033, 0.889033, 0.889033, 0.889033, 0.889033, 0.889033, 0.889033, 0.889033, 0.889033, 0.889033, 0.889033, 0.889033, 0.889033, 0.889033, 0.889033, 0.891879, 0.889033
14.3525, 4, 0.882003, 0.879632, 2.44949, 3.118, 0, 0.879632, 0.879632, 0.879632, 0.879632, 0.879632, 0.879632, 0.879632, 0.879632, 0.879632, 0.879632, 0.879632, 0.879632, 0.879632, 0.879632, 0.879632, 0.879632, 0.879632, 0.879632, 0.879632, 0.879633, 0.879632, 0.879632, 0.882002, 0.879632
14.3604, 2, 0.872383, 0.87042, 2, 1.12762, 0, 0.87042, 0.87042, 0.87042, 0.87042, 0.87042, 0.87042, 0.87042, 0.87042, 0.87042, 0.87042, 0.87042, 0.87042, 0.87042, 0.87042, 0.87042, 0.87042, 0.87042, 0.87042, 0.87042, 0.870421, 0.87042, 0.87042, 0.872382, 0.87042
14.3683, 2, 0.86246, 0.860846, 2, 1.13754, 0, 0.860846, 0.860846, 0.860846, 0.860846, 0.860846, 0.860846, 0.860846, 0.860846, 0.860846, 0.860846, 0.860846, 0.860846, 0.860846, 0.860846, 0.860846, 0.860846, 0.860846, 0.860846, 0.860846, 0.860847, 0.860846, 0.860846, 0.862459, 0.860846
14.3761, 6, 0.852304, 0.850985, 2.82843, 5.1477, 0, 0.850985, 0.850985, 0.850985, 0.850985, 0.850985, 0.850985, 0.850985, 0.850985, 0.850985, 0.850985, 0.850985, 0.850985, 0.850985, 0.850985, 0.850985, 0.850985, 0.850985, 0.850985, 0.850985, 0.850986, 0.850985, 0.850985, 0.852304, 0.850985
14.384, 0, 0.842084, 0.841012, 1.41421, -0.842084, 0, 0.841012, 0.841012, 0.841012, 0.841012, 0.841012, 0.841012, 0.841012, 0.841012, 0.841012, 0.841012, 0.841012, 0.841012, 0.841012, 0.841012, 0.841012, 0.841012, 0.841012, 0.841012, 0.841012, 0.841013, 0.841012, 0.841012, 0.842083, 0.841012
14.3919, 0, 0.831963, 0.831098, 1.41421, -0.831963, 0, 0.831098, 0.831098, 0.831098, 0.831098, 0.831098, 0.831098, 0.831098, 0.831098, 0.831098, 0.831098, 0.831098, 0.831098, 0.831098, 0.831098, 0.831098, 0.831098, 0.831098, 0.831098, 0.831098, 0.831099, 0.831098, 0.831098, 0.831963, 0.831098
14.3998, 2, 0.823305, 0.822611, 2, 1.17669, 0, 0.822611, 0.822611, 0.822611, 0.822611, 0.822611, 0.822611, 0.822611, 0.822611, 0.822611, 0.822611, 0.822611, 0.822611, 0.822611, 0.822611, 0.822611, 0.822611, 0.822611, 0.822611, 0.822611, 0.822611, 0.822611, 0.822611, 0.823304, 0.822611
14.4077, 4, 0.814011, 0.813458, 2.44949, 3.18599, 0, 0.813458, 0.813458, 0.813458, 0.813458, 0.813458, 0.813458, 0.813458, 0.813458, 0.813458, 0.813458, 0.813458, 0.813458, 0.813458, 0.813458, 0.813458, 0.813458, 0.813458, 0.813458, 0.813458, 0.813458, 0.813458, 0.813458, 0.814011, 0.813458
14.4155, 4, 0.804197, 0.803758, 2.44949, 3.1958, 0, 0.803758, 0.803758, 0.803758, 0.803758, 0.803758, 0.803758, 0.803758, 0.803758, 0.803758, 0.803758, 0.803758, 0.803758, 0.803758, 0.803758, 0.803758, 0.803758, 0.803758, 0.803758, 0.803758, 0.803758, 0.803758, 0.803758, 0.804196, 0.803758
14.4234, 0, 0.794164, 0.793818, 1.41421, -0.794164, 0, 0.793818, 0.793818, 0.793818, 0.793818, 0.793818, 0.793818, 0.793818, 0.793818, 0.793818, 0.793818, 0.793818, 0.793818, 0.793818, 0.793818, 0.793818, 0.793818, 0.793818, 0.793818, 0.793818, 0.793819, 0.793818, 0.793818, 0.794164, 0.793818
14.4313, 0, 0.784212, 0.783941, 1.41421, -0.784212, 0, 0.783941, 0.783941, 0.783941, 0.783941, 0.783941, 0.783941, 0.783941, 0.783941, 0.783941, 0.783941, 0.783941, 0.783941, 0.783941, 0.783941, 0.783941, 0.783941, 0.783941, 0.783941, 0.783941, 0.783942, 0.783941, 0.783941, 0.784211, 0.783941
14.4392, 0, 0.775984, 0.775773, 1.41421, -0.775984, 0, 0.775773, 0.775773, 0.775773, 0.775773, 0.775773, 0.775773, 0.775773, 0.775773, 0.775773, 0.775773, 0.775773, 0.775773, 0.775773, 0.775773, 0.775773, 0.775773, 0.775773, 0.775773, 0.775773, 0.775773, 0.775773, 0.775773, 0.775983, 0.775773
14.4471, 0, 0.766895, 0.766732, 1.41421, -0.766895, 0, 0.766732, 0.766732, 0.766732, 0.766732, 0.766732, 0.766732, 0.766732, 0.766732, 0.766732, 0.766732, 0.766732, 0.766732, 0.766732, 0.766732, 0.766732, 0.766732, 0.766732, 0.766732, 0.766732, 0.766732, 0.766732, 0.766732, 0.766894, 0.766732
14.4549, 2, 0.75708, 0.756954, 2, 1.24292, 0, 0.756954, 0.756954, 0.756954, 0.756954, 0.756954, 0.756954, 0.756954, 0.756954, 0.756954, 0.756954, 0.756954, 0.756954, 0.756954, 0.756954, 0.756954, 0.756954, 0.756954, 0.756954, 0.756954, 0.756955, 0.756954, 0.756954, 0.757079, 0.756954
14.4628, 2, 0.746943, 0.746847, 2, 1.25306, 0, 0.746847, 0.746847, 0.746847, 0.746847, 0.746847, 0.746847, 0.746847, 0.746847, 0.746847, 0.746847, 0.746847, 0.746847, 0.746847, 0.746847, 0.746847, 0.746847, 0.746847, 0.746847, 0.746847, 0.746848, 0.746847, 0.746847, 0.746942, 0.746847
14.4707, 2, 0.736881, 0.736807, 2, 1.26312, 0, 0.736807, 0.736807, 0.736807, 0.736807, 0.736807, 0.736807, 0.736807, 0.736807, 0.736807, 0.736807, 0.736807, 0.736807, 0.736807, 0.736807, 0.736807, 0.736807, 0.736807, 0.736807, 0.736807, 0.736808, 0.736807, 0.736807, 0.73688, 0.736807
14.4786, 4, 0.729113, 0.729058, 2.44949, 3.27089, 0, 0.729058, 0.729058, 0.729058, 0.729058, 0.729058, 0.729058, 0.729058, 0.729058, 0.729058, 0.729058, 0.729058, 0.729058, 0.729058, 0.729058, 0.729058, 0.729058, 0.729058, 0.729058, 0.729058, 0.729059, 0.729058, 0.729058, 0.729113, 0.729058
14.4865, 2, 0.720412, 0.72037, 2, 1.27959, 0, 0.72037, 0.72037, 0.72037, 0.72037, 0.72037, 0.72037, 0.72037, 0.72037, 0.72037, 0.72037, 0.72037, 0.72037, 0.72037, 0.72037, 0.72037, 0.72037, 0.72037, 0.72037, 0.72037, 0.720371, 0.72037, 0.72037, 0.720411, 0.72037
14.4943, 2, 0.710883, 0.710852, 2, 1.28912, 0, 0.710852, 0.710852, 0.710852, 0.710852, 0.710852, 0.710852, 0.710852, 0.710852, 0.710852, 0.710852, 0.710852, 0.710852, 0.710852, 0.710852, 0.710852, 0.710852, 0.710852, 0.710852, 0.710852, 0.710853, 0.710852, 0.710852, 0.710882, 0.710852
14.5022, 4, 0.700982, 0.700959, 2.44949, 3.29902, 0, 0.700959, 0.700959, 0.700959, 0.700959, 0.700959, 0.700959, 0.700959, 0.700959, 0.700959, 0.700959, 0.700959, 0.700959, 0.700959, 0.700959, 0.700959, 0.700959, 0.700959, 0.700959, 0.700959, 0.70096, 0.700959, 0.700959, 0.700981, 0.700959
14.5101, 0, 0.691152, 0.691135, 1.41421, -0.691152, 0, 0.691135, 0.691135, 0.691135, 0.691135, 0.691135, 0.691135, 0.691135, 0.691135, 0.691135, 0.691135, 0.691135, 0.691135, 0.691135, 0.691135, 0.691135, 0.691135, 0.691135, 0.691135, 0.691135, 0.691136, 0.691135, 0.691135, 0.691152, 0.691135
14.518, 2, 0.683493, 0.68348, 2, 1.31651, 0, 0.68348, 0.68348, 0.68348, 0.68348, 0.68348, 0.68348, 0.68348, 0.68348, 0.68348, 0.68348, 0.68348, 0.68348, 0.68348, 0.68348, 0.68348, 0.68348, 0.68348, 0.68348, 0.68348, 0.683481, 0.68348, 0.68348, 0.683492, 0.68348
14.5259, 0, 0.674885, 0.674876, 1.41421, -0.674885, 0, 0.674876, 0.674876, 0.674876, 0.674876, 0.674876, 0.674876, 0.674876, 0.674876, 0.674876, 0.674876, 0.674876, 0.674876, 0.674876, 0.674876, 0.674876, 0.674876, 0.674876, 0.674876, 0.674876, 0.674876, 0.674876, 0.674876, 0.674884, 0.674876
14.5337, 4, 0.665424, 0.665417, 2.44949, 3.33458, 0, 0.665417, 0.665417, 0.665417, 0.665417, 0.665417, 0.665417, 0.665417, 0.665417, 0.665417, 0.665417, 0.665417, 0.665417, 0.665417, 0.665417, 0.665417, 0.665417, 0.665417, 0.665417, 0.665417, 0.665418, 0.665417, 0.665417, 0.665424, 0.665417
14.5416, 0, 0.655581, 0.655575, 1.41421, -0.655581, 0, 0.655575, 0.655575, 0.655575, 0.655575, 0.655575, 0.655575, 0.655575, 0.655575, 0.655575, 0.655575, 0.655575, 0.655575, 0.655575, 0.655575, 0.655575, 0.655575, 0.655575, 0.655575, 0.655575, 0.655576, 0.655575, 0.655575, 0.65558, 0.655575
14.5495, 0, 0.64581, 0.645806, 1.41421, -0.64581, 0, 0.645806, 0.645806, 0.645806, 0.645806, 0.645806, 0.645806, 0.645806, 0.645806, 0.645806, 0.645806, 0.645806, 0.645806, 0.645806, 0.645806, 0.645806, 0.645806, 0.645806, 0.645806, 0.645806, 0.645807, 0.645806, 0.645806, 0.64581, 0.645806
14.5574, 0, 0.638479, 0.638476, 1.41421, -0.638479, 0, 0.638476, 0.638476, 0.638476, 0.638476, 0.638476, 0.638476, 0.638476, 0.638476, 0.638476, 0.638476, 0.638476, 0.638476, 0.638476, 0.638476, 0.638476, 0.638476, 0.638476, 0.638476, 0.638476, 0.638477, 0.638476, 0.638476, 0.638479, 0.638476
14.5653, 2, 0.630201, 0.630199, 2, 1.3698, 0, 0.630199, 0.630199, 0.630199, 0.630199, 0.630199, 0.630199, 0.630199, 0.630199, 0.630199, 0.630199, 0.630199, 0.630199, 0.630199, 0.630199, 0.630199, 0.630199, 0.630199, 0.630199, 0.630199, 0.6302, 0.630199, 0.630199, 0.630201, 0.630199
14.5731, 0, 0.621045, 0.621043, 1.41421, -0.621045, 0, 0.621043, 0.621043, 0.621043, 0.621043, 0.621043, 0.621043, 0.621043, 0.621043, 0.621043, 0.621043, 0.621043, 0.621043, 0.621043, 0.621043, 0.621043, 0.621043, 0.621043, 0.621043, 0.621043, 0.621044, 0.621043, 0.621043, 0.621045, 0.621043
14.581, 0, 0.611494, 0.611492, 1.41421, -0.611494, 0, 0.611492, 0.611492, 0.611492, 0.611492, 0.611492, 0.611492, 0.611492, 0.611492, 0.611492, 0.611492, 0.611492, 0.611492, 0.611492, 0.611492, 0.611492, 0.611492, 0.611492, 0.611492, 0.611492, 0.611493, 0.611492, 0.611492, 0.611493, 0.611492
14.5889, 4, 0.602016, 0.602015, 2.44949, 3.39798, 0, 0.602015, 0.602015, 0.602015, 0.602015, 0.602015, 0.602015, 0.602015, 0.602015, 0.602015, 0.602015, 0.602015, 0.602015, 0.602015, 0.602015, 0.602015, 0.602015, 0.602015, 0.602015, 0.602015, 0.602016, 0.602015, 0.602015, 0.602016, 0.602015
14.5968, 0, 0.594766, 0.594765, 1.41421, -0.594766, 0, 0.594765, 0.594765, 0.594765, 0.594765, 0.594765, 0.594765, 0.594765, 0.594765, 0.594765, 0.594765, 0.594765, 0.594765, 0.594765, 0.594765, 0.594765, 0.594765, 0.594765, 0.594765, 0.594765, 0.594765, 0.594765, 0.594765, 0.594765, 0.594765
14.6047, 0, 0.586605, 0.586604, 1.41421, -0.586605, 0, 0.586604, 0.586604, 0.586604, 0.586604, 0.586604, 0.586604, 0.586604, 0.586604, 0.586604, 0.586604, 0.586604, 0.586604, 0.586604, 0.586604, 0.586604, 0.586604, 0.586604, 0.586604, 0.586604, 0.586605, 0.586604, 0.586604, 0.586604, 0.586604
14.6125, 2, 0.577591, 0.57759, 2, 1.42241, 0, 0.57759, 0.57759, 0.57759, 0.57759, 0.57759, 0.57759, 0.57759, 0.57759, 0.57759, 0.57759, 0.57759, 0.57759, 0.57759, 0.57759, 0.57759, 0.57759, 0.57759, 0.57759, 0.57759, 0.577591, 0.57759, 0.57759, 0.57759, 0.57759
14.6204, 0, 0.568195, 0.568194, 1.41421, -0.568195, 0, 0.568194, 0.568194, 0.568194, 0.568194, 0.568194, 0.568194, 0.568194, 0.568194, 0.568194, 0.568194, 0.568194, 0.568194, 0.568194, 0.568194, 0.568194, 0.568194, 0.568194, 0.568194, 0.568194, 0.568195, 0.568194, 0.568194, 0.568194, 0.568194
14.6283, 0, 0.558876, 0.558876, 1.41421, -0.558876, 0, 0.558876, 0.558876, 0.558876, 0.558876, 0.558876, 0.558876, 0.558876, 0.558876, 0.558876, 0.558876, 0.558876, 0.558876, 0.558876, 0.558876, 0.558876, 0.558876, 0.558876, 0.558876, 0.558876, 0.558876, 0.558876, 0.558876, 0.558876, 0.558876
14.6362, 0, 0.55189, 0.551889, 1.41421, -0.55189, 0, 0.551889, 0.551889, 0.551889, 0.551889, 0.551889, 0.551889, 0.551889, 0.551889, 0.551889, 0.551889, 0.551889, 0.551889, 0.551889, 0.551889, 0.551889, 0.551889, 0.551889, 0.551889, 0.551889, 0.551889, 0.551889, 0.551889, 0.551889, 0.551889
14.6441, 4, 0.54404, 0.544039, 2.44949, 3.45596, 0, 0.544039, 0.544039, 0.544039, 0.544039, 0.544039, 0.544039, 0.544039, 0.544039, 0.544039, 0.544039, 0.544039, 0.544039, 0.544039, 0.544039, 0.544039, 0.544039, 0.544039, 0.544039, 0.544039, 0.54404, 0.544039, 0.544039, 0.54404, 0.544039
14.6519, 2, 0.535361, 0.53536, 2, 1.46464, 0, 0.53536, 0.53536, 0.53536, 0.53536, 0.53536, 0.53536, 0.53536, 0.53536, 0.53536, 0.53536, 0.53536, 0.53536, 0.53536, 0.53536, 0.53536, 0.53536, 0.53536, 0.53536, 0.53536, 0.535361, 0.53536, 0.53536, 0.53536, 0.53536
14.6598, 0, 0.526312, 0.526311, 1.41421, -0.526312, 0, 0.526311, 0.526311, 0.526311, 0.526311, 0.526311, 0.526311, 0.526311, 0.526311, 0.526311, 0.526311, 0.526311, 0.526311, 0.526311, 0.526311, 0.526311, 0.526311, 0.526311, 0.526311, 0.526311, 0.526312, 0.526311, 0.526311, 0.526311, 0.526311
14.6677, 0, 0.51734, 0.51734, 1.41421, -0.51734, 0, 0.51734, 0.51734, 0.51734, 0.51734, 0.51734, 0.51734, 0.51734, 0.51734, 0.51734, 0.51734, 0.51734, 0.51734, 0.51734, 0.51734, 0.51734, 0.51734, 0.51734, 0.51734, 0.51734, 0.51734, 0.51734, 0.51734, 0.51734, 0.51734
14.6756, 2, 0.51036, 0.51036, 2, 1.48964, 0, 0.51036, 0.51036, 0.51036, 0.51036, 0.51036, 0.51036, 0.51036, 0.51036, 0.51036, 0.51036, 0.51036, 0.51036, 0.51036, 0.51036, 0.51036, 0.51036, 0.51036, 0.51036, 0.51036, 0.51036, 0.51036, 0.51036, 0.51036, 0.51036
14.6835, 0, 0.502632, 0.502632, 1.41421, -0.502632, 0, 0.502632, 0.502632, 0.502632, 0.502632, 0.502632, 0.502632, 0.502632, 0.502632, 0.502632, 0.502632, 0.502632, 0.502632, 0.502632, 0.502632, 0.502632, 0.502632, 0.502632, 0.502632, 0.502632, 0.502632, 0.502632, 0.502632, 0.502632, 0.502632
14.6913, 0, 0.494186, 0.494185, 1.41421, -0.494186, 0, 0.494185, 0.494185, 0.494185, 0.494185, 0.494185, 0.494185, 0.494185, 0.494185, 0.494185, 0.494185, 0.494185, 0.494185, 0.494185, 0.494185, 0.494185, 0.494185, 0.494185, 0.494185, 0.494185, 0.494186, 0.494185, 0.494185, 0.494185, 0.494185
14.6992, 2, 0.485425, 0.485424, 2, 1.51458, 0, 0.485424, 0.485424, 0.485424, 0.485424, 0.485424, 0.485424, 0.485424, 0.485424, 0.485424, 0.485424, 0.485424, 0.485424, 0.485424, 0.485424, 0.485424, 0.485424, 0.485424, 0.485424, 0.485424, 0.485425, 0.485424, 0.485424, 0.485424, 0.485424
14.7071, 0, 0.476743, 0.476742, 1.41421, -0.476743, 0, 0.476742, 0.476742, 0.476742, 0.476742, 0.476742, 0.476742, 0.476742, 0.476742, 0.476742, 0.476742, 0.476742, 0.476742, 0.476742, 0.476742, 0.476742, 0.476742, 0.476742, 0.476742, 0.476742, 0.476743, 0.476742, 0.476742, 0.476742, 0.476742
14.715, 2, 0.469683, 0.469682, 2, 1.53032, 0, 0.469682, 0.469682, 0.469682, 0.469682, 0.469682, 0.469682, 0.469682, 0.469682, 0.469682, 0.469682, 0.469682, 0.469682, 0.469682, 0.469682, 0.469682, 0.469682, 0.469682, 0.469682, 0.469682, 0.469683, 0.469682, 0.469682, 0.469682, 0.469682
14.7229, 0, 0.462141, 0.462141, 1.41421, -0.462141, 0, 0.462141, 0.462141, 0.462141, 0.462141, 0.462141, 0.462141, 0.462141, 0.462141, 0.462141, 0.462141, 0.462141, 0.462141, 0.462141, 0.462141, 0.462141, 0.462141, 0.462141, 0.462141, 0.462141, 0.462141, 0.462141, 0.462141, 0.462141, 0.462141
14.7307, 0, 0.454132, 0.454131, 1.41421, -0.454132, 0, 0.454131, 0.454131, 0.454131, 0.454131, 0.454131, 0.454131, 0.454131, 0.454131, 0.454131, 0.454131, 0.454131, 0.454131, 0.454131, 0.454131, 0.454131, 0.454131, 0.454131, 0.454131, 0.454131, 0.454132, 0.454131, 0.454131, 0.454131, 0.454131
14.7386, 4, 0.44593, 0.44593, 2.44949, 3.55407, 0, 0.44593, 0.44593, 0.44593, 0.44593, 0.44593, 0.44593, 0.44593, 0.44593, 0.44593, 0.44593, 0.44593, 0.44593, 0.44593, 0.44593, 0.44593, 0.44593, 0.44593, 0.44593, 0.44593, 0.44593, 0.44593, 0.44593, 0.44593, 0.44593
14.7465, 2, 0.437804, 0.437803, 2, 1.5622, 0, 0.437803, 0.437803, 0.437803, 0.437803, 0.437803, 0.437803, 0.437803, 0.437803, 0.437803, 0.437803, 0.437803, 0.437803, 0.437803, 0.437803, 0.437803, 0.437803, 0.437803, 0.437803, 0.437803, 0.437804, 0.437803, 0.437803, 0.437803, 0.437803
14.7544, 0, 0.430619, 0.430618, 1.41421, -0.430619, 0, 0.430618, 0.430618, 0.430618, 0.430618, 0.430618, 0.430618, 0.430618, 0.430618, 0.430618, 0.430618, 0.430618, 0.430618, 0.430618, 0.430618, 0.430618, 0.430618, 0.430618, 0.430618, 0.430618, 0.430619, 0.430618, 0.430618, 0.430618, 0.430618
14.7623, 6, 0.423184, 0.423183, 2.82843, 5.57682, 0, 0.423183, 0.423183, 0.423183, 0.423183, 0.423183, 0.423183, 0.423183, 0.423183, 0.423183, 0.423183, 0.423183, 0.423183, 0.423183, 0.423183, 0.423183, 0.423183, 0.423183, 0.423183, 0.423183, 0.423184, 0.423183, 0.423183, 0.423183, 0.423183
14.7701, 0, 0.415506, 0.415506, 1.41421, -0.415506, 0, 0.415506, 0.415506, 0.415506, 0.415506, 0.415506, 0.415506, 0.415506, 0.415506, 0.415506, 0.415506, 0.415506, 0.415506, 0.415506, 0.415506, 0.415506, 0.415506, 0.415506, 0.415506, 0.415506, 0.415506, 0.415506, 0.415506, 0.415506, 0.415506
14.778, 2, 0.407747, 0.407747, 2, 1.59225, 0, 0.407747, 0.407747, 0.407747, 0.407747, 0.407747, 0.407747, 0.407747, 0.407747, 0.407747, 0.407747, 0.407747, 0.407747, 0.407747, 0.407747, 0.407747, 0.407747, 0.407747, 0.407747, 0.407747, 0.407747, 0.407747, 0.407747, 0.407747, 0.407747
14.7859, 6, 0.400061, 0.400061, 2.82843, 5.59994, 0, 0.400061, 0.400061, 0.400061, 0.400061, 0.400061, 0.400061, 0.400061, 0.400061, 0.400061, 0.400061, 0.400061, 0.400061, 0.400061, 0.400061, 0.400061, 0.400061, 0.400061, 0.400061, 0.400061, 0.400061, 0.400061, 0.400061, 0.400061, 0.400061
14.7938, 4, 0.392782, 0.392781, 2.44949, 3.60722, 0, 0.392781, 0.392781, 0.392781, 0.392781, 0.392781, 0.392781, 0.392781, 0.392781, 0.392781, 0.392781, 0.392781, 0.392781, 0.392781, 0.392781, 0.392781, 0.392781, 0.392781, 0.392781, 0.392781, 0.392782, 0.392781, 0.392781, 0.392781, 0.392781
14.8017, 2, 0.385529, 0.385528, 2, 1.61447, 0, 0.385528, 0.385528, 0.385528, 0.385528, 0.385528, 0.385528, 0.385528, 0.385528, 0.385528, 0.385528, 0.385528, 0.385528, 0.385528, 0.385528, 0.385528, 0.385528, 0.385528, 0.385528, 0.385528, 0.385529, 0.385528, 0.385528, 0.385528, 0.385528
14.8095, 2, 0.378304, 0.378303, 2, 1.6217, 0, 0.378303, 0.378303, 0.378303, 0.378303, 0.378303, 0.378303, 0.378303, 0.378303, 0.378303, 0.378303, 0.378303, 0.378303, 0.378303, 0.378303, 0.378303, 0.378303, 0.378303, 0.378303, 0.378303, 0.378304, 0.378303, 0.378303, 0.378303, 0.378303
14.8174, 0, 0.371057, 0.371056, 1.41421, -0.371057, 0, 0.371056, 0.371056, 0.371056, 0.371056, 0.371056, 0.371056, 0.371056, 0.371056, 0.371056, 0.371056, 0.371056, 0.371056, 0.371056, 0.371056, 0.371056, 0.371056, 0.371056, 0.371056, 0.371056, 0.371057, 0.371056, 0.371056, 0.371056, 0.371056
14.8253, 0, 0.3638, 0.3638, 1.41421, -0.3638, 0, 0.3638, 0.3638, 0.3638, 0.3638, 0.3638, 0.3638, 0.3638, 0.3638, 0.3638, 0.3638, 0.3638, 0.3638, 0.3638, 0.3638, 0.3638, 0.3638, 0.3638, 0.3638, 0.3638, 0.3638, 0.3638, 0.3638, 0.3638, 0.3638
14.8332, 2, 0.356558, 0.356558, 2, 1.64344, 0, 0.356558, 0.356558, 0.356558, 0.356558, 0.356558, 0.356558, 0.356558, 0.356558, 0.356558, 0.356558, 0.356558, 0.356558, 0.356558, 0.356558, 0.356558, 0.356558, 0.356558, 0.356558, 0.356558, 0.356558, 0.356558, 0.356558, 0.356558, 0.356558
14.8411, 0, 0.349353, 0.349352, 1.41421, -0.349353, 0, 0.349352, 0.349352, 0.349352, 0.349352, 0.349352, 0.349352, 0.349352, 0.349352, 0.349352, 0.349352, 0.349352, 0.349352, 0.349352, 0.349352, 0.349352, 0.349352, 0.349352, 0.349352, 0.349352, 0.349353, 0.349352, 0.349352, 0.349352, 0.349352
14.8489, 0, 0.342198, 0.342197, 1.41421, -0.342198, 0, 0.342197, 0.342197, 0.342197, 0.342197, 0.342197, 0.342197, 0.342197, 0.342197, 0.342197, 0.342197, 0.342197, 0.342197, 0.342197, 0.342197, 0.342197, 0.342197, 0.342197, 0.342197, 0.342197, 0.342198, 0.342197, 0.342197, 0.342197, 0.342197
14.8568, 0, 0.335104, 0.335104, 1.41421, -0.335104, 0, 0.335104, 0.335104, 0.335104, 0.335104, 0.335104, 0.335104, 0.335104, 0.335104, 0.335104, 0.335104, 0.335104, 0.335104, 0.335104, 0.335104, 0.335104, 0.335104, 0.335104, 0.335104, 0.335104, 0.335104, 0.335104, 0.335104, 0.335104, 0.335104
14.8647, 0, 0.328066, 0.328065, 1.41421, -0.328066, 0, 0.328065, 0.328065, 0.328065, 0.328065, 0.328065, 0.328065, 0.328065, 0.328065, 0.328065, 0.328065, 0.328065, 0.328065, 0.328065, 0.328065, 0.328065, 0.328065, 0.328065, 0.328065, 0.328065, 0.328066, 0.328065, 0.328065, 0.328065, 0.328065
14.8726, 2, 0.321081, 0.32108, 2, 1.67892, 0, 0.32108, 0.32108, 0.32108, 0.32108, 0.32108, 0.32108, 0.32108, 0.32108, 0.32108, 0.32108, 0.32108, 0.32108, 0.32108, 0.32108, 0.32108, 0.32108, 0.32108, 0.32108, 0.32108, 0.321081, 0.32108, 0.32108, 0.32108, 0.32108
14.8805, 0, 0.314154, 0.314154, 1.41421, -0.314154, 0, 0.314154, 0.314154, 0.314154, 0.314154, 0.314154, 0.314154, 0.314154, 0.314154, 0.314154, 0.314154, 0.314154, 0.314154, 0.314154, 0.314154, 0.314154, 0.314154, 0.314154, 0.314154, 0.314154, 0.314154, 0.314154, 0.314154, 0.314154, 0.314154
14.8883, 4, 0.307219, 0.307218, 2.44949, 3.69278, 0, 0.307218, 0.307218, 0.307218, 0.307218, 0.307218, 0.307218, 0.307218, 0.307218, 0.307218, 0.307218, 0.307218, 0.307218, 0.307218, 0.307218, 0.307218, 0.307218, 0.307218, 0.307218, 0.307218, 0.307219, 0.307218, 0.307218, 0.307218, 0.307218
14.8962, 0, 0.300281, 0.30028, 1.41421, -0.300281, 0, 0.30028, 0.30028, 0.30028, 0.30028, 0.30028, 0.30028, 0.30028, 0.30028, 0.30028, 0.30028, 0.30028, 0.30028, 0.30028, 0.30028, 0.30028, 0.30028, 0.30028, 0.30028, 0.30028, 0.300281, 0.30028, 0.30028, 0.30028, 0.30028
14.9041, 0, 0.293364, 0.293363, 1.41421, -0.293364, 0, 0.293363, 0.293363, 0.293363, 0.293363, 0.293363, 0.293363, 0.293363, 0.293363, 0.293363, 0.293363, 0.293363, 0.293363, 0.293363, 0.293363, 0.293363, 0.293363, 0.293363, 0.293363, 0.293363, 0.293364, 0.293363, 0.293363, 0.293363, 0.293363
14.912, 0, 0.28649, 0.28649, 1.41421, -0.28649, 0, 0.28649, 0.28649, 0.28649, 0.28649, 0.28649, 0.28649, 0.28649, 0.28649, 0.28649, 0.28649, 0.28649, 0.28649, 0.28649, 0.28649, 0.28649, 0.28649, 0.28649, 0.28649, 0.28649, 0.28649, 0.28649, 0.28649, 0.28649, 0.28649
14.9199, 0, 0.279679, 0.279678, 1.41421, -0.279679, 0, 0.279678, 0.279678, 0.279678, 0.279678, 0.279678, 0.279678, 0.279678, 0.279678, 0.279678, 0.279678, 0.279678, 0.279678, 0.279678, 0.279678, 0.279678, 0.279678, 0.279678, 0.279678, 0.279678, 0.279679, 0.279678, 0.279678, 0.279678, 0.279678
14.9277, 6, 0.27295, 0.272949, 2.82843, 5.72705, 0, 0.272949, 0.272949, 0.272949, 0.272949, 0.272949, 0.272949, 0.272949, 0.272949, 0.272949, 0.272949, 0.272949, 0.272949, 0.272949, 0.272949, 0.272949, 0.272949, 0.272949, 0.272949, 0.272949, 0.27295, 0.272949, 0.272949, 0.272949, 0.272949
14.9356, 0, 0.266528, 0.266527, 1.41421, -0.266528, 0, 0.266527, 0.266527, 0.266527, 0.266527, 0.266527, 0.266527, 0.266527, 0.266527, 0.266527, 0.266527, 0.266527, 0.266527, 0.266527, 0.266527, 0.266527, 0.266527, 0.266527, 0.266527, 0.266527, 0.266528, 0.266527, 0.266527, 0.266527, 0.266527
14.9435, 2, 0.26003, 0.260029, 2, 1.73997, 0, 0.260029, 0.260029, 0.260029, 0.260029, 0.260029, 0.260029, 0.260029, 0.260029, 0.260029, 0.260029, 0.260029, 0.260029, 0.260029, 0.260029, 0.260029, 0.260029, 0.260029, 0.260029, 0.260029, 0.26003, 0.260029, 0.260029, 0.260029, 0.260029
14.9514, 2, 0.253485, 0.253485, 2, 1.74651, 0, 0.253485, 0.253485, 0.253485, 0.253485, 0.253485, 0.253485, 0.253485, 0.253485, 0.253485, 0.253485, 0.253485, 0.253485, 0.253485, 0.253485, 0.253485, 0.253485, 0.253485, 0.253485, 0.253485, 0.253485, 0.253485, 0.253485, 0.253485, 0.253485
14.9593, 2, 0.246962, 0.246961, 2, 1.75304, 0, 0.246961, 0.246961, 0.246961, 0.246961, 0.246961, 0.246961, 0.246961, 0.246961, 0.246961, 0.246961, 0.246961, 0.246961, 0.246961, 0.246961, 0.246961, 0.246961, 0.246961, 0.246961, 0.246961, 0.246962, 0.246961, 0.246961, 0.246961, 0.246961
14.9671, 2, 0.240523, 0.240522, 2, 1.75948, 0, 0.240522, 0.240522, 0.240522, 0.240522, 0.240522, 0.240522, 0.240522, 0.240522, 0.240522, 0.240522, 0.240522, 0.240522, 0.240522, 0.240522, 0.240522, 0.240522, 0.240522, 0.240522, 0.240522, 0.240523, 0.240522, 0.240522, 0.240522, 0.240522
14.975, 0, 0.234655, 0.234655, 1.41421, -0.234655, 0, 0.234655, 0.234655, 0.234655, 0.234655, 0.234655, 0.234655, 0.234655, 0.234655, 0.234655, 0.234655, 0.234655, 0.234655, 0.234655, 0.234655, 0.234655, 0.234655, 0.234655, 0.234655, 0.234655, 0.234655, 0.234655, 0.234655, 0.234655, 0.234655
14.9829, 0, 0.228612, 0.228611, 1.41421, -0.228612, 0, 0.228611, 0.228611, 0.228611, 0.228611, 0.228611, 0.228611, 0.228611, 0.228611, 0.228611, 0.228611, 0.228611, 0.228611, 0.228611, 0.228611, 0.228611, 0.228611, 0.228611, 0.228611, 0.228611, 0.228612, 0.228611, 0.228611, 0.228611, 0.228611
14.9908, 0, 0.22244, 0.222439, 1.41421, -0.22244, 0, 0.222439, 0.222439, 0.222439, 0.222439, 0.222439, 0.222439, 0.222439, 0.222439, 0.222439, 0.222439, 0.222439, 0.222439, 0.222439, 0.222439, 0.222439, 0.222439, 0.222439, 0.222439, 0.222439, 0.22244, 0.222439, 0.222439, 0.222439, 0.222439
14.9987, 2, 0.216249, 0.216248, 2, 1.78375, 0, 0.216248, 0.216248, 0.216248, 0.216248, 0.216248, 0.216248, 0.216248, 0.216248, 0.216248, 0.216248, 0.216248, 0.216248, 0.216248, 0.216248, 0.216248, 0.216248, 0.216248, 0.216248, 0.216248, 0.216249, 0.216248, 0.216248, 0.216248, 0.216248
15.0065, 0, 0.210146, 0.210145, 1.41421, -0.210146, 0, 0.210145, 0.210145, 0.210145, 0.210145, 0.210145, 0.210145, 0.210145, 0.210145, 0.210145, 0.210145, 0.210145, 0.210145, 0.210145, 0.210145, 0.210145, 0.210145, 0.210145, 0.210145, 0.210145, 0.210146, 0.210145, 0.210145, 0.210145, 0.210145
15.0144, 0, 0.204855, 0.204854, 1.41421, -0.204855, 0, 0.204854, 0.204854, 0.204854, 0.204854, 0.204854, 0.204854, 0.204854, 0.204854, 0.204854, 0.204854, 0.204854, 0.204854, 0.204854, 0.204854, 0.204854, 0.204854, 0.204854, 0.204854, 0.204854, 0.204855, 0.204854, 0.204854, 0.204854, 0.204854
15.0223, 0, 0.199276, 0.199276, 1.41421, -0.199276, 0, 0.199276, 0.199276, 0.199276, 0.199276, 0.199276, 0.199276, 0.199276, 0.199276, 0.199276, 0.199276, 0.199276, 0.199276, 0.199276, 0.199276, 0.199276, 0.199276, 0.199276, 0.199276, 0.199276, 0.199276, 0.199276, 0.199276, 0.199276, 0.199276
15.0302, 0, 0.19347, 0.193469, 1.41421, -0.19347, 0, 0.193469, 0.193469, 0.193469, 0.193469, 0.193469, 0.193469, 0.193469, 0.193469, 0.193469, 0.193469, 0.193469, 0.193469, 0.193469, 0.193469, 0.193469, 0.193469, 0.193469, 0.193469, 0.193469, 0.19347, 0.193469, 0.193469, 0.193469, 0.193469
15.0381, 0, 0.187599, 0.187598, 1.41421, -0.187599, 0, 0.187598, 0.187598, 0.187598, 0.187598, 0.187598, 0.187598, 0.187598, 0.187598, 0.187598, 0.187598, 0.187598, 0.187598, 0.187598, 0.187598, 0.187598, 0.187598, 0.187598, 0.187598, 0.187598, 0.187599, 0.187598, 0.187598, 0.187598, 0.187598
15.0459, 2, 0.181819, 0.181818, 2, 1.81818, 0, 0.181818, 0.181818, 0.181818, 0.181818, 0.181818, 0.181818, 0.181818, 0.181818, 0.181818, 0.181818, 0.181818, 0.181818, 0.181818, 0.181818, 0.181818, 0.181818, 0.181818, 0.181818, 0.181818, 0.181819, 0.181818, 0.181818, 0.181818, 0.181818
15.0538, 0, 0.181819, 0.181818, 1.41421, -0.181819, 0, 0.181818, 0.181818, 0.181818, 0.181818, 0.181818, 0.181818, 0.181818, 0.181818, 0.181818, 0.181818, 0.181818, 0.181818, 0.181818, 0.181818, 0.181818, 0.181818, 0.181818, 0.181818, 0.181818, 0.181819, 0.181818, 0.181818, 0.181818, 0.181818
15.0617, 0, 0.181819, 0.181818, 1.41421, -0.181819, 0, 0.181818, 0.181818, 0.181818, 0.181818, 0.181818, 0.181818, 0.181818, 0.181818, 0.181818, 0.181818, 0.181818, 0.181818, 0.181818, 0.181818, 0.181818, 0.181818, 0.181818, 0.181818, 0.181818, 0.181819, 0.181818, 0.181818, 0.181818, 0.181818
15.0696, 0, 0.184271, 0.18427, 1.41421, -0.184271, 0, 0.18427, 0.18427, 0.18427, 0.18427, 0.18427, 0.18427, 0.18427, 0.18427, 0.18427, 0.18427, 0.18427, 0.18427, 0.18427, 0.18427, 0.18427, 0.18427, 0.18427, 0.18427, 0.18427, 0.184271, 0.18427, 0.18427, 0.18427, 0.18427
15.0775, 0, 0.18647, 0.186469, 1.41421, -0.18647, 0, 0.186469, 0.186469, 0.186469, 0.186469, 0.186469, 0.186469, 0.186469, 0.186469, 0.186469, 0.186469, 0.186469, 0.186469, 0.186469, 0.186469, 0.186469, 0.186469, 0.186469, 0.186469, 0.186469, 0.18647, 0.186469, 0.186469, 0.186469, 0.186469
15.0853, 0, 0.188412, 0.188412, 1.41421, -0.188412, 0, 0.188412, 0.188412, 0.188412, 0.188412, 0.188412, 0.188412, 0.188412, 0.188412, 0.188412, 0.188412, 0.188412, 0.188412, 0.188412, 0.188412, 0.188412, 0.188412, 0.188412, 0.188412, 0.188412, 0.188412, 0.188412, 0.188412, 0.188412, 0.188412
15.0932, 0, 0.19023, 0.190229, 1.41421, -0.19023, 0, 0.190229, 0.190229, 0.190229, 0.190229, 0.190229, 0.190229, 0.190229, 0.190229, 0.190229, 0.190229, 0.190229, 0.190229, 0.190229, 0.190229, 0.190229, 0.190229, 0.190229, 0.190229, 0.190229, 0.19023, 0.190229, 0.190229, 0.190229, 0.190229
15.1011, 0, 0.192056, 0.192055, 1.41421, -0.192056, 0, 0.192055, 0.192055, 0.192055, 0.192055, 0.192055, 0.192055, 0.192055, 0.192055, 0.192055, 0.192055, 0.192055, 0.192055, 0.192055, 0.192055, 0.192055, 0.192055, 0.192055, 0.192055, 0.192055, 0.192056, 0.192055, 0.192055, 0.192055, 0.192055
15.109, 6, 0.194453, 0.194452, 2.82843, 5.80555, 0, 0.194452, 0.194452, 0.194452, 0.194452, 0.194452, 0.194452, 0.194452, 0.194452, 0.194452, 0.194452, 0.194452, 0.194452, 0.194452, 0.194452, 0.194452, 0.194452, 0.194452, 0.194452, 0.194452, 0.194453, 0.194452, 0.194452, 0.194452, 0.194452
15.1169, 0, 0.196666, 0.196665, 1.41421, -0.196666, 0, 0.196665, 0.196665, 0.196665, 0.196665, 0.196665, 0.196665, 0.196665, 0.196665, 0.196665, 0.196665, 0.196665, 0.196665, 0.196665, 0.196665, 0.196665, 0.196665, 0.196665, 0.196665, 0.196665, 0.196666, 0.196665, 0.196665, 0.196665, 0.196665
15.1247, 6, 0.198692, 0.198691, 2.82843, 5.80131, 0, 0.198691, 0.198691, 0.198691, 0.198691, 0.198691, 0.198691, 0.198691, 0.198691, 0.198691, 0.198691, 0.198691, 0.198691, 0.198691, 0.198691, 0.198691, 0.198691, 0.198691, 0.198691, 0.198691, 0.198692, 0.198691, 0.198691, 0.198691, 0.198691
15.1326, 0, 0.200628, 0.200627, 1.41421, -0.200628, 0, 0.200627, 0.200627, 0.200627, 0.200627, 0.200627, 0.200627, 0.200627, 0.200627, 0.200627, 0.200627, 0.200627, 0.200627, 0.200627, 0.200627, 0.200627, 0.200627, 0.200627, 0.200627, 0.200627, 0.200628, 0.200627, 0.200627, 0.200627, 0.200627
15.1405, 0, 0.202573, 0.202573, 1.41421, -0.202573, 0, 0.202573, 0.202573, 0.202573, 0.202573, 0.202573, 0.202573, 0.202573, 0.202573, 0.202573, 0.202573, 0.202573, 0.202573, 0.202573, 0.202573, 0.202573, 0.202573, 0.202573, 0.202573, 0.202573, 0.202573, 0.202573, 0.202573, 0.202573, 0.202573
15.1484, 0, 0.20479, 0.20479, 1.41421, -0.20479, 0, 0.20479, 0.20479, 0.20479, 0.20479, 0.20479, 0.20479, 0.20479, 0.20479, 0.20479, 0.20479, 0.20479, 0.20479, 0.20479, 0.20479, 0.20479, 0.20479, 0.20479, 0.20479, 0.20479, 0.20479, 0.20479, 0.20479, 0.20479, 0.20479
15.1563, 2, 0.206858, 0.206857, 2, 1.79314, 0, 0.206857, 0.206857, 0.206857, 0.206857, 0.206857, 0.206857, 0.206857, 0.206857, 0.206857, 0.206857, 0.206857, 0.206857, 0.206857, 0.206857, 0.206857, 0.206857, 0.206857, 0.206857, 0.206857, 0.206858, 0.206857, 0.206857, 0.206857, 0.206857
15.1641, 0, 0.208774, 0.208773, 1.41421, -0.208774, 0, 0.208773, 0.208773, 0.208773, 0.208773, 0.208773, 0.208773, 0.208773, 0.208773, 0.208773, 0.208773, 0.208773, 0.208773, 0.208773, 0.208773, 0.208773, 0.208773, 0.208773, 0.208773, 0.208773, 0.208774, 0.208773, 0.208773, 0.208773, 0.208773
15.172, 0, 0.210617, 0.210617, 1.41421, -0.210617, 0, 0.210617, 0.210617, 0.210617, 0.210617, 0.210617, 0.210617, 0.210617, 0.210617, 0.210617, 0.210617, 0.210617, 0.210617, 0.210617, 0.210617, 0.210617, 0.210617, 0.210617, 0.210617, 0.210617, 0.210617, 0.210617, 0.210617, 0.210617, 0.210617
15.1799, 2, 0.212469, 0.212468, 2, 1.78753, 0, 0.212468, 0.212468, 0.212468, 0.212468, 0.212468, 0.212468, 0.212468, 0.212468, 0.212468, 0.212468, 0.212468, 0.212468, 0.212468, 0.212468, 0.212468, 0.212468, 0.212468, 0.212468, 0.212468, 0.212469, 0.212468, 0.212468, 0.212468, 0.212468
15.1878, 4, 0.214656, 0.214655, 2.44949, 3.78534, 0, 0.214655, 0.214655, 0.214655, 0.214655, 0.214655, 0.214655, 0.214655, 0.214655, 0.214655, 0.214655, 0.214655, 0.214655, 0.214655, 0.214655, 0.214655, 0.214655, 0.214655, 0.214655, 0.214655, 0.214656, 0.214655, 0.214655, 0.214655, 0.214655
15.1957, 0, 0.216741, 0.21674, 1.41421, -0.216741, 0, 0.21674, 0.21674, 0.21674, 0.21674, 0.21674, 0.21674, 0.21674, 0.21674, 0.21674, 0.21674, 0.21674, 0.21674, 0.21674, 0.21674, 0.21674, 0.21674, 0.21674, 0.21674, 0.21674, 0.216741, 0.21674, 0.21674, 0.21674, 0.21674
15.2035, 2, 0.218723, 0.218722, 2, 1.78128, 0, 0.218722, 0.218722, 0.218722, 0.218722, 0.218722, 0.218722, 0.218722, 0.218722, 0.218722, 0.218722, 0.218722, 0.218722, 0.218722, 0.218722, 0.218722, 0.218722, 0.218722, 0.218722, 0.218722, 0.218723, 0.218722, 0.218722, 0.218722, 0.218722
15.2114, 0, 0.220645, 0.220644, 1.41421, -0.220645, 0, 0.220644, 0.220644, 0.220644, 0.220644, 0.220644, 0.220644, 0.220644, 0.220644, 0.220644, 0.220644, 0.220644, 0.220644, 0.220644, 0.220644, 0.220644, 0.220644, 0.220644, 0.220644, 0.220644, 0.220645, 0.220644, 0.220644, 0.220644, 0.220644
15.2193, 0, 0.222534, 0.222533, 1.41421, -0.222534, 0, 0.222533, 0.222533, 0.222533, 0.222533, 0.222533, 0.222533, 0.222533, 0.222533, 0.222533, 0.222533, 0.222533, 0.222533, 0.222533, 0.222533, 0.222533, 0.222533, 0.222533, 0.222533, 0.222533, 0.222534, 0.222533, 0.222533, 0.222533, 0.222533
15.2272, 2, 0.224407, 0.224406, 2, 1.77559, 0, 0.224406, 0.224406, 0.224406, 0.224406, 0.224406, 0.224406, 0.224406, 0.224406, 0.224406, 0.224406, 0.224406, 0.224406, 0.224406, 0.224406, 0.224406, 0.224406, 0.224406, 0.224406, 0.224406, 0.224407, 0.224406, 0.224406, 0.224406, 0.224406
15.2351, 2, 0.226238, 0.226237, 2, 1.77376, 0, 0.226237, 0.226237, 0.226237, 0.226237, 0.226237, 0.226237, 0.226237, 0.226237, 0.226237, 0.226237, 0.226237, 0.226237, 0.226237, 0.226237, 0.226237, 0.226237, 0.226237, 0.226237, 0.226237, 0.226238, 0.226237, 0.226237, 0.226237, 0.226237
15.2429, 6, 0.228032, 0.228031, 2.82843, 5.77197, 0, 0.228031, 0.228031, 0.228031, 0.228031, 0.228031, 0.228031, 0.228031, 0.228031, 0.228031, 0.228031, 0.228031, 0.228031, 0.228031, 0.228031, 0.228031, 0.228031, 0.228031, 0.228031, 0.228031, 0.228032, 0.228031, 0.228031, 0.228031, 0.228031
15.2508, 0, 0.229811, 0.229811, 1.41421, -0.229811, 0, 0.229811, 0.229811, 0.229811, 0.229811, 0.229811, 0.229811, 0.229811, 0.229811, 0.229811, 0.229811, 0.229811, 0.229811, 0.229811, 0.229811, 0.229811, 0.229811, 0.229811, 0.229811, 0.229811, 0.229811, 0.229811, 0.229811, 0.229811, 0.229811
15.2587, 0, 0.231597, 0.231597, 1.41421, -0.231597, 0, 0.231597, 0.231597, 0.231597, 0.231597, 0.231597, 0.231597, 0.231597, 0.231597, 0.231597, 0.231597, 0.231597, 0.231597, 0.231597, 0.231597, 0.231597, 0.231597, 0.231597, 0.231597, 0.231597, 0.231597, 0.231597, 0.231597, 0.231597, 0.231597
15.2666, 0, 0.233409, 0.233408, 1.41421, -0.233409, 0, 0.233408, 0.233408, 0.233408, 0.233408, 0.233408, 0.233408, 0.233408, 0.233408, 0.233408, 0.233408, 0.233408, 0.233408, 0.233408, 0.233408, 0.233408, 0.233408, 0.233408, 0.233408, 0.233408, 0.233409, 0.233408, 0.233408, 0.233408, 0.233408
15.2745, 0, 0.235213, 0.235212, 1.41421, -0.235213, 0, 0.235212, 0.235212, 0.235212, 0.235212, 0.235212, 0.235212, 0.235212, 0.235212, 0.235212, 0.235212, 0.235212, 0.235212, 0.235212, 0.235212, 0.235212, 0.235212, 0.235212, 0.235212, 0.235212, 0.235213, 0.235212, 0.235212, 0.235212, 0.235212
15.2823, 2, 0.237009, 0.237008, 2, 1.76299, 0, 0.237008, 0.237008, 0.237008, 0.237008, 0.237008, 0.237008, 0.237008, 0.237008, 0.237008, 0.237008, 0.237008, 0.237008, 0.237008, 0.237008, 0.237008, 0.237008, 0.237008, 0.237008, 0.237008, 0.237009, 0.237008, 0.237008, 0.237008, 0.237008
15.2902, 2, 0.2387, 0.2387, 2, 1.7613, 0, 0.2387, 0.2387, 0.2387, 0.2387, 0.2387, 0.2387, 0.2387, 0.2387, 0.2387, 0.2387, 0.2387, 0.2387, 0.2387, 0.2387, 0.2387, 0.2387, 0.2387, 0.2387, 0.2387, 0.2387, 0.2387, 0.2387, 0.2387, 0.2387
15.2981, 0, 0.24029, 0.240289, 1.41421, -0.24029, 0, 0.240289, 0.240289, 0.240289, 0.240289, 0.240289, 0.240289, 0.240289, 0.240289, 0.240289, 0.240289, 0.240289, 0.240289, 0.240289, 0.240289, 0.240289, 0.240289, 0.240289, 0.240289, 0.240289, 0.24029, 0.240289, 0.240289, 0.240289, 0.240289
15.306, 2, 0.241804, 0.241803, 2, 1.7582, 0, 0.241803, 0.241803, 0.241803, 0.241803, 0.241803, 0.241803, 0.241803, 0.241803, 0.241803, 0.241803, 0.241803, 0.241803, 0.241803, 0.241803, 0.241803, 0.241803, 0.241803, 0.241803, 0.241803, 0.241804, 0.241803, 0.241803, 0.241803, 0.241803
15.3139, 2, 0.243269, 0.243268, 2, 1.75673, 0, 0.243268, 0.243268, 0.243268, 0.243268, 0.243268, 0.243268, 0.243268, 0.243268, 0.243268, 0.243268, 0.243268, 0.243268, 0.243268, 0.243268, 0.243268, 0.243268, 0.243268, 0.243268, 0.243268, 0.243269, 0.243268, 0.243268, 0.243268, 0.243268
15.3217, 0, 0.244712, 0.244711, 1.41421, -0.244712, 0, 0.244711, 0.244711, 0.244711, 0.244711, 0.244711, 0.244711, 0.244711, 0.244711, 0.244711, 0.244711, 0.244711, 0.244711, 0.244711, 0.244711, 0.244711, 0.244711, 0.244711, 0.244711, 0.244711, 0.244712, 0.244711, 0.244711, 0.244711, 0.244711
15.3296, 2, 0.246159, 0.246158, 2, 1.75384, 0, 0.246158, 0.246158, 0.246158, 0.246158, 0.246158, 0.246158, 0.246158, 0.246158, 0.246158, 0.246158, 0.246158, 0.246158, 0.246158, 0.246158, 0.246158, 0.246158, 0.246158, 0.246158, 0.246158, 0.246159, 0.246158, 0.246158, 0.246158, 0.246158
15.3375, 2, 0.247754, 0.247753, 2, 1.75225, 0, 0.247753, 0.247753, 0.247753, 0.247753, 0.247753, 0.247753, 0.247753, 0.247753, 0.247753, 0.247753, 0.247753, 0.247753, 0.247753, 0.247753, 0.247753, 0.247753, 0.247753, 0.247753, 0.247753, 0.247754, 0.247753, 0.247753, 0.247753, 0.247753
15.3454, 2, 0.249265, 0.249265, 2, 1.75073, 0, 0.249265, 0.249265, 0.249265, 0.249265, 0.249265, 0.249265, 0.249265, 0.249265, 0.249265, 0.249265, 0.249265, 0.249265, 0.249265, 0.249265, 0.249265, 0.249265, 0.249265, 0.249265, 0.249265, 0.249265, 0.249265, 0.249265, 0.249265, 0.249265
15.3533, 2, 0.25071, 0.250709, 2, 1.74929, 0, 0.250709, 0.250709, 0.250709, 0.250709, 0.250709, 0.250709, 0.250709, 0.250709, 0.250709, 0.250709, 0.250709, 0.250709, 0.250709, 0.250709, 0.250709, 0.250709, 0.250709, 0.250709, 0.250709, 0.25071, 0.250709, 0.250709, 0.250709, 0.250709
15.3611, 0, 0.252123, 0.252123, 1.41421, -0.252123, 0, 0.252123, 0.252123, 0.252123, 0.252123, 0.252123, 0.252123, 0.252123, 0.252123, 0.252123, 0.252123, 0.252123, 0.252123, 0.252123, 0.252123, 0.252123, 0.252123, 0.252123, 0.252123, 0.252123, 0.252123, 0.252123, 0.252123, 0.252123, 0.252123
15.369, 0, 0.25344, 0.25344, 1.41421, -0.25344, 0, 0.25344, 0.25344, 0.25344, 0.25344, 0.25344, 0.25344, 0.25344, 0.25344, 0.25344, 0.25344, 0.25344, 0.25344, 0.25344, 0.25344, 0.25344, 0.25344, 0.25344, 0.25344, 0.25344, 0.25344, 0.25344, 0.25344, 0.25344, 0.25344
15.3769, 0, 0.25465, 0.254649, 1.41421, -0.25465, 0, 0.254649, 0.254649, 0.254649, 0.254649, 0.254649, 0.254649, 0.254649, 0.254649, 0.254649, 0.254649, 0.254649, 0.254649, 0.254649, 0.254649, 0.254649, 0.254649, 0.254649, 0.254649, 0.254649, 0.25465, 0.254649, 0.254649, 0.254649, 0.254649
15.3848, 4, 0.255767, 0.255767, 2.44949, 3.74423, 0, 0.255767, 0.255767, 0.255767, 0.255767, 0.255767, 0.255767, 0.255767, 0.255767, 0.255767, 0.255767, 0.255767, 0.255767, 0.255767, 0.255767, 0.255767, 0.255767, 0.255767, 0.255767, 0.255767, 0.255767, 0.255767, 0.255767, 0.255767, 0.255767
15.3927, 0, 0.256821, 0.25682, 1.41421, -0.256821, 0, 0.25682, 0.25682, 0.25682, 0.25682, 0.25682, 0.25682, 0.25682, 0.25682, 0.25682, 0.25682, 0.25682, 0.25682, 0.25682, 0.25682, 0.25682, 0.25682, 0.25682, 0.25682, 0.25682, 0.256821, 0.25682, 0.25682, 0.25682, 0.25682
15.4005, 4, 0.257843, 0.257842, 2.44949, 3.74216, 0, 0.257842, 0.257842, 0.257842, 0.257842, 0.257842, 0.257842, 0.257842, 0.257842, 0.257842, 0.257842, 0.257842, 0.257842, 0.257842, 0.257842, 0.257842, 0.257842, 0.257842, 0.257842, 0.257842, 0.257842, 0.257842, 0.257842, 0.257842, 0.257842
15.4084, 2, 0.258866, 0.258866, 2, 1.74113, 0, 0.258866, 0.258866, 0.258866, 0.258866, 0.258866, 0.258866, 0.258866, 0.258866, 0.258866, 0.258866, 0.258866, 0.258866, 0.258866, 0.258866, 0.258866, 0.258866, 0.258866, 0.258866, 0.258866, 0.258866, 0.258866, 0.258866, 0.258866, 0.258866
15.4163, 0, 0.260116, 0.260115, 1.41421, -0.260116, 0, 0.260115, 0.260115, 0.260115, 0.260115, 0.260115, 0.260115, 0.260115, 0.260115, 0.260115, 0.260115, 0.260115, 0.260115, 0.260115, 0.260115, 0.260115, 0.260115, 0.260115, 0.260115, 0.260115, 0.260116, 0.260115, 0.260115, 0.260115, 0.260115
15.4242, 0, 0.261251, 0.26125, 1.41421, -0.261251, 0, 0.26125, 0.26125, 0.26125, 0.26125, 0.26125, 0.26125, 0.26125, 0.26125, 0.26125, 0.26125, 0.26125, 0.26125, 0.26125, 0.26125, 0.26125, 0.26125, 0.26125, 0.26125, 0.26125, 0.261251, 0.26125, 0.26125, 0.26125, 0.26125
15.4321, 0, 0.262283, 0.262282, 1.41421, -0.262283, 0, 0.262282, 0.262282, 0.262282, 0.262282, 0.262282, 0.262282, 0.262282, 0.262282, 0.262282, 0.262282, 0.262282, 0.262282, 0.262282, 0.262282, 0.262282, 0.262282, 0.262282, 0.262282, 0.262282, 0.262283, 0.262282, 0.262282, 0.262282, 0.262282
15.4399, 2, 0.263264, 0.263263, 2, 1.73674, 0, 0.263263, 0.263263, 0.263263, 0.263263, 0.263263, 0.263263, 0.263263, 0.263263, 0.263263, 0.263263, 0.263263, 0.263263, 0.263263, 0.263263, 0.263263, 0.263263, 0.263263, 0.263263, 0.263263, 0.263264, 0.263263, 0.263263, 0.263263, 0.263263
15.4478, 0, 0.264129, 0.264128, 1.41421, -0.264129, 0, 0.264128, 0.264128, 0.264128, 0.264128, 0.264128, 0.264128, 0.264128, 0.264128, 0.264128, 0.264128, 0.264128, 0.264128, 0.264128, 0.264128, 0.264128, 0.264128, 0.264128, 0.264128, 0.264128, 0.264128, 0.264128, 0.264128, 0.264128, 0.264128
15.4557, 0, 0.264889, 0.264888, 1.41421, -0.264889, 0, 0.264888, 0.264888, 0.264888, 0.264888, 0.264888, 0.264888, 0.264888, 0.264888, 0.264888, 0.264888, 0.264888, 0.264888, 0.264888, 0.264888, 0.264888, 0.264888, 0.264888, 0.264888, 0.264888, 0.264889, 0.264888, 0.264889, 0.264888, 0.264888
15.4636, 0, 0.265543, 0.265542, 1.41421, -0.265543, 0, 0.265542, 0.265542, 0.265542, 0.265542, 0.265542, 0.265542, 0.265542, 0.265542, 0.265542, 0.265542, 0.265542, 0.265542, 0.265542, 0.265542, 0.265542, 0.265542, 0.265542, 0.265542, 0.265542, 0.265542, 0.265542, 0.265542, 0.265542, 0.265542
15.4715, 0, 0.266115, 0.266114, 1.41421, -0.266115, 0, 0.266114, 0.266114, 0.266114, 0.266114, 0.266114, 0.266114, 0.266114, 0.266114, 0.266114, 0.266114, 0.266114, 0.266114, 0.266114, 0.266114, 0.266114, 0.266114, 0.266114, 0.266114, 0.266114, 0.266114, 0.266114, 0.266114, 0.266114, 0.266114
15.4793, 2, 0.266646, 0.266645, 2, 1.73335, 0, 0.266645, 0.266645, 0.266645, 0.266645, 0.266645, 0.266645, 0.266645, 0.266645, 0.266645, 0.266645, 0.266645, 0.266645, 0.266645, 0.266645, 0.266645, 0.266645, 0.266645, 0.266645, 0.266645, 0.266646, 0.266645, 0.266646, 0.266645, 0.266645
15.4872, 6, 0.267179, 0.267177, 2.82843, 5.73282, 0, 0.267177, 0.267177, 0.267177, 0.267177, 0.267177, 0.267177, 0.267177, 0.267177, 0.267177, 0.267177, 0.267177, 0.267177, 0.267177, 0.267177, 0.267177, 0.267177, 0.267177, 0.267177, 0.267177, 0.267178, 0.267177, 0.267178, 0.267177, 0.267177
15.4951, 2, 0.267942, 0.26794, 2, 1.73206, 0, 0.26794, 0.26794, 0.26794, 0.26794, 0.26794, 0.26794, 0.26794, 0.26794, 0.26794, 0.26794, 0.26794, 0.26794, 0.26794, 0.26794, 0.26794, 0.26794, 0.26794, 0.26794, 0.26794, 0.267941, 0.26794, 0.267942, 0.26794, 0.26794
15.503, 2, 0.268589, 0.268587, 2, 1.73141, 0, 0.268587, 0.268587, 0.268587, 0.268587, 0.268587, 0.268587, 0.268587, 0.268587, 0.268587, 0.268587, 0.268587, 0.268587, 0.268587, 0.268587, 0.268587, 0.268587, 0.268587, 0.268587, 0.268587, 0.268588, 0.268587, 0.268589, 0.268587, 0.268587
15.5109, 0, 0.269135, 0.269133, 1.41421, -0.269135, 0, 0.269133, 0.269133, 0.269133, 0.269133, 0.269133, 0.269133, 0.269133, 0.269133, 0.269133, 0.269133, 0.269133, 0.269133, 0.269133, 0.269133, 0.269133, 0.269133, 0.269133, 0.269133, 0.269133, 0.269133, 0.269133, 0.269135, 0.269133, 0.269133
15.5187, 0, 0.269598, 0.269595, 1.41421, -0.269598, 0, 0.269595, 0.269595, 0.269595, 0.269595, 0.269595, 0.269595, 0.269595, 0.269595, 0.269595, 0.269595, 0.269595, 0.269595, 0.269595, 0.269595, 0.269595, 0.269595, 0.269595, 0.269595, 0.269595, 0.269596, 0.269595, 0.269598, 0.269595, 0.269595
15.5266, 2, 0.269944, 0.26994, 2, 1.73006, 0, 0.26994, 0.26994, 0.26994, 0.26994, 0.26994, 0.26994, 0.26994, 0.26994, 0.26994, 0.26994, 0.26994, 0.26994, 0.26994, 0.26994, 0.26994, 0.26994, 0.26994, 0.26994, 0.26994, 0.26994, 0.26994, 0.269943, 0.26994, 0.26994
15.5345, 0, 0.270192, 0.270187, 1.41421, -0.270192, 0, 0.270187, 0.270187, 0.270187, 0.270187, 0.270187, 0.270187, 0.270187, 0.270187, 0.270187, 0.270187, 0.270187, 0.270187, 0.270187, 0.270187, 0.270187, 0.270187, 0.270187, 0.270187, 0.270187, 0.270188, 0.270187, 0.270191, 0.270187, 0.270187
15.5424, 0, 0.27032, 0.270315, 1.41421, -0.27032, 0, 0.270315, 0.270315, 0.270315, 0.270315, 0.270315, 0.270315, 0.270315, 0.270315, 0.270315, 0.270315, 0.270315, 0.270315, 0.270315, 0.270315, 0.270315, 0.270315, 0.270315, 0.270315, 0.270315, 0.270315, 0.270315, 0.27032, 0.270315, 0.270315
15.5503, 2, 0.270354, 0.270347, 2, 1.72965, 0, 0.270347, 0.270347, 0.270347, 0.270347, 0.270347, 0.270347, 0.270347, 0.270347, 0.270347, 0.270347, 0.270347, 0.270347, 0.270347, 0.270347, 0.270347, 0.270347, 0.270347, 0.270347, 0.270347, 0.270347, 0.270347, 0.270353, 0.270347, 0.270347
15.5581, 0, 0.270339, 0.270331, 1.41421, -0.270339, 0, 0.270331, 0.270331, 0.270331, 0.270331, 0.270331, 0.270331, 0.270331, 0.270331, 0.270331, 0.270331, 0.270331, 0.270331, 0.270331, 0.270331, 0.270331, 0.270331, 0.270331, 0.270331, 0.270331, 0.270332, 0.270331, 0.270339, 0.270331, 0.270331
15.566, 6, 0.270325, 0.270315, 2.82843, 5.72967, 0, 0.270315, 0.270315, 0.270315, 0.270315, 0.270315, 0.270315, 0.270315, 0.270315, 0.270315, 0.270315, 0.270315, 0.270315, 0.270315, 0.270315, 0.270315, 0.270315, 0.270315, 0.270315, 0.270315, 0.270316, 0.270315, 0.270325, 0.270315, 0.270315
15.5739, 2, 0.27053, 0.270518, 2, 1.72947, 0, 0.270518, 0.270518, 0.270518, 0.270518, 0.270518, 0.270518, 0.270518, 0.270518, 0.270518, 0.270518, 0.270518, 0.270518, 0.270518, 0.270518, 0.270518, 0.270518, 0.270518, 0.270518, 0.270518, 0.270518, 0.270518, 0.270529, 0.270518, 0.270518
15.5818, 0, 0.270615, 0.2706, 1.41421, -0.270615, 0, 0.2706, 0.2706, 0.2706, 0.2706, 0.2706, 0.2706, 0.2706, 0.2706, 0.2706, 0.2706, 0.2706, 0.2706, 0.2706, 0.2706, 0.2706, 0.2706, 0.2706, 0.2706, 0.2706, 0.2706, 0.2706, 0.270614, 0.2706, 0.2706
15.5897, 2, 0.270598, 0.270581, 2, 1.7294, 0, 0.270581, 0.270581, 0.270581, 0.270581, 0.270581, 0.270581, 0.270581, 0.270581, 0.270581, 0.270581, 0.270581, 0.270581, 0.270581, 0.270581, 0.270581, 0.270581, 0.270581, 0.270581, 0.270581, 0.270581, 0.270581, 0.270598, 0.270581, 0.270581
15.5975, 0, 0.270482, 0.270461, 1.41421, -0.270482, 0, 0.270461, 0.270461, 0.270461, 0.270461, 0.270461, 0.270461, 0.270461, 0.270461, 0.270461, 0.270461, 0.270461, 0.270461, 0.270461, 0.270461, 0.270461, 0.270461, 0.270461, 0.270461, 0.270461, 0.270462, 0.270461, 0.270482, 0.270461, 0.270461
15.6054, 6, 0.270256, 0.27023, 2.82843, 5.72974, 0, 0.27023, 0.27023, 0.27023, 0.27023, 0.27023, 0.27023, 0.27023, 0.27023, 0.27023, 0.27023, 0.27023, 0.27023, 0.27023, 0.27023, 0.27023, 0.27023, 0.27023, 0.27023, 0.27023, 0.27023, 0.27023, 0.270255, 0.27023, 0.27023
15.6133, 0, 0.269943, 0.269912, 1.41421, -0.269943, 0, 0.269912, 0.269912, 0.269912, 0.269912, 0.269912, 0.269912, 0.269912, 0.269912, 0.269912, 0.269912, 0.269912, 0.269912, 0.269912, 0.269912, 0.269912, 0.269912, 0.269912, 0.269912, 0.269912, 0.269913, 0.269912, 0.269942, 0.269912, 0.269912
15.6212, 2, 0.26951, 0.269473, 2, 1.73049, 0, 0.269473, 0.269473, 0.269473, 0.269473, 0.269473, 0.269473, 0.269473, 0.269473, 0.269473, 0.269473, 0.269473, 0.269473, 0.269473, 0.269473, 0.269473, 0.269473, 0.269473, 0.269473, 0.269473, 0.269474, 0.269473, 0.269509, 0.269473, 0.269473
15.6291, 0, 0.268979, 0.268935, 1.41421, -0.268979, 0, 0.268935, 0.268935, 0.268935, 0.268935, 0.268935, 0.268935, 0.268935, 0.268935, 0.268935, 0.268935, 0.268935, 0.268935, 0.268935, 0.268935, 0.268935, 0.268935, 0.268935, 0.268935, 0.268935, 0.268936, 0.268935, 0.268978, 0.268935, 0.268935
15.6369, 0, 0.268399, 0.268348, 1.41421, -0.268399, 0, 0.268348, 0.268348, 0.268348, 0.268348, 0.268348, 0.268348, 0.268348, 0.268348, 0.268348, 0.268348, 0.268348, 0.268348, 0.268348, 0.268348, 0.268348, 0.268348, 0.268348, 0.268348, 0.268348, 0.268348, 0.268348, 0.268399, 0.268348, 0.268348
15.6448, 2, 0.267822, 0.267761, 2, 1.73218, 0, 0.267761, 0.267761, 0.267761, 0.267761, 0.267761, 0.267761, 0.267761, 0.267761, 0.267761, 0.267761, 0.267761, 0.267761, 0.267761, 0.267761, 0.267761, 0.267761, 0.267761, 0.267761, 0.267761, 0.267761, 0.267761, 0.267821, 0.267761, 0.267761
15.6527, 0, 0.267429, 0.267357, 1.41421, -0.267429, 0, 0.267357, 0.267357, 0.267357, 0.267357, 0.267357, 0.267357, 0.267357, 0.267357, 0.267357, 0.267357, 0.267357, 0.267357, 0.267357, 0.267357, 0.267357, 0.267357, 0.267357, 0.267357, 0.267357, 0.267358, 0.267357, 0.267428, 0.267357, 0.267357
15.6606, 0, 0.266919, 0.266835, 1.41421, -0.266919, 0, 0.266835, 0.266835, 0.266835, 0.266835, 0.266835, 0.266835, 0.266835, 0.266835, 0.266835, 0.266835, 0.266835, 0.266835, 0.266835, 0.266835, 0.266835, 0.266835, 0.266835, 0.266835, 0.266835, 0.266836, 0.266835, 0.266918, 0.266835, 0.266835
15.6685, 6, 0.266313, 0.266216, 2.82843, 5.73369, 0, 0.266216, 0.266216, 0.266216, 0.266216, 0.266216, 0.266216, 0.266216, 0.266216, 0.266216, 0.266216, 0.266216, 0.266216, 0.266216, 0.266216, 0.266216, 0.266216, 0.266216, 0.266216, 0.266216, 0.266217, 0.266216, 0.266313, 0.266216, 0.266216
15.6763, 2, 0.265597, 0.265484, 2, 1.7344, 0, 0.265484, 0.265484, 0.265484, 0.265484, 0.265484, 0.265484, 0.265484, 0.265484, 0.265484, 0.265484, 0.265484, 0.265484, 0.265484, 0.265484, 0.265484, 0.265484, 0.265484, 0.265484, 0.265484, 0.265485, 0.265484, 0.265596, 0.265484, 0.265484
15.6842, 2, 0.264785, 0.264655, 2, 1.73522, 0, 0.264655, 0.264655, 0.264655, 0.264655, 0.264655, 0.264655, 0.264655, 0.264655, 0.264655, 0.264655, 0.264655, 0.264655, 0.264655, 0.264655, 0.264655, 0.264655, 0.264655, 0.264655, 0.264655, 0.264656, 0.264655, 0.264784, 0.264655, 0.264655
15.6921, 0, 0.263905, 0.263756, 1.41421, -0.263905, 0, 0.263756, 0.263756, 0.263756, 0.263756, 0.263756, 0.263756, 0.263756, 0.263756, 0.263756, 0.263756, 0.263756, 0.263756, 0.263756, 0.263756, 0.263756, 0.263756, 0.263756, 0.263756, 0.263756, 0.263757, 0.263756, 0.263904, 0.263756, 0.263756
15.7, 0, 0.262911, 0.26274, 1.41421, -0.262911, 0, 0.26274, 0.26274, 0.26274, 0.26274, 0.26274, 0.26274, 0.26274, 0.26274, 0.26274, 0.26274, 0.26274, 0.26274, 0.26274, 0.26274, 0.26274, 0.26274, 0.26274, 0.26274, 0.26274, 0.262741, 0.26274, 0.26291, 0.26274, 0.26274
15.7079, 0, 0.26182, 0.261626, 1.41421, -0.26182, 0, 0.261626, 0.261626, 0.261626, 0.261626, 0.261626, 0.261626, 0.261626, 0.261626, 0.261626, 0.261626, 0.261626, 0.261626, 0.261626, 0.261626, 0.261626, 0.261626, 0.261626, 0.261626, 0.261626, 0.261627, 0.261626, 0.261819, 0.261626, 0.261626
15.7157, 4, 0.260684, 0.260464, 2.44949, 3.73932, 0, 0.260464, 0.260464, 0.260464, 0.260464, 0.260464, 0.260464, 0.260464, 0.260464, 0.260464, 0.260464, 0.260464, 0.260464, 0.260464, 0.260464, 0.260464, 0.260464, 0.260464, 0.260464, 0.260464, 0.260465, 0.260464, 0.260683, 0.260464, 0.260464
15.7236, 0, 0.259553, 0.259304, 1.41421, -0.259553, 0, 0.259304, 0.259304, 0.259304, 0.259304, 0.259304, 0.259304, 0.259304, 0.259304, 0.259304, 0.259304, 0.259304, 0.259304, 0.259304, 0.259304, 0.259304, 0.259304, 0.259304, 0.259304, 0.259304, 0.259305, 0.259304, 0.259552, 0.259304, 0.259304
15.7315, 0, 0.25851, 0.25823, 1.41421, -0.25851, 0, 0.25823, 0.25823, 0.25823, 0.25823, 0.25823, 0.25823, 0.25823, 0.25823, 0.25823, 0.25823, 0.25823, 0.25823, 0.25823, 0.25823, 0.25823, 0.25823, 0.25823, 0.25823, 0.25823, 0.258231, 0.25823, 0.258509, 0.25823, 0.25823
15.7394, 0, 0.257381, 0.257068, 1.41421, -0.257381, 0, 0.257068, 0.257068, 0.257068, 0.257068, 0.257068, 0.257068, 0.257068, 0.257068, 0.257068, 0.257068, 0.257068, 0.257068, 0.257068, 0.257068, 0.257068, 0.257068, 0.257068, 0.257068, 0.257068, 0.257068, 0.257068, 0.25738, 0.257068, 0.257068
15.7473, 0, 0.256186, 0.255836, 1.41421, -0.256186, 0, 0.255836, 0.255836, 0.255836, 0.255836, 0.255836, 0.255836, 0.255836, 0.255836, 0.255836, 0.255836, 0.255836, 0.255836, 0.255836, 0.255836, 0.255836, 0.255836, 0.255836, 0.255836, 0.255836, 0.255837, 0.255836, 0.256185, 0.255836, 0.255836
15.7551, 2, 0.254885, 0.254496, 2, 1.74511, 0, 0.254496, 0.254496, 0.254496, 0.254496, 0.254496, 0.254496, 0.254496, 0.254496, 0.254496, 0.254496, 0.254496, 0.254496, 0.254496, 0.254496, 0.254496, 0.254496, 0.254496, 0.254496, 0.254496, 0.254497, 0.254496, 0.254884, 0.254496, 0.254496
15.763, 2, 0.253497, 0.253066, 2, 1.7465, 0, 0.253066, 0.253066, 0.253066, 0.253066, 0.253066, 0.253066, 0.253066, 0.253066, 0.253066, 0.253066, 0.253066, 0.253066, 0.253066, 0.253066, 0.253066, 0.253066, 0.253066, 0.253066, 0.253066, 0.253066, 0.253066, 0.253496, 0.253066, 0.253066
15.7709, 0, 0.252049, 0.251574, 1.41421, -0.252049, 0, 0.251574, 0.251574, 0.251574, 0.251574, 0.251574, 0.251574, 0.251574, 0.251574, 0.251574, 0.251574, 0.251574, 0.251574, 0.251574, 0.251574, 0.251574, 0.251574, 0.251574, 0.251574, 0.251574, 0.251574, 0.251574, 0.252048, 0.251574, 0.251574
15.7788, 0, 0.250529, 0.250006, 1.41421, -0.250529, 0, 0.250006, 0.250006, 0.250006, 0.250006, 0.250006, 0.250006, 0.250006, 0.250006, 0.250006, 0.250006, 0.250006, 0.250006, 0.250006, 0.250006, 0.250006, 0.250006, 0.250006, 0.250006, 0.250006, 0.250007, 0.250006, 0.250528, 0.250006, 0.250006
15.7867, 2, 0.248952, 0.24838, 2, 1.75105, 0, 0.24838, 0.24838, 0.24838, 0.24838, 0.24838, 0.24838, 0.24838, 0.24838, 0.24838, 0.24838, 0.24838, 0.24838, 0.24838, 0.24838, 0.24838, 0.24838, 0.24838, 0.24838, 0.24838, 0.24838, 0.24838, 0.248951, 0.24838, 0.24838
15.7945, 2, 0.247352, 0.246727, 2, 1.75265, 0, 0.246727, 0.246727, 0.246727, 0.246727, 0.246727, 0.246727, 0.246727, 0.246727, 0.246727, 0.246727, 0.246727, 0.246727, 0.246727, 0.246727, 0.246727, 0.246727, 0.246727, 0.246727, 0.246727, 0.246728, 0.246727, 0.247351, 0.246727, 0.246727
15.8024, 2, 0.245755, 0.245075, 2, 1.75425, 0, 0.245075, 0.245075, 0.245075, 0.245075, 0.245075, 0.245075, 0.245075, 0.245075, 0.245075, 0.245075, 0.245075, 0.245075, 0.245075, 0.245075, 0.245075, 0.245075, 0.245075, 0.245075, 0.245075, 0.245076, 0.245075, 0.245754, 0.245075, 0.245075
15.8103, 4, 0.244091, 0.243354, 2.44949, 3.75591, 0, 0.243354, 0.243354, 0.243354, 0.243354, 0.243354, 0.243354, 0.243354, 0.243354, 0.243354, 0.243354, 0.243354, 0.243354, 0.243354, 0.243354, 0.243354, 0.243354, 0.243354, 0.243354, 0.243354, 0.243355, 0.243354, 0.24409, 0.243354, 0.243354
15.8182, 0, 0.242362, 0.241566, 1.41421, -0.242362, 0, 0.241566, 0.241566, 0.241566, 0.241566, 0.241566, 0.241566, 0.241566, 0.241566, 0.241566, 0.241566, 0.241566, 0.241566, 0.241566, 0.241566, 0.241566, 0.241566, 0.241566, 0.241566, 0.241566, 0.241567, 0.241566, 0.242361, 0.241566, 0.241566
15.8261, 2, 0.240587, 0.23973, 2, 1.75941, 0, 0.23973, 0.23973, 0.23973, 0.23973, 0.23973, 0.23973, 0.23973, 0.23973, 0.23973, 0.23973, 0.23973, 0.23973, 0.23973, 0.23973, 0.23973, 0.23973, 0.23973, 0.23973, 0.23973, 0.239731, 0.23973, 0.240586, 0.23973, 0.23973
15.8339, 0, 0.238733, 0.237813, 1.41421, -0.238733, 0, 0.237813, 0.237813, 0.237813, 0.237813, 0.237813, 0.237813, 0.237813, 0.237813, 0.237813, 0.237813, 0.237813, 0.237813, 0.237813, 0.237813, 0.237813, 0.237813, 0.237813, 0.237813, 0.237813, 0.237814, 0.237813, 0.238732, 0.237813, 0.237813
15.8418, 2, 0.236814, 0.235831, 2, 1.76319, 0, 0.235831, 0.235831, 0.235831, 0.235831, 0.235831, 0.235831, 0.235831, 0.235831, 0.235831, 0.235831, 0.235831, 0.235831, 0.235831, 0.235831, 0.235831, 0.235831, 0.235831, 0.235831, 0.235831, 0.235831, 0.235831, 0.236813, 0.235831, 0.235831
15.8497, 2, 0.23484, 0.233791, 2, 1.76516, 0, 0.233791, 0.233791, 0.233791, 0.233791, 0.233791, 0.233791, 0.233791, 0.233791, 0.233791, 0.233791, 0.233791, 0.233791, 0.233791, 0.233791, 0.233791, 0.233791, 0.233791, 0.233791, 0.233791, 0.233792, 0.233791, 0.234839, 0.233791, 0.233791
15.8576, 0, 0.232814, 0.231699, 1.41421, -0.232814, 0, 0.231699, 0.231699, 0.231699, 0.231699, 0.231699, 0.231699, 0.231699, 0.231699, 0.231699, 0.231699, 0.231699, 0.231699, 0.231699, 0.231699, 0.231699, 0.231699, 0.231699, 0.231699, 0.231699, 0.2317, 0.231699, 0.232813, 0.231699, 0.231699
15.8655, 2, 0.230754, 0.229572, 2, 1.76925, 0, 0.229572, 0.229572, 0.229572, 0.229572, 0.229572, 0.229572, 0.229572, 0.229572, 0.229572, 0.229572, 0.229572, 0.229572, 0.229572, 0.229572, 0.229572, 0.229572, 0.229572, 0.229572, 0.229572, 0.229573, 0.229572, 0.230753, 0.229572, 0.229572
15.8733, 0, 0.228663, 0.227414, 1.41421, -0.228663, 0, 0.227414, 0.227414, 0.227414, 0.227414, 0.227414, 0.227414, 0.227414, 0.227414, 0.227414, 0.227414, 0.227414, 0.227414, 0.227414, 0.227414, 0.227414, 0.227414, 0.227414, 0.227414, 0.227414, 0.227415, 0.227414, 0.228662, 0.227414, 0.227414
15.8812, 0, 0.226488, 0.225172, 1.41421, -0.226488, 0, 0.225172, 0.225172, 0.225172, 0.225172, 0.225172, 0.225172, 0.225172, 0.225172, 0.225172, 0.225172, 0.225172, 0.225172, 0.225172, 0.225172, 0.225172, 0.225172, 0.225172, 0.225172, 0.225172, 0.225173, 0.225172, 0.226487, 0.225172, 0.225172
15.8891, 0, 0.224241, 0.222858, 1.41421, -0.224241, 0, 0.222858, 0.222858, 0.222858, 0.222858, 0.222858, 0.222858, 0.222858, 0.222858, 0.222858, 0.222858, 0.222858, 0.222858, 0.222858, 0.222858, 0.222858, 0.222858, 0.222858, 0.222858, 0.222858, 0.222859, 0.222858, 0.22424, 0.222858, 0.222858
15.897, 0, 0.221929, 0.220479, 1.41421, -0.221929, 0, 0.220479, 0.220479, 0.220479, 0.220479, 0.220479, 0.220479, 0.220479, 0.220479, 0.220479, 0.220479, 0.220479, 0.220479, 0.220479, 0.220479, 0.220479, 0.220479, 0.220479, 0.220479, 0.220479, 0.22048, 0.220479, 0.221928, 0.220479, 0.220479
15.9049, 2, 0.219573, 0.218057, 2, 1.78043, 0, 0.218057, 0.218057, 0.218057, 0.218057, 0.218057, 0.218057, 0.218057, 0.218057, 0.218057, 0.218057, 0.218057, 0.218057, 0.218057, 0.218057, 0.218057, 0.218057, 0.218057, 0.218057, 0.218057, 0.218058, 0.218057, 0.219572, 0.218057, 0.218057
15.9127, 0, 0.217163, 0.215582, 1.41421, -0.217163, 0, 0.215582, 0.215582, 0.215582, 0.215582, 0.215582, 0.215582, 0.215582, 0.215582, 0.215582, 0.215582, 0.215582, 0.215582, 0.215582, 0.215582, 0.215582, 0.215582, 0.215582, 0.215582, 0.215582, 0.215583, 0.215582, 0.217163, 0.215582, 0.215582
15.9206, 0, 0.214684, 0.213039, 1.41421, -0.214684, 0, 0.213039, 0.213039, 0.213039, 0.213039, 0.213039, 0.213039, 0.213039, 0.213039, 0.213039, 0.213039, 0.213039, 0.213039, 0.213039, 0.213039, 0.213039, 0.213039, 0.213039, 0.213039, 0.213039, 0.21304, 0.213039, 0.214684, 0.213039, 0.213039
15.9285, 0, 0.212154, 0.210446, 1.41421, -0.212154, 0, 0.210446, 0.210446, 0.210446, 0.210446, 0.210446, 0.210446, 0.210446, 0.210446, 0.210446, 0.210446, 0.210446, 0.210446, 0.210446, 0.210446, 0.210446, 0.210446, 0.210446, 0.210446, 0.210446, 0.210447, 0.210446, 0.212153, 0.210446, 0.210446
15.9364, 4, 0.20957, 0.2078, 2.44949, 3.79043, 0, 0.2078, 0.2078, 0.2078, 0.2078, 0.2078, 0.2078, 0.2078, 0.2078, 0.2078, 0.2078, 0.2078, 0.2078, 0.2078, 0.2078, 0.2078, 0.2078, 0.2078, 0.2078, 0.2078, 0.207801, 0.2078, 0.20957, 0.2078, 0.2078
15.9443, 2, 0.20691, 0.20508, 2, 1.79309, 0, 0.20508, 0.20508, 0.20508, 0.20508, 0.20508, 0.20508, 0.20508, 0.20508, 0.20508, 0.20508, 0.20508, 0.20508, 0.20508, 0.20508, 0.20508, 0.20508, 0.20508, 0.20508, 0.20508, 0.205081, 0.20508, 0.206909, 0.20508, 0.20508
15.9521, 0, 0.204182, 0.202294, 1.41421, -0.204182, 0, 0.202294, 0.202294, 0.202294, 0.202294, 0.202294, 0.202294, 0.202294, 0.202294, 0.202294, 0.202294, 0.202294, 0.202294, 0.202294, 0.202294, 0.202294, 0.202294, 0.202294, 0.202294, 0.202294, 0.202295, 0.202294, 0.204182, 0.202294, 0.202294
15.96, 2, 0.201371, 0.199426, 2, 1.79863, 0, 0.199426, 0.199426, 0.199426, 0.199426, 0.199426, 0.199426, 0.199426, 0.199426, 0.199426, 0.199426, 0.199426, 0.199426, 0.199426, 0.199426, 0.199426, 0.199426, 0.199426, 0.199426, 0.199426, 0.199427, 0.199426, 0.20137, 0.199426, 0.199426
15.9679, 0, 0.198497, 0.196498, 1.41421, -0.198497, 0, 0.196498, 0.196498, 0.196498, 0.196498, 0.196498, 0.196498, 0.196498, 0.196498, 0.196498, 0.196498, 0.196498, 0.196498, 0.196498, 0.196498, 0.196498, 0.196498, 0.196498, 0.196498, 0.196498, 0.196499, 0.196498, 0.198497, 0.196498, 0.196498
15.9758, 0, 0.195546, 0.193494, 1.41421, -0.195546, 0, 0.193494, 0.193494, 0.193494, 0.193494, 0.193494, 0.193494, 0.193494, 0.193494, 0.193494, 0.193494, 0.193494, 0.193494, 0.193494, 0.193494, 0.193494, 0.193494, 0.193494, 0.193494, 0.193494, 0.193494, 0.193494, 0.195545, 0.193494, 0.193494
15.9837, 0, 0.192538, 0.190435, 1.41421, -0.192538, 0, 0.190435, 0.190435, 0.190435, 0.190435, 0.190435, 0.190435, 0.190435, 0.190435, 0.190435, 0.190435, 0.190435, 0.190435, 0.190435, 0.190435, 0.190435, 0.190435, 0.190435, 0.190435, 0.190435, 0.190436, 0.190435, 0.192538, 0.190435, 0.190435
15.9915, 0, 0.1895, 0.187348, 1.41421, -0.1895, 0, 0.187348, 0.187348, 0.187348, 0.187348, 0.187348, 0.187348, 0.187348, 0.187348, 0.187348, 0.187348, 0.187348, 0.187348, 0.187348, 0.187348, 0.187348, 0.187348, 0.187348, 0.187348, 0.187348, 0.187349, 0.187348, 0.1895, 0.187348, 0.187348
15.9994, 6, 0.186453, 0.184253, 2.82843, 5.81355, 0, 0.184253, 0.184253, 0.184253, 0.184253, 0.184253, 0.184253, 0.184253, 0.184253, 0.184253, 0.184253, 0.184253, 0.184253, 0.184253, 0.184253, 0.184253, 0.184253, 0.184253, 0.184253, 0.184253, 0.184254, 0.184253, 0.186452, 0.184253, 0.184253
16.0073, 2, 0.183412, 0.181167, 2, 1.81659, 0, 0.181167, 0.181167, 0.181167, 0.181167, 0.181167, 0.181167, 0.181167, 0.181167, 0.181167, 0.181167, 0.181167, 0.181167, 0.181167, 0.181167, 0.181167, 0.181167, 0.181167, 0.181167, 0.181167, 0.181168, 0.181167, 0.183412, 0.181167, 0.181167
16.0152, 0, 0.180382, 0.178093, 1.41421, -0.180382, 0, 0.178093, 0.178093, 0.178093, 0.178093, 0.178093, 0.178093, 0.178093, 0.178093, 0.178093, 0.178093, 0.178093, 0.178093, 0.178093, 0.178093, 0.178093, 0.178093, 0.178093, 0.178093, 0.178093, 0.178094, 0.178093, 0.180381, 0.178093, 0.178093
16.0231, 2, 0.177304, 0.174972, 2, 1.8227, 0, 0.174972, 0.174972, 0.174972, 0.174972, 0.174972, 0.174972, 0.174972, 0.174972, 0.174972, 0.174972, 0.174972, 0.174972, 0.174972, 0.174972, 0.174972, 0.174972, 0.174972, 0.174972, 0.174972, 0.174973, 0.174972, 0.177303, 0.174972, 0.174972
16.0309, 0, 0.174159, 0.171787, 1.41421, -0.174159, 0, 0.171787, 0.171787, 0.171787, 0.171787, 0.171787, 0.171787, 0.171787, 0.171787, 0.171787, 0.171787, 0.171787, 0.171787, 0.171787, 0.171787, 0.171787, 0.171787, 0.171787, 0.171787, 0.171787, 0.171788, 0.171787, 0.174159, 0.171787, 0.171787
16.0388, 0, 0.170969, 0.168558, 1.41421, -0.170969, 0, 0.168558, 0.168558, 0.168558, 0.168558, 0.168558, 0.168558, 0.168558, 0.168558, 0.168558, 0.168558, 0.168558, 0.168558, 0.168558, 0.168558, 0.168558, 0.168558, 0.168558, 0.168558, 0.168558, 0.168558, 0.168558, 0.170969, 0.168558, 0.168558
16.0467, 2, 0.167772, 0.165323, 2, 1.83223, 0, 0.165323, 0.165323, 0.165323, 0.165323, 0.165323, 0.165323, 0.165323, 0.165323, 0.165323, 0.165323, 0.165323, 0.165323, 0.165323, 0.165323, 0.165323, 0.165323, 0.165323, 0.165323, 0.165323, 0.165323, 0.165323, 0.167772, 0.165323, 0.165323
16.0546, 0, 0.164606, 0.162119, 1.41421, -0.164606, 0, 0.162119, 0.162119, 0.162119, 0.162119, 0.162119, 0.162119, 0.162119, 0.162119, 0.162119, 0.162119, 0.162119, 0.162119, 0.162119, 0.162119, 0.162119, 0.162119, 0.162119, 0.162119, 0.162119, 0.16212, 0.162119, 0.164605, 0.162119, 0.162119
16.0625, 0, 0.161463, 0.158941, 1.41421, -0.161463, 0, 0.158941, 0.158941, 0.158941, 0.158941, 0.158941, 0.158941, 0.158941, 0.158941, 0.158941, 0.158941, 0.158941, 0.158941, 0.158941, 0.158941, 0.158941, 0.158941, 0.158941, 0.158941, 0.158941, 0.158941, 0.158941, 0.161463, 0.158941, 0.158941
16.0703, 0, 0.158203, 0.155645, 1.41421, -0.158203, 0, 0.155645, 0.155645, 0.155645, 0.155645, 0.155645, 0.155645, 0.155645, 0.155645, 0.155645, 0.155645, 0.155645, 0.155645, 0.155645, 0.155645, 0.155645, 0.155645, 0.155645, 0.155645, 0.155645, 0.155646, 0.155645, 0.158202, 0.155645, 0.155645
16.0782, 0, 0.154853, 0.152262, 1.41421, -0.154853, 0, 0.152262, 0.152262, 0.152262, 0.152262, 0.152262, 0.152262, 0.152262, 0.152262, 0.152262, 0.152262, 0.152262, 0.152262, 0.152262, 0.152262, 0.152262, 0.152262, 0.152262, 0.152262, 0.152262, 0.152262, 0.152262, 0.154853, 0.152262, 0.152262
16.0861, 0, 0.15148, 0.148854, 1.41421, -0.15148, 0, 0.148854, 0.148854, 0.148854, 0.148854, 0.148854, 0.148854, 0.148854, 0.148854, 0.148854, 0.148854, 0.148854, 0.148854, 0.148854, 0.148854, 0.148854, 0.148854, 0.148854, 0.148854, 0.148854, 0.148855, 0.148854, 0.151479, 0.148854, 0.148854
16.094, 0, 0.148144, 0.145486, 1.41421, -0.148144, 0, 0.145486, 0.145486, 0.145486, 0.145486, 0.145486, 0.145486, 0.145486, 0.145486, 0.145486, 0.145486, 0.145486, 0.145486, 0.145486, 0.145486, 0.145486, 0.145486, 0.145486, 0.145486, 0.145486, 0.145487, 0.145486, 0.148143, 0.145486, 0.145486
16.1019, 2, 0.145295, 0.142604, 2, 1.85471, 0, 0.142604, 0.142604, 0.142604, 0.142604, 0.142604, 0.142604, 0.142604, 0.142604, 0.142604, 0.142604, 0.142604, 0.142604, 0.142604, 0.142604, 0.142604, 0.142604, 0.142604, 0.142604, 0.142604, 0.142605, 0.142604, 0.145294, 0.142604, 0.142604
16.1097, 2, 0.142247, 0.139525, 2, 1.85775, 0, 0.139525, 0.139525, 0.139525, 0.139525, 0.139525, 0.139525, 0.139525, 0.139525, 0.139525, 0.139525, 0.139525, 0.139525, 0.139525, 0.139525, 0.139525, 0.139525, 0.139525, 0.139525, 0.139525, 0.139525, 0.139525, 0.142246, 0.139525, 0.139525
16.1176, 0, 0.139045, 0.136291, 1.41421, -0.139045, 0, 0.136291, 0.136291, 0.136291, 0.136291, 0.136291, 0.136291, 0.136291, 0.136291, 0.136291, 0.136291, 0.136291, 0.136291, 0.136291, 0.136291, 0.136291, 0.136291, 0.136291, 0.136291, 0.136291, 0.136291, 0.136291, 0.139044, 0.136291, 0.136291
16.1255, 0, 0.135787, 0.133002, 1.41421, -0.135787, 0, 0.133002, 0.133002, 0.133002, 0.133002, 0.133002, 0.133002, 0.133002, 0.133002, 0.133002, 0.133002, 0.133002, 0.133002, 0.133002, 0.133002, 0.133002, 0.133002, 0.133002, 0.133002, 0.133002, 0.133002, 0.133002, 0.135787, 0.133002, 0.133002
16.1334, 2, 0.13257, 0.129753, 2, 1.86743, 0, 0.129753, 0.129753, 0.129753, 0.129753, 0.129753, 0.129753, 0.129753, 0.129753, 0.129753, 0.129753, 0.129753, 0.129753, 0.129753, 0.129753, 0.129753, 0.129753, 0.129753, 0.129753, 0.129753, 0.129753, 0.129753, 0.132569, 0.129753, 0.129753
16.1413, 0, 0.129703, 0.126854, 1.41421, -0.129703, 0, 0.126854, 0.126854, 0.126854, 0.126854, 0.126854, 0.126854, 0.126854, 0.126854, 0.126854, 0.126854, 0.126854, 0.126854, 0.126854, 0.126854, 0.126854, 0.126854, 0.126854, 0.126854, 0.126854, 0.126855, 0.126854, 0.129702, 0.126854, 0.126854
16.1491, 2, 0.126621, 0.12374, 2, 1.87338, 0, 0.12374, 0.12374, 0.12374, 0.12374, 0.12374, 0.12374, 0.12374, 0.12374, 0.12374, 0.12374, 0.12374, 0.12374, 0.12374, 0.12374, 0.12374, 0.12374, 0.12374, 0.12374, 0.12374, 0.123741, 0.12374, 0.12662, 0.12374, 0.12374
16.157, 0, 0.123368, 0.120455, 1.41421, -0.123368, 0, 0.120455, 0.120455, 0.120455, 0.120455, 0.120455, 0.120455, 0.120455, 0.120455, 0.120455, 0.120455, 0.120455, 0.120455, 0.120455, 0.120455, 0.120455, 0.120455, 0.120455, 0.120455, 0.120455, 0.120456, 0.120455, 0.123367, 0.120455, 0.120455
16.1649, 0, 0.120055, 0.117111, 1.41421, -0.120055, 0, 0.117111, 0.117111, 0.117111, 0.117111, 0.117111, 0.117111, 0.117111, 0.117111, 0.117111, 0.117111, 0.117111, 0.117111, 0.117111, 0.117111, 0.117111, 0.117111, 0.117111, 0.117111, 0.117111, 0.117111, 0.117111, 0.120054, 0.117111, 0.117111
16.1728, 0, 0.11679, 0.113813, 1.41421, -0.11679, 0, 0.113813, 0.113813, 0.113813, 0.113813, 0.113813, 0.113813, 0.113813, 0.113813, 0.113813, 0.113813, 0.113813, 0.113813, 0.113813, 0.113813, 0.113813, 0.113813, 0.113813, 0.113813, 0.113813, 0.113814, 0.113813, 0.116789, 0.113813, 0.113813
16.1807, 0, 0.114179, 0.111169, 1.41421, -0.114179, 0, 0.111169, 0.111169, 0.111169, 0.111169, 0.111169, 0.111169, 0.111169, 0.111169, 0.111169, 0.111169, 0.111169, 0.111169, 0.111169, 0.111169, 0.111169, 0.111169, 0.111169, 0.111169, 0.111169, 0.11117, 0.111169, 0.114178, 0.111169, 0.111169
16.1885, 2, 0.111319, 0.108276, 2, 1.88868, 0, 0.108276, 0.108276, 0.108276, 0.108276, 0.108276, 0.108276, 0.108276, 0.108276, 0.108276, 0.108276, 0.108276, 0.108276, 0.108276, 0.108276, 0.108276, 0.108276, 0.108276, 0.108276, 0.108276, 0.108277, 0.108276, 0.111318, 0.108276, 0.108276
16.1964, 0, 0.108264, 0.105187, 1.41421, -0.108264, 0, 0.105187, 0.105187, 0.105187, 0.105187, 0.105187, 0.105187, 0.105187, 0.105187, 0.105187, 0.105187, 0.105187, 0.105187, 0.105187, 0.105187, 0.105187, 0.105187, 0.105187, 0.105187, 0.105187, 0.105188, 0.105187, 0.108263, 0.105187, 0.105187
16.2043, 0, 0.105139, 0.102029, 1.41421, -0.105139, 0, 0.102029, 0.102029, 0.102029, 0.102029, 0.102029, 0.102029, 0.102029, 0.102029, 0.102029, 0.102029, 0.102029, 0.102029, 0.102029, 0.102029, 0.102029, 0.102029, 0.102029, 0.102029, 0.102029, 0.102029, 0.102029, 0.105138, 0.102029, 0.102029
16.2122, 4, 0.102063, 0.0989179, 2.44949, 3.89794, 0, 0.0989179, 0.0989179, 0.0989179, 0.0989179, 0.0989179, 0.0989179, 0.0989179, 0.0989179, 0.0989179, 0.0989179, 0.0989179, 0.0989179, 0.0989179, 0.0989179, 0.0989179, 0.0989179, 0.0989179, 0.0989179, 0.0989179, 0.0989186, 0.0989179, 0.102062, 0.0989179, 0.0989179
16.2201, 4, 0.0994836, 0.0963038, 2.44949, 3.90052, 0, 0.0963038, 0.0963038, 0.0963038, 0.0963038, 0.0963038, 0.0963038, 0.0963038, 0.0963038, 0.0963038, 0.0963038, 0.0963038, 0.0963038, 0.0963038, 0.0963038, 0.0963038, 0.0963038, 0.0963038, 0.0963038, 0.0963038, 0.0963046, 0.0963038, 0.0994828, 0.0963038, 0.0963038
16.2279, 2, 0.0966656, 0.0934501, 2, 1.90333, 0, 0.0934501, 0.0934501, 0.0934501, 0.0934501, 0.0934501, 0.0934501, 0.0934501, 0.0934501, 0.0934501, 0.0934501, 0.0934501, 0.0934501, 0.0934501, 0.0934501, 0.0934501, 0.0934501, 0.0934501, 0.0934501, 0.0934501, 0.0934509, 0.0934501, 0.0966648, 0.0934501, 0.0934501
16.2358, 0, 0.0936583, 0.0904066, 1.41421, -0.0936583, 0, 0.0904066, 0.0904066, 0.0904066, 0.0904066, 0.0904066, 0.0904066, 0.0904066, 0.0904066, 0.0904066, 0.0904066, 0.0904066, 0.0904066, 0.0904066, 0.0904066, 0.0904066, 0.0904066, 0.0904066, 0.0904066, 0.0904066, 0.0904073, 0.0904066, 0.0936575, 0.0904066, 0.0904066
16.2437, 0, 0.0905876, 0.087299, 1.41421, -0.0905876, 0, 0.087299, 0.087299, 0.087299, 0.087299, 0.087299, 0.087299, 0.087299, 0.087299, 0.087299, 0.087299, 0.087299, 0.087299, 0.087299, 0.087299, 0.087299, 0.087299, 0.087299, 0.087299, 0.087299, 0.0872998, 0.087299, 0.0905869, 0.087299, 0.087299
16.2516, 2, 0.087572, 0.0842459, 2, 1.91243, 0, 0.0842459, 0.0842459, 0.0842459, 0.0842459, 0.0842459, 0.0842459, 0.0842459, 0.0842459, 0.0842459, 0.0842459, 0.0842459, 0.0842459, 0.0842459, 0.0842459, 0.0842459, 0.0842459, 0.0842459, 0.0842459, 0.0842459, 0.0842467, 0.0842459, 0.0875712, 0.0842459, 0.0842459
16.2595, 0, 0.0852323, 0.081868, 1.41421, -0.0852323, 0, 0.081868, 0.081868, 0.081868, 0.081868, 0.081868, 0.081868, 0.081868, 0.081868, 0.081868, 0.081868, 0.081868, 0.081868, 0.081868, 0.081868, 0.081868, 0.081868, 0.081868, 0.081868, 0.081868, 0.0818688, 0.081868, 0.0852316, 0.081868, 0.081868
16.2673, 6, 0.082651, 0.0792478, 2.82843, 5.91735, 0, 0.0792478, 0.0792478, 0.0792478, 0.0792478, 0.0792478, 0.0792478, 0.0792478, 0.0792478, 0.0792478, 0.0792478, 0.0792478, 0.0792478, 0.0792478, 0.0792478, 0.0792478, 0.0792478, 0.0792478, 0.0792478, 0.0792478, 0.0792486, 0.0792478, 0.0826503, 0.0792478, 0.0792478
16.2752, 0, 0.0798818, 0.0764391, 1.41421, -0.0798818, 0, 0.0764391, 0.0764391, 0.0764391, 0.0764391, 0.0764391, 0.0764391, 0.0764391, 0.0764391, 0.0764391, 0.0764391, 0.0764391, 0.0764391, 0.0764391, 0.0764391, 0.0764391, 0.0764391, 0.0764391, 0.0764391, 0.0764391, 0.0764398, 0.0764391, 0.079881, 0.0764391, 0.0764391
16.2831, 0, 0.0770506, 0.0735676, 1.41421, -0.0770506, 0, 0.0735676, 0.0735676, 0.0735676, 0.0735676, 0.0735676, 0.0735676, 0.0735676, 0.0735676, 0.0735676, 0.0735676, 0.0735676, 0.0735676, 0.0735676, 0.0735676, 0.0735676, 0.0735676, 0.0735676, 0.0735676, 0.0735676, 0.0735684, 0.0735676, 0.0770498, 0.0735676, 0.0735676
16.291, 0, 0.0742751, 0.0707511, 1.41421, -0.0742751, 0, 0.0707511, 0.0707511, 0.0707511, 0.0707511, 0.0707511, 0.0707511, 0.0707511, 0.0707511, 0.0707511, 0.0707511, 0.0707511, 0.0707511, 0.0707511, 0.0707511, 0.0707511, 0.0707511, 0.0707511, 0.0707511, 0.0707511, 0.0707519, 0.0707511, 0.0742743, 0.0707511, 0.0707511
16.2989, 4, 0.0720248, 0.0684591, 2.44949, 3.92798, 0, 0.0684591, 0.0684591, 0.0684591, 0.0684591, 0.0684591, 0.0684591, 0.0684591, 0.0684591, 0.0684591, 0.0684591, 0.0684591, 0.0684591, 0.0684591, 0.0684591, 0.0684591, 0.0684591, 0.0684591, 0.0684591, 0.0684591, 0.0684599, 0.0684591, 0.072024, 0.0684591, 0.0684591
16.3067, 2, 0.0695575, 0.0659494, 2, 1.93044, 0, 0.0659494, 0.0659494, 0.0659494, 0.0659494, 0.0659494, 0.0659494, 0.0659494, 0.0659494, 0.0659494, 0.0659494, 0.0659494, 0.0659494, 0.0659494, 0.0659494, 0.0659494, 0.0659494, 0.0659494, 0.0659494, 0.0659494, 0.0659502, 0.0659494, 0.0695567, 0.0659494, 0.0659494
16.3146, 0, 0.0669224, 0.0632711, 1.41421, -0.0669224, 0, 0.0632711, 0.0632711, 0.0632711, 0.0632711, 0.0632711, 0.0632711, 0.0632711, 0.0632711, 0.0632711, 0.0632711, 0.0632711, 0.0632711, 0.0632711, 0.0632711, 0.0632711, 0.0632711, 0.0632711, 0.0632711, 0.0632711, 0.0632719, 0.0632711, 0.0669216, 0.0632711, 0.0632711
16.3225, 0, 0.0642382, 0.0605431, 1.41421, -0.0642382, 0, 0.0605431, 0.0605431, 0.0605431, 0.0605431, 0.0605431, 0.0605431, 0.0605431, 0.0605431, 0.0605431, 0.0605431, 0.0605431, 0.0605431, 0.0605431, 0.0605431, 0.0605431, 0.0605431, 0.0605431, 0.0605431, 0.0605431, 0.0605439, 0.0605431, 0.0642374, 0.0605431, 0.0605431
16.3304, 0, 0.0616148, 0.0578751, 1.41421, -0.0616148, 0, 0.0578751, 0.0578751, 0.0578751, 0.0578751, 0.0578751, 0.0578751, 0.0578751, 0.0578751, 0.0578751, 0.0578751, 0.0578751, 0.0578751, 0.0578751, 0.0578751, 0.0578751, 0.0578751, 0.0578751, 0.0578751, 0.0578751, 0.0578759, 0.0578751, 0.0616141, 0.0578751, 0.0578751
16.3383, 2, 0.0596056, 0.0558206, 2, 1.94039, 0, 0.0558206, 0.0558206, 0.0558206, 0.0558206, 0.0558206, 0.0558206, 0.0558206, 0.0558206, 0.0558206, 0.0558206, 0.0558206, 0.0558206, 0.0558206, 0.0558206, 0.0558206, 0.0558206, 0.0558206, 0.0558206, 0.0558206, 0.0558214, 0.0558206, 0.0596048, 0.0558206, 0.0558206
16.3461, 2, 0.0573925, 0.0535615, 2, 1.94261, 0, 0.0535615, 0.0535615, 0.0535615, 0.0535615, 0.0535615, 0.0535615, 0.0535615, 0.0535615, 0.0535615, 0.0535615, 0.0535615, 0.0535615, 0.0535615, 0.0535615, 0.0535615, 0.0535615, 0.0535615, 0.0535615, 0.0535615, 0.0535623, 0.0535615, 0.0573917, 0.0535615, 0.0535615
16.354, 0, 0.0550244, 0.0511466, 1.41421, -0.0550244, 0, 0.0511466, 0.0511466, 0.0511466, 0.0511466, 0.0511466, 0.0511466, 0.0511466, 0.0511466, 0.0511466, 0.0511466, 0.0511466, 0.0511466, 0.0511466, 0.0511466, 0.0511466, 0.0511466, 0.0511466, 0.0511466, 0.0511466, 0.0511474, 0.0511466, 0.0550236, 0.0511466, 0.0511466
16.3619, 2, 0.052614, 0.0486887, 2, 1.94739, 0, 0.0486887, 0.0486887, 0.0486887, 0.0486887, 0.0486887, 0.0486887, 0.0486887, 0.0486887, 0.0486887, 0.0486887, 0.0486887, 0.0486887, 0.0486887, 0.0486887, 0.0486887, 0.0486887, 0.0486887, 0.0486887, 0.0486887, 0.0486895, 0.0486887, 0.0526132, 0.0486887, 0.0486887
16.3698, 0, 0.0502648, 0.0462914, 1.41421, -0.0502648, 0, 0.0462914, 0.0462914, 0.0462914, 0.0462914, 0.0462914, 0.0462914, 0.0462914, 0.0462914, 0.0462914, 0.0462914, 0.0462914, 0.0462914, 0.0462914, 0.0462914, 0.0462914, 0.0462914, 0.0462914, 0.0462914, 0.0462914, 0.0462922, 0.0462914, 0.050264, 0.0462914, 0.0462914
16.3777, 2, 0.0484035, 0.0443812, 2, 1.9516, 0, 0.0443812, 0.0443812, 0.0443812, 0.0443812, 0.0443812, 0.0443812, 0.0443812, 0.0443812, 0.0443812, 0.0443812, 0.0443812, 0.0443812, 0.0443812, 0.0443812, 0.0443812, 0.0443812, 0.0443812, 0.0443812, 0.0443812, 0.044382, 0.0443812, 0.0484028, 0.0443812, 0.0443812
16.3855, 0, 0.046369, 0.0422971, 1.41421, -0.046369, 0, 0.0422971, 0.0422971, 0.0422971, 0.0422971, 0.0422971, 0.0422971, 0.0422971, 0.0422971, 0.0422971, 0.0422971, 0.0422971, 0.0422971, 0.0422971, 0.0422971, 0.0422971, 0.0422971, 0.0422971, 0.0422971, 0.0422971, 0.0422979, 0.0422971, 0.0463683, 0.0422971, 0.0422971
16.3934, 0, 0.0442058, 0.0400836, 1.41421, -0.0442058, 0, 0.0400836, 0.0400836, 0.0400836, 0.0400836, 0.0400836, 0.0400836, 0.0400836, 0.0400836, 0.0400836, 0.0400836, 0.0400836, 0.0400836, 0.0400836, 0.0400836, 0.0400836, 0.0400836, 0.0400836, 0.0400836, 0.0400836, 0.0400843, 0.0400836, 0.0442051, 0.0400836, 0.0400836
16.4013, 0, 0.0420157, 0.0378423, 1.41421, -0.0420157, 0, 0.0378423, 0.0378423, 0.0378423, 0.0378423, 0.0378423, 0.0378423, 0.0378423, 0.0378423, 0.0378423, 0.0378423, 0.0378423, 0.0378423, 0.0378423, 0.0378423, 0.0378423, 0.0378423, 0.0378423, 0.0378423, 0.0378423, 0.0378431, 0.0378423, 0.0420149, 0.0378423, 0.0378423
16.4092, 4, 0.0398907, 0.0356656, 2.44949, 3.96011, 0, 0.0356656, 0.0356656, 0.0356656, 0.0356656, 0.0356656, 0.0356656, 0.0356656, 0.0356656, 0.0356656, 0.0356656, 0.0356656, 0.0356656, 0.0356656, 0.0356656, 0.0356656, 0.0356656, 0.0356656, 0.0356656, 0.0356656, 0.0356664, 0.0356656, 0.0398899, 0.0356656, 0.0356656
16.4171, 2, 0.0382758, 0.0339981, 2, 1.96172, 0, 0.0339981, 0.0339981, 0.0339981, 0.0339981, 0.0339981, 0.0339981, 0.0339981, 0.0339981, 0.0339981, 0.0339981, 0.0339981, 0.0339981, 0.0339981, 0.0339981, 0.0339981, 0.0339981, 0.0339981, 0.0339981, 0.0339981, 0.0339989, 0.0339981, 0.038275, 0.0339981, 0.0339981
16.4249, 0, 0.0365102, 0.0321793, 1.41421, -0.0365102, 0, 0.0321793, 0.0321793, 0.0321793, 0.0321793, 0.0321793, 0.0321793, 0.0321793, 0.0321793, 0.0321793, 0.0321793, 0.0321793, 0.0321793, 0.0321793, 0.0321793, 0.0321793, 0.0321793, 0.0321793, 0.0321793, 0.0321793, 0.0321801, 0.0321793, 0.0365094, 0.0321793, 0.0321793
16.4328, 0, 0.0346357, 0.0302508, 1.41421, -0.0346357, 0, 0.0302508, 0.0302508, 0.0302508, 0.0302508, 0.0302508, 0.0302508, 0.0302508, 0.0302508, 0.0302508, 0.0302508, 0.0302508, 0.0302508, 0.0302508, 0.0302508, 0.0302508, 0.0302508, 0.0302508, 0.0302508, 0.0302508, 0.0302515, 0.0302508, 0.0346349, 0.0302508, 0.0302508
16.4407, 0, 0.0327443, 0.0283047, 1.41421, -0.0327443, 0, 0.0283047, 0.0283047, 0.0283047, 0.0283047, 0.0283047, 0.0283047, 0.0283047, 0.0283047, 0.0283047, 0.0283047, 0.0283047, 0.0283047, 0.0283047, 0.0283047, 0.0283047, 0.0283047, 0.0283047, 0.0283047, 0.0283047, 0.0283055, 0.0283047, 0.0327435, 0.0283047, 0.0283047
16.4486, 2, 0.0309184, 0.0264233, 2, 1.96908, 0, 0.0264233, 0.0264233, 0.0264233, 0.0264233, 0.0264233, 0.0264233, 0.0264233, 0.0264233, 0.0264233, 0.0264233, 0.0264233, 0.0264233, 0.0264233, 0.0264233, 0.0264233, 0.0264233, 0.0264233, 0.0264233, 0.0264233, 0.0264241, 0.0264233, 0.0309177, 0.0264233, 0.0264233
16.4565, 0, 0.0295017, 0.0249503, 1.41421, -0.0295017, 0, 0.0249503, 0.0249503, 0.0249503, 0.0249503, 0.0249503, 0.0249503, 0.0249503, 0.0249503, 0.0249503, 0.0249503, 0.0249503, 0.0249503, 0.0249503, 0.0249503, 0.0249503, 0.0249503, 0.0249503, 0.0249503, 0.0249503, 0.0249511, 0.0249503, 0.0295009, 0.0249503, 0.0249503
16.4643, 2, 0.0279669, 0.0233585, 2, 1.97203, 0, 0.0233585, 0.0233585, 0.0233585, 0.0233585, 0.0233585, 0.0233585, 0.0233585, 0.0233585, 0.0233585, 0.0233585, 0.0233585, 0.0233585, 0.0233585, 0.0233585, 0.0233585, 0.0233585, 0.0233585, 0.0233585, 0.0233585, 0.0233593, 0.0233585, 0.0279662, 0.0233585, 0.0233585
16.4722, 0, 0.0263518, 0.0216856, 1.41421, -0.0263518, 0, 0.0216856, 0.0216856, 0.0216856, 0.0216856, 0.0216856, 0.0216856, 0.0216856, 0.0216856, 0.0216856, 0.0216856, 0.0216856, 0.0216856, 0.0216856, 0.0216856, 0.0216856, 0.0216856, 0.0216856, 0.0216856, 0.0216856, 0.0216864, 0.0216856, 0.026351, 0.0216856, 0.0216856
16.4801, 0, 0.0247355, 0.0200107, 1.41421, -0.0247355, 0, 0.0200107, 0.0200107, 0.0200107, 0.0200107, 0.0200107, 0.0200107, 0.0200107, 0.0200107, 0.0200107, 0.0200107, 0.0200107, 0.0200107, 0.0200107, 0.0200107, 0.0200107, 0.0200107, 0.0200107, 0.0200107, 0.0200107, 0.0200115, 0.0200107, 0.0247347, 0.0200107, 0.0200107
16.488, 2, 0.0231872, 0.0184031, 2, 1.97681, 0, 0.0184031, 0.0184031, 0.0184031, 0.0184031, 0.0184031, 0.0184031, 0.0184031, 0.0184031, 0.0184031, 0.0184031, 0.0184031, 0.0184031, 0.0184031, 0.0184031, 0.0184031, 0.0184031, 0.0184031, 0.0184031, 0.0184031, 0.0184039, 0.0184031, 0.0231864, 0.0184031, 0.0184031
16.4959, 0, 0.0220212, 0.017177, 1.41421, -0.0220212, 0, 0.017177, 0.017177, 0.017177, 0.017177, 0.017177, 0.017177, 0.017177, 0.017177, 0.017177, 0.017177, 0.017177, 0.017177, 0.017177, 0.017177, 0.017177, 0.017177, 0.017177, 0.017177, 0.017177, 0.0171778, 0.017177, 0.0220205, 0.017177, 0.017177
16.5037, 2, 0.0207664, 0.0158612, 2, 1.97923, 0, 0.0158612, 0.0158612, 0.0158612, 0.0158612, 0.0158612, 0.0158612, 0.0158612, 0.0158612, 0.0158612, 0.0158612, 0.0158612, 0.0158612, 0.0158612, 0.0158612, 0.0158612, 0.0158612, 0.0158612, 0.0158612, 0.0158612, 0.015862, 0.0158612, 0.0207656, 0.0158612, 0.0158612
16.5116, 2, 0.0194552, 0.0144882, 2, 1.98054, 0, 0.0144882, 0.0144882, 0.0144882, 0.0144882, 0.0144882, 0.0144882, 0.0144882, 0.0144882, 0.0144882, 0.0144882, 0.0144882, 0.0144882, 0.0144882, 0.0144882, 0.0144882, 0.0144882, 0.0144882, 0.0144882, 0.0144882, 0.014489, 0.0144882, 0.0194544, 0.0144882, 0.0144882
16.5195, 0, 0.0181548, 0.0131252, 1.41421, -0.0181548, 0, 0.0131252, 0.0131252, 0.0131252, 0.0131252, 0.0131252, 0.0131252, 0.0131252, 0.0131252, 0.0131252, 0.0131252, 0.0131252, 0.0131252, 0.0131252, 0.0131252, 0.0131252, 0.0131252, 0.0131252, 0.0131252, 0.0131252, 0.013126, 0.0131252, 0.018154, 0.0131252, 0.0131252
16.5274, 0, 0.0169226, 0.0118296, 1.41421, -0.0169226, 0, 0.0118296, 0.0118296, 0.0118296, 0.0118296, 0.0118296, 0.0118296, 0.0118296, 0.0118296, 0.0118296, 0.0118296, 0.0118296, 0.0118296, 0.0118296, 0.0118296, 0.0118296, 0.0118296, 0.0118296, 0.0118296, 0.0118296, 0.0118304, 0.0118296, 0.0169218, 0.0118296, 0.0118296
16.5353, 0, 0.0159862, 0.0108288, 1.41421, -0.0159862, 0, 0.0108288, 0.0108288, 0.0108288, 0.0108288, 0.0108288, 0.0108288, 0.0108288, 0.0108288, 0.0108288, 0.0108288, 0.0108288, 0.0108288, 0.0108288, 0.0108288, 0.0108288, 0.0108288, 0.0108288, 0.0108288, 0.0108288, 0.0108296, 0.0108288, 0.0159854, 0.0108288, 0.0108288
16.5431, 0, 0.0149974, 0.00977483, 1.41421, -0.0149974, 0, 0.00977483, 0.00977483, 0.00977483, 0.00977483, 0.00977483, 0.00977483, 0.00977483, 0.00977483, 0.00977483, 0.00977483, 0.00977483, 0.00977483, 0.00977483, 0.00977483, 0.00977483, 0.00977483, 0.00977483, 0.00977483, 0.00977483, 0.00977563, 0.00977483, 0.0149966, 0.00977483, 0.00977483
16.551, 0, 0.0139834, 0.00869474, 1.41421, -0.0139834, 0, 0.00869474, 0.00869474, 0.00869474, 0.00869474, 0.00869474, 0.00869474, 0.00869474, 0.00869474, 0.00869474, 0.00869474, 0.00869474, 0.00869474, 0.00869474, 0.00869474, 0.00869474, 0.00869474, 0.00869474, 0.00869474, 0.00869474, 0.00869554, 0.00869474, 0.0139826, 0.00869474, 0.00869474
16.5589, 0, 0.012996, 0.00764037, 1.41421, -0.012996, 0, 0.00764037, 0.00764037, 0.00764037, 0.00764037, 0.00764037, 0.00764037, 0.00764037, 0.00764037, 0.00764037, 0.00764037, 0.00764037, 0.00764037, 0.00764037, 0.00764037, 0.00764037, 0.00764037, 0.00764037, 0.00764037, 0.00764037, 0.00764117, 0.00764037, 0.0129952, 0.00764037, 0.00764037
16.5668, 0, 0.0120777, 0.00665413, 1.41421, -0.0120777, 0, 0.00665413, 0.00665413, 0.00665413, 0.00665413, 0.00665413, 0.00665413, 0.00665413, 0.00665413, 0.00665413, 0.00665413, 0.00665413, 0.00665413, 0.00665413, 0.00665413, 0.00665413, 0.00665413, 0.00665413, 0.00665413, 0.00665413, 0.00665493, 0.00665413, 0.0120769, 0.00665413, 0.00665413
16.5747, 0, 0.0113932, 0.00590089, 1.41421, -0.0113932, 0, 0.00590089, 0.00590089, 0.00590089, 0.00590089, 0.00590089, 0.00590089, 0.00590089, 0.00590089, 0.00590089, 0.00590089, 0.00590089, 0.00590089, 0.00590089, 0.00590089, 0.00590089, 0.00590089, 0.00590089, 0.00590089, 0.00590089, 0.00590169, 0.00590089, 0.0113924, 0.00590089, 0.00590089
16.5825, 2, 0.0106897, 0.00512757, 2, 1.98931, 0, 0.00512757, 0.00512757, 0.00512757, 0.00512757, 0.00512757, 0.00512757, 0.00512757, 0.00512757, 0.00512757, 0.00512757, 0.00512757, 0.00512757, 0.00512757, 0.00512757, 0.00512757, 0.00512757, 0.00512757, 0.00512757, 0.00512757, 0.00512837, 0.00512757, 0.0106889, 0.00512757, 0.00512757
16.5904, 0, 0.00998859, 0.00435576, 1.41421, -0.00998859, 0, 0.00435576, 0.00435576, 0.00435576, 0.00435576, 0.00435576, 0.00435576, 0.00435576, 0.00435576, 0.00435576, 0.00435576, 0.00435576, 0.00435576, 0.00435576, 0.00435576, 0.00435576, 0.00435576, 0.00435576, 0.00435576, 0.00435576, 0.00435656, 0.00435576, 0.00998779, 0.00435576, 0.00435576
16.5983, 0, 0.00932738, 0.00362284, 1.41421, -0.00932738, 0, 0.00362284, 0.00362284, 0.00362284, 0.00362284, 0.00362284, 0.00362284, 0.00362284, 0.00362284, 0.00362284, 0.00362284, 0.00362284, 0.00362284, 0.00362284, 0.00362284, 0.00362284, 0.00362284, 0.00362284, 0.00362284, 0.00362284, 0.00362364, 0.00362284, 0.00932658, 0.00362284, 0.00362284
16.6062, 0, 0.00873461, 0.00295739, 1.41421, -0.00873461, 0, 0.00295739, 0.00295739, 0.00295739, 0.00295739, 0.00295739, 0.00295739, 0.00295739, 0.00295739, 0.00295739, 0.00295739, 0.00295739, 0.00295739, 0.00295739, 0.00295739, 0.00295739, 0.00295739, 0.00295739, 0.00295739, 0.00295739, 0.00295819, 0.00295739, 0.00873381, 0.00295739, 0.00295739
16.6141, 2, 0.00830636, 0.00245544, 2, 1.99169, 0, 0.00245544, 0.00245544, 0.00245544, 0.00245544, 0.00245544, 0.00245544, 0.00245544, 0.00245544, 0.00245544, 0.00245544, 0.00245544, 0.00245544, 0.00245544, 0.00245544, 0.00245544, 0.00245544, 0.00245544, 0.00245544, 0.00245544, 0.00245624, 0.00245544, 0.00830556, 0.00245544, 0.00245544
16.6219, 2, 0.00788972, 0.00196409, 2, 1.99211, 0, 0.00196409, 0.00196409, 0.00196409, 0.00196409, 0.00196409, 0.00196409, 0.00196409, 0.00196409, 0.00196409, 0.00196409, 0.00196409, 0.00196409, 0.00196409, 0.00196409, 0.00196409, 0.00196409, 0.00196409, 0.00196409, 0.00196409, 0.0019649, 0.00196409, 0.00788892, 0.00196409, 0.00196409
16.6298, 0, 0.00750123, 0.00149984, 1.41421, -0.00750123, 0, 0.00149984, 0.00149984, 0.00149984, 0.00149984, 0.00149984, 0.00149984, 0.00149984, 0.00149984, 0.00149984, 0.00149984, 0.00149984, 0.00149984, 0.00149984, 0.00149984, 0.00149984, 0.00149984, 0.00149984, 0.00149984, 0.00149984, 0.00150064, 0.00149984, 0.00750043, 0.00149984, 0.00149984
16.6377, 4, 0.00716451, 0.00108632, 2.44949, 3.99284, 0, 0.00108632, 0.00108632, 0.00108632, 0.00108632, 0.00108632, 0.00108632, 0.00108632, 0.00108632, 0.00108632, 0.00108632, 0.00108632, 0.00108632, 0.00108632, 0.00108632, 0.00108632, 0.00108632, 0.00108632, 0.00108632, 0.00108632, 0.00108712, 0.00108632, 0.00716371, 0.00108632, 0.00108632
16.6456, 0, 0.00689543, 0.000739348, 1.41421, -0.00689543, 0, 0.000739348, 0.000739348, 0.000739348, 0.000739348, 0.000739348, 0.000739348, 0.000739348, 0.000739348, 0.000739348, 0.000739348, 0.000739348, 0.000739348, 0.000739348, 0.000739348, 0.000739348, 0.000739348, 0.000739348, 0.000739348, 0.000739348, 0.000740154, 0.000739348, 0.00689463, 0.000739348, 0.000739348
16.6535, 0, 0.00673503, 0.000499988, 1.41421, -0.00673503, 0, 0.000499988, 0.000499988, 0.000499988, 0.000499988, 0.000499988, 0.000499988, 0.000499988, 0.000499988, 0.000499988, 0.000499988, 0.000499988, 0.000499988, 0.000499988, 0.000499988, 0.000499988, 0.000499988, 0.000499988, 0.000499988, 0.000499988, 0.000500794, 0.000499988, 0.00673422, 0.000499988, 0.000499988
16.6613, 0, 0.00660842, 0.000293291, 1.41421, -0.00660842, 0, 0.000293291, 0.000293291, 0.000293291, 0.000293291, 0.000293291, 0.000293291, 0.000293291, 0.000293291, 0.000293291, 0.000293291, 0.000293291, 0.000293291, 0.000293291, 0.000293291, 0.000293291, 0.000293291, 0.000293291, 0.000293291, 0.000293291, 0.000294099, 0.000293291, 0.00660761, 0.000293291, 0.000293291
16.6692, 0, 0.0065294, 0.000133071, 1.41421, -0.0065294, 0, 0.000133071, 0.000133071, 0.000133071, 0.000133071, 0.000133071, 0.000133071, 0.000133071, 0.000133071, 0.000133071, 0.000133071, 0.000133071, 0.000133071, 0.000133071, 0.000133071, 0.000133071, 0.000133071, 0.000133071, 0.000133071, 0.000133071, 0.000133879, 0.000133071, 0.00652859, 0.000133071, 0.000133071
16.6771, 0, 0.00651194, 3.32678e-05, 1.41421, -0.00651194, 0, 3.32678e-05, 3.32678e-05, 3.32678e-05, 3.32678e-05, 3.32678e-05, 3.32678e-05, 3.32678e-05, 3.32678e-05, 3.32678e-05, 3.32678e-05, 3.32678e-05, 3.32678e-05, 3.32678e-05, 3.32678e-05, 3.32678e-05, 3.32678e-05, 3.32678e-05, 3.32678e-05, 3.32678e-05, 3.40764e-05, 3.32678e-05, 0.00651113, 3.32678e-05, 3.32678e-05
16.685, 0, 0.00656215, 0, 1.41421, -0.00656215, 0, 0, 0, 0, 0, 0, 0, 0, 0, 0, 0, 0, 0, 0, 0, 0, 0, 0, 0, 0, 8.0929e-07, 0, 0.00656134, 0, 0
16.6929, 0, 0.00664682, 0, 1.41421, -0.00664682, 0, 0, 0, 0, 0, 0, 0, 0, 0, 0, 0, 0, 0, 0, 0, 0, 0, 0, 0, 0, 8.10005e-07, 0, 0.00664601, 0, 0
16.7007, 0, 0.00673265, 0, 1.41421, -0.00673265, 0, 0, 0, 0, 0, 0, 0, 0, 0, 0, 0, 0, 0, 0, 0, 0, 0, 0, 0, 0, 8.10722e-07, 0, 0.00673184, 0, 0
16.7086, 0, 0.00681969, 0, 1.41421, -0.00681969, 0, 0, 0, 0, 0, 0, 0, 0, 0, 0, 0, 0, 0, 0, 0, 0, 0, 0, 0, 0, 8.11441e-07, 0, 0.00681888, 0, 0
16.7165, 0, 0.00690798, 0, 1.41421, -0.00690798, 0, 0, 0, 0, 0, 0, 0, 0, 0, 0, 0, 0, 0, 0, 0, 0, 0, 0, 0, 0, 8.12162e-07, 0, 0.00690717, 0, 0
16.7244, 0, 0.00699749, 0, 1.41421, -0.00699749, 0, 0, 0, 0, 0, 0, 0, 0, 0, 0, 0, 0, 0, 0, 0, 0, 0, 0, 0, 0, 8.12884e-07, 0, 0.00699667, 0, 0
16.7323, 0, 0.00708827, 0, 1.41421, -0.00708827, 0, 0, 0, 0, 0, 0, 0, 0, 0, 0, 0, 0, 0, 0, 0, 0, 0, 0, 0, 0, 8.13608e-07, 0, 0.00708746, 0, 0
16.7401, 0, 0.0071803, 0, 1.41421, -0.0071803, 0, 0, 0, 0, 0, 0, 0, 0, 0, 0, 0, 0, 0, 0, 0, 0, 0, 0, 0, 0, 8.14334e-07, 0, 0.00717949, 0, 0
16.748, 0, 0.00727365, 0, 1.41421, -0.00727365, 0, 0, 0, 0, 0, 0, 0, 0, 0, 0, 0, 0, 0, 0, 0, 0, 0, 0, 0, 0, 8.15063e-07, 0, 0.00727284, 0, 0
16.7559, 0, 0.00736829, 0, 1.41421, -0.00736829, 0, 0, 0, 0, 0, 0, 0, 0, 0, 0, 0, 0, 0, 0, 0, 0, 0, 0, 0, 0, 8.15792e-07, 0, 0.00736748, 0, 0
16.7638, 0, 0.00746429, 0, 1.41421, -0.00746429, 0, 0, 0, 0, 0, 0, 0, 0, 0, 0, 0, 0, 0, 0, 0, 0, 0, 0, 0, 0, 8.16523e-07, 0, 0.00746347, 0, 0
16.7717, 4, 0.0075616, 0, 2.44949, 3.99244, 0, 0, 0, 0, 0, 0, 0, 0, 0, 0, 0, 0, 0, 0, 0, 0, 0, 0, 0, 0, 8.17256e-07, 0, 0.00756078, 0, 0
16.7795, 0, 0.00766032, 0, 1.41421, -0.00766032, 0, 0, 0, 0, 0, 0, 0, 0, 0, 0, 0, 0, 0, 0, 0, 0, 0, 0, 0, 0, 8.17991e-07, 0, 0.0076595, 0, 0
16.7874, 0, 0.00776038, 0, 1.41421, -0.00776038, 0, 0, 0, 0, 0, 0, 0, 0, 0, 0, 0, 0, 0, 0, 0, 0, 0, 0, 0, 0, 8.18729e-07, 0, 0.00775956, 0, 0
16.7953, 2, 0.00786186, 0, 2, 1.99214, 0, 0, 0, 0, 0, 0, 0, 0, 0, 0, 0, 0, 0, 0, 0, 0, 0, 0, 0, 0, 8.19467e-07, 0, 0.00786104, 0, 0
16.8032, 0, 0.00796475, 0, 1.41421, -0.00796475, 0, 0, 0, 0, 0, 0, 0, 0, 0, 0, 0, 0, 0, 0, 0, 0, 0, 0, 0, 0, 8.20207e-07, 0, 0.00796393, 0, 0
16.8111, 0, 0.00806909, 0, 1.41421, -0.00806909, 0, 0, 0, 0, 0, 0, 0, 0, 0, 0, 0, 0, 0, 0, 0, 0, 0, 0, 0, 0, 8.20949e-07, 0, 0.00806827, 0, 0
16.8189, 0, 0.00817488, 0, 1.41421, -0.00817488, 0, 0, 0, 0, 0, 0, 0, 0, 0, 0, 0, 0, 0, 0, 0, 0, 0, 0, 0, 0, 8.21693e-07, 0, 0.00817405, 0, 0
16.8268, 0, 0.00828216, 0, 1.41421, -0.00828216, 0, 0, 0, 0, 0, 0, 0, 0, 0, 0, 0, 0, 0, 0, 0, 0, 0, 0, 0, 0, 8.22439e-07, 0, 0.00828134, 0, 0
16.8347, 2, 0.00839093, 0, 2, 1.99161, 0, 0, 0, 0, 0, 0, 0, 0, 0, 0, 0, 0, 0, 0, 0, 0, 0, 0, 0, 0, 8.23186e-07, 0, 0.0083901, 0, 0
16.8426, 0, 0.00850124, 0, 1.41421, -0.00850124, 0, 0, 0, 0, 0, 0, 0, 0, 0, 0, 0, 0, 0, 0, 0, 0, 0, 0, 0, 0, 8.23935e-07, 0, 0.00850041, 0, 0
16.8505, 0, 0.00861306, 0, 1.41421, -0.00861306, 0, 0, 0, 0, 0, 0, 0, 0, 0, 0, 0, 0, 0, 0, 0, 0, 0, 0, 0, 0, 8.24685e-07, 0, 0.00861224, 0, 0
16.8583, 0, 0.00872648, 0, 1.41421, -0.00872648, 0, 0, 0, 0, 0, 0, 0, 0, 0, 0, 0, 0, 0, 0, 0, 0, 0, 0, 0, 0, 8.25438e-07, 0, 0.00872565, 0, 0
16.8662, 0, 0.00884145, 0, 1.41421, -0.00884145, 0, 0, 0, 0, 0, 0, 0, 0, 0, 0, 0, 0, 0, 0, 0, 0, 0, 0, 0, 0, 8.26192e-07, 0, 0.00884062, 0, 0
16.8741, 0, 0.00895806, 0, 1.41421, -0.00895806, 0, 0, 0, 0, 0, 0, 0, 0, 0, 0, 0, 0, 0, 0, 0, 0, 0, 0, 0, 0, 8.26947e-07, 0, 0.00895723, 0, 0
16.882, 2, 0.00907628, 0, 2, 1.99092, 0, 0, 0, 0, 0, 0, 0, 0, 0, 0, 0, 0, 0, 0, 0, 0, 0, 0, 0, 0, 8.27705e-07, 0, 0.00907545, 0, 0
16.8899, 0, 0.0091962, 0, 1.41421, -0.0091962, 0, 0, 0, 0, 0, 0, 0, 0, 0, 0, 0, 0, 0, 0, 0, 0, 0, 0, 0, 0, 8.28465e-07, 0, 0.00919537, 0, 0
16.8977, 0, 0.00931774, 0, 1.41421, -0.00931774, 0, 0, 0, 0, 0, 0, 0, 0, 0, 0, 0, 0, 0, 0, 0, 0, 0, 0, 0, 0, 8.29226e-07, 0, 0.00931691, 0, 0
16.9056, 0, 0.00944099, 0, 1.41421, -0.00944099, 0, 0, 0, 0, 0, 0, 0, 0, 0, 0, 0, 0, 0, 0, 0, 0, 0, 0, 0, 0, 8.29989e-07, 0, 0.00944016, 0, 0
16.9135, 0, 0.00956599, 0, 1.41421, -0.00956599, 0, 0, 0, 0, 0, 0, 0, 0, 0, 0, 0, 0, 0, 0, 0, 0, 0, 0, 0, 0, 8.30754e-07, 0, 0.00956516, 0, 0
16.9214, 0, 0.00969271, 0, 1.41421, -0.00969271, 0, 0, 0, 0, 0, 0, 0, 0, 0, 0, 0, 0, 0, 0, 0, 0, 0, 0, 0, 0, 8.3152e-07, 0, 0.00969188, 0, 0
16.9293, 0, 0.00982123, 0, 1.41421, -0.00982123, 0, 0, 0, 0, 0, 0, 0, 0, 0, 0, 0, 0, 0, 0, 0, 0, 0, 0, 0, 0, 8.32289e-07, 0, 0.0098204, 0, 0
16.9371, 0, 0.00995152, 0, 1.41421, -0.00995152, 0, 0, 0, 0, 0, 0, 0, 0, 0, 0, 0, 0, 0, 0, 0, 0, 0, 0, 0, 0, 8.33059e-07, 0, 0.00995069, 0, 0
16.945, 0, 0.0100837, 0, 1.41421, -0.0100837, 0, 0, 0, 0, 0, 0, 0, 0, 0, 0, 0, 0, 0, 0, 0, 0, 0, 0, 0, 0, 8.3383e-07, 0, 0.0100828, 0, 0
16.9529, 0, 0.0102373, 1.97199e-05, 1.41421, -0.0102373, 0, 1.97199e-05, 1.97199e-05, 1.97199e-05, 1.97199e-05, 1.97199e-05, 1.97199e-05, 1.97199e-05, 1.97199e-05, 1.97199e-05, 1.97199e-05, 1.97199e-05, 1.97199e-05, 1.97199e-05, 1.97199e-05, 1.97199e-05, 1.97199e-05, 1.97199e-05, 1.97199e-05, 1.97199e-05, 2.05545e-05, 1.97199e-05, 0.0102365, 1.97199e-05, 1.97199e-05
16.9608, 0, 0.0104229, 6.93981e-05, 1.41421, -0.0104229, 0, 6.93981e-05, 6.93981e-05, 6.93981e-05, 6.93981e-05, 6.93981e-05, 6.93981e-05, 6.93981e-05, 6.93981e-05, 6.93981e-05, 6.93981e-05, 6.93981e-05, 6.93981e-05, 6.93981e-05, 6.93981e-05, 6.93981e-05, 6.93981e-05, 6.93981e-05, 6.93981e-05, 6.93981e-05, 7.02334e-05, 6.93981e-05, 0.0104221, 6.93981e-05, 6.93981e-05
16.9687, 0, 0.0106274, 0.000136188, 1.41421, -0.0106274, 0, 0.000136188, 0.000136188, 0.000136188, 0.000136188, 0.000136188, 0.000136188, 0.000136188, 0.000136188, 0.000136188, 0.000136188, 0.000136188, 0.000136188, 0.000136188, 0.000136188, 0.000136188, 0.000136188, 0.000136188, 0.000136188, 0.000136188, 0.000137024, 0.000136188, 0.0106266, 0.000136188, 0.000136188
16.9765, 0, 0.010848, 0.000217095, 1.41421, -0.010848, 0, 0.000217095, 0.000217095, 0.000217095, 0.000217095, 0.000217095, 0.000217095, 0.000217095, 0.000217095, 0.000217095, 0.000217095, 0.000217095, 0.000217095, 0.000217095, 0.000217095, 0.000217095, 0.000217095, 0.000217095, 0.000217095, 0.000217095, 0.000217932, 0.000217095, 0.0108472, 0.000217095, 0.000217095
16.9844, 0, 0.0110893, 0.000316781, 1.41421, -0.0110893, 0, 0.000316781, 0.000316781, 0.000316781, 0.000316781, 0.000316781, 0.000316781, 0.000316781, 0.000316781, 0.000316781, 0.000316781, 0.000316781, 0.000316781, 0.000316781, 0.000316781, 0.000316781, 0.000316781, 0.000316781, 0.000316781, 0.000316781, 0.000317619, 0.000316781, 0.0110885, 0.000316781, 0.000316781
16.9923, 2, 0.0114063, 0.00049012, 2, 1.98859, 0, 0.00049012, 0.00049012, 0.00049012, 0.00049012, 0.00049012, 0.00049012, 0.00049012, 0.00049012, 0.00049012, 0.00049012, 0.00049012, 0.00049012, 0.00049012, 0.00049012, 0.00049012, 0.00049012, 0.00049012, 0.00049012, 0.00049012, 0.000490959, 0.00049012, 0.0114055, 0.00049012, 0.00049012
17.0002, 0, 0.011737, 0.000675109, 1.41421, -0.011737, 0, 0.000675109, 0.000675109, 0.000675109, 0.000675109, 0.000675109, 0.000675109, 0.000675109, 0.000675109, 0.000675109, 0.000675109, 0.000675109, 0.000675109, 0.000675109, 0.000675109, 0.000675109, 0.000675109, 0.000675109, 0.000675109, 0.000675109, 0.000675949, 0.000675109, 0.0117361, 0.000675109, 0.000675109
17.0081, 2, 0.0120708, 0.000861269, 2, 1.98793, 0, 0.000861269, 0.000861269, 0.000861269, 0.000861269, 0.000861269, 0.000861269, 0.000861269, 0.000861269, 0.000861269, 0.000861269, 0.000861269, 0.000861269, 0.000861269, 0.000861269, 0.000861269, 0.000861269, 0.000861269, 0.000861269, 0.000861269, 0.000862109, 0.000861269, 0.01207, 0.000861269, 0.000861269
17.0159, 0, 0.0124137, 0.00105443, 1.41421, -0.0124137, 0, 0.00105443, 0.00105443, 0.00105443, 0.00105443, 0.00105443, 0.00105443, 0.00105443, 0.00105443, 0.00105443, 0.00105443, 0.00105443, 0.00105443, 0.00105443, 0.00105443, 0.00105443, 0.00105443, 0.00105443, 0.00105443, 0.00105443, 0.00105527, 0.00105443, 0.0124128, 0.00105443, 0.00105443
17.0238, 0, 0.0127782, 0.00126712, 1.41421, -0.0127782, 0, 0.00126712, 0.00126712, 0.00126712, 0.00126712, 0.00126712, 0.00126712, 0.00126712, 0.00126712, 0.00126712, 0.00126712, 0.00126712, 0.00126712, 0.00126712, 0.00126712, 0.00126712, 0.00126712, 0.00126712, 0.00126712, 0.00126712, 0.00126797, 0.00126712, 0.0127774, 0.00126712, 0.00126712
17.0317, 0, 0.0132405, 0.00157552, 1.41421, -0.0132405, 0, 0.00157552, 0.00157552, 0.00157552, 0.00157552, 0.00157552, 0.00157552, 0.00157552, 0.00157552, 0.00157552, 0.00157552, 0.00157552, 0.00157552, 0.00157552, 0.00157552, 0.00157552, 0.00157552, 0.00157552, 0.00157552, 0.00157552, 0.00157636, 0.00157552, 0.0132397, 0.00157552, 0.00157552
17.0396, 2, 0.0137024, 0.00188128, 2, 1.9863, 0, 0.00188128, 0.00188128, 0.00188128, 0.00188128, 0.00188128, 0.00188128, 0.00188128, 0.00188128, 0.00188128, 0.00188128, 0.00188128, 0.00188128, 0.00188128, 0.00188128, 0.00188128, 0.00188128, 0.00188128, 0.00188128, 0.00188128, 0.00188212, 0.00188128, 0.0137016, 0.00188128, 0.00188128
17.0475, 0, 0.0141568, 0.00217744, 1.41421, -0.0141568, 0, 0.00217744, 0.00217744, 0.00217744, 0.00217744, 0.00217744, 0.00217744, 0.00217744, 0.00217744, 0.00217744, 0.00217744, 0.00217744, 0.00217744, 0.00217744, 0.00217744, 0.00217744, 0.00217744, 0.00217744, 0.00217744, 0.00217744, 0.00217829, 0.00217744, 0.014156, 0.00217744, 0.00217744
17.0553, 2, 0.0146156, 0.00247572, 2, 1.98538, 0, 0.00247572, 0.00247572, 0.00247572, 0.00247572, 0.00247572, 0.00247572, 0.00247572, 0.00247572, 0.00247572, 0.00247572, 0.00247572, 0.00247572, 0.00247572, 0.00247572, 0.00247572, 0.00247572, 0.00247572, 0.00247572, 0.00247572, 0.00247657, 0.00247572, 0.0146148, 0.00247572, 0.00247572
17.0632, 0, 0.0150958, 0.00279314, 1.41421, -0.0150958, 0, 0.00279314, 0.00279314, 0.00279314, 0.00279314, 0.00279314, 0.00279314, 0.00279314, 0.00279314, 0.00279314, 0.00279314, 0.00279314, 0.00279314, 0.00279314, 0.00279314, 0.00279314, 0.00279314, 0.00279314, 0.00279314, 0.00279314, 0.00279399, 0.00279314, 0.0150949, 0.00279314, 0.00279314
17.0711, 0, 0.0156972, 0.00322955, 1.41421, -0.0156972, 0, 0.00322955, 0.00322955, 0.00322955, 0.00322955, 0.00322955, 0.00322955, 0.00322955, 0.00322955, 0.00322955, 0.00322955, 0.00322955, 0.00322955, 0.00322955, 0.00322955, 0.00322955, 0.00322955, 0.00322955, 0.00322955, 0.00322955, 0.0032304, 0.00322955, 0.0156964, 0.00322955, 0.00322955
17.079, 2, 0.0162843, 0.00364932, 2, 1.98372, 0, 0.00364932, 0.00364932, 0.00364932, 0.00364932, 0.00364932, 0.00364932, 0.00364932, 0.00364932, 0.00364932, 0.00364932, 0.00364932, 0.00364932, 0.00364932, 0.00364932, 0.00364932, 0.00364932, 0.00364932, 0.00364932, 0.00364932, 0.00365017, 0.00364932, 0.0162835, 0.00364932, 0.00364932
17.0869, 0, 0.0168528, 0.00404812, 1.41421, -0.0168528, 0, 0.00404812, 0.00404812, 0.00404812, 0.00404812, 0.00404812, 0.00404812, 0.00404812, 0.00404812, 0.00404812, 0.00404812, 0.00404812, 0.00404812, 0.00404812, 0.00404812, 0.00404812, 0.00404812, 0.00404812, 0.00404812, 0.00404812, 0.00404896, 0.00404812, 0.0168519, 0.00404812, 0.00404812
17.0947, 2, 0.0174199, 0.0044432, 2, 1.98258, 0, 0.0044432, 0.0044432, 0.0044432, 0.0044432, 0.0044432, 0.0044432, 0.0044432, 0.0044432, 0.0044432, 0.0044432, 0.0044432, 0.0044432, 0.0044432, 0.0044432, 0.0044432, 0.0044432, 0.0044432, 0.0044432, 0.0044432, 0.00444405, 0.0044432, 0.017419, 0.0044432, 0.0044432
17.1026, 0, 0.0180078, 0.00485668, 1.41421, -0.0180078, 0, 0.00485668, 0.00485668, 0.00485668, 0.00485668, 0.00485668, 0.00485668, 0.00485668, 0.00485668, 0.00485668, 0.00485668, 0.00485668, 0.00485668, 0.00485668, 0.00485668, 0.00485668, 0.00485668, 0.00485668, 0.00485668, 0.00485668, 0.00485753, 0.00485668, 0.018007, 0.00485668, 0.00485668
17.1105, 0, 0.018726, 0.00539793, 1.41421, -0.018726, 0, 0.00539793, 0.00539793, 0.00539793, 0.00539793, 0.00539793, 0.00539793, 0.00539793, 0.00539793, 0.00539793, 0.00539793, 0.00539793, 0.00539793, 0.00539793, 0.00539793, 0.00539793, 0.00539793, 0.00539793, 0.00539793, 0.00539793, 0.00539878, 0.00539793, 0.0187251, 0.00539793, 0.00539793
17.1184, 0, 0.0194262, 0.00591876, 1.41421, -0.0194262, 0, 0.00591876, 0.00591876, 0.00591876, 0.00591876, 0.00591876, 0.00591876, 0.00591876, 0.00591876, 0.00591876, 0.00591876, 0.00591876, 0.00591876, 0.00591876, 0.00591876, 0.00591876, 0.00591876, 0.00591876, 0.00591876, 0.00591876, 0.00591961, 0.00591876, 0.0194253, 0.00591876, 0.00591876
17.1263, 2, 0.0201043, 0.00641498, 2, 1.9799, 0, 0.00641498, 0.00641498, 0.00641498, 0.00641498, 0.00641498, 0.00641498, 0.00641498, 0.00641498, 0.00641498, 0.00641498, 0.00641498, 0.00641498, 0.00641498, 0.00641498, 0.00641498, 0.00641498, 0.00641498, 0.00641498, 0.00641498, 0.00641583, 0.00641498, 0.0201034, 0.00641498, 0.00641498
17.1341, 8, 0.0207656, 0.00689191, 3.16228, 7.97923, 0, 0.00689191, 0.00689191, 0.00689191, 0.00689191, 0.00689191, 0.00689191, 0.00689191, 0.00689191, 0.00689191, 0.00689191, 0.00689191, 0.00689191, 0.00689191, 0.00689191, 0.00689191, 0.00689191, 0.00689191, 0.00689191, 0.00689191, 0.00689276, 0.00689191, 0.0207648, 0.00689191, 0.00689191
17.142, 0, 0.0214035, 0.00734265, 1.41421, -0.0214035, 0, 0.00734265, 0.00734265, 0.00734265, 0.00734265, 0.00734265, 0.00734265, 0.00734265, 0.00734265, 0.00734265, 0.00734265, 0.00734265, 0.00734265, 0.00734265, 0.00734265, 0.00734265, 0.00734265, 0.00734265, 0.00734265, 0.00734265, 0.00734351, 0.00734265, 0.0214026, 0.00734265, 0.00734265
17.1499, 0, 0.022024, 0.00777358, 1.41421, -0.022024, 0, 0.00777358, 0.00777358, 0.00777358, 0.00777358, 0.00777358, 0.00777358, 0.00777358, 0.00777358, 0.00777358, 0.00777358, 0.00777358, 0.00777358, 0.00777358, 0.00777358, 0.00777358, 0.00777358, 0.00777358, 0.00777358, 0.00777358, 0.00777444, 0.00777358, 0.0220232, 0.00777358, 0.00777358
17.1578, 0, 0.022613, 0.00817023, 1.41421, -0.022613, 0, 0.00817023, 0.00817023, 0.00817023, 0.00817023, 0.00817023, 0.00817023, 0.00817023, 0.00817023, 0.00817023, 0.00817023, 0.00817023, 0.00817023, 0.00817023, 0.00817023, 0.00817023, 0.00817023, 0.00817023, 0.00817023, 0.00817023, 0.00817109, 0.00817023, 0.0226122, 0.00817023, 0.00817023
17.1657, 0, 0.0231759, 0.00853809, 1.41421, -0.0231759, 0, 0.00853809, 0.00853809, 0.00853809, 0.00853809, 0.00853809, 0.00853809, 0.00853809, 0.00853809, 0.00853809, 0.00853809, 0.00853809, 0.00853809, 0.00853809, 0.00853809, 0.00853809, 0.00853809, 0.00853809, 0.00853809, 0.00853809, 0.00853895, 0.00853809, 0.0231751, 0.00853809, 0.00853809
17.1735, 0, 0.023706, 0.00887031, 1.41421, -0.023706, 0, 0.00887031, 0.00887031, 0.00887031, 0.00887031, 0.00887031, 0.00887031, 0.00887031, 0.00887031, 0.00887031, 0.00887031, 0.00887031, 0.00887031, 0.00887031, 0.00887031, 0.00887031, 0.00887031, 0.00887031, 0.00887031, 0.00887031, 0.00887117, 0.00887031, 0.0237051, 0.00887031, 0.00887031
17.1814, 2, 0.0242107, 0.00917442, 2, 1.97579, 0, 0.00917442, 0.00917442, 0.00917442, 0.00917442, 0.00917442, 0.00917442, 0.00917442, 0.00917442, 0.00917442, 0.00917442, 0.00917442, 0.00917442, 0.00917442, 0.00917442, 0.00917442, 0.00917442, 0.00917442, 0.00917442, 0.00917442, 0.00917528, 0.00917442, 0.0242098, 0.00917442, 0.00917442
17.1893, 0, 0.0246997, 0.00945996, 1.41421, -0.0246997, 0, 0.00945996, 0.00945996, 0.00945996, 0.00945996, 0.00945996, 0.00945996, 0.00945996, 0.00945996, 0.00945996, 0.00945996, 0.00945996, 0.00945996, 0.00945996, 0.00945996, 0.00945996, 0.00945996, 0.00945996, 0.00945996, 0.00945996, 0.00946082, 0.00945996, 0.0246989, 0.00945996, 0.00945996
17.1972, 0, 0.0251663, 0.00972025, 1.41421, -0.0251663, 0, 0.00972025, 0.00972025, 0.00972025, 0.00972025, 0.00972025, 0.00972025, 0.00972025, 0.00972025, 0.00972025, 0.00972025, 0.00972025, 0.00972025, 0.00972025, 0.00972025, 0.00972025, 0.00972025, 0.00972025, 0.00972025, 0.00972025, 0.00972111, 0.00972025, 0.0251655, 0.00972025, 0.00972025
17.2051, 2, 0.0256156, 0.00996017, 2, 1.97438, 0, 0.00996017, 0.00996017, 0.00996017, 0.00996017, 0.00996017, 0.00996017, 0.00996017, 0.00996017, 0.00996017, 0.00996017, 0.00996017, 0.00996017, 0.00996017, 0.00996017, 0.00996017, 0.00996017, 0.00996017, 0.00996017, 0.00996017, 0.00996104, 0.00996017, 0.0256147, 0.00996017, 0.00996017
17.2129, 0, 0.0260087, 0.010141, 1.41421, -0.0260087, 0, 0.010141, 0.010141, 0.010141, 0.010141, 0.010141, 0.010141, 0.010141, 0.010141, 0.010141, 0.010141, 0.010141, 0.010141, 0.010141, 0.010141, 0.010141, 0.010141, 0.010141, 0.010141, 0.010141, 0.0101419, 0.010141, 0.0260078, 0.010141, 0.010141
17.2208, 0, 0.0263501, 0.0102671, 1.41421, -0.0263501, 0, 0.0102671, 0.0102671, 0.0102671, 0.0102671, 0.0102671, 0.0102671, 0.0102671, 0.0102671, 0.0102671, 0.0102671, 0.0102671, 0.0102671, 0.0102671, 0.0102671, 0.0102671, 0.0102671, 0.0102671, 0.0102671, 0.0102671, 0.010268, 0.0102671, 0.0263492, 0.0102671, 0.0102671
17.2287, 2, 0.026667, 0.0103658, 2, 1.97333, 0, 0.0103658, 0.0103658, 0.0103658, 0.0103658, 0.0103658, 0.0103658, 0.0103658, 0.0103658, 0.0103658, 0.0103658, 0.0103658, 0.0103658, 0.0103658, 0.0103658, 0.0103658, 0.0103658, 0.0103658, 0.0103658, 0.0103658, 0.0103666, 0.0103658, 0.0266661, 0.0103658, 0.0103658
17.2366, 0, 0.0269875, 0.0104649, 1.41421, -0.0269875, 0, 0.0104649, 0.0104649, 0.0104649, 0.0104649, 0.0104649, 0.0104649, 0.0104649, 0.0104649, 0.0104649, 0.0104649, 0.0104649, 0.0104649, 0.0104649, 0.0104649, 0.0104649, 0.0104649, 0.0104649, 0.0104649, 0.0104649, 0.0104657, 0.0104649, 0.0269867, 0.0104649, 0.0104649
17.2445, 0, 0.0275069, 0.0107597, 1.41421, -0.0275069, 0, 0.0107597, 0.0107597, 0.0107597, 0.0107597, 0.0107597, 0.0107597, 0.0107597, 0.0107597, 0.0107597, 0.0107597, 0.0107597, 0.0107597, 0.0107597, 0.0107597, 0.0107597, 0.0107597, 0.0107597, 0.0107597, 0.0107597, 0.0107605, 0.0107597, 0.027506, 0.0107597, 0.0107597
17.2523, 2, 0.0279165, 0.0109415, 2, 1.97208, 0, 0.0109415, 0.0109415, 0.0109415, 0.0109415, 0.0109415, 0.0109415, 0.0109415, 0.0109415, 0.0109415, 0.0109415, 0.0109415, 0.0109415, 0.0109415, 0.0109415, 0.0109415, 0.0109415, 0.0109415, 0.0109415, 0.0109415, 0.0109424, 0.0109415, 0.0279156, 0.0109415, 0.0109415
17.2602, 2, 0.0282189, 0.0110129, 2, 1.97178, 0, 0.0110129, 0.0110129, 0.0110129, 0.0110129, 0.0110129, 0.0110129, 0.0110129, 0.0110129, 0.0110129, 0.0110129, 0.0110129, 0.0110129, 0.0110129, 0.0110129, 0.0110129, 0.0110129, 0.0110129, 0.0110129, 0.0110129, 0.0110138, 0.0110129, 0.028218, 0.0110129, 0.0110129
17.2681, 0, 0.0284689, 0.0110287, 1.41421, -0.0284689, 0, 0.0110287, 0.0110287, 0.0110287, 0.0110287, 0.0110287, 0.0110287, 0.0110287, 0.0110287, 0.0110287, 0.0110287, 0.0110287, 0.0110287, 0.0110287, 0.0110287, 0.0110287, 0.0110287, 0.0110287, 0.0110287, 0.0110287, 0.0110295, 0.0110287, 0.0284681, 0.0110287, 0.0110287
17.276, 0, 0.0287223, 0.0110444, 1.41421, -0.0287223, 0, 0.0110444, 0.0110444, 0.0110444, 0.0110444, 0.0110444, 0.0110444, 0.0110444, 0.0110444, 0.0110444, 0.0110444, 0.0110444, 0.0110444, 0.0110444, 0.0110444, 0.0110444, 0.0110444, 0.0110444, 0.0110444, 0.0110444, 0.0110453, 0.0110444, 0.0287214, 0.0110444, 0.0110444
17.2839, 0, 0.0292703, 0.0113515, 1.41421, -0.0292703, 0, 0.0113515, 0.0113515, 0.0113515, 0.0113515, 0.0113515, 0.0113515, 0.0113515, 0.0113515, 0.0113515, 0.0113515, 0.0113515, 0.0113515, 0.0113515, 0.0113515, 0.0113515, 0.0113515, 0.0113515, 0.0113515, 0.0113515, 0.0113523, 0.0113515, 0.0292694, 0.0113515, 0.0113515
17.2917, 0, 0.0296517, 0.0114884, 1.41421, -0.0296517, 0, 0.0114884, 0.0114884, 0.0114884, 0.0114884, 0.0114884, 0.0114884, 0.0114884, 0.0114884, 0.0114884, 0.0114884, 0.0114884, 0.0114884, 0.0114884, 0.0114884, 0.0114884, 0.0114884, 0.0114884, 0.0114884, 0.0114884, 0.0114893, 0.0114884, 0.0296509, 0.0114884, 0.0114884
17.2996, 0, 0.0298715, 0.0114603, 1.41421, -0.0298715, 0, 0.0114603, 0.0114603, 0.0114603, 0.0114603, 0.0114603, 0.0114603, 0.0114603, 0.0114603, 0.0114603, 0.0114603, 0.0114603, 0.0114603, 0.0114603, 0.0114603, 0.0114603, 0.0114603, 0.0114603, 0.0114603, 0.0114603, 0.0114612, 0.0114603, 0.0298706, 0.0114603, 0.0114603
17.3075, 0, 0.0300125, 0.0113498, 1.41421, -0.0300125, 0, 0.0113498, 0.0113498, 0.0113498, 0.0113498, 0.0113498, 0.0113498, 0.0113498, 0.0113498, 0.0113498, 0.0113498, 0.0113498, 0.0113498, 0.0113498, 0.0113498, 0.0113498, 0.0113498, 0.0113498, 0.0113498, 0.0113498, 0.0113507, 0.0113498, 0.0300117, 0.0113498, 0.0113498
17.3154, 0, 0.0301576, 0.0112399, 1.41421, -0.0301576, 0, 0.0112399, 0.0112399, 0.0112399, 0.0112399, 0.0112399, 0.0112399, 0.0112399, 0.0112399, 0.0112399, 0.0112399, 0.0112399, 0.0112399, 0.0112399, 0.0112399, 0.0112399, 0.0112399, 0.0112399, 0.0112399, 0.0112399, 0.0112408, 0.0112399, 0.0301567, 0.0112399, 0.0112399
17.3233, 4, 0.0308221, 0.0116455, 2.44949, 3.96918, 0, 0.0116455, 0.0116455, 0.0116455, 0.0116455, 0.0116455, 0.0116455, 0.0116455, 0.0116455, 0.0116455, 0.0116455, 0.0116455, 0.0116455, 0.0116455, 0.0116455, 0.0116455, 0.0116455, 0.0116455, 0.0116455, 0.0116455, 0.0116464, 0.0116455, 0.0308212, 0.0116455, 0.0116455
17.3311, 0, 0.0312565, 0.0118175, 1.41421, -0.0312565, 0, 0.0118175, 0.0118175, 0.0118175, 0.0118175, 0.0118175, 0.0118175, 0.0118175, 0.0118175, 0.0118175, 0.0118175, 0.0118175, 0.0118175, 0.0118175, 0.0118175, 0.0118175, 0.0118175, 0.0118175, 0.0118175, 0.0118175, 0.0118184, 0.0118175, 0.0312557, 0.0118175, 0.0118175
17.339, 0, 0.0314702, 0.0117649, 1.41421, -0.0314702, 0, 0.0117649, 0.0117649, 0.0117649, 0.0117649, 0.0117649, 0.0117649, 0.0117649, 0.0117649, 0.0117649, 0.0117649, 0.0117649, 0.0117649, 0.0117649, 0.0117649, 0.0117649, 0.0117649, 0.0117649, 0.0117649, 0.0117649, 0.0117657, 0.0117649, 0.0314693, 0.0117649, 0.0117649
17.3469, 0, 0.0315758, 0.0116004, 1.41421, -0.0315758, 0, 0.0116004, 0.0116004, 0.0116004, 0.0116004, 0.0116004, 0.0116004, 0.0116004, 0.0116004, 0.0116004, 0.0116004, 0.0116004, 0.0116004, 0.0116004, 0.0116004, 0.0116004, 0.0116004, 0.0116004, 0.0116004, 0.0116004, 0.0116013, 0.0116004, 0.0315749, 0.0116004, 0.0116004
17.3548, 2, 0.0316867, 0.0114371, 2, 1.96831, 0, 0.0114371, 0.0114371, 0.0114371, 0.0114371, 0.0114371, 0.0114371, 0.0114371, 0.0114371, 0.0114371, 0.0114371, 0.0114371, 0.0114371, 0.0114371, 0.0114371, 0.0114371, 0.0114371, 0.0114371, 0.0114371, 0.0114371, 0.0114379, 0.0114371, 0.0316858, 0.0114371, 0.0114371
17.3627, 0, 0.032382, 0.0118543, 1.41421, -0.032382, 0, 0.0118543, 0.0118543, 0.0118543, 0.0118543, 0.0118543, 0.0118543, 0.0118543, 0.0118543, 0.0118543, 0.0118543, 0.0118543, 0.0118543, 0.0118543, 0.0118543, 0.0118543, 0.0118543, 0.0118543, 0.0118543, 0.0118543, 0.0118552, 0.0118543, 0.0323811, 0.0118543, 0.0118543
17.3705, 2, 0.0327891, 0.0119792, 2, 1.96721, 0, 0.0119792, 0.0119792, 0.0119792, 0.0119792, 0.0119792, 0.0119792, 0.0119792, 0.0119792, 0.0119792, 0.0119792, 0.0119792, 0.0119792, 0.0119792, 0.0119792, 0.0119792, 0.0119792, 0.0119792, 0.0119792, 0.0119792, 0.0119801, 0.0119792, 0.0327883, 0.0119792, 0.0119792
17.3784, 0, 0.0329204, 0.0118241, 1.41421, -0.0329204, 0, 0.0118241, 0.0118241, 0.0118241, 0.0118241, 0.0118241, 0.0118241, 0.0118241, 0.0118241, 0.0118241, 0.0118241, 0.0118241, 0.0118241, 0.0118241, 0.0118241, 0.0118241, 0.0118241, 0.0118241, 0.0118241, 0.0118241, 0.0118249, 0.0118241, 0.0329195, 0.0118241, 0.0118241
17.3863, 0, 0.0329188, 0.0115318, 1.41421, -0.0329188, 0, 0.0115318, 0.0115318, 0.0115318, 0.0115318, 0.0115318, 0.0115318, 0.0115318, 0.0115318, 0.0115318, 0.0115318, 0.0115318, 0.0115318, 0.0115318, 0.0115318, 0.0115318, 0.0115318, 0.0115318, 0.0115318, 0.0115318, 0.0115326, 0.0115318, 0.032918, 0.0115318, 0.0115318
17.3942, 0, 0.0329252, 0.0112431, 1.41421, -0.0329252, 0, 0.0112431, 0.0112431, 0.0112431, 0.0112431, 0.0112431, 0.0112431, 0.0112431, 0.0112431, 0.0112431, 0.0112431, 0.0112431, 0.0112431, 0.0112431, 0.0112431, 0.0112431, 0.0112431, 0.0112431, 0.0112431, 0.0112431, 0.011244, 0.0112431, 0.0329243, 0.0112431, 0.0112431
17.4021, 0, 0.0336934, 0.0117117, 1.41421, -0.0336934, 0, 0.0117117, 0.0117117, 0.0117117, 0.0117117, 0.0117117, 0.0117117, 0.0117117, 0.0117117, 0.0117117, 0.0117117, 0.0117117, 0.0117117, 0.0117117, 0.0117117, 0.0117117, 0.0117117, 0.0117117, 0.0117117, 0.0117117, 0.0117126, 0.0117117, 0.0336925, 0.0117117, 0.0117117
17.4099, 2, 0.0341382, 0.0118524, 2, 1.96586, 0, 0.0118524, 0.0118524, 0.0118524, 0.0118524, 0.0118524, 0.0118524, 0.0118524, 0.0118524, 0.0118524, 0.0118524, 0.0118524, 0.0118524, 0.0118524, 0.0118524, 0.0118524, 0.0118524, 0.0118524, 0.0118524, 0.0118524, 0.0118533, 0.0118524, 0.0341373, 0.0118524, 0.0118524
17.4178, 2, 0.034279, 0.0116844, 2, 1.96572, 0, 0.0116844, 0.0116844, 0.0116844, 0.0116844, 0.0116844, 0.0116844, 0.0116844, 0.0116844, 0.0116844, 0.0116844, 0.0116844, 0.0116844, 0.0116844, 0.0116844, 0.0116844, 0.0116844, 0.0116844, 0.0116844, 0.0116844, 0.0116853, 0.0116844, 0.0342781, 0.0116844, 0.0116844
17.4257, 2, 0.0342735, 0.0113654, 2, 1.96573, 0, 0.0113654, 0.0113654, 0.0113654, 0.0113654, 0.0113654, 0.0113654, 0.0113654, 0.0113654, 0.0113654, 0.0113654, 0.0113654, 0.0113654, 0.0113654, 0.0113654, 0.0113654, 0.0113654, 0.0113654, 0.0113654, 0.0113654, 0.0113663, 0.0113654, 0.0342727, 0.0113654, 0.0113654
17.4336, 0, 0.0342775, 0.0110508, 1.41421, -0.0342775, 0, 0.0110508, 0.0110508, 0.0110508, 0.0110508, 0.0110508, 0.0110508, 0.0110508, 0.0110508, 0.0110508, 0.0110508, 0.0110508, 0.0110508, 0.0110508, 0.0110508, 0.0110508, 0.0110508, 0.0110508, 0.0110508, 0.0110508, 0.0110517, 0.0110508, 0.0342766, 0.0110508, 0.0110508
17.4415, 0, 0.0349741, 0.0114241, 1.41421, -0.0349741, 0, 0.0114241, 0.0114241, 0.0114241, 0.0114241, 0.0114241, 0.0114241, 0.0114241, 0.0114241, 0.0114241, 0.0114241, 0.0114241, 0.0114241, 0.0114241, 0.0114241, 0.0114241, 0.0114241, 0.0114241, 0.0114241, 0.0114241, 0.011425, 0.0114241, 0.0349733, 0.0114241, 0.0114241
17.4493, 2, 0.0353564, 0.0114778, 2, 1.96464, 0, 0.0114778, 0.0114778, 0.0114778, 0.0114778, 0.0114778, 0.0114778, 0.0114778, 0.0114778, 0.0114778, 0.0114778, 0.0114778, 0.0114778, 0.0114778, 0.0114778, 0.0114778, 0.0114778, 0.0114778, 0.0114778, 0.0114778, 0.0114787, 0.0114778, 0.0353555, 0.0114778, 0.0114778
17.4572, 0, 0.0354547, 0.0112425, 1.41421, -0.0354547, 0, 0.0112425, 0.0112425, 0.0112425, 0.0112425, 0.0112425, 0.0112425, 0.0112425, 0.0112425, 0.0112425, 0.0112425, 0.0112425, 0.0112425, 0.0112425, 0.0112425, 0.0112425, 0.0112425, 0.0112425, 0.0112425, 0.0112425, 0.0112434, 0.0112425, 0.0354538, 0.0112425, 0.0112425
17.4651, 2, 0.0354192, 0.0108679, 2, 1.96458, 0, 0.0108679, 0.0108679, 0.0108679, 0.0108679, 0.0108679, 0.0108679, 0.0108679, 0.0108679, 0.0108679, 0.0108679, 0.0108679, 0.0108679, 0.0108679, 0.0108679, 0.0108679, 0.0108679, 0.0108679, 0.0108679, 0.0108679, 0.0108688, 0.0108679, 0.0354183, 0.0108679, 0.0108679
17.473, 0, 0.0353953, 0.0104997, 1.41421, -0.0353953, 0, 0.0104997, 0.0104997, 0.0104997, 0.0104997, 0.0104997, 0.0104997, 0.0104997, 0.0104997, 0.0104997, 0.0104997, 0.0104997, 0.0104997, 0.0104997, 0.0104997, 0.0104997, 0.0104997, 0.0104997, 0.0104997, 0.0104997, 0.0105006, 0.0104997, 0.0353944, 0.0104997, 0.0104997
17.4809, 0, 0.0360192, 0.0107738, 1.41421, -0.0360192, 0, 0.0107738, 0.0107738, 0.0107738, 0.0107738, 0.0107738, 0.0107738, 0.0107738, 0.0107738, 0.0107738, 0.0107738, 0.0107738, 0.0107738, 0.0107738, 0.0107738, 0.0107738, 0.0107738, 0.0107738, 0.0107738, 0.0107738, 0.0107746, 0.0107738, 0.0360183, 0.0107738, 0.0107738
17.4887, 2, 0.0363375, 0.0107365, 2, 1.96366, 0, 0.0107365, 0.0107365, 0.0107365, 0.0107365, 0.0107365, 0.0107365, 0.0107365, 0.0107365, 0.0107365, 0.0107365, 0.0107365, 0.0107365, 0.0107365, 0.0107365, 0.0107365, 0.0107365, 0.0107365, 0.0107365, 0.0107365, 0.0107374, 0.0107365, 0.0363366, 0.0107365, 0.0107365
17.4966, 0, 0.0363856, 0.0104233, 1.41421, -0.0363856, 0, 0.0104233, 0.0104233, 0.0104233, 0.0104233, 0.0104233, 0.0104233, 0.0104233, 0.0104233, 0.0104233, 0.0104233, 0.0104233, 0.0104233, 0.0104233, 0.0104233, 0.0104233, 0.0104233, 0.0104233, 0.0104233, 0.0104233, 0.0104242, 0.0104233, 0.0363847, 0.0104233, 0.0104233
17.5045, 0, 0.0363097, 0.00998026, 1.41421, -0.0363097, 0, 0.00998026, 0.00998026, 0.00998026, 0.00998026, 0.00998026, 0.00998026, 0.00998026, 0.00998026, 0.00998026, 0.00998026, 0.00998026, 0.00998026, 0.00998026, 0.00998026, 0.00998026, 0.00998026, 0.00998026, 0.00998026, 0.00998026, 0.00998116, 0.00998026, 0.0363088, 0.00998026, 0.00998026
17.5124, 0, 0.0362493, 0.00954682, 1.41421, -0.0362493, 0, 0.00954682, 0.00954682, 0.00954682, 0.00954682, 0.00954682, 0.00954682, 0.00954682, 0.00954682, 0.00954682, 0.00954682, 0.00954682, 0.00954682, 0.00954682, 0.00954682, 0.00954682, 0.00954682, 0.00954682, 0.00954682, 0.00954682, 0.00954771, 0.00954682, 0.0362484, 0.00954682, 0.00954682
17.5203, 0, 0.0368744, 0.00979253, 1.41421, -0.0368744, 0, 0.00979253, 0.00979253, 0.00979253, 0.00979253, 0.00979253, 0.00979253, 0.00979253, 0.00979253, 0.00979253, 0.00979253, 0.00979253, 0.00979253, 0.00979253, 0.00979253, 0.00979253, 0.00979253, 0.00979253, 0.00979253, 0.00979253, 0.00979342, 0.00979253, 0.0368735, 0.00979253, 0.00979253
17.5281, 0, 0.0372156, 0.00974831, 1.41421, -0.0372156, 0, 0.00974831, 0.00974831, 0.00974831, 0.00974831, 0.00974831, 0.00974831, 0.00974831, 0.00974831, 0.00974831, 0.00974831, 0.00974831, 0.00974831, 0.00974831, 0.00974831, 0.00974831, 0.00974831, 0.00974831, 0.00974831, 0.00974831, 0.0097492, 0.00974831, 0.0372147, 0.00974831, 0.00974831
17.536, 0, 0.0373132, 0.00945388, 1.41421, -0.0373132, 0, 0.00945388, 0.00945388, 0.00945388, 0.00945388, 0.00945388, 0.00945388, 0.00945388, 0.00945388, 0.00945388, 0.00945388, 0.00945388, 0.00945388, 0.00945388, 0.00945388, 0.00945388, 0.00945388, 0.00945388, 0.00945388, 0.00945388, 0.00945478, 0.00945388, 0.0373123, 0.00945388, 0.00945388
17.5439, 0, 0.0372997, 0.00904197, 1.41421, -0.0372997, 0, 0.00904197, 0.00904197, 0.00904197, 0.00904197, 0.00904197, 0.00904197, 0.00904197, 0.00904197, 0.00904197, 0.00904197, 0.00904197, 0.00904197, 0.00904197, 0.00904197, 0.00904197, 0.00904197, 0.00904197, 0.00904197, 0.00904197, 0.00904287, 0.00904197, 0.0372988, 0.00904197, 0.00904197
17.5518, 0, 0.0373021, 0.00863924, 1.41421, -0.0373021, 0, 0.00863924, 0.00863924, 0.00863924, 0.00863924, 0.00863924, 0.00863924, 0.00863924, 0.00863924, 0.00863924, 0.00863924, 0.00863924, 0.00863924, 0.00863924, 0.00863924, 0.00863924, 0.00863924, 0.00863924, 0.00863924, 0.00863924, 0.00864013, 0.00863924, 0.0373012, 0.00863924, 0.00863924
17.5597, 2, 0.0378194, 0.00874467, 2, 1.96218, 0, 0.00874467, 0.00874467, 0.00874467, 0.00874467, 0.00874467, 0.00874467, 0.00874467, 0.00874467, 0.00874467, 0.00874467, 0.00874467, 0.00874467, 0.00874467, 0.00874467, 0.00874467, 0.00874467, 0.00874467, 0.00874467, 0.00874467, 0.00874557, 0.00874467, 0.0378185, 0.00874467, 0.00874467
17.5675, 4, 0.0380807, 0.00858692, 2.44949, 3.96192, 0, 0.00858692, 0.00858692, 0.00858692, 0.00858692, 0.00858692, 0.00858692, 0.00858692, 0.00858692, 0.00858692, 0.00858692, 0.00858692, 0.00858692, 0.00858692, 0.00858692, 0.00858692, 0.00858692, 0.00858692, 0.00858692, 0.00858692, 0.00858782, 0.00858692, 0.0380798, 0.00858692, 0.00858692
17.5754, 0, 0.0381276, 0.00820787, 1.41421, -0.0381276, 0, 0.00820787, 0.00820787, 0.00820787, 0.00820787, 0.00820787, 0.00820787, 0.00820787, 0.00820787, 0.00820787, 0.00820787, 0.00820787, 0.00820787, 0.00820787, 0.00820787, 0.00820787, 0.00820787, 0.00820787, 0.00820787, 0.00820787, 0.00820877, 0.00820787, 0.0381267, 0.00820787, 0.00820787
17.5833, 0, 0.0380828, 0.00772965, 1.41421, -0.0380828, 0, 0.00772965, 0.00772965, 0.00772965, 0.00772965, 0.00772965, 0.00772965, 0.00772965, 0.00772965, 0.00772965, 0.00772965, 0.00772965, 0.00772965, 0.00772965, 0.00772965, 0.00772965, 0.00772965, 0.00772965, 0.00772965, 0.00772965, 0.00773055, 0.00772965, 0.0380819, 0.00772965, 0.00772965
17.5912, 0, 0.0380598, 0.00726577, 1.41421, -0.0380598, 0, 0.00726577, 0.00726577, 0.00726577, 0.00726577, 0.00726577, 0.00726577, 0.00726577, 0.00726577, 0.00726577, 0.00726577, 0.00726577, 0.00726577, 0.00726577, 0.00726577, 0.00726577, 0.00726577, 0.00726577, 0.00726577, 0.00726577, 0.00726668, 0.00726577, 0.0380589, 0.00726577, 0.00726577
17.5991, 0, 0.0385939, 0.00735121, 1.41421, -0.0385939, 0, 0.00735121, 0.00735121, 0.00735121, 0.00735121, 0.00735121, 0.00735121, 0.00735121, 0.00735121, 0.00735121, 0.00735121, 0.00735121, 0.00735121, 0.00735121, 0.00735121, 0.00735121, 0.00735121, 0.00735121, 0.00735121, 0.00735121, 0.00735211, 0.00735121, 0.038593, 0.00735121, 0.00735121
17.6069, 0, 0.0389032, 0.00720407, 1.41421, -0.0389032, 0, 0.00720407, 0.00720407, 0.00720407, 0.00720407, 0.00720407, 0.00720407, 0.00720407, 0.00720407, 0.00720407, 0.00720407, 0.00720407, 0.00720407, 0.00720407, 0.00720407, 0.00720407, 0.00720407, 0.00720407, 0.00720407, 0.00720407, 0.00720497, 0.00720407, 0.0389023, 0.00720407, 0.00720407
17.6148, 0, 0.0390238, 0.00685996, 1.41421, -0.0390238, 0, 0.00685996, 0.00685996, 0.00685996, 0.00685996, 0.00685996, 0.00685996, 0.00685996, 0.00685996, 0.00685996, 0.00685996, 0.00685996, 0.00685996, 0.00685996, 0.00685996, 0.00685996, 0.00685996, 0.00685996, 0.00685996, 0.00685996, 0.00686087, 0.00685996, 0.0390229, 0.00685996, 0.00685996
17.6227, 0, 0.0390653, 0.00642855, 1.41421, -0.0390653, 0, 0.00642855, 0.00642855, 0.00642855, 0.00642855, 0.00642855, 0.00642855, 0.00642855, 0.00642855, 0.00642855, 0.00642855, 0.00642855, 0.00642855, 0.00642855, 0.00642855, 0.00642855, 0.00642855, 0.00642855, 0.00642855, 0.00642855, 0.00642945, 0.00642855, 0.0390644, 0.00642855, 0.00642855
17.6306, 0, 0.0391295, 0.00601114, 1.41421, -0.0391295, 0, 0.00601114, 0.00601114, 0.00601114, 0.00601114, 0.00601114, 0.00601114, 0.00601114, 0.00601114, 0.00601114, 0.00601114, 0.00601114, 0.00601114, 0.00601114, 0.00601114, 0.00601114, 0.00601114, 0.00601114, 0.00601114, 0.00601114, 0.00601205, 0.00601114, 0.0391286, 0.00601114, 0.00601114
17.6385, 0, 0.0396279, 0.00601915, 1.41421, -0.0396279, 0, 0.00601915, 0.00601915, 0.00601915, 0.00601915, 0.00601915, 0.00601915, 0.00601915, 0.00601915, 0.00601915, 0.00601915, 0.00601915, 0.00601915, 0.00601915, 0.00601915, 0.00601915, 0.00601915, 0.00601915, 0.00601915, 0.00601915, 0.00602006, 0.00601915, 0.039627, 0.00601915, 0.00601915
17.6463, 0, 0.0399474, 0.00583911, 1.41421, -0.0399474, 0, 0.00583911, 0.00583911, 0.00583911, 0.00583911, 0.00583911, 0.00583911, 0.00583911, 0.00583911, 0.00583911, 0.00583911, 0.00583911, 0.00583911, 0.00583911, 0.00583911, 0.00583911, 0.00583911, 0.00583911, 0.00583911, 0.00583911, 0.00584002, 0.00583911, 0.0399465, 0.00583911, 0.00583911
17.6542, 2, 0.0401196, 0.00550241, 2, 1.95988, 0, 0.00550241, 0.00550241, 0.00550241, 0.00550241, 0.00550241, 0.00550241, 0.00550241, 0.00550241, 0.00550241, 0.00550241, 0.00550241, 0.00550241, 0.00550241, 0.00550241, 0.00550241, 0.00550241, 0.00550241, 0.00550241, 0.00550241, 0.00550332, 0.00550241, 0.0401187, 0.00550241, 0.00550241
17.6621, 0, 0.0402349, 0.00509925, 1.41421, -0.0402349, 0, 0.00509925, 0.00509925, 0.00509925, 0.00509925, 0.00509925, 0.00509925, 0.00509925, 0.00509925, 0.00509925, 0.00509925, 0.00509925, 0.00509925, 0.00509925, 0.00509925, 0.00509925, 0.00509925, 0.00509925, 0.00509925, 0.00509925, 0.00510016, 0.00509925, 0.040234, 0.00509925, 0.00509925
17.67, 2, 0.0403755, 0.00471143, 2, 1.95962, 0, 0.00471143, 0.00471143, 0.00471143, 0.00471143, 0.00471143, 0.00471143, 0.00471143, 0.00471143, 0.00471143, 0.00471143, 0.00471143, 0.00471143, 0.00471143, 0.00471143, 0.00471143, 0.00471143, 0.00471143, 0.00471143, 0.00471143, 0.00471234, 0.00471143, 0.0403745, 0.00471143, 0.00471143
17.6779, 0, 0.0408955, 0.00469292, 1.41421, -0.0408955, 0, 0.00469292, 0.00469292, 0.00469292, 0.00469292, 0.00469292, 0.00469292, 0.00469292, 0.00469292, 0.00469292, 0.00469292, 0.00469292, 0.00469292, 0.00469292, 0.00469292, 0.00469292, 0.00469292, 0.00469292, 0.00469292, 0.00469292, 0.00469383, 0.00469292, 0.0408946, 0.00469292, 0.00469292
17.6857, 0, 0.0412779, 0.00452599, 1.41421, -0.0412779, 0, 0.00452599, 0.00452599, 0.00452599, 0.00452599, 0.00452599, 0.00452599, 0.00452599, 0.00452599, 0.00452599, 0.00452599, 0.00452599, 0.00452599, 0.00452599, 0.00452599, 0.00452599, 0.00452599, 0.00452599, 0.00452599, 0.00452599, 0.00452691, 0.00452599, 0.041277, 0.00452599, 0.00452599
17.6936, 0, 0.0415482, 0.00423623, 1.41421, -0.0415482, 0, 0.00423623, 0.00423623, 0.00423623, 0.00423623, 0.00423623, 0.00423623, 0.00423623, 0.00423623, 0.00423623, 0.00423623, 0.00423623, 0.00423623, 0.00423623, 0.00423623, 0.00423623, 0.00423623, 0.00423623, 0.00423623, 0.00423623, 0.00423715, 0.00423623, 0.0415473, 0.00423623, 0.00423623
17.7015, 0, 0.0417793, 0.00389591, 1.41421, -0.0417793, 0, 0.00389591, 0.00389591, 0.00389591, 0.00389591, 0.00389591, 0.00389591, 0.00389591, 0.00389591, 0.00389591, 0.00389591, 0.00389591, 0.00389591, 0.00389591, 0.00389591, 0.00389591, 0.00389591, 0.00389591, 0.00389591, 0.00389591, 0.00389683, 0.00389591, 0.0417784, 0.00389591, 0.00389591
17.7094, 0, 0.0420362, 0.00356985, 1.41421, -0.0420362, 0, 0.00356985, 0.00356985, 0.00356985, 0.00356985, 0.00356985, 0.00356985, 0.00356985, 0.00356985, 0.00356985, 0.00356985, 0.00356985, 0.00356985, 0.00356985, 0.00356985, 0.00356985, 0.00356985, 0.00356985, 0.00356985, 0.00356985, 0.00357076, 0.00356985, 0.0420353, 0.00356985, 0.00356985
17.7173, 2, 0.0425655, 0.00350409, 2, 1.95743, 0, 0.00350409, 0.00350409, 0.00350409, 0.00350409, 0.00350409, 0.00350409, 0.00350409, 0.00350409, 0.00350409, 0.00350409, 0.00350409, 0.00350409, 0.00350409, 0.00350409, 0.00350409, 0.00350409, 0.00350409, 0.00350409, 0.00350409, 0.003505, 0.00350409, 0.0425646, 0.00350409, 0.00350409
17.7251, 0, 0.0430003, 0.00333162, 1.41421, -0.0430003, 0, 0.00333162, 0.00333162, 0.00333162, 0.00333162, 0.00333162, 0.00333162, 0.00333162, 0.00333162, 0.00333162, 0.00333162, 0.00333162, 0.00333162, 0.00333162, 0.00333162, 0.00333162, 0.00333162, 0.00333162, 0.00333162, 0.00333162, 0.00333253, 0.00333162, 0.0429994, 0.00333162, 0.00333162
17.733, 0, 0.0433621, 0.00307309, 1.41421, -0.0433621, 0, 0.00307309, 0.00307309, 0.00307309, 0.00307309, 0.00307309, 0.00307309, 0.00307309, 0.00307309, 0.00307309, 0.00307309, 0.00307309, 0.00307309, 0.00307309, 0.00307309, 0.00307309, 0.00307309, 0.00307309, 0.00307309, 0.00307309, 0.00307402, 0.00307309, 0.0433612, 0.00307309, 0.00307309
17.7409, 0, 0.0437045, 0.00278215, 1.41421, -0.0437045, 0, 0.00278215, 0.00278215, 0.00278215, 0.00278215, 0.00278215, 0.00278215, 0.00278215, 0.00278215, 0.00278215, 0.00278215, 0.00278215, 0.00278215, 0.00278215, 0.00278215, 0.00278215, 0.00278215, 0.00278215, 0.00278215, 0.00278215, 0.00278307, 0.00278215, 0.0437035, 0.00278215, 0.00278215
17.7488, 0, 0.0440751, 0.00250568, 1.41421, -0.0440751, 0, 0.00250568, 0.00250568, 0.00250568, 0.00250568, 0.00250568, 0.00250568, 0.00250568, 0.00250568, 0.00250568, 0.00250568, 0.00250568, 0.00250568, 0.00250568, 0.00250568, 0.00250568, 0.00250568, 0.00250568, 0.00250568, 0.00250568, 0.0025066, 0.00250568, 0.0440742, 0.00250568, 0.00250568
17.7567, 0, 0.0446565, 0.00242596, 1.41421, -0.0446565, 0, 0.00242596, 0.00242596, 0.00242596, 0.00242596, 0.00242596, 0.00242596, 0.00242596, 0.00242596, 0.00242596, 0.00242596, 0.00242596, 0.00242596, 0.00242596, 0.00242596, 0.00242596, 0.00242596, 0.00242596, 0.00242596, 0.00242596, 0.00242688, 0.00242596, 0.0446555, 0.00242596, 0.00242596
17.7645, 0, 0.0451817, 0.00227528, 1.41421, -0.0451817, 0, 0.00227528, 0.00227528, 0.00227528, 0.00227528, 0.00227528, 0.00227528, 0.00227528, 0.00227528, 0.00227528, 0.00227528, 0.00227528, 0.00227528, 0.00227528, 0.00227528, 0.00227528, 0.00227528, 0.00227528, 0.00227528, 0.00227528, 0.0022762, 0.00227528, 0.0451808, 0.00227528, 0.00227528
17.7724, 0, 0.0456653, 0.00206822, 1.41421, -0.0456653, 0, 0.00206822, 0.00206822, 0.00206822, 0.00206822, 0.00206822, 0.00206822, 0.00206822, 0.00206822, 0.00206822, 0.00206822, 0.00206822, 0.00206822, 0.00206822, 0.00206822, 0.00206822, 0.00206822, 0.00206822, 0.00206822, 0.00206822, 0.00206914, 0.00206822, 0.0456644, 0.00206822, 0.00206822
17.7803, 0, 0.0461457, 0.00184225, 1.41421, -0.0461457, 0, 0.00184225, 0.00184225, 0.00184225, 0.00184225, 0.00184225, 0.00184225, 0.00184225, 0.00184225, 0.00184225, 0.00184225, 0.00184225, 0.00184225, 0.00184225, 0.00184225, 0.00184225, 0.00184225, 0.00184225, 0.00184225, 0.00184225, 0.00184318, 0.00184225, 0.0461448, 0.00184225, 0.00184225
17.7882, 0, 0.046655, 0.00162936, 1.41421, -0.046655, 0, 0.00162936, 0.00162936, 0.00162936, 0.00162936, 0.00162936, 0.00162936, 0.00162936, 0.00162936, 0.00162936, 0.00162936, 0.00162936, 0.00162936, 0.00162936, 0.00162936, 0.00162936, 0.00162936, 0.00162936, 0.00162936, 0.00162936, 0.00163028, 0.00162936, 0.046654, 0.00162936, 0.00162936
17.7961, 2, 0.0473001, 0.00153562, 2, 1.9527, 0, 0.00153562, 0.00153562, 0.00153562, 0.00153562, 0.00153562, 0.00153562, 0.00153562, 0.00153562, 0.00153562, 0.00153562, 0.00153562, 0.00153562, 0.00153562, 0.00153562, 0.00153562, 0.00153562, 0.00153562, 0.00153562, 0.00153562, 0.00153655, 0.00153562, 0.0472992, 0.00153562, 0.00153562
17.8039, 2, 0.0479236, 0.00140338, 2, 1.95208, 0, 0.00140338, 0.00140338, 0.00140338, 0.00140338, 0.00140338, 0.00140338, 0.00140338, 0.00140338, 0.00140338, 0.00140338, 0.00140338, 0.00140338, 0.00140338, 0.00140338, 0.00140338, 0.00140338, 0.00140338, 0.00140338, 0.00140338, 0.00140431, 0.00140338, 0.0479227, 0.00140338, 0.00140338
17.8118, 0, 0.0485352, 0.00124139, 1.41421, -0.0485352, 0, 0.00124139, 0.00124139, 0.00124139, 0.00124139, 0.00124139, 0.00124139, 0.00124139, 0.00124139, 0.00124139, 0.00124139, 0.00124139, 0.00124139, 0.00124139, 0.00124139, 0.00124139, 0.00124139, 0.00124139, 0.00124139, 0.00124139, 0.00124233, 0.00124139, 0.0485343, 0.00124139, 0.00124139
17.8197, 0, 0.0491582, 0.0010728, 1.41421, -0.0491582, 0, 0.0010728, 0.0010728, 0.0010728, 0.0010728, 0.0010728, 0.0010728, 0.0010728, 0.0010728, 0.0010728, 0.0010728, 0.0010728, 0.0010728, 0.0010728, 0.0010728, 0.0010728, 0.0010728, 0.0010728, 0.0010728, 0.0010728, 0.00107374, 0.0010728, 0.0491573, 0.0010728, 0.0010728
17.8276, 0, 0.0498124, 0.000916513, 1.41421, -0.0498124, 0, 0.000916513, 0.000916513, 0.000916513, 0.000916513, 0.000916513, 0.000916513, 0.000916513, 0.000916513, 0.000916513, 0.000916513, 0.000916513, 0.000916513, 0.000916513, 0.000916513, 0.000916513, 0.000916513, 0.000916513, 0.000916513, 0.000916513, 0.000917447, 0.000916513, 0.0498115, 0.000916513, 0.000916513
17.8355, 2, 0.0505457, 0.000820209, 2, 1.94945, 0, 0.000820209, 0.000820209, 0.000820209, 0.000820209, 0.000820209, 0.000820209, 0.000820209, 0.000820209, 0.000820209, 0.000820209, 0.000820209, 0.000820209, 0.000820209, 0.000820209, 0.000820209, 0.000820209, 0.000820209, 0.000820209, 0.000820209, 0.000821144, 0.000820209, 0.0505448, 0.000820209, 0.000820209
17.8433, 2, 0.0512906, 0.000715267, 2, 1.94871, 0, 0.000715267, 0.000715267, 0.000715267, 0.000715267, 0.000715267, 0.000715267, 0.000715267, 0.000715267, 0.000715267, 0.000715267, 0.000715267, 0.000715267, 0.000715267, 0.000715267, 0.000715267, 0.000715267, 0.000715267, 0.000715267, 0.000715267, 0.000716203, 0.000715267, 0.0512896, 0.000715267, 0.000715267
17.8512, 0, 0.0520521, 0.000606652, 1.41421, -0.0520521, 0, 0.000606652, 0.000606652, 0.000606652, 0.000606652, 0.000606652, 0.000606652, 0.000606652, 0.000606652, 0.000606652, 0.000606652, 0.000606652, 0.000606652, 0.000606652, 0.000606652, 0.000606652, 0.000606652, 0.000606652, 0.000606652, 0.000606652, 0.00060759, 0.000606652, 0.0520511, 0.000606652, 0.000606652
17.8591, 0, 0.0528369, 0.000499932, 1.41421, -0.0528369, 0, 0.000499932, 0.000499932, 0.000499932, 0.000499932, 0.000499932, 0.000499932, 0.000499932, 0.000499932, 0.000499932, 0.000499932, 0.000499932, 0.000499932, 0.000499932, 0.000499932, 0.000499932, 0.000499932, 0.000499932, 0.000499932, 0.000499932, 0.000500871, 0.000499932, 0.052836, 0.000499932, 0.000499932
17.867, 0, 0.0536496, 0.000399433, 1.41421, -0.0536496, 0, 0.000399433, 0.000399433, 0.000399433, 0.000399433, 0.000399433, 0.000399433, 0.000399433, 0.000399433, 0.000399433, 0.000399433, 0.000399433, 0.000399433, 0.000399433, 0.000399433, 0.000399433, 0.000399433, 0.000399433, 0.000399433, 0.000399433, 0.000400374, 0.000399433, 0.0536486, 0.000399433, 0.000399433
17.8749, 0, 0.0544941, 0.000307987, 1.41421, -0.0544941, 0, 0.000307987, 0.000307987, 0.000307987, 0.000307987, 0.000307987, 0.000307987, 0.000307987, 0.000307987, 0.000307987, 0.000307987, 0.000307987, 0.000307987, 0.000307987, 0.000307987, 0.000307987, 0.000307987, 0.000307987, 0.000307987, 0.000307987, 0.00030893, 0.000307987, 0.0544932, 0.000307987, 0.000307987
17.8827, 2, 0.0553726, 0.000227284, 2, 1.94463, 0, 0.000227284, 0.000227284, 0.000227284, 0.000227284, 0.000227284, 0.000227284, 0.000227284, 0.000227284, 0.000227284, 0.000227284, 0.000227284, 0.000227284, 0.000227284, 0.000227284, 0.000227284, 0.000227284, 0.000227284, 0.000227284, 0.000227284, 0.000228229, 0.000227284, 0.0553717, 0.000227284, 0.000227284
17.8906, 0, 0.0562866, 0.000158273, 1.41421, -0.0562866, 0, 0.000158273, 0.000158273, 0.000158273, 0.000158273, 0.000158273, 0.000158273, 0.000158273, 0.000158273, 0.000158273, 0.000158273, 0.000158273, 0.000158273, 0.000158273, 0.000158273, 0.000158273, 0.000158273, 0.000158273, 0.000158273, 0.000158273, 0.000159221, 0.000158273, 0.0562857, 0.000158273, 0.000158273
17.8985, 0, 0.0572377, 0.000101467, 1.41421, -0.0572377, 0, 0.000101467, 0.000101467, 0.000101467, 0.000101467, 0.000101467, 0.000101467, 0.000101467, 0.000101467, 0.000101467, 0.000101467, 0.000101467, 0.000101467, 0.000101467, 0.000101467, 0.000101467, 0.000101467, 0.000101467, 0.000101467, 0.000101467, 0.000102418, 0.000101467, 0.0572368, 0.000101467, 0.000101467
17.9064, 0, 0.0582266, 5.71331e-05, 1.41421, -0.0582266, 0, 5.71331e-05, 5.71331e-05, 5.71331e-05, 5.71331e-05, 5.71331e-05, 5.71331e-05, 5.71331e-05, 5.71331e-05, 5.71331e-05, 5.71331e-05, 5.71331e-05, 5.71331e-05, 5.71331e-05, 5.71331e-05, 5.71331e-05, 5.71331e-05, 5.71331e-05, 5.71331e-05, 5.71331e-05, 5.80869e-05, 5.71331e-05, 0.0582256, 5.71331e-05, 5.71331e-05
17.9143, 0, 0.0592545, 2.54053e-05, 1.41421, -0.0592545, 0, 2.54053e-05, 2.54053e-05, 2.54053e-05, 2.54053e-05, 2.54053e-05, 2.54053e-05, 2.54053e-05, 2.54053e-05, 2.54053e-05, 2.54053e-05, 2.54053e-05, 2.54053e-05, 2.54053e-05, 2.54053e-05, 2.54053e-05, 2.54053e-05, 2.54053e-05, 2.54053e-05, 2.54053e-05, 2.63627e-05, 2.54053e-05, 0.0592535, 2.54053e-05, 2.54053e-05
17.9221, 0, 0.060322, 6.35133e-06, 1.41421, -0.060322, 0, 6.35133e-06, 6.35133e-06, 6.35133e-06, 6.35133e-06, 6.35133e-06, 6.35133e-06, 6.35133e-06, 6.35133e-06, 6.35133e-06, 6.35133e-06, 6.35133e-06, 6.35133e-06, 6.35133e-06, 6.35133e-06, 6.35133e-06, 6.35133e-06, 6.35133e-06, 6.35133e-06, 6.35133e-06, 7.31296e-06, 6.35133e-06, 0.060321, 6.35133e-06, 6.35133e-06
17.93, 0, 0.0614303, 0, 1.41421, -0.0614303, 0, 0, 0, 0, 0, 0, 0, 0, 0, 0, 0, 0, 0, 0, 0, 0, 0, 0, 0, 0, 9.66564e-07, 0, 0.0614293, 0, 0
17.9379, 0, 0.0625735, 0, 1.41421, -0.0625735, 0, 0, 0, 0, 0, 0, 0, 0, 0, 0, 0, 0, 0, 0, 0, 0, 0, 0, 0, 0, 9.72335e-07, 0, 0.0625725, 0, 0
17.9458, 0, 0.0637467, 0, 1.41421, -0.0637467, 0, 0, 0, 0, 0, 0, 0, 0, 0, 0, 0, 0, 0, 0, 0, 0, 0, 0, 0, 0, 9.79124e-07, 0, 0.0637457, 0, 0
17.9537, 0, 0.0649509, 7.22125e-07, 1.41421, -0.0649509, 0, 7.22125e-07, 7.22125e-07, 7.22125e-07, 7.22125e-07, 7.22125e-07, 7.22125e-07, 7.22125e-07, 7.22125e-07, 7.22125e-07, 7.22125e-07, 7.22125e-07, 7.22125e-07, 7.22125e-07, 7.22125e-07, 7.22125e-07, 7.22125e-07, 7.22125e-07, 7.22125e-07, 7.22125e-07, 1.70925e-06, 7.22125e-07, 0.0649499, 7.22125e-07, 7.22125e-07
17.9615, 0, 0.0661878, 2.31806e-06, 1.41421, -0.0661878, 0, 2.31806e-06, 2.31806e-06, 2.31806e-06, 2.31806e-06, 2.31806e-06, 2.31806e-06, 2.31806e-06, 2.31806e-06, 2.31806e-06, 2.31806e-06, 2.31806e-06, 2.31806e-06, 2.31806e-06, 2.31806e-06, 2.31806e-06, 2.31806e-06, 2.31806e-06, 2.31806e-06, 2.31806e-06, 3.31465e-06, 2.31806e-06, 0.0661868, 2.31806e-06, 2.31806e-06
17.9694, 0, 0.0674571, 3.96184e-06, 1.41421, -0.0674571, 0, 3.96184e-06, 3.96184e-06, 3.96184e-06, 3.96184e-06, 3.96184e-06, 3.96184e-06, 3.96184e-06, 3.96184e-06, 3.96184e-06, 3.96184e-06, 3.96184e-06, 3.96184e-06, 3.96184e-06, 3.96184e-06, 3.96184e-06, 3.96184e-06, 3.96184e-06, 3.96184e-06, 3.96184e-06, 4.96959e-06, 3.96184e-06, 0.0674561, 3.96184e-06, 3.96184e-06
17.9773, 0, 0.0687598, 5.27777e-06, 1.41421, -0.0687598, 0, 5.27777e-06, 5.27777e-06, 5.27777e-06, 5.27777e-06, 5.27777e-06, 5.27777e-06, 5.27777e-06, 5.27777e-06, 5.27777e-06, 5.27777e-06, 5.27777e-06, 5.27777e-06, 5.27777e-06, 5.27777e-06, 5.27777e-06, 5.27777e-06, 5.27777e-06, 5.27777e-06, 5.27777e-06, 6.29873e-06, 5.27777e-06, 0.0687588, 5.27777e-06, 5.27777e-06
17.9852, 0, 0.0700968, 6.22221e-06, 1.41421, -0.0700968, 0, 6.22221e-06, 6.22221e-06, 6.22221e-06, 6.22221e-06, 6.22221e-06, 6.22221e-06, 6.22221e-06, 6.22221e-06, 6.22221e-06, 6.22221e-06, 6.22221e-06, 6.22221e-06, 6.22221e-06, 6.22221e-06, 6.22221e-06, 6.22221e-06, 6.22221e-06, 6.22221e-06, 6.22221e-06, 7.25876e-06, 6.22221e-06, 0.0700958, 6.22221e-06, 6.22221e-06
17.9931, 6, 0.0714692, 6.95181e-06, 2.82843, 5.92853, 0, 6.95181e-06, 6.95181e-06, 6.95181e-06, 6.95181e-06, 6.95181e-06, 6.95181e-06, 6.95181e-06, 6.95181e-06, 6.95181e-06, 6.95181e-06, 6.95181e-06, 6.95181e-06, 6.95181e-06, 6.95181e-06, 6.95181e-06, 6.95181e-06, 6.95181e-06, 6.95181e-06, 6.95181e-06, 8.00675e-06, 6.95181e-06, 0.0714682, 6.95181e-06, 6.95181e-06
18.0009, 2, 0.0728774, 6.98022e-06, 2, 1.92712, 0, 6.98022e-06, 6.98022e-06, 6.98022e-06, 6.98022e-06, 6.98022e-06, 6.98022e-06, 6.98022e-06, 6.98022e-06, 6.98022e-06, 6.98022e-06, 6.98022e-06, 6.98022e-06, 6.98022e-06, 6.98022e-06, 6.98022e-06, 6.98022e-06, 6.98022e-06, 6.98022e-06, 6.98022e-06, 8.05678e-06, 6.98022e-06, 0.0728763, 6.98022e-06, 6.98022e-06
18.0088, 0, 0.0743225, 5.79722e-06, 1.41421, -0.0743225, 0, 5.79722e-06, 5.79722e-06, 5.79722e-06, 5.79722e-06, 5.79722e-06, 5.79722e-06, 5.79722e-06, 5.79722e-06, 5.79722e-06, 5.79722e-06, 5.79722e-06, 5.79722e-06, 5.79722e-06, 5.79722e-06, 5.79722e-06, 5.79722e-06, 5.79722e-06, 5.79722e-06, 5.79722e-06, 6.89917e-06, 5.79722e-06, 0.0743214, 5.79722e-06, 5.79722e-06
18.0167, 2, 0.075806, 4.21748e-06, 2, 1.92419, 0, 4.21748e-06, 4.21748e-06, 4.21748e-06, 4.21748e-06, 4.21748e-06, 4.21748e-06, 4.21748e-06, 4.21748e-06, 4.21748e-06, 4.21748e-06, 4.21748e-06, 4.21748e-06, 4.21748e-06, 4.21748e-06, 4.21748e-06, 4.21748e-06, 4.21748e-06, 4.21748e-06, 4.21748e-06, 5.34914e-06, 4.21748e-06, 0.0758049, 4.21748e-06, 4.21748e-06
18.0246, 0, 0.0773304, 2.8885e-06, 1.41421, -0.0773304, 0, 2.8885e-06, 2.8885e-06, 2.8885e-06, 2.8885e-06, 2.8885e-06, 2.8885e-06, 2.8885e-06, 2.8885e-06, 2.8885e-06, 2.8885e-06, 2.8885e-06, 2.8885e-06, 2.8885e-06, 2.8885e-06, 2.8885e-06, 2.8885e-06, 2.8885e-06, 2.8885e-06, 2.8885e-06, 4.05482e-06, 2.8885e-06, 0.0773293, 2.8885e-06, 2.8885e-06
18.0325, 0, 0.0788984, 4.03931e-06, 1.41421, -0.0788984, 0, 4.03931e-06, 4.03931e-06, 4.03931e-06, 4.03931e-06, 4.03931e-06, 4.03931e-06, 4.03931e-06, 4.03931e-06, 4.03931e-06, 4.03931e-06, 4.03931e-06, 4.03931e-06, 4.03931e-06, 4.03931e-06, 4.03931e-06, 4.03931e-06, 4.03931e-06, 4.03931e-06, 4.03931e-06, 5.24593e-06, 4.03931e-06, 0.0788972, 4.03931e-06, 4.03931e-06
18.0403, 0, 0.0805081, 3.6006e-06, 1.41421, -0.0805081, 0, 3.6006e-06, 3.6006e-06, 3.6006e-06, 3.6006e-06, 3.6006e-06, 3.6006e-06, 3.6006e-06, 3.6006e-06, 3.6006e-06, 3.6006e-06, 3.6006e-06, 3.6006e-06, 3.6006e-06, 3.6006e-06, 3.6006e-06, 3.6006e-06, 3.6006e-06, 3.6006e-06, 3.6006e-06, 4.8539e-06, 3.6006e-06, 0.0805069, 3.6006e-06, 3.6006e-06
18.0482, 0, 0.0821603, 1.94623e-06, 1.41421, -0.0821603, 0, 1.94623e-06, 1.94623e-06, 1.94623e-06, 1.94623e-06, 1.94623e-06, 1.94623e-06, 1.94623e-06, 1.94623e-06, 1.94623e-06, 1.94623e-06, 1.94623e-06, 1.94623e-06, 1.94623e-06, 1.94623e-06, 1.94623e-06, 1.94623e-06, 1.94623e-06, 1.94623e-06, 1.94623e-06, 3.25339e-06, 1.94623e-06, 0.082159, 1.94623e-06, 1.94623e-06
18.0561, 0, 0.0838582, 4.86557e-07, 1.41421, -0.0838582, 0, 4.86557e-07, 4.86557e-07, 4.86557e-07, 4.86557e-07, 4.86557e-07, 4.86557e-07, 4.86557e-07, 4.86557e-07, 4.86557e-07, 4.86557e-07, 4.86557e-07, 4.86557e-07, 4.86557e-07, 4.86557e-07, 4.86557e-07, 4.86557e-07, 4.86557e-07, 4.86557e-07, 4.86557e-07, 1.85562e-06, 4.86557e-07, 0.0838568, 4.86557e-07, 4.86557e-07
18.064, 0, 0.0856044, 0, 1.41421, -0.0856044, 0, 0, 0, 0, 0, 0, 0, 0, 0, 0, 0, 0, 0, 0, 0, 0, 0, 0, 0, 0, 1.43992e-06, 0, 0.085603, 0, 0
18.0719, 0, 0.0874, 9.21054e-07, 1.41421, -0.0874, 0, 9.21054e-07, 9.21054e-07, 9.21054e-07, 9.21054e-07, 9.21054e-07, 9.21054e-07, 9.21054e-07, 9.21054e-07, 9.21054e-07, 9.21054e-07, 9.21054e-07, 9.21054e-07, 9.21054e-07, 9.21054e-07, 9.21054e-07, 9.21054e-07, 9.21054e-07, 9.21054e-07, 9.21054e-07, 2.4417e-06, 9.21054e-07, 0.0873985, 9.21054e-07, 9.21054e-07
18.0797, 0, 0.0892461, 1.96785e-06, 1.41421, -0.0892461, 0, 1.96785e-06, 1.96785e-06, 1.96785e-06, 1.96785e-06, 1.96785e-06, 1.96785e-06, 1.96785e-06, 1.96785e-06, 1.96785e-06, 1.96785e-06, 1.96785e-06, 1.96785e-06, 1.96785e-06, 1.96785e-06, 1.96785e-06, 1.96785e-06, 1.96785e-06, 1.96785e-06, 1.96785e-06, 3.58011e-06, 1.96785e-06, 0.0892445, 1.96785e-06, 1.96785e-06
18.0876, 0, 0.0911426, 1.9186e-06, 1.41421, -0.0911426, 0, 1.9186e-06, 1.9186e-06, 1.9186e-06, 1.9186e-06, 1.9186e-06, 1.9186e-06, 1.9186e-06, 1.9186e-06, 1.9186e-06, 1.9186e-06, 1.9186e-06, 1.9186e-06, 1.9186e-06, 1.9186e-06, 1.9186e-06, 1.9186e-06, 1.9186e-06, 1.9186e-06, 1.9186e-06, 3.63437e-06, 1.9186e-06, 0.0911409, 1.9186e-06, 1.9186e-06
18.0955, 0, 0.0930915, 1.293e-06, 1.41421, -0.0930915, 0, 1.293e-06, 1.293e-06, 1.293e-06, 1.293e-06, 1.293e-06, 1.293e-06, 1.293e-06, 1.293e-06, 1.293e-06, 1.293e-06, 1.293e-06, 1.293e-06, 1.293e-06, 1.293e-06, 1.293e-06, 1.293e-06, 1.293e-06, 1.293e-06, 1.293e-06, 3.12516e-06, 1.293e-06, 0.0930897, 1.293e-06, 1.293e-06
18.1034, 0, 0.0950948, 7.90436e-07, 1.41421, -0.0950948, 0, 7.90436e-07, 7.90436e-07, 7.90436e-07, 7.90436e-07, 7.90436e-07, 7.90436e-07, 7.90436e-07, 7.90436e-07, 7.90436e-07, 7.90436e-07, 7.90436e-07, 7.90436e-07, 7.90436e-07, 7.90436e-07, 7.90436e-07, 7.90436e-07, 7.90436e-07, 7.90436e-07, 7.90436e-07, 2.75287e-06, 7.90436e-07, 0.0950929, 7.90436e-07, 7.90436e-07
18.1113, 2, 0.0971578, 2.98353e-06, 2, 1.90284, 0, 2.98353e-06, 2.98353e-06, 2.98353e-06, 2.98353e-06, 2.98353e-06, 2.98353e-06, 2.98353e-06, 2.98353e-06, 2.98353e-06, 2.98353e-06, 2.98353e-06, 2.98353e-06, 2.98353e-06, 2.98353e-06, 2.98353e-06, 2.98353e-06, 2.98353e-06, 2.98353e-06, 2.98353e-06, 5.09119e-06, 2.98353e-06, 0.0971557, 2.98353e-06, 2.98353e-06
18.1191, 0, 0.0992779, 4.50509e-06, 1.41421, -0.0992779, 0, 4.50509e-06, 4.50509e-06, 4.50509e-06, 4.50509e-06, 4.50509e-06, 4.50509e-06, 4.50509e-06, 4.50509e-06, 4.50509e-06, 4.50509e-06, 4.50509e-06, 4.50509e-06, 4.50509e-06, 4.50509e-06, 4.50509e-06, 4.50509e-06, 4.50509e-06, 4.50509e-06, 4.50509e-06, 6.77381e-06, 4.50509e-06, 0.0992756, 4.50509e-06, 4.50509e-06
18.127, 2, 0.101457, 4.5592e-06, 2, 1.89854, 0, 4.5592e-06, 4.5592e-06, 4.5592e-06, 4.5592e-06, 4.5592e-06, 4.5592e-06, 4.5592e-06, 4.5592e-06, 4.5592e-06, 4.5592e-06, 4.5592e-06, 4.5592e-06, 4.5592e-06, 4.5592e-06, 4.5592e-06, 4.5592e-06, 4.5592e-06, 4.5592e-06, 4.5592e-06, 7.00584e-06, 4.5592e-06, 0.101455, 4.5592e-06, 4.5592e-06
18.1349, 0, 0.103697, 3.82859e-06, 1.41421, -0.103697, 0, 3.82859e-06, 3.82859e-06, 3.82859e-06, 3.82859e-06, 3.82859e-06, 3.82859e-06, 3.82859e-06, 3.82859e-06, 3.82859e-06, 3.82859e-06, 3.82859e-06, 3.82859e-06, 3.82859e-06, 3.82859e-06, 3.82859e-06, 3.82859e-06, 3.82859e-06, 3.82859e-06, 3.82859e-06, 6.47074e-06, 3.82859e-06, 0.103694, 3.82859e-06, 3.82859e-06
18.1428, 0, 0.106001, 3.16174e-06, 1.41421, -0.106001, 0, 3.16174e-06, 3.16174e-06, 3.16174e-06, 3.16174e-06, 3.16174e-06, 3.16174e-06, 3.16174e-06, 3.16174e-06, 3.16174e-06, 3.16174e-06, 3.16174e-06, 3.16174e-06, 3.16174e-06, 3.16174e-06, 3.16174e-06, 3.16174e-06, 3.16174e-06, 3.16174e-06, 3.16174e-06, 6.01788e-06, 3.16174e-06, 0.105998, 3.16174e-06, 3.16174e-06
18.1507, 0, 0.108375, 6.33956e-06, 1.41421, -0.108375, 0, 6.33956e-06, 6.33956e-06, 6.33956e-06, 6.33956e-06, 6.33956e-06, 6.33956e-06, 6.33956e-06, 6.33956e-06, 6.33956e-06, 6.33956e-06, 6.33956e-06, 6.33956e-06, 6.33956e-06, 6.33956e-06, 6.33956e-06, 6.33956e-06, 6.33956e-06, 6.33956e-06, 6.33956e-06, 9.42872e-06, 6.33956e-06, 0.108372, 6.33956e-06, 6.33956e-06
18.1585, 2, 0.110816, 8.15834e-06, 2, 1.88918, 0, 8.15834e-06, 8.15834e-06, 8.15834e-06, 8.15834e-06, 8.15834e-06, 8.15834e-06, 8.15834e-06, 8.15834e-06, 8.15834e-06, 8.15834e-06, 8.15834e-06, 8.15834e-06, 8.15834e-06, 8.15834e-06, 8.15834e-06, 8.15834e-06, 8.15834e-06, 8.15834e-06, 8.15834e-06, 1.15002e-05, 8.15834e-06, 0.110812, 8.15834e-06, 8.15834e-06
18.1664, 0, 0.113324, 8.12916e-06, 1.41421, -0.113324, 0, 8.12916e-06, 8.12916e-06, 8.12916e-06, 8.12916e-06, 8.12916e-06, 8.12916e-06, 8.12916e-06, 8.12916e-06, 8.12916e-06, 8.12916e-06, 8.12916e-06, 8.12916e-06, 8.12916e-06, 8.12916e-06, 8.12916e-06, 8.12916e-06, 8.12916e-06, 8.12916e-06, 8.12916e-06, 1.17437e-05, 8.12916e-06, 0.113321, 8.12916e-06, 8.12916e-06
18.1743, 0, 0.115905, 7.15179e-06, 1.41421, -0.115905, 0, 7.15179e-06, 7.15179e-06, 7.15179e-06, 7.15179e-06, 7.15179e-06, 7.15179e-06, 7.15179e-06, 7.15179e-06, 7.15179e-06, 7.15179e-06, 7.15179e-06, 7.15179e-06, 7.15179e-06, 7.15179e-06, 7.15179e-06, 7.15179e-06, 7.15179e-06, 7.15179e-06, 7.15179e-06, 1.10593e-05, 7.15179e-06, 0.115902, 7.15179e-06, 7.15179e-06
18.1822, 2, 0.118561, 6.237e-06, 2, 1.88144, 0, 6.237e-06, 6.237e-06, 6.237e-06, 6.237e-06, 6.237e-06, 6.237e-06, 6.237e-06, 6.237e-06, 6.237e-06, 6.237e-06, 6.237e-06, 6.237e-06, 6.237e-06, 6.237e-06, 6.237e-06, 6.237e-06, 6.237e-06, 6.237e-06, 6.237e-06, 1.04578e-05, 6.237e-06, 0.118556, 6.237e-06, 6.237e-06
18.1901, 0, 0.121299, 1.0575e-05, 1.41421, -0.121299, 0, 1.0575e-05, 1.0575e-05, 1.0575e-05, 1.0575e-05, 1.0575e-05, 1.0575e-05, 1.0575e-05, 1.0575e-05, 1.0575e-05, 1.0575e-05, 1.0575e-05, 1.0575e-05, 1.0575e-05, 1.0575e-05, 1.0575e-05, 1.0575e-05, 1.0575e-05, 1.0575e-05, 1.0575e-05, 1.51295e-05, 1.0575e-05, 0.121295, 1.0575e-05, 1.0575e-05
18.1979, 0, 0.124115, 1.29332e-05, 1.41421, -0.124115, 0, 1.29332e-05, 1.29332e-05, 1.29332e-05, 1.29332e-05, 1.29332e-05, 1.29332e-05, 1.29332e-05, 1.29332e-05, 1.29332e-05, 1.29332e-05, 1.29332e-05, 1.29332e-05, 1.29332e-05, 1.29332e-05, 1.29332e-05, 1.29332e-05, 1.29332e-05, 1.29332e-05, 1.29332e-05, 1.78413e-05, 1.29332e-05, 0.124111, 1.29332e-05, 1.29332e-05
18.2058, 0, 0.127012, 1.28699e-05, 1.41421, -0.127012, 0, 1.28699e-05, 1.28699e-05, 1.28699e-05, 1.28699e-05, 1.28699e-05, 1.28699e-05, 1.28699e-05, 1.28699e-05, 1.28699e-05, 1.28699e-05, 1.28699e-05, 1.28699e-05, 1.28699e-05, 1.28699e-05, 1.28699e-05, 1.28699e-05, 1.28699e-05, 1.28699e-05, 1.28699e-05, 1.81511e-05, 1.28699e-05, 0.127006, 1.28699e-05, 1.28699e-05
18.2137, 0, 0.129991, 1.1574e-05, 1.41421, -0.129991, 0, 1.1574e-05, 1.1574e-05, 1.1574e-05, 1.1574e-05, 1.1574e-05, 1.1574e-05, 1.1574e-05, 1.1574e-05, 1.1574e-05, 1.1574e-05, 1.1574e-05, 1.1574e-05, 1.1574e-05, 1.1574e-05, 1.1574e-05, 1.1574e-05, 1.1574e-05, 1.1574e-05, 1.1574e-05, 1.7247e-05, 1.1574e-05, 0.129985, 1.1574e-05, 1.1574e-05
18.2216, 4, 0.133058, 1.03469e-05, 2.44949, 3.86694, 0, 1.03469e-05, 1.03469e-05, 1.03469e-05, 1.03469e-05, 1.03469e-05, 1.03469e-05, 1.03469e-05, 1.03469e-05, 1.03469e-05, 1.03469e-05, 1.03469e-05, 1.03469e-05, 1.03469e-05, 1.03469e-05, 1.03469e-05, 1.03469e-05, 1.03469e-05, 1.03469e-05, 1.03469e-05, 1.64297e-05, 1.03469e-05, 0.133052, 1.03469e-05, 1.03469e-05
18.2295, 0, 0.136222, 1.55352e-05, 1.41421, -0.136222, 0, 1.55352e-05, 1.55352e-05, 1.55352e-05, 1.55352e-05, 1.55352e-05, 1.55352e-05, 1.55352e-05, 1.55352e-05, 1.55352e-05, 1.55352e-05, 1.55352e-05, 1.55352e-05, 1.55352e-05, 1.55352e-05, 1.55352e-05, 1.55352e-05, 1.55352e-05, 1.55352e-05, 1.55352e-05, 2.20444e-05, 1.55352e-05, 0.136216, 1.55352e-05, 1.55352e-05
18.2373, 0, 0.139478, 1.80309e-05, 1.41421, -0.139478, 0, 1.80309e-05, 1.80309e-05, 1.80309e-05, 1.80309e-05, 1.80309e-05, 1.80309e-05, 1.80309e-05, 1.80309e-05, 1.80309e-05, 1.80309e-05, 1.80309e-05, 1.80309e-05, 1.80309e-05, 1.80309e-05, 1.80309e-05, 1.80309e-05, 1.80309e-05, 1.80309e-05, 1.80309e-05, 2.4982e-05, 1.80309e-05, 0.139471, 1.80309e-05, 1.80309e-05
18.2452, 0, 0.142825, 1.75505e-05, 1.41421, -0.142825, 0, 1.75505e-05, 1.75505e-05, 1.75505e-05, 1.75505e-05, 1.75505e-05, 1.75505e-05, 1.75505e-05, 1.75505e-05, 1.75505e-05, 1.75505e-05, 1.75505e-05, 1.75505e-05, 1.75505e-05, 1.75505e-05, 1.75505e-05, 1.75505e-05, 1.75505e-05, 1.75505e-05, 1.75505e-05, 2.49574e-05, 1.75505e-05, 0.142818, 1.75505e-05, 1.75505e-05
18.2531, 0, 0.146271, 1.56144e-05, 1.41421, -0.146271, 0, 1.56144e-05, 1.56144e-05, 1.56144e-05, 1.56144e-05, 1.56144e-05, 1.56144e-05, 1.56144e-05, 1.56144e-05, 1.56144e-05, 1.56144e-05, 1.56144e-05, 1.56144e-05, 1.56144e-05, 1.56144e-05, 1.56144e-05, 1.56144e-05, 1.56144e-05, 1.56144e-05, 1.56144e-05, 2.34892e-05, 1.56144e-05, 0.146263, 1.56144e-05, 1.56144e-05
18.261, 0, 0.14982, 1.37913e-05, 1.41421, -0.14982, 0, 1.37913e-05, 1.37913e-05, 1.37913e-05, 1.37913e-05, 1.37913e-05, 1.37913e-05, 1.37913e-05, 1.37913e-05, 1.37913e-05, 1.37913e-05, 1.37913e-05, 1.37913e-05, 1.37913e-05, 1.37913e-05, 1.37913e-05, 1.37913e-05, 1.37913e-05, 1.37913e-05, 1.37913e-05, 2.21446e-05, 1.37913e-05, 0.149812, 1.37913e-05, 1.37913e-05
18.2689, 0, 0.153482, 1.98844e-05, 1.41421, -0.153482, 0, 1.98844e-05, 1.98844e-05, 1.98844e-05, 1.98844e-05, 1.98844e-05, 1.98844e-05, 1.98844e-05, 1.98844e-05, 1.98844e-05, 1.98844e-05, 1.98844e-05, 1.98844e-05, 1.98844e-05, 1.98844e-05, 1.98844e-05, 1.98844e-05, 1.98844e-05, 1.98844e-05, 1.98844e-05, 2.87241e-05, 1.98844e-05, 0.153473, 1.98844e-05, 1.98844e-05
18.2767, 0, 0.15725, 2.27555e-05, 1.41421, -0.15725, 0, 2.27555e-05, 2.27555e-05, 2.27555e-05, 2.27555e-05, 2.27555e-05, 2.27555e-05, 2.27555e-05, 2.27555e-05, 2.27555e-05, 2.27555e-05, 2.27555e-05, 2.27555e-05, 2.27555e-05, 2.27555e-05, 2.27555e-05, 2.27555e-05, 2.27555e-05, 2.27555e-05, 2.27555e-05, 3.20878e-05, 2.27555e-05, 0.157241, 2.27555e-05, 2.27555e-05
18.2846, 0, 0.161126, 2.21666e-05, 1.41421, -0.161126, 0, 2.21666e-05, 2.21666e-05, 2.21666e-05, 2.21666e-05, 2.21666e-05, 2.21666e-05, 2.21666e-05, 2.21666e-05, 2.21666e-05, 2.21666e-05, 2.21666e-05, 2.21666e-05, 2.21666e-05, 2.21666e-05, 2.21666e-05, 2.21666e-05, 2.21666e-05, 2.21666e-05, 2.21666e-05, 3.19949e-05, 2.21666e-05, 0.161116, 2.21666e-05, 2.21666e-05
18.2925, 2, 0.165116, 1.98863e-05, 2, 1.83488, 0, 1.98863e-05, 1.98863e-05, 1.98863e-05, 1.98863e-05, 1.98863e-05, 1.98863e-05, 1.98863e-05, 1.98863e-05, 1.98863e-05, 1.98863e-05, 1.98863e-05, 1.98863e-05, 1.98863e-05, 1.98863e-05, 1.98863e-05, 1.98863e-05, 1.98863e-05, 1.98863e-05, 1.98863e-05, 3.02117e-05, 1.98863e-05, 0.165106, 1.98863e-05, 1.98863e-05
18.3004, 2, 0.169225, 1.77298e-05, 2, 1.83078, 0, 1.77298e-05, 1.77298e-05, 1.77298e-05, 1.77298e-05, 1.77298e-05, 1.77298e-05, 1.77298e-05, 1.77298e-05, 1.77298e-05, 1.77298e-05, 1.77298e-05, 1.77298e-05, 1.77298e-05, 1.77298e-05, 1.77298e-05, 1.77298e-05, 1.77298e-05, 1.77298e-05, 1.77298e-05, 2.85505e-05, 1.77298e-05, 0.169214, 1.77298e-05, 1.77298e-05
18.3083, 0, 0.173465, 2.41214e-05, 1.41421, -0.173465, 0, 2.41214e-05, 2.41214e-05, 2.41214e-05, 2.41214e-05, 2.41214e-05, 2.41214e-05, 2.41214e-05, 2.41214e-05, 2.41214e-05, 2.41214e-05, 2.41214e-05, 2.41214e-05, 2.41214e-05, 2.41214e-05, 2.41214e-05, 2.41214e-05, 2.41214e-05, 2.41214e-05, 2.41214e-05, 3.54332e-05, 2.41214e-05, 0.173454, 2.41214e-05, 2.41214e-05
18.3161, 0, 0.177825, 2.67804e-05, 1.41421, -0.177825, 0, 2.67804e-05, 2.67804e-05, 2.67804e-05, 2.67804e-05, 2.67804e-05, 2.67804e-05, 2.67804e-05, 2.67804e-05, 2.67804e-05, 2.67804e-05, 2.67804e-05, 2.67804e-05, 2.67804e-05, 2.67804e-05, 2.67804e-05, 2.67804e-05, 2.67804e-05, 2.67804e-05, 2.67804e-05, 3.85757e-05, 2.67804e-05, 0.177813, 2.67804e-05, 2.67804e-05
18.324, 0, 0.182311, 2.56232e-05, 1.41421, -0.182311, 0, 2.56232e-05, 2.56232e-05, 2.56232e-05, 2.56232e-05, 2.56232e-05, 2.56232e-05, 2.56232e-05, 2.56232e-05, 2.56232e-05, 2.56232e-05, 2.56232e-05, 2.56232e-05, 2.56232e-05, 2.56232e-05, 2.56232e-05, 2.56232e-05, 2.56232e-05, 2.56232e-05, 2.56232e-05, 3.78918e-05, 2.56232e-05, 0.182299, 2.56232e-05, 2.56232e-05
18.3319, 0, 0.186925, 2.26629e-05, 1.41421, -0.186925, 0, 2.26629e-05, 2.26629e-05, 2.26629e-05, 2.26629e-05, 2.26629e-05, 2.26629e-05, 2.26629e-05, 2.26629e-05, 2.26629e-05, 2.26629e-05, 2.26629e-05, 2.26629e-05, 2.26629e-05, 2.26629e-05, 2.26629e-05, 2.26629e-05, 2.26629e-05, 2.26629e-05, 2.26629e-05, 3.53912e-05, 2.26629e-05, 0.186912, 2.26629e-05, 2.26629e-05
18.3398, 0, 0.191675, 1.98842e-05, 1.41421, -0.191675, 0, 1.98842e-05, 1.98842e-05, 1.98842e-05, 1.98842e-05, 1.98842e-05, 1.98842e-05, 1.98842e-05, 1.98842e-05, 1.98842e-05, 1.98842e-05, 1.98842e-05, 1.98842e-05, 1.98842e-05, 1.98842e-05, 1.98842e-05, 1.98842e-05, 1.98842e-05, 1.98842e-05, 1.98842e-05, 3.3056e-05, 1.98842e-05, 0.191662, 1.98842e-05, 1.98842e-05
18.3477, 0, 0.196572, 2.66028e-05, 1.41421, -0.196572, 0, 2.66028e-05, 2.66028e-05, 2.66028e-05, 2.66028e-05, 2.66028e-05, 2.66028e-05, 2.66028e-05, 2.66028e-05, 2.66028e-05, 2.66028e-05, 2.66028e-05, 2.66028e-05, 2.66028e-05, 2.66028e-05, 2.66028e-05, 2.66028e-05, 2.66028e-05, 2.66028e-05, 2.66028e-05, 4.01984e-05, 2.66028e-05, 0.196558, 2.66028e-05, 2.66028e-05
18.3555, 0, 0.201605, 2.93918e-05, 1.41421, -0.201605, 0, 2.93918e-05, 2.93918e-05, 2.93918e-05, 2.93918e-05, 2.93918e-05, 2.93918e-05, 2.93918e-05, 2.93918e-05, 2.93918e-05, 2.93918e-05, 2.93918e-05, 2.93918e-05, 2.93918e-05, 2.93918e-05, 2.93918e-05, 2.93918e-05, 2.93918e-05, 2.93918e-05, 2.93918e-05, 4.33887e-05, 2.93918e-05, 0.201591, 2.93918e-05, 2.93918e-05
18.3634, 0, 0.206776, 2.81843e-05, 1.41421, -0.206776, 0, 2.81843e-05, 2.81843e-05, 2.81843e-05, 2.81843e-05, 2.81843e-05, 2.81843e-05, 2.81843e-05, 2.81843e-05, 2.81843e-05, 2.81843e-05, 2.81843e-05, 2.81843e-05, 2.81843e-05, 2.81843e-05, 2.81843e-05, 2.81843e-05, 2.81843e-05, 2.81843e-05, 2.81843e-05, 4.25567e-05, 2.81843e-05, 0.206762, 2.81843e-05, 2.81843e-05
18.3713, 0, 0.212092, 2.50829e-05, 1.41421, -0.212092, 0, 2.50829e-05, 2.50829e-05, 2.50829e-05, 2.50829e-05, 2.50829e-05, 2.50829e-05, 2.50829e-05, 2.50829e-05, 2.50829e-05, 2.50829e-05, 2.50829e-05, 2.50829e-05, 2.50829e-05, 2.50829e-05, 2.50829e-05, 2.50829e-05, 2.50829e-05, 2.50829e-05, 2.50829e-05, 3.98021e-05, 2.50829e-05, 0.212077, 2.50829e-05, 2.50829e-05
18.3792, 0, 0.217553, 2.21622e-05, 1.41421, -0.217553, 0, 2.21622e-05, 2.21622e-05, 2.21622e-05, 2.21622e-05, 2.21622e-05, 2.21622e-05, 2.21622e-05, 2.21622e-05, 2.21622e-05, 2.21622e-05, 2.21622e-05, 2.21622e-05, 2.21622e-05, 2.21622e-05, 2.21622e-05, 2.21622e-05, 2.21622e-05, 2.21622e-05, 2.21622e-05, 3.71966e-05, 2.21622e-05, 0.217538, 2.21622e-05, 2.21622e-05
18.3871, 2, 0.223173, 2.85083e-05, 2, 1.77683, 0, 2.85083e-05, 2.85083e-05, 2.85083e-05, 2.85083e-05, 2.85083e-05, 2.85083e-05, 2.85083e-05, 2.85083e-05, 2.85083e-05, 2.85083e-05, 2.85083e-05, 2.85083e-05, 2.85083e-05, 2.85083e-05, 2.85083e-05, 2.85083e-05, 2.85083e-05, 2.85083e-05, 2.85083e-05, 4.38236e-05, 2.85083e-05, 0.223157, 2.85083e-05, 2.85083e-05
18.3949, 2, 0.228937, 3.07713e-05, 2, 1.77106, 0, 3.07713e-05, 3.07713e-05, 3.07713e-05, 3.07713e-05, 3.07713e-05, 3.07713e-05, 3.07713e-05, 3.07713e-05, 3.07713e-05, 3.07713e-05, 3.07713e-05, 3.07713e-05, 3.07713e-05, 3.07713e-05, 3.07713e-05, 3.07713e-05, 3.07713e-05, 3.07713e-05, 3.07713e-05, 4.63303e-05, 3.07713e-05, 0.228921, 3.07713e-05, 3.07713e-05
18.4028, 0, 0.234848, 2.90443e-05, 1.41421, -0.234848, 0, 2.90443e-05, 2.90443e-05, 2.90443e-05, 2.90443e-05, 2.90443e-05, 2.90443e-05, 2.90443e-05, 2.90443e-05, 2.90443e-05, 2.90443e-05, 2.90443e-05, 2.90443e-05, 2.90443e-05, 2.90443e-05, 2.90443e-05, 2.90443e-05, 2.90443e-05, 2.90443e-05, 2.90443e-05, 4.48078e-05, 2.90443e-05, 0.234832, 2.90443e-05, 2.90443e-05
18.4107, 0, 0.240906, 2.54871e-05, 1.41421, -0.240906, 0, 2.54871e-05, 2.54871e-05, 2.54871e-05, 2.54871e-05, 2.54871e-05, 2.54871e-05, 2.54871e-05, 2.54871e-05, 2.54871e-05, 2.54871e-05, 2.54871e-05, 2.54871e-05, 2.54871e-05, 2.54871e-05, 2.54871e-05, 2.54871e-05, 2.54871e-05, 2.54871e-05, 2.54871e-05, 4.14133e-05, 2.54871e-05, 0.24089, 2.54871e-05, 2.54871e-05
18.4186, 0, 0.247116, 2.21622e-05, 1.41421, -0.247116, 0, 2.21622e-05, 2.21622e-05, 2.21622e-05, 2.21622e-05, 2.21622e-05, 2.21622e-05, 2.21622e-05, 2.21622e-05, 2.21622e-05, 2.21622e-05, 2.21622e-05, 2.21622e-05, 2.21622e-05, 2.21622e-05, 2.21622e-05, 2.21622e-05, 2.21622e-05, 2.21622e-05, 2.21622e-05, 3.82077e-05, 2.21622e-05, 0.2471, 2.21622e-05, 2.21622e-05
18.4265, 0, 0.25348, 2.82944e-05, 1.41421, -0.25348, 0, 2.82944e-05, 2.82944e-05, 2.82944e-05, 2.82944e-05, 2.82944e-05, 2.82944e-05, 2.82944e-05, 2.82944e-05, 2.82944e-05, 2.82944e-05, 2.82944e-05, 2.82944e-05, 2.82944e-05, 2.82944e-05, 2.82944e-05, 2.82944e-05, 2.82944e-05, 2.82944e-05, 2.82944e-05, 4.4414e-05, 2.82944e-05, 0.253464, 2.82944e-05, 2.82944e-05
18.4343, 2, 0.259987, 3.04925e-05, 2, 1.74001, 0, 3.04925e-05, 3.04925e-05, 3.04925e-05, 3.04925e-05, 3.04925e-05, 3.04925e-05, 3.04925e-05, 3.04925e-05, 3.04925e-05, 3.04925e-05, 3.04925e-05, 3.04925e-05, 3.04925e-05, 3.04925e-05, 3.04925e-05, 3.04925e-05, 3.04925e-05, 3.04925e-05, 3.04925e-05, 4.66398e-05, 3.04925e-05, 0.259971, 3.04925e-05, 3.04925e-05
18.4422, 0, 0.266631, 2.88274e-05, 1.41421, -0.266631, 0, 2.88274e-05, 2.88274e-05, 2.88274e-05, 2.88274e-05, 2.88274e-05, 2.88274e-05, 2.88274e-05, 2.88274e-05, 2.88274e-05, 2.88274e-05, 2.88274e-05, 2.88274e-05, 2.88274e-05, 2.88274e-05, 2.88274e-05, 2.88274e-05, 2.88274e-05, 2.88274e-05, 2.88274e-05, 4.4955e-05, 2.88274e-05, 0.266615, 2.88274e-05, 2.88274e-05
18.4501, 2, 0.273411, 2.53854e-05, 2, 1.72659, 0, 2.53854e-05, 2.53854e-05, 2.53854e-05, 2.53854e-05, 2.53854e-05, 2.53854e-05, 2.53854e-05, 2.53854e-05, 2.53854e-05, 2.53854e-05, 2.53854e-05, 2.53854e-05, 2.53854e-05, 2.53854e-05, 2.53854e-05, 2.53854e-05, 2.53854e-05, 2.53854e-05, 2.53854e-05, 4.14457e-05, 2.53854e-05, 0.273395, 2.53854e-05, 2.53854e-05
18.458, 2, 0.280326, 2.21622e-05, 2, 1.71967, 0, 2.21622e-05, 2.21622e-05, 2.21622e-05, 2.21622e-05, 2.21622e-05, 2.21622e-05, 2.21622e-05, 2.21622e-05, 2.21622e-05, 2.21622e-05, 2.21622e-05, 2.21622e-05, 2.21622e-05, 2.21622e-05, 2.21622e-05, 2.21622e-05, 2.21622e-05, 2.21622e-05, 2.21622e-05, 3.81073e-05, 2.21622e-05, 0.28031, 2.21622e-05, 2.21622e-05
18.4659, 0, 0.287374, 2.74259e-05, 1.41421, -0.287374, 0, 2.74259e-05, 2.74259e-05, 2.74259e-05, 2.74259e-05, 2.74259e-05, 2.74259e-05, 2.74259e-05, 2.74259e-05, 2.74259e-05, 2.74259e-05, 2.74259e-05, 2.74259e-05, 2.74259e-05, 2.74259e-05, 2.74259e-05, 2.74259e-05, 2.74259e-05, 2.74259e-05, 2.74259e-05, 4.32085e-05, 2.74259e-05, 0.287358, 2.74259e-05, 2.74259e-05
18.4737, 2, 0.294539, 2.89658e-05, 2, 1.70546, 0, 2.89658e-05, 2.89658e-05, 2.89658e-05, 2.89658e-05, 2.89658e-05, 2.89658e-05, 2.89658e-05, 2.89658e-05, 2.89658e-05, 2.89658e-05, 2.89658e-05, 2.89658e-05, 2.89658e-05, 2.89658e-05, 2.89658e-05, 2.89658e-05, 2.89658e-05, 2.89658e-05, 2.89658e-05, 4.45394e-05, 2.89658e-05, 0.294524, 2.89658e-05, 2.89658e-05
18.4816, 0, 0.301809, 2.69721e-05, 1.41421, -0.301809, 0, 2.69721e-05, 2.69721e-05, 2.69721e-05, 2.69721e-05, 2.69721e-05, 2.69721e-05, 2.69721e-05, 2.69721e-05, 2.69721e-05, 2.69721e-05, 2.69721e-05, 2.69721e-05, 2.69721e-05, 2.69721e-05, 2.69721e-05, 2.69721e-05, 2.69721e-05, 2.69721e-05, 2.69721e-05, 4.22916e-05, 2.69721e-05, 0.301794, 2.69721e-05, 2.69721e-05
18.4895, 0, 0.30918, 2.3408e-05, 1.41421, -0.30918, 0, 2.3408e-05, 2.3408e-05, 2.3408e-05, 2.3408e-05, 2.3408e-05, 2.3408e-05, 2.3408e-05, 2.3408e-05, 2.3408e-05, 2.3408e-05, 2.3408e-05, 2.3408e-05, 2.3408e-05, 2.3408e-05, 2.3408e-05, 2.3408e-05, 2.3408e-05, 2.3408e-05, 2.3408e-05, 3.843e-05, 2.3408e-05, 0.309165, 2.3408e-05, 2.3408e-05
18.4974, 0, 0.316638, 2.00964e-05, 1.41421, -0.316638, 0, 2.00964e-05, 2.00964e-05, 2.00964e-05, 2.00964e-05, 2.00964e-05, 2.00964e-05, 2.00964e-05, 2.00964e-05, 2.00964e-05, 2.00964e-05, 2.00964e-05, 2.00964e-05, 2.00964e-05, 2.00964e-05, 2.00964e-05, 2.00964e-05, 2.00964e-05, 2.00964e-05, 2.00964e-05, 3.47798e-05, 2.00964e-05, 0.316624, 2.00964e-05, 2.00964e-05
18.5053, 0, 0.324183, 2.47574e-05, 1.41421, -0.324183, 0, 2.47574e-05, 2.47574e-05, 2.47574e-05, 2.47574e-05, 2.47574e-05, 2.47574e-05, 2.47574e-05, 2.47574e-05, 2.47574e-05, 2.47574e-05, 2.47574e-05, 2.47574e-05, 2.47574e-05, 2.47574e-05, 2.47574e-05, 2.47574e-05, 2.47574e-05, 2.47574e-05, 2.47574e-05, 3.90637e-05, 2.47574e-05, 0.324168, 2.47574e-05, 2.47574e-05
18.5131, 0, 0.331784, 2.61117e-05, 1.41421, -0.331784, 0, 2.61117e-05, 2.61117e-05, 2.61117e-05, 2.61117e-05, 2.61117e-05, 2.61117e-05, 2.61117e-05, 2.61117e-05, 2.61117e-05, 2.61117e-05, 2.61117e-05, 2.61117e-05, 2.61117e-05, 2.61117e-05, 2.61117e-05, 2.61117e-05, 2.61117e-05, 2.61117e-05, 2.61117e-05, 4.00056e-05, 2.61117e-05, 0.33177, 2.61117e-05, 2.61117e-05
18.521, 0, 0.339432, 2.43105e-05, 1.41421, -0.339432, 0, 2.43105e-05, 2.43105e-05, 2.43105e-05, 2.43105e-05, 2.43105e-05, 2.43105e-05, 2.43105e-05, 2.43105e-05, 2.43105e-05, 2.43105e-05, 2.43105e-05, 2.43105e-05, 2.43105e-05, 2.43105e-05, 2.43105e-05, 2.43105e-05, 2.43105e-05, 2.43105e-05, 2.43105e-05, 3.776e-05, 2.43105e-05, 0.339418, 2.43105e-05, 2.43105e-05
18.5289, 0, 0.347108, 2.11081e-05, 1.41421, -0.347108, 0, 2.11081e-05, 2.11081e-05, 2.11081e-05, 2.11081e-05, 2.11081e-05, 2.11081e-05, 2.11081e-05, 2.11081e-05, 2.11081e-05, 2.11081e-05, 2.11081e-05, 2.11081e-05, 2.11081e-05, 2.11081e-05, 2.11081e-05, 2.11081e-05, 2.11081e-05, 2.11081e-05, 2.11081e-05, 3.40848e-05, 2.11081e-05, 0.347095, 2.11081e-05, 2.11081e-05
18.5368, 2, 0.354796, 1.81317e-05, 2, 1.6452, 0, 1.81317e-05, 1.81317e-05, 1.81317e-05, 1.81317e-05, 1.81317e-05, 1.81317e-05, 1.81317e-05, 1.81317e-05, 1.81317e-05, 1.81317e-05, 1.81317e-05, 1.81317e-05, 1.81317e-05, 1.81317e-05, 1.81317e-05, 1.81317e-05, 1.81317e-05, 1.81317e-05, 1.81317e-05, 3.06114e-05, 1.81317e-05, 0.354783, 1.81317e-05, 1.81317e-05
18.5447, 0, 0.362481, 2.17457e-05, 1.41421, -0.362481, 0, 2.17457e-05, 2.17457e-05, 2.17457e-05, 2.17457e-05, 2.17457e-05, 2.17457e-05, 2.17457e-05, 2.17457e-05, 2.17457e-05, 2.17457e-05, 2.17457e-05, 2.17457e-05, 2.17457e-05, 2.17457e-05, 2.17457e-05, 2.17457e-05, 2.17457e-05, 2.17457e-05, 2.17457e-05, 3.37084e-05, 2.17457e-05, 0.362469, 2.17457e-05, 2.17457e-05
18.5525, 0, 0.370137, 2.25042e-05, 1.41421, -0.370137, 0, 2.25042e-05, 2.25042e-05, 2.25042e-05, 2.25042e-05, 2.25042e-05, 2.25042e-05, 2.25042e-05, 2.25042e-05, 2.25042e-05, 2.25042e-05, 2.25042e-05, 2.25042e-05, 2.25042e-05, 2.25042e-05, 2.25042e-05, 2.25042e-05, 2.25042e-05, 2.25042e-05, 2.25042e-05, 3.39338e-05, 2.25042e-05, 0.370126, 2.25042e-05, 2.25042e-05
18.5604, 0, 0.377739, 2.06201e-05, 1.41421, -0.377739, 0, 2.06201e-05, 2.06201e-05, 2.06201e-05, 2.06201e-05, 2.06201e-05, 2.06201e-05, 2.06201e-05, 2.06201e-05, 2.06201e-05, 2.06201e-05, 2.06201e-05, 2.06201e-05, 2.06201e-05, 2.06201e-05, 2.06201e-05, 2.06201e-05, 2.06201e-05, 2.06201e-05, 2.06201e-05, 3.15051e-05, 2.06201e-05, 0.377728, 2.06201e-05, 2.06201e-05
18.5683, 0, 0.385268, 1.76083e-05, 1.41421, -0.385268, 0, 1.76083e-05, 1.76083e-05, 1.76083e-05, 1.76083e-05, 1.76083e-05, 1.76083e-05, 1.76083e-05, 1.76083e-05, 1.76083e-05, 1.76083e-05, 1.76083e-05, 1.76083e-05, 1.76083e-05, 1.76083e-05, 1.76083e-05, 1.76083e-05, 1.76083e-05, 1.76083e-05, 1.76083e-05, 2.79414e-05, 1.76083e-05, 0.385257, 1.76083e-05, 1.76083e-05
18.5762, 2, 0.392698, 1.48342e-05, 2, 1.6073, 0, 1.48342e-05, 1.48342e-05, 1.48342e-05, 1.48342e-05, 1.48342e-05, 1.48342e-05, 1.48342e-05, 1.48342e-05, 1.48342e-05, 1.48342e-05, 1.48342e-05, 1.48342e-05, 1.48342e-05, 1.48342e-05, 1.48342e-05, 1.48342e-05, 1.48342e-05, 1.48342e-05, 1.48342e-05, 2.46125e-05, 1.48342e-05, 0.392688, 1.48342e-05, 1.48342e-05
18.5841, 0, 0.400014, 1.76951e-05, 1.41421, -0.400014, 0, 1.76951e-05, 1.76951e-05, 1.76951e-05, 1.76951e-05, 1.76951e-05, 1.76951e-05, 1.76951e-05, 1.76951e-05, 1.76951e-05, 1.76951e-05, 1.76951e-05, 1.76951e-05, 1.76951e-05, 1.76951e-05, 1.76951e-05, 1.76951e-05, 1.76951e-05, 1.76951e-05, 1.76951e-05, 2.69197e-05, 1.76951e-05, 0.400005, 1.76951e-05, 1.76951e-05
18.5919, 0, 0.407178, 1.82474e-05, 1.41421, -0.407178, 0, 1.82474e-05, 1.82474e-05, 1.82474e-05, 1.82474e-05, 1.82474e-05, 1.82474e-05, 1.82474e-05, 1.82474e-05, 1.82474e-05, 1.82474e-05, 1.82474e-05, 1.82474e-05, 1.82474e-05, 1.82474e-05, 1.82474e-05, 1.82474e-05, 1.82474e-05, 1.82474e-05, 1.82474e-05, 2.69234e-05, 1.82474e-05, 0.407169, 1.82474e-05, 1.82474e-05
18.5998, 2, 0.414167, 1.66569e-05, 2, 1.58583, 0, 1.66569e-05, 1.66569e-05, 1.66569e-05, 1.66569e-05, 1.66569e-05, 1.66569e-05, 1.66569e-05, 1.66569e-05, 1.66569e-05, 1.66569e-05, 1.66569e-05, 1.66569e-05, 1.66569e-05, 1.66569e-05, 1.66569e-05, 1.66569e-05, 1.66569e-05, 1.66569e-05, 1.66569e-05, 2.47928e-05, 1.66569e-05, 0.414159, 1.66569e-05, 1.66569e-05
18.6077, 0, 0.420953, 1.41609e-05, 1.41421, -0.420953, 0, 1.41609e-05, 1.41609e-05, 1.41609e-05, 1.41609e-05, 1.41609e-05, 1.41609e-05, 1.41609e-05, 1.41609e-05, 1.41609e-05, 1.41609e-05, 1.41609e-05, 1.41609e-05, 1.41609e-05, 1.41609e-05, 1.41609e-05, 1.41609e-05, 1.41609e-05, 1.41609e-05, 1.41609e-05, 2.17689e-05, 1.41609e-05, 0.420945, 1.41609e-05, 1.41609e-05
18.6156, 2, 0.427513, 1.18673e-05, 2, 1.57249, 0, 1.18673e-05, 1.18673e-05, 1.18673e-05, 1.18673e-05, 1.18673e-05, 1.18673e-05, 1.18673e-05, 1.18673e-05, 1.18673e-05, 1.18673e-05, 1.18673e-05, 1.18673e-05, 1.18673e-05, 1.18673e-05, 1.18673e-05, 1.18673e-05, 1.18673e-05, 1.18673e-05, 1.18673e-05, 1.89625e-05, 1.18673e-05, 0.427506, 1.18673e-05, 1.18673e-05
18.6235, 2, 0.433822, 1.37892e-05, 2, 1.56618, 0, 1.37892e-05, 1.37892e-05, 1.37892e-05, 1.37892e-05, 1.37892e-05, 1.37892e-05, 1.37892e-05, 1.37892e-05, 1.37892e-05, 1.37892e-05, 1.37892e-05, 1.37892e-05, 1.37892e-05, 1.37892e-05, 1.37892e-05, 1.37892e-05, 1.37892e-05, 1.37892e-05, 1.37892e-05, 2.03896e-05, 1.37892e-05, 0.433815, 1.37892e-05, 1.37892e-05
18.6313, 0, 0.439848, 1.39349e-05, 1.41421, -0.439848, 0, 1.39349e-05, 1.39349e-05, 1.39349e-05, 1.39349e-05, 1.39349e-05, 1.39349e-05, 1.39349e-05, 1.39349e-05, 1.39349e-05, 1.39349e-05, 1.39349e-05, 1.39349e-05, 1.39349e-05, 1.39349e-05, 1.39349e-05, 1.39349e-05, 1.39349e-05, 1.39349e-05, 1.39349e-05, 2.00605e-05, 1.39349e-05, 0.439842, 1.39349e-05, 1.39349e-05
18.6392, 0, 0.445565, 1.24804e-05, 1.41421, -0.445565, 0, 1.24804e-05, 1.24804e-05, 1.24804e-05, 1.24804e-05, 1.24804e-05, 1.24804e-05, 1.24804e-05, 1.24804e-05, 1.24804e-05, 1.24804e-05, 1.24804e-05, 1.24804e-05, 1.24804e-05, 1.24804e-05, 1.24804e-05, 1.24804e-05, 1.24804e-05, 1.24804e-05, 1.24804e-05, 1.81533e-05, 1.24804e-05, 0.44556, 1.24804e-05, 1.24804e-05
18.6471, 0, 0.450947, 1.03858e-05, 1.41421, -0.450947, 0, 1.03858e-05, 1.03858e-05, 1.03858e-05, 1.03858e-05, 1.03858e-05, 1.03858e-05, 1.03858e-05, 1.03858e-05, 1.03858e-05, 1.03858e-05, 1.03858e-05, 1.03858e-05, 1.03858e-05, 1.03858e-05, 1.03858e-05, 1.03858e-05, 1.03858e-05, 1.03858e-05, 1.03858e-05, 1.56298e-05, 1.03858e-05, 0.450941, 1.03858e-05, 1.03858e-05
18.655, 2, 0.45597, 8.48344e-06, 2, 1.54403, 0, 8.48344e-06, 8.48344e-06, 8.48344e-06, 8.48344e-06, 8.48344e-06, 8.48344e-06, 8.48344e-06, 8.48344e-06, 8.48344e-06, 8.48344e-06, 8.48344e-06, 8.48344e-06, 8.48344e-06, 8.48344e-06, 8.48344e-06, 8.48344e-06, 8.48344e-06, 8.48344e-06, 8.48344e-06, 1.33232e-05, 8.48344e-06, 0.455966, 8.48344e-06, 8.48344e-06
18.6629, 0, 0.460614, 9.74104e-06, 1.41421, -0.460614, 0, 9.74104e-06, 9.74104e-06, 9.74104e-06, 9.74104e-06, 9.74104e-06, 9.74104e-06, 9.74104e-06, 9.74104e-06, 9.74104e-06, 9.74104e-06, 9.74104e-06, 9.74104e-06, 9.74104e-06, 9.74104e-06, 9.74104e-06, 9.74104e-06, 9.74104e-06, 9.74104e-06, 9.74104e-06, 1.42023e-05, 9.74104e-06, 0.460609, 9.74104e-06, 9.74104e-06
18.6707, 2, 0.464851, 9.74379e-06, 2, 1.53515, 0, 9.74379e-06, 9.74379e-06, 9.74379e-06, 9.74379e-06, 9.74379e-06, 9.74379e-06, 9.74379e-06, 9.74379e-06, 9.74379e-06, 9.74379e-06, 9.74379e-06, 9.74379e-06, 9.74379e-06, 9.74379e-06, 9.74379e-06, 9.74379e-06, 9.74379e-06, 9.74379e-06, 9.74379e-06, 1.38524e-05, 9.74379e-06, 0.464847, 9.74379e-06, 9.74379e-06
18.6786, 0, 0.468659, 8.62204e-06, 1.41421, -0.468659, 0, 8.62204e-06, 8.62204e-06, 8.62204e-06, 8.62204e-06, 8.62204e-06, 8.62204e-06, 8.62204e-06, 8.62204e-06, 8.62204e-06, 8.62204e-06, 8.62204e-06, 8.62204e-06, 8.62204e-06, 8.62204e-06, 8.62204e-06, 8.62204e-06, 8.62204e-06, 8.62204e-06, 8.62204e-06, 1.24042e-05, 8.62204e-06, 0.468655, 8.62204e-06, 8.62204e-06
18.6865, 0, 0.472021, 7.06682e-06, 1.41421, -0.472021, 0, 7.06682e-06, 7.06682e-06, 7.06682e-06, 7.06682e-06, 7.06682e-06, 7.06682e-06, 7.06682e-06, 7.06682e-06, 7.06682e-06, 7.06682e-06, 7.06682e-06, 7.06682e-06, 7.06682e-06, 7.06682e-06, 7.06682e-06, 7.06682e-06, 7.06682e-06, 7.06682e-06, 7.06682e-06, 1.05482e-05, 7.06682e-06, 0.472017, 7.06682e-06, 7.06682e-06
18.6944, 2, 0.474918, 5.66615e-06, 2, 1.52508, 0, 5.66615e-06, 5.66615e-06, 5.66615e-06, 5.66615e-06, 5.66615e-06, 5.66615e-06, 5.66615e-06, 5.66615e-06, 5.66615e-06, 5.66615e-06, 5.66615e-06, 5.66615e-06, 5.66615e-06, 5.66615e-06, 5.66615e-06, 5.66615e-06, 5.66615e-06, 5.66615e-06, 5.66615e-06, 8.87227e-06, 5.66615e-06, 0.474915, 5.66615e-06, 5.66615e-06
18.7023, 2, 0.477338, 6.29449e-06, 2, 1.52266, 0, 6.29449e-06, 6.29449e-06, 6.29449e-06, 6.29449e-06, 6.29449e-06, 6.29449e-06, 6.29449e-06, 6.29449e-06, 6.29449e-06, 6.29449e-06, 6.29449e-06, 6.29449e-06, 6.29449e-06, 6.29449e-06, 6.29449e-06, 6.29449e-06, 6.29449e-06, 6.29449e-06, 6.29449e-06, 9.24986e-06, 6.29449e-06, 0.477335, 6.29449e-06, 6.29449e-06
18.7101, 2, 0.479263, 6.12318e-06, 2, 1.52074, 0, 6.12318e-06, 6.12318e-06, 6.12318e-06, 6.12318e-06, 6.12318e-06, 6.12318e-06, 6.12318e-06, 6.12318e-06, 6.12318e-06, 6.12318e-06, 6.12318e-06, 6.12318e-06, 6.12318e-06, 6.12318e-06, 6.12318e-06, 6.12318e-06, 6.12318e-06, 6.12318e-06, 6.12318e-06, 8.85152e-06, 6.12318e-06, 0.479261, 6.12318e-06, 6.12318e-06
18.718, 0, 0.480684, 5.26062e-06, 1.41421, -0.480684, 0, 5.26062e-06, 5.26062e-06, 5.26062e-06, 5.26062e-06, 5.26062e-06, 5.26062e-06, 5.26062e-06, 5.26062e-06, 5.26062e-06, 5.26062e-06, 5.26062e-06, 5.26062e-06, 5.26062e-06, 5.26062e-06, 5.26062e-06, 5.26062e-06, 5.26062e-06, 5.26062e-06, 5.26062e-06, 7.78446e-06, 5.26062e-06, 0.480682, 5.26062e-06, 5.26062e-06
18.7259, 0, 0.481592, 4.15932e-06, 1.41421, -0.481592, 0, 4.15932e-06, 4.15932e-06, 4.15932e-06, 4.15932e-06, 4.15932e-06, 4.15932e-06, 4.15932e-06, 4.15932e-06, 4.15932e-06, 4.15932e-06, 4.15932e-06, 4.15932e-06, 4.15932e-06, 4.15932e-06, 4.15932e-06, 4.15932e-06, 4.15932e-06, 4.15932e-06, 4.15932e-06, 6.50003e-06, 4.15932e-06, 0.48159, 4.15932e-06, 4.15932e-06
18.7338, 0, 0.481982, 3.18721e-06, 1.41421, -0.481982, 0, 3.18721e-06, 3.18721e-06, 3.18721e-06, 3.18721e-06, 3.18721e-06, 3.18721e-06, 3.18721e-06, 3.18721e-06, 3.18721e-06, 3.18721e-06, 3.18721e-06, 3.18721e-06, 3.18721e-06, 3.18721e-06, 3.18721e-06, 3.18721e-06, 3.18721e-06, 3.18721e-06, 3.18721e-06, 5.36477e-06, 3.18721e-06, 0.48198, 3.18721e-06, 3.18721e-06
18.7416, 0, 0.481852, 3.39265e-06, 1.41421, -0.481852, 0, 3.39265e-06, 3.39265e-06, 3.39265e-06, 3.39265e-06, 3.39265e-06, 3.39265e-06, 3.39265e-06, 3.39265e-06, 3.39265e-06, 3.39265e-06, 3.39265e-06, 3.39265e-06, 3.39265e-06, 3.39265e-06, 3.39265e-06, 3.39265e-06, 3.39265e-06, 3.39265e-06, 3.39265e-06, 5.42571e-06, 3.39265e-06, 0.48185, 3.39265e-06, 3.39265e-06
18.7495, 2, 0.4812, 3.18313e-06, 2, 1.5188, 0, 3.18313e-06, 3.18313e-06, 3.18313e-06, 3.18313e-06, 3.18313e-06, 3.18313e-06, 3.18313e-06, 3.18313e-06, 3.18313e-06, 3.18313e-06, 3.18313e-06, 3.18313e-06, 3.18313e-06, 3.18313e-06, 3.18313e-06, 3.18313e-06, 3.18313e-06, 3.18313e-06, 3.18313e-06, 5.08881e-06, 3.18313e-06, 0.481198, 3.18313e-06, 3.18313e-06
18.7574, 0, 0.480029, 2.62829e-06, 1.41421, -0.480029, 0, 2.62829e-06, 2.62829e-06, 2.62829e-06, 2.62829e-06, 2.62829e-06, 2.62829e-06, 2.62829e-06, 2.62829e-06, 2.62829e-06, 2.62829e-06, 2.62829e-06, 2.62829e-06, 2.62829e-06, 2.62829e-06, 2.62829e-06, 2.62829e-06, 2.62829e-06, 2.62829e-06, 2.62829e-06, 4.42243e-06, 2.62829e-06, 0.480027, 2.62829e-06, 2.62829e-06
18.7653, 0, 0.478344, 1.97597e-06, 1.41421, -0.478344, 0, 1.97597e-06, 1.97597e-06, 1.97597e-06, 1.97597e-06, 1.97597e-06, 1.97597e-06, 1.97597e-06, 1.97597e-06, 1.97597e-06, 1.97597e-06, 1.97597e-06, 1.97597e-06, 1.97597e-06, 1.97597e-06, 1.97597e-06, 1.97597e-06, 1.97597e-06, 1.97597e-06, 1.97597e-06, 3.67288e-06, 1.97597e-06, 0.478343, 1.97597e-06, 1.97597e-06
18.7732, 0, 0.476156, 1.41654e-06, 1.41421, -0.476156, 0, 1.41654e-06, 1.41654e-06, 1.41654e-06, 1.41654e-06, 1.41654e-06, 1.41654e-06, 1.41654e-06, 1.41654e-06, 1.41654e-06, 1.41654e-06, 1.41654e-06, 1.41654e-06, 1.41654e-06, 1.41654e-06, 1.41654e-06, 1.41654e-06, 1.41654e-06, 1.41654e-06, 1.41654e-06, 3.02922e-06, 1.41654e-06, 0.476154, 1.41654e-06, 1.41654e-06
18.7811, 0, 0.473473, 1.34321e-06, 1.41421, -0.473473, 0, 1.34321e-06, 1.34321e-06, 1.34321e-06, 1.34321e-06, 1.34321e-06, 1.34321e-06, 1.34321e-06, 1.34321e-06, 1.34321e-06, 1.34321e-06, 1.34321e-06, 1.34321e-06, 1.34321e-06, 1.34321e-06, 1.34321e-06, 1.34321e-06, 1.34321e-06, 1.34321e-06, 1.34321e-06, 2.8833e-06, 1.34321e-06, 0.473471, 1.34321e-06, 1.34321e-06
18.7889, 0, 0.47031, 1.14569e-06, 1.41421, -0.47031, 0, 1.14569e-06, 1.14569e-06, 1.14569e-06, 1.14569e-06, 1.14569e-06, 1.14569e-06, 1.14569e-06, 1.14569e-06, 1.14569e-06, 1.14569e-06, 1.14569e-06, 1.14569e-06, 1.14569e-06, 1.14569e-06, 1.14569e-06, 1.14569e-06, 1.14569e-06, 1.14569e-06, 1.14569e-06, 2.62359e-06, 1.14569e-06, 0.470309, 1.14569e-06, 1.14569e-06
18.7968, 4, 0.466683, 8.63784e-07, 2.44949, 3.53332, 0, 8.63784e-07, 8.63784e-07, 8.63784e-07, 8.63784e-07, 8.63784e-07, 8.63784e-07, 8.63784e-07, 8.63784e-07, 8.63784e-07, 8.63784e-07, 8.63784e-07, 8.63784e-07, 8.63784e-07, 8.63784e-07, 8.63784e-07, 8.63784e-07, 8.63784e-07, 8.63784e-07, 8.63784e-07, 2.28869e-06, 8.63784e-07, 0.466681, 8.63784e-07, 8.63784e-07
18.8047, 2, 0.462611, 5.81019e-07, 2, 1.53739, 0, 5.81019e-07, 5.81019e-07, 5.81019e-07, 5.81019e-07, 5.81019e-07, 5.81019e-07, 5.81019e-07, 5.81019e-07, 5.81019e-07, 5.81019e-07, 5.81019e-07, 5.81019e-07, 5.81019e-07, 5.81019e-07, 5.81019e-07, 5.81019e-07, 5.81019e-07, 5.81019e-07, 5.81019e-07, 1.96106e-06, 5.81019e-07, 0.462609, 5.81019e-07, 5.81019e-07
18.8126, 0, 0.458112, 3.54134e-07, 1.41421, -0.458112, 0, 3.54134e-07, 3.54134e-07, 3.54134e-07, 3.54134e-07, 3.54134e-07, 3.54134e-07, 3.54134e-07, 3.54134e-07, 3.54134e-07, 3.54134e-07, 3.54134e-07, 3.54134e-07, 3.54134e-07, 3.54134e-07, 3.54134e-07, 3.54134e-07, 3.54134e-07, 3.54134e-07, 3.54134e-07, 1.6964e-06, 3.54134e-07, 0.458111, 3.54134e-07, 3.54134e-07
18.8205, 0, 0.453213, 2.47466e-07, 1.41421, -0.453213, 0, 2.47466e-07, 2.47466e-07, 2.47466e-07, 2.47466e-07, 2.47466e-07, 2.47466e-07, 2.47466e-07, 2.47466e-07, 2.47466e-07, 2.47466e-07, 2.47466e-07, 2.47466e-07, 2.47466e-07, 2.47466e-07, 2.47466e-07, 2.47466e-07, 2.47466e-07, 2.47466e-07, 2.47466e-07, 1.55813e-06, 2.47466e-07, 0.453211, 2.47466e-07, 2.47466e-07
18.8283, 0, 0.447934, 1.48903e-07, 1.41421, -0.447934, 0, 1.48903e-07, 1.48903e-07, 1.48903e-07, 1.48903e-07, 1.48903e-07, 1.48903e-07, 1.48903e-07, 1.48903e-07, 1.48903e-07, 1.48903e-07, 1.48903e-07, 1.48903e-07, 1.48903e-07, 1.48903e-07, 1.48903e-07, 1.48903e-07, 1.48903e-07, 1.48903e-07, 1.48903e-07, 1.43331e-06, 1.48903e-07, 0.447933, 1.48903e-07, 1.48903e-07
18.8362, 0, 0.442302, 6.83901e-08, 1.41421, -0.442302, 0, 6.83901e-08, 6.83901e-08, 6.83901e-08, 6.83901e-08, 6.83901e-08, 6.83901e-08, 6.83901e-08, 6.83901e-08, 6.83901e-08, 6.83901e-08, 6.83901e-08, 6.83901e-08, 6.83901e-08, 6.83901e-08, 6.83901e-08, 6.83901e-08, 6.83901e-08, 6.83901e-08, 6.83901e-08, 1.33111e-06, 6.83901e-08, 0.442301, 6.83901e-08, 6.83901e-08
18.8441, 0, 0.436345, 1.70975e-08, 1.41421, -0.436345, 0, 1.70975e-08, 1.70975e-08, 1.70975e-08, 1.70975e-08, 1.70975e-08, 1.70975e-08, 1.70975e-08, 1.70975e-08, 1.70975e-08, 1.70975e-08, 1.70975e-08, 1.70975e-08, 1.70975e-08, 1.70975e-08, 1.70975e-08, 1.70975e-08, 1.70975e-08, 1.70975e-08, 1.70975e-08, 1.26205e-06, 1.70975e-08, 0.436344, 1.70975e-08, 1.70975e-08
18.852, 0, 0.430088, 0, 1.41421, -0.430088, 0, 0, 0, 0, 0, 0, 0, 0, 0, 0, 0, 0, 0, 0, 0, 0, 0, 0, 0, 0, 1.23051e-06, 0, 0.430087, 0, 0
18.8599, 0, 0.423561, 0, 1.41421, -0.423561, 0, 0, 0, 0, 0, 0, 0, 0, 0, 0, 0, 0, 0, 0, 0, 0, 0, 0, 0, 0, 1.21888e-06, 0, 0.423559, 0, 0
18.8677, 0, 0.416792, 0, 1.41421, -0.416792, 0, 0, 0, 0, 0, 0, 0, 0, 0, 0, 0, 0, 0, 0, 0, 0, 0, 0, 0, 0, 1.20959e-06, 0, 0.416791, 0, 0
18.8756, 0, 0.409813, 0, 1.41421, -0.409813, 0, 0, 0, 0, 0, 0, 0, 0, 0, 0, 0, 0, 0, 0, 0, 0, 0, 0, 0, 0, 1.20228e-06, 0, 0.409812, 0, 0
18.8835, 0, 0.402648, 0, 1.41421, -0.402648, 0, 0, 0, 0, 0, 0, 0, 0, 0, 0, 0, 0, 0, 0, 0, 0, 0, 0, 0, 0, 1.19659e-06, 0, 0.402647, 0, 0
18.8914, 0, 0.395329, 0, 1.41421, -0.395329, 0, 0, 0, 0, 0, 0, 0, 0, 0, 0, 0, 0, 0, 0, 0, 0, 0, 0, 0, 0, 1.19225e-06, 0, 0.395328, 0, 0
18.8993, 0, 0.387881, 0, 1.41421, -0.387881, 0, 0, 0, 0, 0, 0, 0, 0, 0, 0, 0, 0, 0, 0, 0, 0, 0, 0, 0, 0, 1.189e-06, 0, 0.38788, 0, 0
18.9071, 0, 0.380334, 0, 1.41421, -0.380334, 0, 0, 0, 0, 0, 0, 0, 0, 0, 0, 0, 0, 0, 0, 0, 0, 0, 0, 0, 0, 1.18666e-06, 0, 0.380333, 0, 0
18.915, 0, 0.37271, 0, 1.41421, -0.37271, 0, 0, 0, 0, 0, 0, 0, 0, 0, 0, 0, 0, 0, 0, 0, 0, 0, 0, 0, 0, 1.18505e-06, 0, 0.372709, 0, 0
18.9229, 0, 0.365038, 0, 1.41421, -0.365038, 0, 0, 0, 0, 0, 0, 0, 0, 0, 0, 0, 0, 0, 0, 0, 0, 0, 0, 0, 0, 1.18402e-06, 0, 0.365036, 0, 0
18.9308, 0, 0.357337, 3.23922e-12, 1.41421, -0.357337, 0, 3.23922e-12, 3.23922e-12, 3.23922e-12, 3.23922e-12, 3.23922e-12, 3.23922e-12, 3.23922e-12, 3.23922e-12, 3.23922e-12, 3.23922e-12, 3.23922e-12, 3.23922e-12, 3.23922e-12, 3.23922e-12, 3.23922e-12, 3.23922e-12, 3.23922e-12, 3.23922e-12, 3.23922e-12, 1.18347e-06, 3.23922e-12, 0.357335, 3.23922e-12, 3.23922e-12
18.9387, 0, 0.349633, 1.19114e-11, 1.41421, -0.349633, 0, 1.19114e-11, 1.19114e-11, 1.19114e-11, 1.19114e-11, 1.19114e-11, 1.19114e-11, 1.19114e-11, 1.19114e-11, 1.19114e-11, 1.19114e-11, 1.19114e-11, 1.19114e-11, 1.19114e-11, 1.19114e-11, 1.19114e-11, 1.19114e-11, 1.19114e-11, 1.19114e-11, 1.19114e-11, 1.18331e-06, 1.19114e-11, 0.349632, 1.19114e-11, 1.19114e-11
18.9465, 0, 0.341943, 2.48318e-11, 1.41421, -0.341943, 0, 2.48318e-11, 2.48318e-11, 2.48318e-11, 2.48318e-11, 2.48318e-11, 2.48318e-11, 2.48318e-11, 2.48318e-11, 2.48318e-11, 2.48318e-11, 2.48318e-11, 2.48318e-11, 2.48318e-11, 2.48318e-11, 2.48318e-11, 2.48318e-11, 2.48318e-11, 2.48318e-11, 2.48318e-11, 1.18344e-06, 2.48318e-11, 0.341942, 2.48318e-11, 2.48318e-11
18.9544, 0, 0.33429, 4.13762e-11, 1.41421, -0.33429, 0, 4.13762e-11, 4.13762e-11, 4.13762e-11, 4.13762e-11, 4.13762e-11, 4.13762e-11, 4.13762e-11, 4.13762e-11, 4.13762e-11, 4.13762e-11, 4.13762e-11, 4.13762e-11, 4.13762e-11, 4.13762e-11, 4.13762e-11, 4.13762e-11, 4.13762e-11, 4.13762e-11, 4.13762e-11, 1.18382e-06, 4.13762e-11, 0.334289, 4.13762e-11, 4.13762e-11
18.9623, 0, 0.326688, 6.12942e-11, 1.41421, -0.326688, 0, 6.12942e-11, 6.12942e-11, 6.12942e-11, 6.12942e-11, 6.12942e-11, 6.12942e-11, 6.12942e-11, 6.12942e-11, 6.12942e-11, 6.12942e-11, 6.12942e-11, 6.12942e-11, 6.12942e-11, 6.12942e-11, 6.12942e-11, 6.12942e-11, 6.12942e-11, 6.12942e-11, 6.12942e-11, 1.18439e-06, 6.12942e-11, 0.326687, 6.12942e-11, 6.12942e-11
18.9702, 2, 0.319154, 8.4628e-11, 2, 1.68085, 0, 8.4628e-11, 8.4628e-11, 8.4628e-11, 8.4628e-11, 8.4628e-11, 8.4628e-11, 8.4628e-11, 8.4628e-11, 8.4628e-11, 8.4628e-11, 8.4628e-11, 8.4628e-11, 8.4628e-11, 8.4628e-11, 8.4628e-11, 8.4628e-11, 8.4628e-11, 8.4628e-11, 8.4628e-11, 1.1851e-06, 8.4628e-11, 0.319153, 8.4628e-11, 8.4628e-11
18.9781, 2, 0.311702, 1.11717e-10, 2, 1.6883, 0, 1.11717e-10, 1.11717e-10, 1.11717e-10, 1.11717e-10, 1.11717e-10, 1.11717e-10, 1.11717e-10, 1.11717e-10, 1.11717e-10, 1.11717e-10, 1.11717e-10, 1.11717e-10, 1.11717e-10, 1.11717e-10, 1.11717e-10, 1.11717e-10, 1.11717e-10, 1.11717e-10, 1.11717e-10, 1.18593e-06, 1.11717e-10, 0.311701, 1.11717e-10, 1.11717e-10
18.9859, 2, 0.304347, 1.85407e-10, 2, 1.69565, 0, 1.85407e-10, 1.85407e-10, 1.85407e-10, 1.85407e-10, 1.85407e-10, 1.85407e-10, 1.85407e-10, 1.85407e-10, 1.85407e-10, 1.85407e-10, 1.85407e-10, 1.85407e-10, 1.85407e-10, 1.85407e-10, 1.85407e-10, 1.85407e-10, 1.85407e-10, 1.85407e-10, 1.85407e-10, 1.1869e-06, 1.85407e-10, 0.304346, 1.85407e-10, 1.85407e-10
18.9938, 0, 0.297096, 2.31624e-10, 1.41421, -0.297096, 0, 2.31624e-10, 2.31624e-10, 2.31624e-10, 2.31624e-10, 2.31624e-10, 2.31624e-10, 2.31624e-10, 2.31624e-10, 2.31624e-10, 2.31624e-10, 2.31624e-10, 2.31624e-10, 2.31624e-10, 2.31624e-10, 2.31624e-10, 2.31624e-10, 2.31624e-10, 2.31624e-10, 2.31624e-10, 1.1879e-06, 2.31624e-10, 0.297095, 2.31624e-10, 2.31624e-10
19.0017, 0, 0.289963, 2.33517e-10, 1.41421, -0.289963, 0, 2.33517e-10, 2.33517e-10, 2.33517e-10, 2.33517e-10, 2.33517e-10, 2.33517e-10, 2.33517e-10, 2.33517e-10, 2.33517e-10, 2.33517e-10, 2.33517e-10, 2.33517e-10, 2.33517e-10, 2.33517e-10, 2.33517e-10, 2.33517e-10, 2.33517e-10, 2.33517e-10, 2.33517e-10, 1.18891e-06, 2.33517e-10, 0.289962, 2.33517e-10, 2.33517e-10
19.0096, 0, 0.282952, 2.12371e-10, 1.41421, -0.282952, 0, 2.12371e-10, 2.12371e-10, 2.12371e-10, 2.12371e-10, 2.12371e-10, 2.12371e-10, 2.12371e-10, 2.12371e-10, 2.12371e-10, 2.12371e-10, 2.12371e-10, 2.12371e-10, 2.12371e-10, 2.12371e-10, 2.12371e-10, 2.12371e-10, 2.12371e-10, 2.12371e-10, 2.12371e-10, 1.18994e-06, 2.12371e-10, 0.282951, 2.12371e-10, 2.12371e-10
19.0175, 0, 0.276074, 1.92229e-10, 1.41421, -0.276074, 0, 1.92229e-10, 1.92229e-10, 1.92229e-10, 1.92229e-10, 1.92229e-10, 1.92229e-10, 1.92229e-10, 1.92229e-10, 1.92229e-10, 1.92229e-10, 1.92229e-10, 1.92229e-10, 1.92229e-10, 1.92229e-10, 1.92229e-10, 1.92229e-10, 1.92229e-10, 1.92229e-10, 1.92229e-10, 1.191e-06, 1.92229e-10, 0.276073, 1.92229e-10, 1.92229e-10
19.0253, 2, 0.269332, 3.66998e-10, 2, 1.73067, 0, 3.66998e-10, 3.66998e-10, 3.66998e-10, 3.66998e-10, 3.66998e-10, 3.66998e-10, 3.66998e-10, 3.66998e-10, 3.66998e-10, 3.66998e-10, 3.66998e-10, 3.66998e-10, 3.66998e-10, 3.66998e-10, 3.66998e-10, 3.66998e-10, 3.66998e-10, 3.66998e-10, 3.66998e-10, 1.19228e-06, 3.66998e-10, 0.26933, 3.66998e-10, 3.66998e-10
19.0332, 0, 0.262729, 4.57925e-10, 1.41421, -0.262729, 0, 4.57925e-10, 4.57925e-10, 4.57925e-10, 4.57925e-10, 4.57925e-10, 4.57925e-10, 4.57925e-10, 4.57925e-10, 4.57925e-10, 4.57925e-10, 4.57925e-10, 4.57925e-10, 4.57925e-10, 4.57925e-10, 4.57925e-10, 4.57925e-10, 4.57925e-10, 4.57925e-10, 4.57925e-10, 1.19349e-06, 4.57925e-10, 0.262728, 4.57925e-10, 4.57925e-10
19.0411, 2, 0.256272, 4.36802e-10, 2, 1.74373, 0, 4.36802e-10, 4.36802e-10, 4.36802e-10, 4.36802e-10, 4.36802e-10, 4.36802e-10, 4.36802e-10, 4.36802e-10, 4.36802e-10, 4.36802e-10, 4.36802e-10, 4.36802e-10, 4.36802e-10, 4.36802e-10, 4.36802e-10, 4.36802e-10, 4.36802e-10, 4.36802e-10, 4.36802e-10, 1.19461e-06, 4.36802e-10, 0.256271, 4.36802e-10, 4.36802e-10
19.049, 0, 0.24996, 3.62132e-10, 1.41421, -0.24996, 0, 3.62132e-10, 3.62132e-10, 3.62132e-10, 3.62132e-10, 3.62132e-10, 3.62132e-10, 3.62132e-10, 3.62132e-10, 3.62132e-10, 3.62132e-10, 3.62132e-10, 3.62132e-10, 3.62132e-10, 3.62132e-10, 3.62132e-10, 3.62132e-10, 3.62132e-10, 3.62132e-10, 3.62132e-10, 1.19568e-06, 3.62132e-10, 0.249959, 3.62132e-10, 3.62132e-10
19.0569, 0, 0.243798, 2.94455e-10, 1.41421, -0.243798, 0, 2.94455e-10, 2.94455e-10, 2.94455e-10, 2.94455e-10, 2.94455e-10, 2.94455e-10, 2.94455e-10, 2.94455e-10, 2.94455e-10, 2.94455e-10, 2.94455e-10, 2.94455e-10, 2.94455e-10, 2.94455e-10, 2.94455e-10, 2.94455e-10, 2.94455e-10, 2.94455e-10, 2.94455e-10, 1.19676e-06, 2.94455e-10, 0.243796, 2.94455e-10, 2.94455e-10
19.0647, 0, 0.237783, 5.91786e-10, 1.41421, -0.237783, 0, 5.91786e-10, 5.91786e-10, 5.91786e-10, 5.91786e-10, 5.91786e-10, 5.91786e-10, 5.91786e-10, 5.91786e-10, 5.91786e-10, 5.91786e-10, 5.91786e-10, 5.91786e-10, 5.91786e-10, 5.91786e-10, 5.91786e-10, 5.91786e-10, 5.91786e-10, 5.91786e-10, 5.91786e-10, 1.19822e-06, 5.91786e-10, 0.237782, 5.91786e-10, 5.91786e-10
19.0726, 0, 0.231917, 7.20839e-10, 1.41421, -0.231917, 0, 7.20839e-10, 7.20839e-10, 7.20839e-10, 7.20839e-10, 7.20839e-10, 7.20839e-10, 7.20839e-10, 7.20839e-10, 7.20839e-10, 7.20839e-10, 7.20839e-10, 7.20839e-10, 7.20839e-10, 7.20839e-10, 7.20839e-10, 7.20839e-10, 7.20839e-10, 7.20839e-10, 7.20839e-10, 1.19951e-06, 7.20839e-10, 0.231916, 7.20839e-10, 7.20839e-10
19.0805, 0, 0.226199, 6.41183e-10, 1.41421, -0.226199, 0, 6.41183e-10, 6.41183e-10, 6.41183e-10, 6.41183e-10, 6.41183e-10, 6.41183e-10, 6.41183e-10, 6.41183e-10, 6.41183e-10, 6.41183e-10, 6.41183e-10, 6.41183e-10, 6.41183e-10, 6.41183e-10, 6.41183e-10, 6.41183e-10, 6.41183e-10, 6.41183e-10, 6.41183e-10, 1.2006e-06, 6.41183e-10, 0.226198, 6.41183e-10, 6.41183e-10
19.0884, 0, 0.22063, 4.73951e-10, 1.41421, -0.22063, 0, 4.73951e-10, 4.73951e-10, 4.73951e-10, 4.73951e-10, 4.73951e-10, 4.73951e-10, 4.73951e-10, 4.73951e-10, 4.73951e-10, 4.73951e-10, 4.73951e-10, 4.73951e-10, 4.73951e-10, 4.73951e-10, 4.73951e-10, 4.73951e-10, 4.73951e-10, 4.73951e-10, 4.73951e-10, 1.2016e-06, 4.73951e-10, 0.220629, 4.73951e-10, 4.73951e-10
19.0963, 0, 0.215206, 3.3194e-10, 1.41421, -0.215206, 0, 3.3194e-10, 3.3194e-10, 3.3194e-10, 3.3194e-10, 3.3194e-10, 3.3194e-10, 3.3194e-10, 3.3194e-10, 3.3194e-10, 3.3194e-10, 3.3194e-10, 3.3194e-10, 3.3194e-10, 3.3194e-10, 3.3194e-10, 3.3194e-10, 3.3194e-10, 3.3194e-10, 3.3194e-10, 1.20263e-06, 3.3194e-10, 0.215205, 3.3194e-10, 3.3194e-10
19.1041, 2, 0.209926, 7.19953e-10, 2, 1.79007, 0, 7.19953e-10, 7.19953e-10, 7.19953e-10, 7.19953e-10, 7.19953e-10, 7.19953e-10, 7.19953e-10, 7.19953e-10, 7.19953e-10, 7.19953e-10, 7.19953e-10, 7.19953e-10, 7.19953e-10, 7.19953e-10, 7.19953e-10, 7.19953e-10, 7.19953e-10, 7.19953e-10, 7.19953e-10, 1.2042e-06, 7.19953e-10, 0.209925, 7.19953e-10, 7.19953e-10
19.112, 0, 0.204787, 8.92396e-10, 1.41421, -0.204787, 0, 8.92396e-10, 8.92396e-10, 8.92396e-10, 8.92396e-10, 8.92396e-10, 8.92396e-10, 8.92396e-10, 8.92396e-10, 8.92396e-10, 8.92396e-10, 8.92396e-10, 8.92396e-10, 8.92396e-10, 8.92396e-10, 8.92396e-10, 8.92396e-10, 8.92396e-10, 8.92396e-10, 8.92396e-10, 1.20555e-06, 8.92396e-10, 0.204786, 8.92396e-10, 8.92396e-10
19.1199, 2, 0.199787, 7.83143e-10, 2, 1.80021, 0, 7.83143e-10, 7.83143e-10, 7.83143e-10, 7.83143e-10, 7.83143e-10, 7.83143e-10, 7.83143e-10, 7.83143e-10, 7.83143e-10, 7.83143e-10, 7.83143e-10, 7.83143e-10, 7.83143e-10, 7.83143e-10, 7.83143e-10, 7.83143e-10, 7.83143e-10, 7.83143e-10, 7.83143e-10, 1.20662e-06, 7.83143e-10, 0.199786, 7.83143e-10, 7.83143e-10
19.1278, 0, 0.194923, 5.58458e-10, 1.41421, -0.194923, 0, 5.58458e-10, 5.58458e-10, 5.58458e-10, 5.58458e-10, 5.58458e-10, 5.58458e-10, 5.58458e-10, 5.58458e-10, 5.58458e-10, 5.58458e-10, 5.58458e-10, 5.58458e-10, 5.58458e-10, 5.58458e-10, 5.58458e-10, 5.58458e-10, 5.58458e-10, 5.58458e-10, 5.58458e-10, 1.20757e-06, 5.58458e-10, 0.194922, 5.58458e-10, 5.58458e-10
19.1357, 0, 0.190193, 3.7167e-10, 1.41421, -0.190193, 0, 3.7167e-10, 3.7167e-10, 3.7167e-10, 3.7167e-10, 3.7167e-10, 3.7167e-10, 3.7167e-10, 3.7167e-10, 3.7167e-10, 3.7167e-10, 3.7167e-10, 3.7167e-10, 3.7167e-10, 3.7167e-10, 3.7167e-10, 3.7167e-10, 3.7167e-10, 3.7167e-10, 3.7167e-10, 1.20857e-06, 3.7167e-10, 0.190191, 3.7167e-10, 3.7167e-10
19.1435, 0, 0.185591, 7.94246e-10, 1.41421, -0.185591, 0, 7.94246e-10, 7.94246e-10, 7.94246e-10, 7.94246e-10, 7.94246e-10, 7.94246e-10, 7.94246e-10, 7.94246e-10, 7.94246e-10, 7.94246e-10, 7.94246e-10, 7.94246e-10, 7.94246e-10, 7.94246e-10, 7.94246e-10, 7.94246e-10, 7.94246e-10, 7.94246e-10, 7.94246e-10, 1.21017e-06, 7.94246e-10, 0.18559, 7.94246e-10, 7.94246e-10
19.1514, 0, 0.181118, 9.64011e-10, 1.41421, -0.181118, 0, 9.64011e-10, 9.64011e-10, 9.64011e-10, 9.64011e-10, 9.64011e-10, 9.64011e-10, 9.64011e-10, 9.64011e-10, 9.64011e-10, 9.64011e-10, 9.64011e-10, 9.64011e-10, 9.64011e-10, 9.64011e-10, 9.64011e-10, 9.64011e-10, 9.64011e-10, 9.64011e-10, 9.64011e-10, 1.21153e-06, 9.64011e-10, 0.181117, 9.64011e-10, 9.64011e-10
19.1593, 0, 0.176767, 8.17044e-10, 1.41421, -0.176767, 0, 8.17044e-10, 8.17044e-10, 8.17044e-10, 8.17044e-10, 8.17044e-10, 8.17044e-10, 8.17044e-10, 8.17044e-10, 8.17044e-10, 8.17044e-10, 8.17044e-10, 8.17044e-10, 8.17044e-10, 8.17044e-10, 8.17044e-10, 8.17044e-10, 8.17044e-10, 8.17044e-10, 8.17044e-10, 1.21257e-06, 8.17044e-10, 0.176765, 8.17044e-10, 8.17044e-10
19.1672, 0, 0.172537, 5.50093e-10, 1.41421, -0.172537, 0, 5.50093e-10, 5.50093e-10, 5.50093e-10, 5.50093e-10, 5.50093e-10, 5.50093e-10, 5.50093e-10, 5.50093e-10, 5.50093e-10, 5.50093e-10, 5.50093e-10, 5.50093e-10, 5.50093e-10, 5.50093e-10, 5.50093e-10, 5.50093e-10, 5.50093e-10, 5.50093e-10, 5.50093e-10, 1.21349e-06, 5.50093e-10, 0.172536, 5.50093e-10, 5.50093e-10
19.1751, 0, 0.168423, 3.35775e-10, 1.41421, -0.168423, 0, 3.35775e-10, 3.35775e-10, 3.35775e-10, 3.35775e-10, 3.35775e-10, 3.35775e-10, 3.35775e-10, 3.35775e-10, 3.35775e-10, 3.35775e-10, 3.35775e-10, 3.35775e-10, 3.35775e-10, 3.35775e-10, 3.35775e-10, 3.35775e-10, 3.35775e-10, 3.35775e-10, 3.35775e-10, 1.21446e-06, 3.35775e-10, 0.168422, 3.35775e-10, 3.35775e-10
19.1829, 0, 0.164424, 7.59467e-10, 1.41421, -0.164424, 0, 7.59467e-10, 7.59467e-10, 7.59467e-10, 7.59467e-10, 7.59467e-10, 7.59467e-10, 7.59467e-10, 7.59467e-10, 7.59467e-10, 7.59467e-10, 7.59467e-10, 7.59467e-10, 7.59467e-10, 7.59467e-10, 7.59467e-10, 7.59467e-10, 7.59467e-10, 7.59467e-10, 7.59467e-10, 1.21608e-06, 7.59467e-10, 0.164422, 7.59467e-10, 7.59467e-10
19.1908, 0, 0.160534, 9.33154e-10, 1.41421, -0.160534, 0, 9.33154e-10, 9.33154e-10, 9.33154e-10, 9.33154e-10, 9.33154e-10, 9.33154e-10, 9.33154e-10, 9.33154e-10, 9.33154e-10, 9.33154e-10, 9.33154e-10, 9.33154e-10, 9.33154e-10, 9.33154e-10, 9.33154e-10, 9.33154e-10, 9.33154e-10, 9.33154e-10, 9.33154e-10, 1.21745e-06, 9.33154e-10, 0.160533, 9.33154e-10, 9.33154e-10
19.1987, 0, 0.156753, 7.8402e-10, 1.41421, -0.156753, 0, 7.8402e-10, 7.8402e-10, 7.8402e-10, 7.8402e-10, 7.8402e-10, 7.8402e-10, 7.8402e-10, 7.8402e-10, 7.8402e-10, 7.8402e-10, 7.8402e-10, 7.8402e-10, 7.8402e-10, 7.8402e-10, 7.8402e-10, 7.8402e-10, 7.8402e-10, 7.8402e-10, 7.8402e-10, 1.2185e-06, 7.8402e-10, 0.156751, 7.8402e-10, 7.8402e-10
19.2066, 2, 0.153074, 5.14607e-10, 2, 1.84693, 0, 5.14607e-10, 5.14607e-10, 5.14607e-10, 5.14607e-10, 5.14607e-10, 5.14607e-10, 5.14607e-10, 5.14607e-10, 5.14607e-10, 5.14607e-10, 5.14607e-10, 5.14607e-10, 5.14607e-10, 5.14607e-10, 5.14607e-10, 5.14607e-10, 5.14607e-10, 5.14607e-10, 5.14607e-10, 1.21943e-06, 5.14607e-10, 0.153073, 5.14607e-10, 5.14607e-10
19.2145, 0, 0.149497, 3.01701e-10, 1.41421, -0.149497, 0, 3.01701e-10, 3.01701e-10, 3.01701e-10, 3.01701e-10, 3.01701e-10, 3.01701e-10, 3.01701e-10, 3.01701e-10, 3.01701e-10, 3.01701e-10, 3.01701e-10, 3.01701e-10, 3.01701e-10, 3.01701e-10, 3.01701e-10, 3.01701e-10, 3.01701e-10, 3.01701e-10, 3.01701e-10, 1.22043e-06, 3.01701e-10, 0.149496, 3.01701e-10, 3.01701e-10
19.2223, 4, 0.146018, 6.83906e-10, 2.44949, 3.85398, 0, 6.83906e-10, 6.83906e-10, 6.83906e-10, 6.83906e-10, 6.83906e-10, 6.83906e-10, 6.83906e-10, 6.83906e-10, 6.83906e-10, 6.83906e-10, 6.83906e-10, 6.83906e-10, 6.83906e-10, 6.83906e-10, 6.83906e-10, 6.83906e-10, 6.83906e-10, 6.83906e-10, 6.83906e-10, 1.22203e-06, 6.83906e-10, 0.146017, 6.83906e-10, 6.83906e-10
19.2302, 0, 0.142633, 8.30549e-10, 1.41421, -0.142633, 0, 8.30549e-10, 8.30549e-10, 8.30549e-10, 8.30549e-10, 8.30549e-10, 8.30549e-10, 8.30549e-10, 8.30549e-10, 8.30549e-10, 8.30549e-10, 8.30549e-10, 8.30549e-10, 8.30549e-10, 8.30549e-10, 8.30549e-10, 8.30549e-10, 8.30549e-10, 8.30549e-10, 8.30549e-10, 1.22341e-06, 8.30549e-10, 0.142631, 8.30549e-10, 8.30549e-10
19.2381, 2, 0.139339, 6.77107e-10, 2, 1.86066, 0, 6.77107e-10, 6.77107e-10, 6.77107e-10, 6.77107e-10, 6.77107e-10, 6.77107e-10, 6.77107e-10, 6.77107e-10, 6.77107e-10, 6.77107e-10, 6.77107e-10, 6.77107e-10, 6.77107e-10, 6.77107e-10, 6.77107e-10, 6.77107e-10, 6.77107e-10, 6.77107e-10, 6.77107e-10, 1.22449e-06, 6.77107e-10, 0.139338, 6.77107e-10, 6.77107e-10
19.246, 0, 0.136134, 4.1986e-10, 1.41421, -0.136134, 0, 4.1986e-10, 4.1986e-10, 4.1986e-10, 4.1986e-10, 4.1986e-10, 4.1986e-10, 4.1986e-10, 4.1986e-10, 4.1986e-10, 4.1986e-10, 4.1986e-10, 4.1986e-10, 4.1986e-10, 4.1986e-10, 4.1986e-10, 4.1986e-10, 4.1986e-10, 4.1986e-10, 4.1986e-10, 1.2255e-06, 4.1986e-10, 0.136133, 4.1986e-10, 4.1986e-10
19.2538, 2, 0.133015, 2.23793e-10, 2, 1.86699, 0, 2.23793e-10, 2.23793e-10, 2.23793e-10, 2.23793e-10, 2.23793e-10, 2.23793e-10, 2.23793e-10, 2.23793e-10, 2.23793e-10, 2.23793e-10, 2.23793e-10, 2.23793e-10, 2.23793e-10, 2.23793e-10, 2.23793e-10, 2.23793e-10, 2.23793e-10, 2.23793e-10, 2.23793e-10, 1.22659e-06, 2.23793e-10, 0.133014, 2.23793e-10, 2.23793e-10
19.2617, 0, 0.129978, 5.39467e-10, 1.41421, -0.129978, 0, 5.39467e-10, 5.39467e-10, 5.39467e-10, 5.39467e-10, 5.39467e-10, 5.39467e-10, 5.39467e-10, 5.39467e-10, 5.39467e-10, 5.39467e-10, 5.39467e-10, 5.39467e-10, 5.39467e-10, 5.39467e-10, 5.39467e-10, 5.39467e-10, 5.39467e-10, 5.39467e-10, 5.39467e-10, 1.22824e-06, 5.39467e-10, 0.129977, 5.39467e-10, 5.39467e-10
19.2696, 0, 0.127022, 6.61913e-10, 1.41421, -0.127022, 0, 6.61913e-10, 6.61913e-10, 6.61913e-10, 6.61913e-10, 6.61913e-10, 6.61913e-10, 6.61913e-10, 6.61913e-10, 6.61913e-10, 6.61913e-10, 6.61913e-10, 6.61913e-10, 6.61913e-10, 6.61913e-10, 6.61913e-10, 6.61913e-10, 6.61913e-10, 6.61913e-10, 6.61913e-10, 1.22974e-06, 6.61913e-10, 0.12702, 6.61913e-10, 6.61913e-10
19.2775, 0, 0.124142, 5.31696e-10, 1.41421, -0.124142, 0, 5.31696e-10, 5.31696e-10, 5.31696e-10, 5.31696e-10, 5.31696e-10, 5.31696e-10, 5.31696e-10, 5.31696e-10, 5.31696e-10, 5.31696e-10, 5.31696e-10, 5.31696e-10, 5.31696e-10, 5.31696e-10, 5.31696e-10, 5.31696e-10, 5.31696e-10, 5.31696e-10, 5.31696e-10, 1.23106e-06, 5.31696e-10, 0.124141, 5.31696e-10, 5.31696e-10
19.2854, 2, 0.121338, 3.1699e-10, 2, 1.87866, 0, 3.1699e-10, 3.1699e-10, 3.1699e-10, 3.1699e-10, 3.1699e-10, 3.1699e-10, 3.1699e-10, 3.1699e-10, 3.1699e-10, 3.1699e-10, 3.1699e-10, 3.1699e-10, 3.1699e-10, 3.1699e-10, 3.1699e-10, 3.1699e-10, 3.1699e-10, 3.1699e-10, 3.1699e-10, 1.23239e-06, 3.1699e-10, 0.121337, 3.1699e-10, 3.1699e-10
19.2933, 0, 0.118605, 1.57499e-10, 1.41421, -0.118605, 0, 1.57499e-10, 1.57499e-10, 1.57499e-10, 1.57499e-10, 1.57499e-10, 1.57499e-10, 1.57499e-10, 1.57499e-10, 1.57499e-10, 1.57499e-10, 1.57499e-10, 1.57499e-10, 1.57499e-10, 1.57499e-10, 1.57499e-10, 1.57499e-10, 1.57499e-10, 1.57499e-10, 1.57499e-10, 1.23391e-06, 1.57499e-10, 0.118604, 1.57499e-10, 1.57499e-10
19.3011, 2, 0.115943, 3.94429e-10, 2, 1.88406, 0, 3.94429e-10, 3.94429e-10, 3.94429e-10, 3.94429e-10, 3.94429e-10, 3.94429e-10, 3.94429e-10, 3.94429e-10, 3.94429e-10, 3.94429e-10, 3.94429e-10, 3.94429e-10, 3.94429e-10, 3.94429e-10, 3.94429e-10, 3.94429e-10, 3.94429e-10, 3.94429e-10, 3.94429e-10, 1.23599e-06, 3.94429e-10, 0.115941, 3.94429e-10, 3.94429e-10
19.309, 0, 0.113347, 4.82292e-10, 1.41421, -0.113347, 0, 4.82292e-10, 4.82292e-10, 4.82292e-10, 4.82292e-10, 4.82292e-10, 4.82292e-10, 4.82292e-10, 4.82292e-10, 4.82292e-10, 4.82292e-10, 4.82292e-10, 4.82292e-10, 4.82292e-10, 4.82292e-10, 4.82292e-10, 4.82292e-10, 4.82292e-10, 4.82292e-10, 4.82292e-10, 1.23816e-06, 4.82292e-10, 0.113346, 4.82292e-10, 4.82292e-10
19.3169, 0, 0.110817, 3.74391e-10, 1.41421, -0.110817, 0, 3.74391e-10, 3.74391e-10, 3.74391e-10, 3.74391e-10, 3.74391e-10, 3.74391e-10, 3.74391e-10, 3.74391e-10, 3.74391e-10, 3.74391e-10, 3.74391e-10, 3.74391e-10, 3.74391e-10, 3.74391e-10, 3.74391e-10, 3.74391e-10, 3.74391e-10, 3.74391e-10, 3.74391e-10, 1.24045e-06, 3.74391e-10, 0.110815, 3.74391e-10, 3.74391e-10
19.3248, 0, 0.108348, 2.06807e-10, 1.41421, -0.108348, 0, 2.06807e-10, 2.06807e-10, 2.06807e-10, 2.06807e-10, 2.06807e-10, 2.06807e-10, 2.06807e-10, 2.06807e-10, 2.06807e-10, 2.06807e-10, 2.06807e-10, 2.06807e-10, 2.06807e-10, 2.06807e-10, 2.06807e-10, 2.06807e-10, 2.06807e-10, 2.06807e-10, 2.06807e-10, 1.24308e-06, 2.06807e-10, 0.108347, 2.06807e-10, 2.06807e-10
19.3327, 0, 0.105941, 8.85933e-11, 1.41421, -0.105941, 0, 8.85933e-11, 8.85933e-11, 8.85933e-11, 8.85933e-11, 8.85933e-11, 8.85933e-11, 8.85933e-11, 8.85933e-11, 8.85933e-11, 8.85933e-11, 8.85933e-11, 8.85933e-11, 8.85933e-11, 8.85933e-11, 8.85933e-11, 8.85933e-11, 8.85933e-11, 8.85933e-11, 8.85933e-11, 1.2463e-06, 8.85933e-11, 0.10594, 8.85933e-11, 8.85933e-11
19.3405, 0, 0.103591, 2.45318e-10, 1.41421, -0.103591, 0, 2.45318e-10, 2.45318e-10, 2.45318e-10, 2.45318e-10, 2.45318e-10, 2.45318e-10, 2.45318e-10, 2.45318e-10, 2.45318e-10, 2.45318e-10, 2.45318e-10, 2.45318e-10, 2.45318e-10, 2.45318e-10, 2.45318e-10, 2.45318e-10, 2.45318e-10, 2.45318e-10, 2.45318e-10, 1.25051e-06, 2.45318e-10, 0.10359, 2.45318e-10, 2.45318e-10
19.3484, 0, 0.101297, 3.03121e-10, 1.41421, -0.101297, 0, 3.03121e-10, 3.03121e-10, 3.03121e-10, 3.03121e-10, 3.03121e-10, 3.03121e-10, 3.03121e-10, 3.03121e-10, 3.03121e-10, 3.03121e-10, 3.03121e-10, 3.03121e-10, 3.03121e-10, 3.03121e-10, 3.03121e-10, 3.03121e-10, 3.03121e-10, 3.03121e-10, 3.03121e-10, 1.25553e-06, 3.03121e-10, 0.101296, 3.03121e-10, 3.03121e-10
19.3563, 2, 0.0990574, 2.26908e-10, 2, 1.90094, 0, 2.26908e-10, 2.26908e-10, 2.26908e-10, 2.26908e-10, 2.26908e-10, 2.26908e-10, 2.26908e-10, 2.26908e-10, 2.26908e-10, 2.26908e-10, 2.26908e-10, 2.26908e-10, 2.26908e-10, 2.26908e-10, 2.26908e-10, 2.26908e-10, 2.26908e-10, 2.26908e-10, 2.26908e-10, 1.26161e-06, 2.26908e-10, 0.0990561, 2.26908e-10, 2.26908e-10
19.3642, 0, 0.0968696, 1.13832e-10, 1.41421, -0.0968696, 0, 1.13832e-10, 1.13832e-10, 1.13832e-10, 1.13832e-10, 1.13832e-10, 1.13832e-10, 1.13832e-10, 1.13832e-10, 1.13832e-10, 1.13832e-10, 1.13832e-10, 1.13832e-10, 1.13832e-10, 1.13832e-10, 1.13832e-10, 1.13832e-10, 1.13832e-10, 1.13832e-10, 1.13832e-10, 1.2692e-06, 1.13832e-10, 0.0968683, 1.13832e-10, 1.13832e-10
19.3721, 0, 0.0947312, 3.93748e-11, 1.41421, -0.0947312, 0, 3.93748e-11, 3.93748e-11, 3.93748e-11, 3.93748e-11, 3.93748e-11, 3.93748e-11, 3.93748e-11, 3.93748e-11, 3.93748e-11, 3.93748e-11, 3.93748e-11, 3.93748e-11, 3.93748e-11, 3.93748e-11, 3.93748e-11, 3.93748e-11, 3.93748e-11, 3.93748e-11, 3.93748e-11, 1.27879e-06, 3.93748e-11, 0.0947299, 3.93748e-11, 3.93748e-11
19.3799, 2, 0.0926413, 1.27541e-10, 2, 1.90736, 0, 1.27541e-10, 1.27541e-10, 1.27541e-10, 1.27541e-10, 1.27541e-10, 1.27541e-10, 1.27541e-10, 1.27541e-10, 1.27541e-10, 1.27541e-10, 1.27541e-10, 1.27541e-10, 1.27541e-10, 1.27541e-10, 1.27541e-10, 1.27541e-10, 1.27541e-10, 1.27541e-10, 1.27541e-10, 1.29104e-06, 1.27541e-10, 0.09264, 1.27541e-10, 1.27541e-10
19.3878, 0, 0.0905971, 1.59669e-10, 1.41421, -0.0905971, 0, 1.59669e-10, 1.59669e-10, 1.59669e-10, 1.59669e-10, 1.59669e-10, 1.59669e-10, 1.59669e-10, 1.59669e-10, 1.59669e-10, 1.59669e-10, 1.59669e-10, 1.59669e-10, 1.59669e-10, 1.59669e-10, 1.59669e-10, 1.59669e-10, 1.59669e-10, 1.59669e-10, 1.59669e-10, 1.30642e-06, 1.59669e-10, 0.0905958, 1.59669e-10, 1.59669e-10
19.3957, 0, 0.0885977, 1.12297e-10, 1.41421, -0.0885977, 0, 1.12297e-10, 1.12297e-10, 1.12297e-10, 1.12297e-10, 1.12297e-10, 1.12297e-10, 1.12297e-10, 1.12297e-10, 1.12297e-10, 1.12297e-10, 1.12297e-10, 1.12297e-10, 1.12297e-10, 1.12297e-10, 1.12297e-10, 1.12297e-10, 1.12297e-10, 1.12297e-10, 1.12297e-10, 1.3257e-06, 1.12297e-10, 0.0885964, 1.12297e-10, 1.12297e-10
19.4036, 2, 0.0866401, 4.71591e-11, 2, 1.91336, 0, 4.71591e-11, 4.71591e-11, 4.71591e-11, 4.71591e-11, 4.71591e-11, 4.71591e-11, 4.71591e-11, 4.71591e-11, 4.71591e-11, 4.71591e-11, 4.71591e-11, 4.71591e-11, 4.71591e-11, 4.71591e-11, 4.71591e-11, 4.71591e-11, 4.71591e-11, 4.71591e-11, 4.71591e-11, 1.34996e-06, 4.71591e-11, 0.0866387, 4.71591e-11, 4.71591e-11
19.4115, 0, 0.0847245, 9.8437e-12, 1.41421, -0.0847245, 0, 9.8437e-12, 9.8437e-12, 9.8437e-12, 9.8437e-12, 9.8437e-12, 9.8437e-12, 9.8437e-12, 9.8437e-12, 9.8437e-12, 9.8437e-12, 9.8437e-12, 9.8437e-12, 9.8437e-12, 9.8437e-12, 9.8437e-12, 9.8437e-12, 9.8437e-12, 9.8437e-12, 9.8437e-12, 1.38047e-06, 9.8437e-12, 0.0847231, 9.8437e-12, 9.8437e-12
19.4193, 0, 0.0828484, 4.67139e-11, 1.41421, -0.0828484, 0, 4.67139e-11, 4.67139e-11, 4.67139e-11, 4.67139e-11, 4.67139e-11, 4.67139e-11, 4.67139e-11, 4.67139e-11, 4.67139e-11, 4.67139e-11, 4.67139e-11, 4.67139e-11, 4.67139e-11, 4.67139e-11, 4.67139e-11, 4.67139e-11, 4.67139e-11, 4.67139e-11, 4.67139e-11, 1.41875e-06, 4.67139e-11, 0.0828469, 4.67139e-11, 4.67139e-11
19.4272, 0, 0.0810098, 5.98534e-11, 1.41421, -0.0810098, 0, 5.98534e-11, 5.98534e-11, 5.98534e-11, 5.98534e-11, 5.98534e-11, 5.98534e-11, 5.98534e-11, 5.98534e-11, 5.98534e-11, 5.98534e-11, 5.98534e-11, 5.98534e-11, 5.98534e-11, 5.98534e-11, 5.98534e-11, 5.98534e-11, 5.98534e-11, 5.98534e-11, 5.98534e-11, 1.46663e-06, 5.98534e-11, 0.0810083, 5.98534e-11, 5.98534e-11
19.4351, 0, 0.0792082, 3.63345e-11, 1.41421, -0.0792082, 0, 3.63345e-11, 3.63345e-11, 3.63345e-11, 3.63345e-11, 3.63345e-11, 3.63345e-11, 3.63345e-11, 3.63345e-11, 3.63345e-11, 3.63345e-11, 3.63345e-11, 3.63345e-11, 3.63345e-11, 3.63345e-11, 3.63345e-11, 3.63345e-11, 3.63345e-11, 3.63345e-11, 3.63345e-11, 1.52764e-06, 3.63345e-11, 0.0792067, 3.63345e-11, 3.63345e-11
19.443, 0, 0.0774415, 9.08363e-12, 1.41421, -0.0774415, 0, 9.08363e-12, 9.08363e-12, 9.08363e-12, 9.08363e-12, 9.08363e-12, 9.08363e-12, 9.08363e-12, 9.08363e-12, 9.08363e-12, 9.08363e-12, 9.08363e-12, 9.08363e-12, 9.08363e-12, 9.08363e-12, 9.08363e-12, 9.08363e-12, 9.08363e-12, 9.08363e-12, 9.08363e-12, 1.60213e-06, 9.08363e-12, 0.0774399, 9.08363e-12, 9.08363e-12
19.4508, 0, 0.0757091, 0, 1.41421, -0.0757091, 0, 0, 0, 0, 0, 0, 0, 0, 0, 0, 0, 0, 0, 0, 0, 0, 0, 0, 0, 0, 1.69396e-06, 0, 0.0757074, 0, 0
19.4587, 0, 0.074009, 3.5155e-12, 1.41421, -0.074009, 0, 3.5155e-12, 3.5155e-12, 3.5155e-12, 3.5155e-12, 3.5155e-12, 3.5155e-12, 3.5155e-12, 3.5155e-12, 3.5155e-12, 3.5155e-12, 3.5155e-12, 3.5155e-12, 3.5155e-12, 3.5155e-12, 3.5155e-12, 3.5155e-12, 3.5155e-12, 3.5155e-12, 3.5155e-12, 1.80692e-06, 3.5155e-12, 0.0740072, 3.5155e-12, 3.5155e-12
19.4666, 0, 0.0723409, 6.2816e-12, 1.41421, -0.0723409, 0, 6.2816e-12, 6.2816e-12, 6.2816e-12, 6.2816e-12, 6.2816e-12, 6.2816e-12, 6.2816e-12, 6.2816e-12, 6.2816e-12, 6.2816e-12, 6.2816e-12, 6.2816e-12, 6.2816e-12, 6.2816e-12, 6.2816e-12, 6.2816e-12, 6.2816e-12, 6.2816e-12, 6.2816e-12, 1.94523e-06, 6.2816e-12, 0.072339, 6.2816e-12, 6.2816e-12
19.4745, 0, 0.0707031, 4.15169e-12, 1.41421, -0.0707031, 0, 4.15169e-12, 4.15169e-12, 4.15169e-12, 4.15169e-12, 4.15169e-12, 4.15169e-12, 4.15169e-12, 4.15169e-12, 4.15169e-12, 4.15169e-12, 4.15169e-12, 4.15169e-12, 4.15169e-12, 4.15169e-12, 4.15169e-12, 4.15169e-12, 4.15169e-12, 4.15169e-12, 4.15169e-12, 2.114e-06, 4.15169e-12, 0.070701, 4.15169e-12, 4.15169e-12
19.4824, 0, 0.0690952, 1.03792e-12, 1.41421, -0.0690952, 0, 1.03792e-12, 1.03792e-12, 1.03792e-12, 1.03792e-12, 1.03792e-12, 1.03792e-12, 1.03792e-12, 1.03792e-12, 1.03792e-12, 1.03792e-12, 1.03792e-12, 1.03792e-12, 1.03792e-12, 1.03792e-12, 1.03792e-12, 1.03792e-12, 1.03792e-12, 1.03792e-12, 1.03792e-12, 2.31903e-06, 1.03792e-12, 0.0690928, 1.03792e-12, 1.03792e-12
19.4902, 0, 0.0675156, 0, 1.41421, -0.0675156, 0, 0, 0, 0, 0, 0, 0, 0, 0, 0, 0, 0, 0, 0, 0, 0, 0, 0, 0, 0, 2.5673e-06, 0, 0.067513, 0, 0
19.4981, 2, 0.0659643, 0, 2, 1.93404, 0, 0, 0, 0, 0, 0, 0, 0, 0, 0, 0, 0, 0, 0, 0, 0, 0, 0, 0, 0, 2.86671e-06, 0, 0.0659614, 0, 0
19.506, 0, 0.0644396, 0, 1.41421, -0.0644396, 0, 0, 0, 0, 0, 0, 0, 0, 0, 0, 0, 0, 0, 0, 0, 0, 0, 0, 0, 0, 3.22682e-06, 0, 0.0644364, 0, 0
19.5139, 0, 0.0629415, 0, 1.41421, -0.0629415, 0, 0, 0, 0, 0, 0, 0, 0, 0, 0, 0, 0, 0, 0, 0, 0, 0, 0, 0, 0, 3.65855e-06, 0, 0.0629378, 0, 0
19.5218, 0, 0.0614692, 0, 1.41421, -0.0614692, 0, 0, 0, 0, 0, 0, 0, 0, 0, 0, 0, 0, 0, 0, 0, 0, 0, 0, 0, 0, 4.17481e-06, 0, 0.061465, 0, 0
19.5296, 0, 0.0600225, 0, 1.41421, -0.0600225, 0, 0, 0, 0, 0, 0, 0, 0, 0, 0, 0, 0, 0, 0, 0, 0, 0, 0, 0, 0, 4.7907e-06, 0, 0.0600177, 0, 0
19.5375, 0, 0.0586004, 0, 1.41421, -0.0586004, 0, 0, 0, 0, 0, 0, 0, 0, 0, 0, 0, 0, 0, 0, 0, 0, 0, 0, 0, 0, 5.52465e-06, 0, 0.0585949, 0, 0
19.5454, 0, 0.0572031, 0, 1.41421, -0.0572031, 0, 0, 0, 0, 0, 0, 0, 0, 0, 0, 0, 0, 0, 0, 0, 0, 0, 0, 0, 0, 6.39796e-06, 0, 0.0571967, 0, 0
19.5533, 0, 0.0558295, 0, 1.41421, -0.0558295, 0, 0, 0, 0, 0, 0, 0, 0, 0, 0, 0, 0, 0, 0, 0, 0, 0, 0, 0, 0, 7.43714e-06, 0, 0.0558221, 0, 0
19.5612, 0, 0.0544802, 0, 1.41421, -0.0544802, 0, 0, 0, 0, 0, 0, 0, 0, 0, 0, 0, 0, 0, 0, 0, 0, 0, 0, 0, 0, 8.67335e-06, 0, 0.0544715, 0, 0
19.569, 0, 0.0531544, 0, 1.41421, -0.0531544, 0, 0, 0, 0, 0, 0, 0, 0, 0, 0, 0, 0, 0, 0, 0, 0, 0, 0, 0, 0, 1.01461e-05, 0, 0.0531442, 0, 0
19.5769, 0, 0.0518524, 0, 1.41421, -0.0518524, 0, 0, 0, 0, 0, 0, 0, 0, 0, 0, 0, 0, 0, 0, 0, 0, 0, 0, 0, 0, 1.19053e-05, 0, 0.0518405, 0, 0
19.5848, 0, 0.0505737, 0, 1.41421, -0.0505737, 0, 0, 0, 0, 0, 0, 0, 0, 0, 0, 0, 0, 0, 0, 0, 0, 0, 0, 0, 0, 1.40062e-05, 0, 0.0505597, 0, 0
19.5927, 0, 0.049319, 0, 1.41421, -0.049319, 0, 0, 0, 0, 0, 0, 0, 0, 0, 0, 0, 0, 0, 0, 0, 0, 0, 0, 0, 0, 1.65227e-05, 0, 0.0493025, 0, 0
19.6006, 0, 0.048088, 0, 1.41421, -0.048088, 0, 0, 0, 0, 0, 0, 0, 0, 0, 0, 0, 0, 0, 0, 0, 0, 0, 0, 0, 0, 1.95471e-05, 0, 0.0480685, 0, 0
19.6084, 0, 0.0468807, 0, 1.41421, -0.0468807, 0, 0, 0, 0, 0, 0, 0, 0, 0, 0, 0, 0, 0, 0, 0, 0, 0, 0, 0, 0, 2.31947e-05, 0, 0.0468575, 0, 0
19.6163, 0, 0.0456978, 0, 1.41421, -0.0456978, 0, 0, 0, 0, 0, 0, 0, 0, 0, 0, 0, 0, 0, 0, 0, 0, 0, 0, 0, 0, 2.76069e-05, 0, 0.0456702, 0, 0
19.6242, 0, 0.0445389, 0, 1.41421, -0.0445389, 0, 0, 0, 0, 0, 0, 0, 0, 0, 0, 0, 0, 0, 0, 0, 0, 0, 0, 0, 0, 3.29658e-05, 0, 0.044506, 0, 0
19.6321, 0, 0.0434056, 0, 1.41421, -0.0434056, 0, 0, 0, 0, 0, 0, 0, 0, 0, 0, 0, 0, 0, 0, 0, 0, 0, 0, 0, 0, 3.9489e-05, 0, 0.0433661, 0, 0
19.64, 0, 0.0422974, 0, 1.41421, -0.0422974, 0, 0, 0, 0, 0, 0, 0, 0, 0, 0, 0, 0, 0, 0, 0, 0, 0, 0, 0, 0, 4.74578e-05, 0, 0.04225, 0, 0
19.6479, 0, 0.0412156, 0, 1.41421, -0.0412156, 0, 0, 0, 0, 0, 0, 0, 0, 0, 0, 0, 0, 0, 0, 0, 0, 0, 0, 0, 0, 5.7211e-05, 0, 0.0411584, 0, 0
19.6557, 0, 0.0401603, 0, 1.41421, -0.0401603, 0, 0, 0, 0, 0, 0, 0, 0, 0, 0, 0, 0, 0, 0, 0, 0, 0, 0, 0, 0, 6.91766e-05, 0, 0.0400911, 0, 0
19.6636, 0, 0.0391328, 0, 1.41421, -0.0391328, 0, 0, 0, 0, 0, 0, 0, 0, 0, 0, 0, 0, 0, 0, 0, 0, 0, 0, 0, 0, 8.38674e-05, 0, 0.039049, 0, 0
19.6715, 0, 0.0381336, 0, 1.41421, -0.0381336, 0, 0, 0, 0, 0, 0, 0, 0, 0, 0, 0, 0, 0, 0, 0, 0, 0, 0, 0, 0, 0.000101925, 0, 0.0380316, 0, 0
19.6794, 0, 0.037164, 0, 1.41421, -0.037164, 0, 0, 0, 0, 0, 0, 0, 0, 0, 0, 0, 0, 0, 0, 0, 0, 0, 0, 0, 0, 0.000124107, 0, 0.0370399, 0, 0
19.6873, 0, 0.036225, 0, 1.41421, -0.036225, 0, 0, 0, 0, 0, 0, 0, 0, 0, 0, 0, 0, 0, 0, 0, 0, 0, 0, 0, 0, 0.000151354, 0, 0.0360736, 0, 0
19.6951, 0, 0.035318, 0, 1.41421, -0.035318, 0, 0, 0, 0, 0, 0, 0, 0, 0, 0, 0, 0, 0, 0, 0, 0, 0, 0, 0, 0, 0.000184761, 0, 0.0351333, 0, 0
19.703, 0, 0.0344444, 0, 1.41421, -0.0344444, 0, 0, 0, 0, 0, 0, 0, 0, 0, 0, 0, 0, 0, 0, 0, 0, 0, 0, 0, 0, 0.000225668, 0, 0.0342187, 0, 0
19.7109, 0, 0.033606, 0, 1.41421, -0.033606, 0, 0, 0, 0, 0, 0, 0, 0, 0, 0, 0, 0, 0, 0, 0, 0, 0, 0, 0, 0, 0.000275617, 0, 0.0333304, 0, 0
19.7188, 0, 0.0328044, 0, 1.41421, -0.0328044, 0, 0, 0, 0, 0, 0, 0, 0, 0, 0, 0, 0, 0, 0, 0, 0, 0, 0, 0, 0, 0.000336468, 0, 0.032468, 0, 0
19.7266, 0, 0.0320422, 0, 1.41421, -0.0320422, 0, 0, 0, 0, 0, 0, 0, 0, 0, 0, 0, 0, 0, 0, 0, 0, 0, 0, 0, 0, 0.000410326, 0, 0.0316318, 0, 0
19.7345, 0, 0.031321, 0, 1.41421, -0.031321, 0, 0, 0, 0, 0, 0, 0, 0, 0, 0, 0, 0, 0, 0, 0, 0, 0, 0, 0, 0, 0.000499727, 0, 0.0308213, 0, 0
19.7424, 2, 0.0306443, 0, 2, 1.96936, 0, 0, 0, 0, 0, 0, 0, 0, 0, 0, 0, 0, 0, 0, 0, 0, 0, 0, 0, 0, 0.000607418, 0, 0.0300369, 0, 0
19.7503, 0, 0.0300145, 0, 1.41421, -0.0300145, 0, 0, 0, 0, 0, 0, 0, 0, 0, 0, 0, 0, 0, 0, 0, 0, 0, 0, 0, 0, 0.000736707, 0, 0.0292778, 0, 0
19.7582, 0, 0.0294353, 0, 1.41421, -0.0294353, 0, 0, 0, 0, 0, 0, 0, 0, 0, 0, 0, 0, 0, 0, 0, 0, 0, 0, 0, 0, 0.000891178, 0, 0.0285441, 0, 0
19.7661, 0, 0.0289099, 0, 1.41421, -0.0289099, 0, 0, 0, 0, 0, 0, 0, 0, 0, 0, 0, 0, 0, 0, 0, 0, 0, 0, 0, 0, 0.001075, 0, 0.0278349, 0, 0
19.7739, 0, 0.0284427, 0, 1.41421, -0.0284427, 0, 0, 0, 0, 0, 0, 0, 0, 0, 0, 0, 0, 0, 0, 0, 0, 0, 0, 0, 0, 0.00129263, 0, 0.0271501, 0, 0
19.7818, 0, 0.0280379, 0, 1.41421, -0.0280379, 0, 0, 0, 0, 0, 0, 0, 0, 0, 0, 0, 0, 0, 0, 0, 0, 0, 0, 0, 0, 0.00154919, 0, 0.0264888, 0, 0
19.7897, 0, 0.0277005, 0, 1.41421, -0.0277005, 0, 0, 0, 0, 0, 0, 0, 0, 0, 0, 0, 0, 0, 0, 0, 0, 0, 0, 0, 0, 0.00185001, 0, 0.0258505, 0, 0
19.7976, 0, 0.0274356, 0, 1.41421, -0.0274356, 0, 0, 0, 0, 0, 0, 0, 0, 0, 0, 0, 0, 0, 0, 0, 0, 0, 0, 0, 0, 0.00220107, 0, 0.0252345, 0, 0
19.8054, 0, 0.0272486, 0, 1.41421, -0.0272486, 0, 0, 0, 0, 0, 0, 0, 0, 0, 0, 0, 0, 0, 0, 0, 0, 0, 0, 0, 0, 0.00260881, 0, 0.0246397, 0, 0
19.8133, 0, 0.0271455, 0, 1.41421, -0.0271455, 0, 0, 0, 0, 0, 0, 0, 0, 0, 0, 0, 0, 0, 0, 0, 0, 0, 0, 0, 0, 0.00307974, 0, 0.0240658, 0, 0
19.8212, 0, 0.0271326, 0, 1.41421, -0.0271326, 0, 0, 0, 0, 0, 0, 0, 0, 0, 0, 0, 0, 0, 0, 0, 0, 0, 0, 0, 0, 0.00362114, 0, 0.0235114, 0, 0
19.8291, 0, 0.0272161, 0, 1.41421, -0.0272161, 0, 0, 0, 0, 0, 0, 0, 0, 0, 0, 0, 0, 0, 0, 0, 0, 0, 0, 0, 0, 0.00424004, 0, 0.0229761, 0, 0
19.837, 0, 0.0274028, 0, 1.41421, -0.0274028, 0, 0, 0, 0, 0, 0, 0, 0, 0, 0, 0, 0, 0, 0, 0, 0, 0, 0, 0, 0, 0.00494424, 0, 0.0224586, 0, 0
19.8449, 0, 0.0276993, 0, 1.41421, -0.0276993, 0, 0, 0, 0, 0, 0, 0, 0, 0, 0, 0, 0, 0, 0, 0, 0, 0, 0, 0, 0, 0.00574116, 0, 0.0219581, 0, 0
19.8527, 0, 0.0281121, 0, 1.41421, -0.0281121, 0, 0, 0, 0, 0, 0, 0, 0, 0, 0, 0, 0, 0, 0, 0, 0, 0, 0, 0, 0, 0.00663832, 0, 0.0214738, 0, 0
19.8606, 2, 0.0286478, 0, 2, 1.97135, 0, 0, 0, 0, 0, 0, 0, 0, 0, 0, 0, 0, 0, 0, 0, 0, 0, 0, 0, 0, 0.00764284, 0, 0.0210049, 0, 0
19.8685, 0, 0.0293126, 0, 1.41421, -0.0293126, 0, 0, 0, 0, 0, 0, 0, 0, 0, 0, 0, 0, 0, 0, 0, 0, 0, 0, 0, 0, 0.00876229, 0, 0.0205503, 0, 0
19.8764, 0, 0.0301122, 0, 1.41421, -0.0301122, 0, 0, 0, 0, 0, 0, 0, 0, 0, 0, 0, 0, 0, 0, 0, 0, 0, 0, 0, 0, 0.0100028, 0, 0.0201094, 0, 0
19.8843, 0, 0.0310522, 0, 1.41421, -0.0310522, 0, 0, 0, 0, 0, 0, 0, 0, 0, 0, 0, 0, 0, 0, 0, 0, 0, 0, 0, 0, 0.0113709, 0, 0.0196813, 0, 0
19.8921, 0, 0.0321367, 0, 1.41421, -0.0321367, 0, 0, 0, 0, 0, 0, 0, 0, 0, 0, 0, 0, 0, 0, 0, 0, 0, 0, 0, 0, 0.0128715, 0, 0.0192653, 0, 0
19.9, 0, 0.0333701, 0, 1.41421, -0.0333701, 0, 0, 0, 0, 0, 0, 0, 0, 0, 0, 0, 0, 0, 0, 0, 0, 0, 0, 0, 0, 0.0145096, 0, 0.0188605, 0, 0
19.9079, 0, 0.0347546, 0, 1.41421, -0.0347546, 0, 0, 0, 0, 0, 0, 0, 0, 0, 0, 0, 0, 0, 0, 0, 0, 0, 0, 0, 0, 0.016288, 0, 0.0184667, 0, 0
19.9158, 0, 0.0362927, 0, 1.41421, -0.0362927, 0, 0, 0, 0, 0, 0, 0, 0, 0, 0, 0, 0, 0, 0, 0, 0, 0, 0, 0, 0, 0.0182098, 0, 0.0180829, 0, 0
19.9236, 2, 0.0379841, 0, 2, 1.96202, 0, 0, 0, 0, 0, 0, 0, 0, 0, 0, 0, 0, 0, 0, 0, 0, 0, 0, 0, 0, 0.0202752, 0, 0.017709, 0, 0
19.9315, 0, 0.0398291, 0, 1.41421, -0.0398291, 0, 0, 0, 0, 0, 0, 0, 0, 0, 0, 0, 0, 0, 0, 0, 0, 0, 0, 0, 0, 0.0224849, 0, 0.0173442, 0, 0
19.9394, 2, 0.0418246, 0, 2, 1.95818, 0, 0, 0, 0, 0, 0, 0, 0, 0, 0, 0, 0, 0, 0, 0, 0, 0, 0, 0, 0, 0.0248363, 0, 0.0169883, 0, 0
19.9473, 0, 0.0439687, 0, 1.41421, -0.0439687, 0, 0, 0, 0, 0, 0, 0, 0, 0, 0, 0, 0, 0, 0, 0, 0, 0, 0, 0, 0, 0.0273279, 0, 0.0166408, 0, 0
19.9552, 0, 0.0462545, 0, 1.41421, -0.0462545, 0, 0, 0, 0, 0, 0, 0, 0, 0, 0, 0, 0, 0, 0, 0, 0, 0, 0, 0, 0, 0.0299527, 0, 0.0163018, 0, 0
19.9631, 2, 0.0486771, 0, 2, 1.95132, 0, 0, 0, 0, 0, 0, 0, 0, 0, 0, 0, 0, 0, 0, 0, 0, 0, 0, 0, 0, 0.0327064, 0, 0.0159708, 0, 0
19.9709, 0, 0.0512277, 0, 1.41421, -0.0512277, 0, 0, 0, 0, 0, 0, 0, 0, 0, 0, 0, 0, 0, 0, 0, 0, 0, 0, 0, 0, 0.0355799, 0, 0.0156478, 0, 0
19.9788, 0, 0.0538983, 0, 1.41421, -0.0538983, 0, 0, 0, 0, 0, 0, 0, 0, 0, 0, 0, 0, 0, 0, 0, 0, 0, 0, 0, 0, 0.0385656, 0, 0.0153327, 0, 0
19.9867, 0, 0.056677, 0, 1.41421, -0.056677, 0, 0, 0, 0, 0, 0, 0, 0, 0, 0, 0, 0, 0, 0, 0, 0, 0, 0, 0, 0, 0.0416515, 0, 0.0150255, 0, 0
19.9946, 0, 0.0595526, 0, 1.41421, -0.0595526, 0, 0, 0, 0, 0, 0, 0, 0, 0, 0, 0, 0, 0, 0, 0, 0, 0, 0, 0, 0, 0.0448263, 0, 0.0147263, 0, 0
20.0024, 0, 0.0625126, 0, 1.41421, -0.0625126, 0, 0, 0, 0, 0, 0, 0, 0, 0, 0, 0, 0, 0, 0, 0, 0, 0, 0, 0, 0, 0.0480776, 0, 0.014435, 0, 0
20.0103, 0, 0.0655415, 0, 1.41421, -0.0655415, 0, 0, 0, 0, 0, 0, 0, 0, 0, 0, 0, 0, 0, 0, 0, 0, 0, 0, 0, 0, 0.0513896, 0, 0.0141518, 0, 0
20.0182, 0, 0.0686252, 0, 1.41421, -0.0686252, 0, 0, 0, 0, 0, 0, 0, 0, 0, 0, 0, 0, 0, 0, 0, 0, 0, 0, 0, 0, 0.0547483, 0, 0.0138769, 0, 0
20.0261, 0, 0.071746, 0, 1.41421, -0.071746, 0, 0, 0, 0, 0, 0, 0, 0, 0, 0, 0, 0, 0, 0, 0, 0, 0, 0, 0, 0, 0.0581354, 0, 0.0136106, 0, 0
20.034, 0, 0.0748882, 0, 1.41421, -0.0748882, 0, 0, 0, 0, 0, 0, 0, 0, 0, 0, 0, 0, 0, 0, 0, 0, 0, 0, 0, 0, 0.0615352, 0, 0.013353, 0, 0
20.0418, 0, 0.0780321, 0, 1.41421, -0.0780321, 0, 0, 0, 0, 0, 0, 0, 0, 0, 0, 0, 0, 0, 0, 0, 0, 0, 0, 0, 0, 0.0649276, 0, 0.0131045, 0, 0
20.0497, 0, 0.0811604, 0, 1.41421, -0.0811604, 0, 0, 0, 0, 0, 0, 0, 0, 0, 0, 0, 0, 0, 0, 0, 0, 0, 0, 0, 0, 0.0682951, 0, 0.0128652, 0, 0
20.0576, 0, 0.0842528, 0, 1.41421, -0.0842528, 0, 0, 0, 0, 0, 0, 0, 0, 0, 0, 0, 0, 0, 0, 0, 0, 0, 0, 0, 0, 0.0716172, 0, 0.0126357, 0, 0
20.0655, 0, 0.0872893, 0, 1.41421, -0.0872893, 0, 0, 0, 0, 0, 0, 0, 0, 0, 0, 0, 0, 0, 0, 0, 0, 0, 0, 0, 0, 0.0748732, 0, 0.0124162, 0, 0
20.0734, 0, 0.0902486, 0, 1.41421, -0.0902486, 0, 0, 0, 0, 0, 0, 0, 0, 0, 0, 0, 0, 0, 0, 0, 0, 0, 0, 0, 0, 0.0780415, 0, 0.0122071, 0, 0
20.0812, 0, 0.093111, 0, 1.41421, -0.093111, 0, 0, 0, 0, 0, 0, 0, 0, 0, 0, 0, 0, 0, 0, 0, 0, 0, 0, 0, 0, 0.0811023, 0, 0.0120087, 0, 0
20.0891, 0, 0.0958539, 0, 1.41421, -0.0958539, 0, 0, 0, 0, 0, 0, 0, 0, 0, 0, 0, 0, 0, 0, 0, 0, 0, 0, 0, 0, 0.0840324, 0, 0.0118215, 0, 0
20.097, 0, 0.0984572, 0, 1.41421, -0.0984572, 0, 0, 0, 0, 0, 0, 0, 0, 0, 0, 0, 0, 0, 0, 0, 0, 0, 0, 0, 0, 0.0868114, 0, 0.0116458, 0, 0
20.1049, 0, 0.100898, 0, 1.41421, -0.100898, 0, 0, 0, 0, 0, 0, 0, 0, 0, 0, 0, 0, 0, 0, 0, 0, 0, 0, 0, 0, 0.0894161, 0, 0.011482, 0, 0
20.1128, 0, 0.103156, 0, 1.41421, -0.103156, 0, 0, 0, 0, 0, 0, 0, 0, 0, 0, 0, 0, 0, 0, 0, 0, 0, 0, 0, 0, 0.091826, 0, 0.0113303, 0, 0
20.1206, 0, 0.10521, 0, 1.41421, -0.10521, 0, 0, 0, 0, 0, 0, 0, 0, 0, 0, 0, 0, 0, 0, 0, 0, 0, 0, 0, 0, 0.0940188, 0, 0.0111913, 0, 0
20.1285, 0, 0.10704, 0, 1.41421, -0.10704, 0, 0, 0, 0, 0, 0, 0, 0, 0, 0, 0, 0, 0, 0, 0, 0, 0, 0, 0, 0, 0.0959748, 0, 0.0110652, 0, 0
20.1364, 0, 0.108626, 0, 1.41421, -0.108626, 0, 0, 0, 0, 0, 0, 0, 0, 0, 0, 0, 0, 0, 0, 0, 0, 0, 0, 0, 0, 0.0976734, 0, 0.0109523, 0, 0
20.1443, 0, 0.10995, 0, 1.41421, -0.10995, 0, 0, 0, 0, 0, 0, 0, 0, 0, 0, 0, 0, 0, 0, 0, 0, 0, 0, 0, 0, 0.0990968, 0, 0.0108529, 0, 0
20.1522, 0, 0.110994, 0, 1.41421, -0.110994, 0, 0, 0, 0, 0, 0, 0, 0, 0, 0, 0, 0, 0, 0, 0, 0, 0, 0, 0, 0, 0.100227, 0, 0.0107671, 0, 0
20.16, 0, 0.111746, 0, 1.41421, -0.111746, 0, 0, 0, 0, 0, 0, 0, 0, 0, 0, 0, 0, 0, 0, 0, 0, 0, 0, 0, 0, 0.10105, 0, 0.0106953, 0, 0
20.1679, 0, 0.11219, 0, 1.41421, -0.11219, 0, 0, 0, 0, 0, 0, 0, 0, 0, 0, 0, 0, 0, 0, 0, 0, 0, 0, 0, 0, 0.101553, 0, 0.0106375, 0, 0
20.1758, 0, 0.112318, 0, 1.41421, -0.112318, 0, 0, 0, 0, 0, 0, 0, 0, 0, 0, 0, 0, 0, 0, 0, 0, 0, 0, 0, 0, 0.101724, 0, 0.010594, 0, 0
20.1837, 0, 0.112121, 0, 1.41421, -0.112121, 0, 0, 0, 0, 0, 0, 0, 0, 0, 0, 0, 0, 0, 0, 0, 0, 0, 0, 0, 0, 0.101557, 0, 0.0105648, 0, 0
20.1916, 0, 0.111596, 0, 1.41421, -0.111596, 0, 0, 0, 0, 0, 0, 0, 0, 0, 0, 0, 0, 0, 0, 0, 0, 0, 0, 0, 0, 0.101047, 0, 0.0105498, 0, 0
20.1994, 0, 0.110742, 2.01801e-34, 1.41421, -0.110742, 0, 2.01801e-34, 2.01801e-34, 2.01801e-34, 2.01801e-34, 2.01801e-34, 2.01801e-34, 2.01801e-34, 2.01801e-34, 2.01801e-34, 2.01801e-34, 2.01801e-34, 2.01801e-34, 2.01801e-34, 2.01801e-34, 2.01801e-34, 2.01801e-34, 2.01801e-34, 2.01801e-34, 2.01801e-34, 0.100192, 2.01801e-34, 0.0105493, 2.01801e-34, 2.01801e-34
20.2073, 0, 0.10956, 7.3277e-34, 1.41421, -0.10956, 0, 7.3277e-34, 7.3277e-34, 7.3277e-34, 7.3277e-34, 7.3277e-34, 7.3277e-34, 7.3277e-34, 7.3277e-34, 7.3277e-34, 7.3277e-34, 7.3277e-34, 7.3277e-34, 7.3277e-34, 7.3277e-34, 7.3277e-34, 7.3277e-34, 7.3277e-34, 7.3277e-34, 7.3277e-34, 0.0989971, 7.3277e-34, 0.010563, 7.3277e-34, 7.3277e-34
20.2152, 0, 0.108057, 1.49545e-33, 1.41421, -0.108057, 0, 1.49545e-33, 1.49545e-33, 1.49545e-33, 1.49545e-33, 1.49545e-33, 1.49545e-33, 1.49545e-33, 1.49545e-33, 1.49545e-33, 1.49545e-33, 1.49545e-33, 1.49545e-33, 1.49545e-33, 1.49545e-33, 1.49545e-33, 1.49545e-33, 1.49545e-33, 1.49545e-33, 1.49545e-33, 0.0974665, 1.49545e-33, 0.0105909, 1.49545e-33, 1.49545e-33
20.2231, 0, 0.106244, 2.46423e-33, 1.41421, -0.106244, 0, 2.46423e-33, 2.46423e-33, 2.46423e-33, 2.46423e-33, 2.46423e-33, 2.46423e-33, 2.46423e-33, 2.46423e-33, 2.46423e-33, 2.46423e-33, 2.46423e-33, 2.46423e-33, 2.46423e-33, 2.46423e-33, 2.46423e-33, 2.46423e-33, 2.46423e-33, 2.46423e-33, 2.46423e-33, 0.0956113, 2.46423e-33, 0.010633, 2.46423e-33, 2.46423e-33
20.231, 0, 0.104133, 3.67368e-33, 1.41421, -0.104133, 0, 3.67368e-33, 3.67368e-33, 3.67368e-33, 3.67368e-33, 3.67368e-33, 3.67368e-33, 3.67368e-33, 3.67368e-33, 3.67368e-33, 3.67368e-33, 3.67368e-33, 3.67368e-33, 3.67368e-33, 3.67368e-33, 3.67368e-33, 3.67368e-33, 3.67368e-33, 3.67368e-33, 3.67368e-33, 0.0934443, 3.67368e-33, 0.0106891, 3.67368e-33, 3.67368e-33
20.2388, 2, 0.101743, 5.24885e-33, 2, 1.89826, 0, 5.24885e-33, 5.24885e-33, 5.24885e-33, 5.24885e-33, 5.24885e-33, 5.24885e-33, 5.24885e-33, 5.24885e-33, 5.24885e-33, 5.24885e-33, 5.24885e-33, 5.24885e-33, 5.24885e-33, 5.24885e-33, 5.24885e-33, 5.24885e-33, 5.24885e-33, 5.24885e-33, 5.24885e-33, 0.090984, 5.24885e-33, 0.0107589, 5.24885e-33, 5.24885e-33
20.2467, 0, 0.0990922, 6.94556e-33, 1.41421, -0.0990922, 0, 6.94556e-33, 6.94556e-33, 6.94556e-33, 6.94556e-33, 6.94556e-33, 6.94556e-33, 6.94556e-33, 6.94556e-33, 6.94556e-33, 6.94556e-33, 6.94556e-33, 6.94556e-33, 6.94556e-33, 6.94556e-33, 6.94556e-33, 6.94556e-33, 6.94556e-33, 6.94556e-33, 6.94556e-33, 0.0882498, 6.94556e-33, 0.0108424, 6.94556e-33, 6.94556e-33
20.2546, 0, 0.0962061, 8.70926e-33, 1.41421, -0.0962061, 0, 8.70926e-33, 8.70926e-33, 8.70926e-33, 8.70926e-33, 8.70926e-33, 8.70926e-33, 8.70926e-33, 8.70926e-33, 8.70926e-33, 8.70926e-33, 8.70926e-33, 8.70926e-33, 8.70926e-33, 8.70926e-33, 8.70926e-33, 8.70926e-33, 8.70926e-33, 8.70926e-33, 8.70926e-33, 0.0852669, 8.70926e-33, 0.0109392, 8.70926e-33, 8.70926e-33
20.2625, 0, 0.0931097, 1.04695e-32, 1.41421, -0.0931097, 0, 1.04695e-32, 1.04695e-32, 1.04695e-32, 1.04695e-32, 1.04695e-32, 1.04695e-32, 1.04695e-32, 1.04695e-32, 1.04695e-32, 1.04695e-32, 1.04695e-32, 1.04695e-32, 1.04695e-32, 1.04695e-32, 1.04695e-32, 1.04695e-32, 1.04695e-32, 1.04695e-32, 1.04695e-32, 0.0820605, 1.04695e-32, 0.0110492, 1.04695e-32, 1.04695e-32
20.2704, 2, 0.089833, 1.19886e-32, 2, 1.91017, 0, 1.19886e-32, 1.19886e-32, 1.19886e-32, 1.19886e-32, 1.19886e-32, 1.19886e-32, 1.19886e-32, 1.19886e-32, 1.19886e-32, 1.19886e-32, 1.19886e-32, 1.19886e-32, 1.19886e-32, 1.19886e-32, 1.19886e-32, 1.19886e-32, 1.19886e-32, 1.19886e-32, 1.19886e-32, 0.0786609, 1.19886e-32, 0.0111721, 1.19886e-32, 1.19886e-32
20.2782, 0, 0.086404, 1.32447e-32, 1.41421, -0.086404, 0, 1.32447e-32, 1.32447e-32, 1.32447e-32, 1.32447e-32, 1.32447e-32, 1.32447e-32, 1.32447e-32, 1.32447e-32, 1.32447e-32, 1.32447e-32, 1.32447e-32, 1.32447e-32, 1.32447e-32, 1.32447e-32, 1.32447e-32, 1.32447e-32, 1.32447e-32, 1.32447e-32, 1.32447e-32, 0.0750964, 1.32447e-32, 0.0113076, 1.32447e-32, 1.32447e-32
20.2861, 0, 0.0828578, 1.42562e-32, 1.41421, -0.0828578, 0, 1.42562e-32, 1.42562e-32, 1.42562e-32, 1.42562e-32, 1.42562e-32, 1.42562e-32, 1.42562e-32, 1.42562e-32, 1.42562e-32, 1.42562e-32, 1.42562e-32, 1.42562e-32, 1.42562e-32, 1.42562e-32, 1.42562e-32, 1.42562e-32, 1.42562e-32, 1.42562e-32, 1.42562e-32, 0.0714023, 1.42562e-32, 0.0114554, 1.42562e-32, 1.42562e-32
20.294, 0, 0.0792243, 1.50817e-32, 1.41421, -0.0792243, 0, 1.50817e-32, 1.50817e-32, 1.50817e-32, 1.50817e-32, 1.50817e-32, 1.50817e-32, 1.50817e-32, 1.50817e-32, 1.50817e-32, 1.50817e-32, 1.50817e-32, 1.50817e-32, 1.50817e-32, 1.50817e-32, 1.50817e-32, 1.50817e-32, 1.50817e-32, 1.50817e-32, 1.50817e-32, 0.0676089, 1.50817e-32, 0.0116154, 1.50817e-32, 1.50817e-32
20.3019, 0, 0.075538, 1.56421e-32, 1.41421, -0.075538, 0, 1.56421e-32, 1.56421e-32, 1.56421e-32, 1.56421e-32, 1.56421e-32, 1.56421e-32, 1.56421e-32, 1.56421e-32, 1.56421e-32, 1.56421e-32, 1.56421e-32, 1.56421e-32, 1.56421e-32, 1.56421e-32, 1.56421e-32, 1.56421e-32, 1.56421e-32, 1.56421e-32, 1.56421e-32, 0.0637508, 1.56421e-32, 0.0117871, 1.56421e-32, 1.56421e-32
20.3098, 0, 0.0718293, 1.59579e-32, 1.41421, -0.0718293, 0, 1.59579e-32, 1.59579e-32, 1.59579e-32, 1.59579e-32, 1.59579e-32, 1.59579e-32, 1.59579e-32, 1.59579e-32, 1.59579e-32, 1.59579e-32, 1.59579e-32, 1.59579e-32, 1.59579e-32, 1.59579e-32, 1.59579e-32, 1.59579e-32, 1.59579e-32, 1.59579e-32, 1.59579e-32, 0.0598588, 1.59579e-32, 0.0119705, 1.59579e-32, 1.59579e-32
20.3176, 0, 0.0681315, 1.60334e-32, 1.41421, -0.0681315, 0, 1.60334e-32, 1.60334e-32, 1.60334e-32, 1.60334e-32, 1.60334e-32, 1.60334e-32, 1.60334e-32, 1.60334e-32, 1.60334e-32, 1.60334e-32, 1.60334e-32, 1.60334e-32, 1.60334e-32, 1.60334e-32, 1.60334e-32, 1.60334e-32, 1.60334e-32, 1.60334e-32, 1.60334e-32, 0.0559664, 1.60334e-32, 0.0121651, 1.60334e-32, 1.60334e-32
20.3255, 2, 0.0644728, 1.59304e-32, 2, 1.93553, 0, 1.59304e-32, 1.59304e-32, 1.59304e-32, 1.59304e-32, 1.59304e-32, 1.59304e-32, 1.59304e-32, 1.59304e-32, 1.59304e-32, 1.59304e-32, 1.59304e-32, 1.59304e-32, 1.59304e-32, 1.59304e-32, 1.59304e-32, 1.59304e-32, 1.59304e-32, 1.59304e-32, 1.59304e-32, 0.0521019, 1.59304e-32, 0.0123709, 1.59304e-32, 1.59304e-32
20.3334, 0, 0.0608831, 1.55175e-32, 1.41421, -0.0608831, 0, 1.55175e-32, 1.55175e-32, 1.55175e-32, 1.55175e-32, 1.55175e-32, 1.55175e-32, 1.55175e-32, 1.55175e-32, 1.55175e-32, 1.55175e-32, 1.55175e-32, 1.55175e-32, 1.55175e-32, 1.55175e-32, 1.55175e-32, 1.55175e-32, 1.55175e-32, 1.55175e-32, 1.55175e-32, 0.0482956, 1.55175e-32, 0.0125875, 1.55175e-32, 1.55175e-32
20.3413, 0, 0.0573865, 1.48501e-32, 1.41421, -0.0573865, 0, 1.48501e-32, 1.48501e-32, 1.48501e-32, 1.48501e-32, 1.48501e-32, 1.48501e-32, 1.48501e-32, 1.48501e-32, 1.48501e-32, 1.48501e-32, 1.48501e-32, 1.48501e-32, 1.48501e-32, 1.48501e-32, 1.48501e-32, 1.48501e-32, 1.48501e-32, 1.48501e-32, 1.48501e-32, 0.0445717, 1.48501e-32, 0.0128148, 1.48501e-32, 1.48501e-32
20.3492, 0, 0.0540082, 1.40185e-32, 1.41421, -0.0540082, 0, 1.40185e-32, 1.40185e-32, 1.40185e-32, 1.40185e-32, 1.40185e-32, 1.40185e-32, 1.40185e-32, 1.40185e-32, 1.40185e-32, 1.40185e-32, 1.40185e-32, 1.40185e-32, 1.40185e-32, 1.40185e-32, 1.40185e-32, 1.40185e-32, 1.40185e-32, 1.40185e-32, 1.40185e-32, 0.0409556, 1.40185e-32, 0.0130526, 1.40185e-32, 1.40185e-32
20.357, 2, 0.0507671, 1.3088e-32, 2, 1.94923, 0, 1.3088e-32, 1.3088e-32, 1.3088e-32, 1.3088e-32, 1.3088e-32, 1.3088e-32, 1.3088e-32, 1.3088e-32, 1.3088e-32, 1.3088e-32, 1.3088e-32, 1.3088e-32, 1.3088e-32, 1.3088e-32, 1.3088e-32, 1.3088e-32, 1.3088e-32, 1.3088e-32, 1.3088e-32, 0.0374662, 1.3088e-32, 0.0133008, 1.3088e-32, 1.3088e-32
20.3649, 0, 0.0476823, 1.20378e-32, 1.41421, -0.0476823, 0, 1.20378e-32, 1.20378e-32, 1.20378e-32, 1.20378e-32, 1.20378e-32, 1.20378e-32, 1.20378e-32, 1.20378e-32, 1.20378e-32, 1.20378e-32, 1.20378e-32, 1.20378e-32, 1.20378e-32, 1.20378e-32, 1.20378e-32, 1.20378e-32, 1.20378e-32, 1.20378e-32, 1.20378e-32, 0.0341231, 1.20378e-32, 0.0135592, 1.20378e-32, 1.20378e-32
20.3728, 0, 0.0447676, 1.09154e-32, 1.41421, -0.0447676, 0, 1.09154e-32, 1.09154e-32, 1.09154e-32, 1.09154e-32, 1.09154e-32, 1.09154e-32, 1.09154e-32, 1.09154e-32, 1.09154e-32, 1.09154e-32, 1.09154e-32, 1.09154e-32, 1.09154e-32, 1.09154e-32, 1.09154e-32, 1.09154e-32, 1.09154e-32, 1.09154e-32, 1.09154e-32, 0.0309399, 1.09154e-32, 0.0138278, 1.09154e-32, 1.09154e-32
20.3807, 0, 0.0420339, 9.73609e-33, 1.41421, -0.0420339, 0, 9.73609e-33, 9.73609e-33, 9.73609e-33, 9.73609e-33, 9.73609e-33, 9.73609e-33, 9.73609e-33, 9.73609e-33, 9.73609e-33, 9.73609e-33, 9.73609e-33, 9.73609e-33, 9.73609e-33, 9.73609e-33, 9.73609e-33, 9.73609e-33, 9.73609e-33, 9.73609e-33, 9.73609e-33, 0.0279275, 9.73609e-33, 0.0141064, 9.73609e-33, 9.73609e-33
20.3886, 0, 0.0394902, 8.54523e-33, 1.41421, -0.0394902, 0, 8.54523e-33, 8.54523e-33, 8.54523e-33, 8.54523e-33, 8.54523e-33, 8.54523e-33, 8.54523e-33, 8.54523e-33, 8.54523e-33, 8.54523e-33, 8.54523e-33, 8.54523e-33, 8.54523e-33, 8.54523e-33, 8.54523e-33, 8.54523e-33, 8.54523e-33, 8.54523e-33, 8.54523e-33, 0.0250951, 8.54523e-33, 0.0143951, 8.54523e-33, 8.54523e-33
20.3965, 0, 0.037142, 7.38297e-33, 1.41421, -0.037142, 0, 7.38297e-33, 7.38297e-33, 7.38297e-33, 7.38297e-33, 7.38297e-33, 7.38297e-33, 7.38297e-33, 7.38297e-33, 7.38297e-33, 7.38297e-33, 7.38297e-33, 7.38297e-33, 7.38297e-33, 7.38297e-33, 7.38297e-33, 7.38297e-33, 7.38297e-33, 7.38297e-33, 7.38297e-33, 0.0224482, 7.38297e-33, 0.0146938, 7.38297e-33, 7.38297e-33
20.4043, 0, 0.0349926, 6.2461e-33, 1.41421, -0.0349926, 0, 6.2461e-33, 6.2461e-33, 6.2461e-33, 6.2461e-33, 6.2461e-33, 6.2461e-33, 6.2461e-33, 6.2461e-33, 6.2461e-33, 6.2461e-33, 6.2461e-33, 6.2461e-33, 6.2461e-33, 6.2461e-33, 6.2461e-33, 6.2461e-33, 6.2461e-33, 6.2461e-33, 6.2461e-33, 0.0199903, 6.2461e-33, 0.0150024, 6.2461e-33, 6.2461e-33
20.4122, 0, 0.0330412, 5.16039e-33, 1.41421, -0.0330412, 0, 5.16039e-33, 5.16039e-33, 5.16039e-33, 5.16039e-33, 5.16039e-33, 5.16039e-33, 5.16039e-33, 5.16039e-33, 5.16039e-33, 5.16039e-33, 5.16039e-33, 5.16039e-33, 5.16039e-33, 5.16039e-33, 5.16039e-33, 5.16039e-33, 5.16039e-33, 5.16039e-33, 5.16039e-33, 0.0177202, 5.16039e-33, 0.0153211, 5.16039e-33, 5.16039e-33
20.4201, 0, 0.0312867, 4.13076e-33, 1.41421, -0.0312867, 0, 4.13076e-33, 4.13076e-33, 4.13076e-33, 4.13076e-33, 4.13076e-33, 4.13076e-33, 4.13076e-33, 4.13076e-33, 4.13076e-33, 4.13076e-33, 4.13076e-33, 4.13076e-33, 4.13076e-33, 4.13076e-33, 4.13076e-33, 4.13076e-33, 4.13076e-33, 4.13076e-33, 4.13076e-33, 0.0156369, 4.13076e-33, 0.0156498, 4.13076e-33, 4.13076e-33
20.428, 0, 0.0297239, 3.18252e-33, 1.41421, -0.0297239, 0, 3.18252e-33, 3.18252e-33, 3.18252e-33, 3.18252e-33, 3.18252e-33, 3.18252e-33, 3.18252e-33, 3.18252e-33, 3.18252e-33, 3.18252e-33, 3.18252e-33, 3.18252e-33, 3.18252e-33, 3.18252e-33, 3.18252e-33, 3.18252e-33, 3.18252e-33, 3.18252e-33, 3.18252e-33, 0.0137351, 3.18252e-33, 0.0159888, 3.18252e-33, 3.18252e-33
20.4358, 2, 0.0283478, 2.34358e-33, 2, 1.97165, 0, 2.34358e-33, 2.34358e-33, 2.34358e-33, 2.34358e-33, 2.34358e-33, 2.34358e-33, 2.34358e-33, 2.34358e-33, 2.34358e-33, 2.34358e-33, 2.34358e-33, 2.34358e-33, 2.34358e-33, 2.34358e-33, 2.34358e-33, 2.34358e-33, 2.34358e-33, 2.34358e-33, 2.34358e-33, 0.0120099, 2.34358e-33, 0.0163379, 2.34358e-33, 2.34358e-33
20.4437, 0, 0.0271505, 1.63275e-33, 1.41421, -0.0271505, 0, 1.63275e-33, 1.63275e-33, 1.63275e-33, 1.63275e-33, 1.63275e-33, 1.63275e-33, 1.63275e-33, 1.63275e-33, 1.63275e-33, 1.63275e-33, 1.63275e-33, 1.63275e-33, 1.63275e-33, 1.63275e-33, 1.63275e-33, 1.63275e-33, 1.63275e-33, 1.63275e-33, 1.63275e-33, 0.0104529, 1.63275e-33, 0.0166976, 1.63275e-33, 1.63275e-33
20.4516, 0, 0.026124, 1.08956e-33, 1.41421, -0.026124, 0, 1.08956e-33, 1.08956e-33, 1.08956e-33, 1.08956e-33, 1.08956e-33, 1.08956e-33, 1.08956e-33, 1.08956e-33, 1.08956e-33, 1.08956e-33, 1.08956e-33, 1.08956e-33, 1.08956e-33, 1.08956e-33, 1.08956e-33, 1.08956e-33, 1.08956e-33, 1.08956e-33, 1.08956e-33, 0.0090564, 1.08956e-33, 0.0170676, 1.08956e-33, 1.08956e-33
20.4595, 0, 0.0252586, 6.32819e-34, 1.41421, -0.0252586, 0, 6.32819e-34, 6.32819e-34, 6.32819e-34, 6.32819e-34, 6.32819e-34, 6.32819e-34, 6.32819e-34, 6.32819e-34, 6.32819e-34, 6.32819e-34, 6.32819e-34, 6.32819e-34, 6.32819e-34, 6.32819e-34, 6.32819e-34, 6.32819e-34, 6.32819e-34, 6.32819e-34, 6.32819e-34, 0.00781012, 6.32819e-34, 0.0174485, 6.32819e-34, 6.32819e-34
20.4674, 0, 0.0245447, 2.85738e-34, 1.41421, -0.0245447, 0, 2.85738e-34, 2.85738e-34, 2.85738e-34, 2.85738e-34, 2.85738e-34, 2.85738e-34, 2.85738e-34, 2.85738e-34, 2.85738e-34, 2.85738e-34, 2.85738e-34, 2.85738e-34, 2.85738e-34, 2.85738e-34, 2.85738e-34, 2.85738e-34, 2.85738e-34, 2.85738e-34, 2.85738e-34, 0.00670463, 2.85738e-34, 0.0178401, 2.85738e-34, 2.85738e-34
20.4752, 0, 0.0239717, 7.14344e-35, 1.41421, -0.0239717, 0, 7.14344e-35, 7.14344e-35, 7.14344e-35, 7.14344e-35, 7.14344e-35, 7.14344e-35, 7.14344e-35, 7.14344e-35, 7.14344e-35, 7.14344e-35, 7.14344e-35, 7.14344e-35, 7.14344e-35, 7.14344e-35, 7.14344e-35, 7.14344e-35, 7.14344e-35, 7.14344e-35, 7.14344e-35, 0.0057289, 7.14344e-35, 0.0182428, 7.14344e-35, 7.14344e-35
20.4831, 0, 0.0235295, 0, 1.41421, -0.0235295, 0, 0, 0, 0, 0, 0, 0, 0, 0, 0, 0, 0, 0, 0, 0, 0, 0, 0, 0, 0, 0.0048728, 0, 0.0186567, 0, 0
20.491, 0, 0.0232076, 0, 1.41421, -0.0232076, 0, 0, 0, 0, 0, 0, 0, 0, 0, 0, 0, 0, 0, 0, 0, 0, 0, 0, 0, 0, 0.00412536, 0, 0.0190822, 0, 0
20.4989, 0, 0.0229958, 0, 1.41421, -0.0229958, 0, 0, 0, 0, 0, 0, 0, 0, 0, 0, 0, 0, 0, 0, 0, 0, 0, 0, 0, 0, 0.00347645, 0, 0.0195194, 0, 0
20.5068, 0, 0.0228845, 0, 1.41421, -0.0228845, 0, 0, 0, 0, 0, 0, 0, 0, 0, 0, 0, 0, 0, 0, 0, 0, 0, 0, 0, 0, 0.0029161, 0, 0.0199684, 0, 0
20.5146, 0, 0.0228644, 0, 1.41421, -0.0228644, 0, 0, 0, 0, 0, 0, 0, 0, 0, 0, 0, 0, 0, 0, 0, 0, 0, 0, 0, 0, 0.00243488, 0, 0.0204295, 0, 0
20.5225, 0, 0.0229267, 0, 1.41421, -0.0229267, 0, 0, 0, 0, 0, 0, 0, 0, 0, 0, 0, 0, 0, 0, 0, 0, 0, 0, 0, 0, 0.0020236, 0, 0.0209031, 0, 0
20.5304, 0, 0.0230633, 0, 1.41421, -0.0230633, 0, 0, 0, 0, 0, 0, 0, 0, 0, 0, 0, 0, 0, 0, 0, 0, 0, 0, 0, 0, 0.0016741, 0, 0.0213892, 0, 0
20.5383, 0, 0.0232667, 0, 1.41421, -0.0232667, 0, 0, 0, 0, 0, 0, 0, 0, 0, 0, 0, 0, 0, 0, 0, 0, 0, 0, 0, 0, 0.00137851, 0, 0.0218882, 0, 0
20.5462, 0, 0.0235301, 0, 1.41421, -0.0235301, 0, 0, 0, 0, 0, 0, 0, 0, 0, 0, 0, 0, 0, 0, 0, 0, 0, 0, 0, 0, 0.00112993, 0, 0.0224002, 0, 0
20.554, 0, 0.0238473, 0, 1.41421, -0.0238473, 0, 0, 0, 0, 0, 0, 0, 0, 0, 0, 0, 0, 0, 0, 0, 0, 0, 0, 0, 0, 0.000921854, 0, 0.0229255, 0, 0
20.5619, 2, 0.0242127, 0, 2, 1.97579, 0, 0, 0, 0, 0, 0, 0, 0, 0, 0, 0, 0, 0, 0, 0, 0, 0, 0, 0, 0, 0.000748668, 0, 0.0234641, 0, 0
20.5698, 0, 0.0246215, 0, 1.41421, -0.0246215, 0, 0, 0, 0, 0, 0, 0, 0, 0, 0, 0, 0, 0, 0, 0, 0, 0, 0, 0, 0, 0.000605218, 0, 0.0240163, 0, 0
20.5777, 0, 0.0250693, 0, 1.41421, -0.0250693, 0, 0, 0, 0, 0, 0, 0, 0, 0, 0, 0, 0, 0, 0, 0, 0, 0, 0, 0, 0, 0.000486977, 0, 0.0245823, 0, 0
20.5856, 0, 0.0255521, 0, 1.41421, -0.0255521, 0, 0, 0, 0, 0, 0, 0, 0, 0, 0, 0, 0, 0, 0, 0, 0, 0, 0, 0, 0, 0.000390056, 0, 0.025162, 0, 0
20.5934, 0, 0.0260667, 0, 1.41421, -0.0260667, 0, 0, 0, 0, 0, 0, 0, 0, 0, 0, 0, 0, 0, 0, 0, 0, 0, 0, 0, 0, 0.000310973, 0, 0.0257557, 0, 0
20.6013, 0, 0.02661, 0, 1.41421, -0.02661, 0, 0, 0, 0, 0, 0, 0, 0, 0, 0, 0, 0, 0, 0, 0, 0, 0, 0, 0, 0, 0.000246801, 0, 0.0263632, 0, 0
20.6092, 0, 0.0271797, 0, 1.41421, -0.0271797, 0, 0, 0, 0, 0, 0, 0, 0, 0, 0, 0, 0, 0, 0, 0, 0, 0, 0, 0, 0, 0.000194954, 0, 0.0269848, 0, 0
20.6171, 0, 0.027773, 0, 1.41421, -0.027773, 0, 0, 0, 0, 0, 0, 0, 0, 0, 0, 0, 0, 0, 0, 0, 0, 0, 0, 0, 0, 0.000153314, 0, 0.0276197, 0, 0
20.625, 0, 0.0283884, 0, 1.41421, -0.0283884, 0, 0, 0, 0, 0, 0, 0, 0, 0, 0, 0, 0, 0, 0, 0, 0, 0, 0, 0, 0, 0.000120012, 0, 0.0282684, 0, 0
20.6328, 0, 0.0290237, 0, 1.41421, -0.0290237, 0, 0, 0, 0, 0, 0, 0, 0, 0, 0, 0, 0, 0, 0, 0, 0, 0, 0, 0, 0, 9.35249e-05, 0, 0.0289302, 0, 0
20.6407, 0, 0.0296775, 0, 1.41421, -0.0296775, 0, 0, 0, 0, 0, 0, 0, 0, 0, 0, 0, 0, 0, 0, 0, 0, 0, 0, 0, 0, 7.25516e-05, 0, 0.029605, 0, 0
20.6486, 0, 0.0303481, 0, 1.41421, -0.0303481, 0, 0, 0, 0, 0, 0, 0, 0, 0, 0, 0, 0, 0, 0, 0, 0, 0, 0, 0, 0, 5.60348e-05, 0, 0.0302921, 0, 0
20.6565, 0, 0.0310343, 0, 1.41421, -0.0310343, 0, 0, 0, 0, 0, 0, 0, 0, 0, 0, 0, 0, 0, 0, 0, 0, 0, 0, 0, 0, 4.30854e-05, 0, 0.0309913, 0, 0
20.6644, 0, 0.0317344, 0, 1.41421, -0.0317344, 0, 0, 0, 0, 0, 0, 0, 0, 0, 0, 0, 0, 0, 0, 0, 0, 0, 0, 0, 0, 3.29882e-05, 0, 0.0317014, 0, 0
20.6722, 0, 0.0324473, 0, 1.41421, -0.0324473, 0, 0, 0, 0, 0, 0, 0, 0, 0, 0, 0, 0, 0, 0, 0, 0, 0, 0, 0, 0, 2.51501e-05, 0, 0.0324222, 0, 0
20.6801, 0, 0.0331713, 0, 1.41421, -0.0331713, 0, 0, 0, 0, 0, 0, 0, 0, 0, 0, 0, 0, 0, 0, 0, 0, 0, 0, 0, 0, 1.90991e-05, 0, 0.0331522, 0, 0
20.688, 0, 0.0339053, 0, 1.41421, -0.0339053, 0, 0, 0, 0, 0, 0, 0, 0, 0, 0, 0, 0, 0, 0, 0, 0, 0, 0, 0, 0, 1.44488e-05, 0, 0.0338908, 0, 0
20.6959, 0, 0.0346473, 0, 1.41421, -0.0346473, 0, 0, 0, 0, 0, 0, 0, 0, 0, 0, 0, 0, 0, 0, 0, 0, 0, 0, 0, 0, 1.08951e-05, 0, 0.0346364, 0, 0
20.7038, 0, 0.0353961, 0, 1.41421, -0.0353961, 0, 0, 0, 0, 0, 0, 0, 0, 0, 0, 0, 0, 0, 0, 0, 0, 0, 0, 0, 0, 8.19231e-06, 0, 0.0353879, 0, 0
20.7116, 0, 0.0361496, 0, 1.41421, -0.0361496, 0, 0, 0, 0, 0, 0, 0, 0, 0, 0, 0, 0, 0, 0, 0, 0, 0, 0, 0, 0, 6.14879e-06, 0, 0.0361435, 0, 0
20.7195, 0, 0.0369067, 0, 1.41421, -0.0369067, 0, 0, 0, 0, 0, 0, 0, 0, 0, 0, 0, 0, 0, 0, 0, 0, 0, 0, 0, 0, 4.61147e-06, 0, 0.036902, 0, 0
20.7274, 0, 0.0376644, 0, 1.41421, -0.0376644, 0, 0, 0, 0, 0, 0, 0, 0, 0, 0, 0, 0, 0, 0, 0, 0, 0, 0, 0, 0, 3.46318e-06, 0, 0.037661, 0, 0
20.7353, 0, 0.0384215, 0, 1.41421, -0.0384215, 0, 0, 0, 0, 0, 0, 0, 0, 0, 0, 0, 0, 0, 0, 0, 0, 0, 0, 0, 0, 2.61058e-06, 0, 0.0384189, 0, 0
20.7432, 0, 0.0391752, 0, 1.41421, -0.0391752, 0, 0, 0, 0, 0, 0, 0, 0, 0, 0, 0, 0, 0, 0, 0, 0, 0, 0, 0, 0, 1.98209e-06, 0, 0.0391732, 0, 0
20.751, 0, 0.0399236, 0, 1.41421, -0.0399236, 0, 0, 0, 0, 0, 0, 0, 0, 0, 0, 0, 0, 0, 0, 0, 0, 0, 0, 0, 0, 1.52408e-06, 0, 0.0399221, 0, 0
20.7589, 0, 0.0406641, 0, 1.41421, -0.0406641, 0, 0, 0, 0, 0, 0, 0, 0, 0, 0, 0, 0, 0, 0, 0, 0, 0, 0, 0, 0, 1.19388e-06, 0, 0.0406629, 0, 0
20.7668, 0, 0.0413941, 0, 1.41421, -0.0413941, 0, 0, 0, 0, 0, 0, 0, 0, 0, 0, 0, 0, 0, 0, 0, 0, 0, 0, 0, 0, 9.59298e-07, 0, 0.0413931, 0, 0
20.7747, 0, 0.0421113, 0, 1.41421, -0.0421113, 0, 0, 0, 0, 0, 0, 0, 0, 0, 0, 0, 0, 0, 0, 0, 0, 0, 0, 0, 0, 7.96082e-07, 0, 0.0421105, 0, 0
20.7826, 0, 0.0428125, 0, 1.41421, -0.0428125, 0, 0, 0, 0, 0, 0, 0, 0, 0, 0, 0, 0, 0, 0, 0, 0, 0, 0, 0, 0, 6.86061e-07, 0, 0.0428119, 0, 0
20.7904, 0, 0.0434956, 0, 1.41421, -0.0434956, 0, 0, 0, 0, 0, 0, 0, 0, 0, 0, 0, 0, 0, 0, 0, 0, 0, 0, 0, 0, 6.15478e-07, 0, 0.043495, 0, 0
20.7983, 0, 0.0441572, 0, 1.41421, -0.0441572, 0, 0, 0, 0, 0, 0, 0, 0, 0, 0, 0, 0, 0, 0, 0, 0, 0, 0, 0, 0, 5.74122e-07, 0, 0.0441566, 0, 0
20.8062, 0, 0.044795, 0, 1.41421, -0.044795, 0, 0, 0, 0, 0, 0, 0, 0, 0, 0, 0, 0, 0, 0, 0, 0, 0, 0, 0, 0, 5.54328e-07, 0, 0.0447945, 0, 0
20.8141, 0, 0.0454059, 0, 1.41421, -0.0454059, 0, 0, 0, 0, 0, 0, 0, 0, 0, 0, 0, 0, 0, 0, 0, 0, 0, 0, 0, 0, 5.50416e-07, 0, 0.0454054, 0, 0
20.822, 0, 0.0459874, 0, 1.41421, -0.0459874, 0, 0, 0, 0, 0, 0, 0, 0, 0, 0, 0, 0, 0, 0, 0, 0, 0, 0, 0, 0, 5.58149e-07, 0, 0.0459869, 0, 0
20.8298, 0, 0.0465369, 0, 1.41421, -0.0465369, 0, 0, 0, 0, 0, 0, 0, 0, 0, 0, 0, 0, 0, 0, 0, 0, 0, 0, 0, 0, 5.74362e-07, 0, 0.0465363, 0, 0
20.8377, 0, 0.0470516, 0, 1.41421, -0.0470516, 0, 0, 0, 0, 0, 0, 0, 0, 0, 0, 0, 0, 0, 0, 0, 0, 0, 0, 0, 0, 5.96676e-07, 0, 0.047051, 0, 0
20.8456, 0, 0.0475291, 0, 1.41421, -0.0475291, 0, 0, 0, 0, 0, 0, 0, 0, 0, 0, 0, 0, 0, 0, 0, 0, 0, 0, 0, 0, 6.23282e-07, 0, 0.0475285, 0, 0
20.8535, 0, 0.0479673, 0, 1.41421, -0.0479673, 0, 0, 0, 0, 0, 0, 0, 0, 0, 0, 0, 0, 0, 0, 0, 0, 0, 0, 0, 0, 6.52803e-07, 0, 0.0479667, 0, 0
20.8614, 0, 0.0483641, 0, 1.41421, -0.0483641, 0, 0, 0, 0, 0, 0, 0, 0, 0, 0, 0, 0, 0, 0, 0, 0, 0, 0, 0, 0, 6.84131e-07, 0, 0.0483635, 0, 0
20.8692, 0, 0.0487177, 0, 1.41421, -0.0487177, 0, 0, 0, 0, 0, 0, 0, 0, 0, 0, 0, 0, 0, 0, 0, 0, 0, 0, 0, 0, 7.16392e-07, 0, 0.048717, 0, 0
20.8771, 0, 0.0490263, 0, 1.41421, -0.0490263, 0, 0, 0, 0, 0, 0, 0, 0, 0, 0, 0, 0, 0, 0, 0, 0, 0, 0, 0, 0, 7.48756e-07, 0, 0.0490255, 0, 0
20.885, 0, 0.0492887, 0, 1.41421, -0.0492887, 0, 0, 0, 0, 0, 0, 0, 0, 0, 0, 0, 0, 0, 0, 0, 0, 0, 0, 0, 0, 7.79404e-07, 0, 0.0492879, 0, 0
20.8929, 0, 0.0495036, 0, 1.41421, -0.0495036, 0, 0, 0, 0, 0, 0, 0, 0, 0, 0, 0, 0, 0, 0, 0, 0, 0, 0, 0, 0, 8.10945e-07, 0, 0.0495028, 0, 0
20.9008, 2, 0.0496704, 1.07269e-35, 2, 1.95033, 0, 1.07269e-35, 1.07269e-35, 1.07269e-35, 1.07269e-35, 1.07269e-35, 1.07269e-35, 1.07269e-35, 1.07269e-35, 1.07269e-35, 1.07269e-35, 1.07269e-35, 1.07269e-35, 1.07269e-35, 1.07269e-35, 1.07269e-35, 1.07269e-35, 1.07269e-35, 1.07269e-35, 1.07269e-35, 8.41209e-07, 1.07269e-35, 0.0496696, 1.07269e-35, 1.07269e-35
20.9086, 0, 0.0497884, 1.98827e-35, 1.41421, -0.0497884, 0, 1.98827e-35, 1.98827e-35, 1.98827e-35, 1.98827e-35, 1.98827e-35, 1.98827e-35, 1.98827e-35, 1.98827e-35, 1.98827e-35, 1.98827e-35, 1.98827e-35, 1.98827e-35, 1.98827e-35, 1.98827e-35, 1.98827e-35, 1.98827e-35, 1.98827e-35, 1.98827e-35, 1.98827e-35, 8.69572e-07, 1.98827e-35, 0.0497875, 1.98827e-35, 1.98827e-35
20.9165, 0, 0.0498575, 1.32511e-35, 1.41421, -0.0498575, 0, 1.32511e-35, 1.32511e-35, 1.32511e-35, 1.32511e-35, 1.32511e-35, 1.32511e-35, 1.32511e-35, 1.32511e-35, 1.32511e-35, 1.32511e-35, 1.32511e-35, 1.32511e-35, 1.32511e-35, 1.32511e-35, 1.32511e-35, 1.32511e-35, 1.32511e-35, 1.32511e-35, 1.32511e-35, 8.95679e-07, 1.32511e-35, 0.0498566, 1.32511e-35, 1.32511e-35
20.9244, 0, 0.0498777, 3.31278e-36, 1.41421, -0.0498777, 0, 3.31278e-36, 3.31278e-36, 3.31278e-36, 3.31278e-36, 3.31278e-36, 3.31278e-36, 3.31278e-36, 3.31278e-36, 3.31278e-36, 3.31278e-36, 3.31278e-36, 3.31278e-36, 3.31278e-36, 3.31278e-36, 3.31278e-36, 3.31278e-36, 3.31278e-36, 3.31278e-36, 3.31278e-36, 9.19205e-07, 3.31278e-36, 0.0498768, 3.31278e-36, 3.31278e-36
20.9323, 0, 0.0498494, 0, 1.41421, -0.0498494, 0, 0, 0, 0, 0, 0, 0, 0, 0, 0, 0, 0, 0, 0, 0, 0, 0, 0, 0, 0, 9.39888e-07, 0, 0.0498484, 0, 0
20.9402, 0, 0.0497733, 1.8841e-35, 1.41421, -0.0497733, 0, 1.8841e-35, 1.8841e-35, 1.8841e-35, 1.8841e-35, 1.8841e-35, 1.8841e-35, 1.8841e-35, 1.8841e-35, 1.8841e-35, 1.8841e-35, 1.8841e-35, 1.8841e-35, 1.8841e-35, 1.8841e-35, 1.8841e-35, 1.8841e-35, 1.8841e-35, 1.8841e-35, 1.8841e-35, 9.57464e-07, 1.8841e-35, 0.0497723, 1.8841e-35, 1.8841e-35
20.948, 0, 0.0496503, 3.31914e-35, 1.41421, -0.0496503, 0, 3.31914e-35, 3.31914e-35, 3.31914e-35, 3.31914e-35, 3.31914e-35, 3.31914e-35, 3.31914e-35, 3.31914e-35, 3.31914e-35, 3.31914e-35, 3.31914e-35, 3.31914e-35, 3.31914e-35, 3.31914e-35, 3.31914e-35, 3.31914e-35, 3.31914e-35, 3.31914e-35, 3.31914e-35, 9.71737e-07, 3.31914e-35, 0.0496493, 3.31914e-35, 3.31914e-35
20.9559, 0, 0.0494818, 2.18653e-35, 1.41421, -0.0494818, 0, 2.18653e-35, 2.18653e-35, 2.18653e-35, 2.18653e-35, 2.18653e-35, 2.18653e-35, 2.18653e-35, 2.18653e-35, 2.18653e-35, 2.18653e-35, 2.18653e-35, 2.18653e-35, 2.18653e-35, 2.18653e-35, 2.18653e-35, 2.18653e-35, 2.18653e-35, 2.18653e-35, 2.18653e-35, 9.82539e-07, 2.18653e-35, 0.0494808, 2.18653e-35, 2.18653e-35
20.9638, 0, 0.0492691, 5.46633e-36, 1.41421, -0.0492691, 0, 5.46633e-36, 5.46633e-36, 5.46633e-36, 5.46633e-36, 5.46633e-36, 5.46633e-36, 5.46633e-36, 5.46633e-36, 5.46633e-36, 5.46633e-36, 5.46633e-36, 5.46633e-36, 5.46633e-36, 5.46633e-36, 5.46633e-36, 5.46633e-36, 5.46633e-36, 5.46633e-36, 5.46633e-36, 9.89741e-07, 5.46633e-36, 0.0492681, 5.46633e-36, 5.46633e-36
20.9717, 0, 0.049014, 0, 1.41421, -0.049014, 0, 0, 0, 0, 0, 0, 0, 0, 0, 0, 0, 0, 0, 0, 0, 0, 0, 0, 0, 0, 9.93258e-07, 0, 0.049013, 0, 0
20.9796, 2, 0.0487186, 1.91851e-35, 2, 1.95128, 0, 1.91851e-35, 1.91851e-35, 1.91851e-35, 1.91851e-35, 1.91851e-35, 1.91851e-35, 1.91851e-35, 1.91851e-35, 1.91851e-35, 1.91851e-35, 1.91851e-35, 1.91851e-35, 1.91851e-35, 1.91851e-35, 1.91851e-35, 1.91851e-35, 1.91851e-35, 1.91851e-35, 1.91851e-35, 9.93052e-07, 1.91851e-35, 0.0487176, 1.91851e-35, 1.91851e-35
20.9874, 0, 0.0483848, 3.45694e-35, 1.41421, -0.0483848, 0, 3.45694e-35, 3.45694e-35, 3.45694e-35, 3.45694e-35, 3.45694e-35, 3.45694e-35, 3.45694e-35, 3.45694e-35, 3.45694e-35, 3.45694e-35, 3.45694e-35, 3.45694e-35, 3.45694e-35, 3.45694e-35, 3.45694e-35, 3.45694e-35, 3.45694e-35, 3.45694e-35, 3.45694e-35, 9.8913e-07, 3.45694e-35, 0.0483838, 3.45694e-35, 3.45694e-35
20.9953, 0, 0.0480151, 2.28919e-35, 1.41421, -0.0480151, 0, 2.28919e-35, 2.28919e-35, 2.28919e-35, 2.28919e-35, 2.28919e-35, 2.28919e-35, 2.28919e-35, 2.28919e-35, 2.28919e-35, 2.28919e-35, 2.28919e-35, 2.28919e-35, 2.28919e-35, 2.28919e-35, 2.28919e-35, 2.28919e-35, 2.28919e-35, 2.28919e-35, 2.28919e-35, 9.81547e-07, 2.28919e-35, 0.0480141, 2.28919e-35, 2.28919e-35
21.0032, 2, 0.0476117, 5.72299e-36, 2, 1.95239, 0, 5.72299e-36, 5.72299e-36, 5.72299e-36, 5.72299e-36, 5.72299e-36, 5.72299e-36, 5.72299e-36, 5.72299e-36, 5.72299e-36, 5.72299e-36, 5.72299e-36, 5.72299e-36, 5.72299e-36, 5.72299e-36, 5.72299e-36, 5.72299e-36, 5.72299e-36, 5.72299e-36, 5.72299e-36, 9.70398e-07, 5.72299e-36, 0.0476108, 5.72299e-36, 5.72299e-36
21.0111, 0, 0.0471775, 0, 1.41421, -0.0471775, 0, 0, 0, 0, 0, 0, 0, 0, 0, 0, 0, 0, 0, 0, 0, 0, 0, 0, 0, 0, 9.55829e-07, 0, 0.0471765, 0, 0
21.019, 0, 0.0467147, 9.2321e-36, 1.41421, -0.0467147, 0, 9.2321e-36, 9.2321e-36, 9.2321e-36, 9.2321e-36, 9.2321e-36, 9.2321e-36, 9.2321e-36, 9.2321e-36, 9.2321e-36, 9.2321e-36, 9.2321e-36, 9.2321e-36, 9.2321e-36, 9.2321e-36, 9.2321e-36, 9.2321e-36, 9.2321e-36, 9.2321e-36, 9.2321e-36, 9.38015e-07, 9.2321e-36, 0.0467137, 9.2321e-36, 9.2321e-36
21.0268, 0, 0.0462263, 1.68417e-35, 1.41421, -0.0462263, 0, 1.68417e-35, 1.68417e-35, 1.68417e-35, 1.68417e-35, 1.68417e-35, 1.68417e-35, 1.68417e-35, 1.68417e-35, 1.68417e-35, 1.68417e-35, 1.68417e-35, 1.68417e-35, 1.68417e-35, 1.68417e-35, 1.68417e-35, 1.68417e-35, 1.68417e-35, 1.68417e-35, 1.68417e-35, 9.17179e-07, 1.68417e-35, 0.0462254, 1.68417e-35, 1.68417e-35
21.0347, 0, 0.0457147, 1.1184e-35, 1.41421, -0.0457147, 0, 1.1184e-35, 1.1184e-35, 1.1184e-35, 1.1184e-35, 1.1184e-35, 1.1184e-35, 1.1184e-35, 1.1184e-35, 1.1184e-35, 1.1184e-35, 1.1184e-35, 1.1184e-35, 1.1184e-35, 1.1184e-35, 1.1184e-35, 1.1184e-35, 1.1184e-35, 1.1184e-35, 1.1184e-35, 8.93562e-07, 1.1184e-35, 0.0457138, 1.1184e-35, 1.1184e-35
21.0426, 0, 0.0451827, 2.79601e-36, 1.41421, -0.0451827, 0, 2.79601e-36, 2.79601e-36, 2.79601e-36, 2.79601e-36, 2.79601e-36, 2.79601e-36, 2.79601e-36, 2.79601e-36, 2.79601e-36, 2.79601e-36, 2.79601e-36, 2.79601e-36, 2.79601e-36, 2.79601e-36, 2.79601e-36, 2.79601e-36, 2.79601e-36, 2.79601e-36, 2.79601e-36, 8.67447e-07, 2.79601e-36, 0.0451818, 2.79601e-36, 2.79601e-36
21.0505, 0, 0.0446329, 0, 1.41421, -0.0446329, 0, 0, 0, 0, 0, 0, 0, 0, 0, 0, 0, 0, 0, 0, 0, 0, 0, 0, 0, 0, 8.39132e-07, 0, 0.044632, 0, 0
21.0584, 0, 0.044068, 1.47234e-36, 1.41421, -0.044068, 0, 1.47234e-36, 1.47234e-36, 1.47234e-36, 1.47234e-36, 1.47234e-36, 1.47234e-36, 1.47234e-36, 1.47234e-36, 1.47234e-36, 1.47234e-36, 1.47234e-36, 1.47234e-36, 1.47234e-36, 1.47234e-36, 1.47234e-36, 1.47234e-36, 1.47234e-36, 1.47234e-36, 1.47234e-36, 8.08941e-07, 1.47234e-36, 0.0440672, 1.47234e-36, 1.47234e-36
21.0662, 0, 0.0434903, 2.60953e-36, 1.41421, -0.0434903, 0, 2.60953e-36, 2.60953e-36, 2.60953e-36, 2.60953e-36, 2.60953e-36, 2.60953e-36, 2.60953e-36, 2.60953e-36, 2.60953e-36, 2.60953e-36, 2.60953e-36, 2.60953e-36, 2.60953e-36, 2.60953e-36, 2.60953e-36, 2.60953e-36, 2.60953e-36, 2.60953e-36, 2.60953e-36, 7.7719e-07, 2.60953e-36, 0.0434895, 2.60953e-36, 2.60953e-36
21.0741, 0, 0.0429024, 1.72148e-36, 1.41421, -0.0429024, 0, 1.72148e-36, 1.72148e-36, 1.72148e-36, 1.72148e-36, 1.72148e-36, 1.72148e-36, 1.72148e-36, 1.72148e-36, 1.72148e-36, 1.72148e-36, 1.72148e-36, 1.72148e-36, 1.72148e-36, 1.72148e-36, 1.72148e-36, 1.72148e-36, 1.72148e-36, 1.72148e-36, 1.72148e-36, 7.44226e-07, 1.72148e-36, 0.0429016, 1.72148e-36, 1.72148e-36
21.082, 0, 0.0423063, 4.30371e-37, 1.41421, -0.0423063, 0, 4.30371e-37, 4.30371e-37, 4.30371e-37, 4.30371e-37, 4.30371e-37, 4.30371e-37, 4.30371e-37, 4.30371e-37, 4.30371e-37, 4.30371e-37, 4.30371e-37, 4.30371e-37, 4.30371e-37, 4.30371e-37, 4.30371e-37, 4.30371e-37, 4.30371e-37, 4.30371e-37, 4.30371e-37, 7.10369e-07, 4.30371e-37, 0.0423056, 4.30371e-37, 4.30371e-37
21.0899, 0, 0.0417044, 0, 1.41421, -0.0417044, 0, 0, 0, 0, 0, 0, 0, 0, 0, 0, 0, 0, 0, 0, 0, 0, 0, 0, 0, 0, 6.75966e-07, 0, 0.0417037, 0, 0
21.0978, 2, 0.0410984, 0, 2, 1.9589, 0, 0, 0, 0, 0, 0, 0, 0, 0, 0, 0, 0, 0, 0, 0, 0, 0, 0, 0, 0, 6.4132e-07, 0, 0.0410977, 0, 0
21.1056, 0, 0.0404904, 0, 1.41421, -0.0404904, 0, 0, 0, 0, 0, 0, 0, 0, 0, 0, 0, 0, 0, 0, 0, 0, 0, 0, 0, 0, 6.06755e-07, 0, 0.0404898, 0, 0
21.1135, 0, 0.0398818, 0, 1.41421, -0.0398818, 0, 0, 0, 0, 0, 0, 0, 0, 0, 0, 0, 0, 0, 0, 0, 0, 0, 0, 0, 0, 5.72543e-07, 0, 0.0398812, 0, 0
21.1214, 0, 0.0392744, 0, 1.41421, -0.0392744, 0, 0, 0, 0, 0, 0, 0, 0, 0, 0, 0, 0, 0, 0, 0, 0, 0, 0, 0, 0, 5.38968e-07, 0, 0.0392739, 0, 0
21.1293, 0, 0.0386693, 0, 1.41421, -0.0386693, 0, 0, 0, 0, 0, 0, 0, 0, 0, 0, 0, 0, 0, 0, 0, 0, 0, 0, 0, 0, 5.06257e-07, 0, 0.0386688, 0, 0
21.1372, 0, 0.0380678, 0, 1.41421, -0.0380678, 0, 0, 0, 0, 0, 0, 0, 0, 0, 0, 0, 0, 0, 0, 0, 0, 0, 0, 0, 0, 4.74646e-07, 0, 0.0380673, 0, 0
21.145, 0, 0.0374709, 0, 1.41421, -0.0374709, 0, 0, 0, 0, 0, 0, 0, 0, 0, 0, 0, 0, 0, 0, 0, 0, 0, 0, 0, 0, 4.44315e-07, 0, 0.0374704, 0, 0
21.1529, 0, 0.0368791, 0, 1.41421, -0.0368791, 0, 0, 0, 0, 0, 0, 0, 0, 0, 0, 0, 0, 0, 0, 0, 0, 0, 0, 0, 0, 4.15414e-07, 0, 0.0368787, 0, 0
21.1608, 0, 0.0362936, 0, 1.41421, -0.0362936, 0, 0, 0, 0, 0, 0, 0, 0, 0, 0, 0, 0, 0, 0, 0, 0, 0, 0, 0, 0, 3.88105e-07, 0, 0.0362933, 0, 0
21.1687, 0, 0.0357147, 0, 1.41421, -0.0357147, 0, 0, 0, 0, 0, 0, 0, 0, 0, 0, 0, 0, 0, 0, 0, 0, 0, 0, 0, 0, 3.62473e-07, 0, 0.0357144, 0, 0
21.1766, 0, 0.035143, 0, 1.41421, -0.035143, 0, 0, 0, 0, 0, 0, 0, 0, 0, 0, 0, 0, 0, 0, 0, 0, 0, 0, 0, 0, 3.38611e-07, 0, 0.0351426, 0, 0
21.1844, 0, 0.0345785, 0, 1.41421, -0.0345785, 0, 0, 0, 0, 0, 0, 0, 0, 0, 0, 0, 0, 0, 0, 0, 0, 0, 0, 0, 0, 3.16556e-07, 0, 0.0345781, 0, 0
21.1923, 0, 0.0340216, 0, 1.41421, -0.0340216, 0, 0, 0, 0, 0, 0, 0, 0, 0, 0, 0, 0, 0, 0, 0, 0, 0, 0, 0, 0, 2.9635e-07, 0, 0.0340213, 0, 0
21.2002, 0, 0.0334722, 0, 1.41421, -0.0334722, 0, 0, 0, 0, 0, 0, 0, 0, 0, 0, 0, 0, 0, 0, 0, 0, 0, 0, 0, 0, 2.77986e-07, 0, 0.0334719, 0, 0
21.2081, 0, 0.0329305, 0, 1.41421, -0.0329305, 0, 0, 0, 0, 0, 0, 0, 0, 0, 0, 0, 0, 0, 0, 0, 0, 0, 0, 0, 0, 2.61457e-07, 0, 0.0329303, 0, 0
21.216, 0, 0.0323963, 0, 1.41421, -0.0323963, 0, 0, 0, 0, 0, 0, 0, 0, 0, 0, 0, 0, 0, 0, 0, 0, 0, 0, 0, 0, 2.46721e-07, 0, 0.032396, 0, 0
21.2238, 0, 0.0318695, 0, 1.41421, -0.0318695, 0, 0, 0, 0, 0, 0, 0, 0, 0, 0, 0, 0, 0, 0, 0, 0, 0, 0, 0, 0, 2.33733e-07, 0, 0.0318692, 0, 0
21.2317, 0, 0.0313498, 0, 1.41421, -0.0313498, 0, 0, 0, 0, 0, 0, 0, 0, 0, 0, 0, 0, 0, 0, 0, 0, 0, 0, 0, 0, 2.22422e-07, 0, 0.0313495, 0, 0
21.2396, 0, 0.0308371, 0, 1.41421, -0.0308371, 0, 0, 0, 0, 0, 0, 0, 0, 0, 0, 0, 0, 0, 0, 0, 0, 0, 0, 0, 0, 2.12714e-07, 0, 0.0308369, 0, 0
21.2475, 0, 0.0303309, 0, 1.41421, -0.0303309, 0, 0, 0, 0, 0, 0, 0, 0, 0, 0, 0, 0, 0, 0, 0, 0, 0, 0, 0, 0, 2.04517e-07, 0, 0.0303307, 0, 0
21.2554, 0, 0.0298313, 0, 1.41421, -0.0298313, 0, 0, 0, 0, 0, 0, 0, 0, 0, 0, 0, 0, 0, 0, 0, 0, 0, 0, 0, 0, 1.97739e-07, 0, 0.0298311, 0, 0
21.2632, 0, 0.0293375, 0, 1.41421, -0.0293375, 0, 0, 0, 0, 0, 0, 0, 0, 0, 0, 0, 0, 0, 0, 0, 0, 0, 0, 0, 0, 1.92274e-07, 0, 0.0293373, 0, 0
21.2711, 0, 0.0288497, 0, 1.41421, -0.0288497, 0, 0, 0, 0, 0, 0, 0, 0, 0, 0, 0, 0, 0, 0, 0, 0, 0, 0, 0, 0, 1.88019e-07, 0, 0.0288495, 0, 0
21.279, 0, 0.0283673, 0, 1.41421, -0.0283673, 0, 0, 0, 0, 0, 0, 0, 0, 0, 0, 0, 0, 0, 0, 0, 0, 0, 0, 0, 0, 1.8486e-07, 0, 0.0283671, 0, 0
21.2869, 0, 0.0278902, 0, 1.41421, -0.0278902, 0, 0, 0, 0, 0, 0, 0, 0, 0, 0, 0, 0, 0, 0, 0, 0, 0, 0, 0, 0, 1.8269e-07, 0, 0.0278901, 0, 0
21.2948, 0, 0.027418, 0, 1.41421, -0.027418, 0, 0, 0, 0, 0, 0, 0, 0, 0, 0, 0, 0, 0, 0, 0, 0, 0, 0, 0, 0, 1.81394e-07, 0, 0.0274178, 0, 0
21.3026, 0, 0.0269506, 0, 1.41421, -0.0269506, 0, 0, 0, 0, 0, 0, 0, 0, 0, 0, 0, 0, 0, 0, 0, 0, 0, 0, 0, 0, 1.80862e-07, 0, 0.0269505, 0, 0
21.3105, 0, 0.0264877, 0, 1.41421, -0.0264877, 0, 0, 0, 0, 0, 0, 0, 0, 0, 0, 0, 0, 0, 0, 0, 0, 0, 0, 0, 0, 1.80984e-07, 0, 0.0264875, 0, 0
21.3184, 0, 0.0260292, 0, 1.41421, -0.0260292, 0, 0, 0, 0, 0, 0, 0, 0, 0, 0, 0, 0, 0, 0, 0, 0, 0, 0, 0, 0, 1.81656e-07, 0, 0.0260291, 0, 0
21.3263, 2, 0.0255749, 0, 2, 1.97443, 0, 0, 0, 0, 0, 0, 0, 0, 0, 0, 0, 0, 0, 0, 0, 0, 0, 0, 0, 0, 1.82772e-07, 0, 0.0255747, 0, 0
21.3342, 0, 0.0251248, 0, 1.41421, -0.0251248, 0, 0, 0, 0, 0, 0, 0, 0, 0, 0, 0, 0, 0, 0, 0, 0, 0, 0, 0, 0, 1.84235e-07, 0, 0.0251246, 0, 0
21.342, 0, 0.0246788, 0, 1.41421, -0.0246788, 0, 0, 0, 0, 0, 0, 0, 0, 0, 0, 0, 0, 0, 0, 0, 0, 0, 0, 0, 0, 1.8595e-07, 0, 0.0246786, 0, 0
21.3499, 0, 0.0242367, 0, 1.41421, -0.0242367, 0, 0, 0, 0, 0, 0, 0, 0, 0, 0, 0, 0, 0, 0, 0, 0, 0, 0, 0, 0, 1.87827e-07, 0, 0.0242365, 0, 0
21.3578, 0, 0.0237988, 0, 1.41421, -0.0237988, 0, 0, 0, 0, 0, 0, 0, 0, 0, 0, 0, 0, 0, 0, 0, 0, 0, 0, 0, 0, 1.89784e-07, 0, 0.0237986, 0, 0
21.3657, 0, 0.0233648, 0, 1.41421, -0.0233648, 0, 0, 0, 0, 0, 0, 0, 0, 0, 0, 0, 0, 0, 0, 0, 0, 0, 0, 0, 0, 1.91742e-07, 0, 0.0233647, 0, 0
21.3736, 0, 0.022935, 0, 1.41421, -0.022935, 0, 0, 0, 0, 0, 0, 0, 0, 0, 0, 0, 0, 0, 0, 0, 0, 0, 0, 0, 0, 1.9363e-07, 0, 0.0229348, 0, 0
21.3814, 0, 0.0225095, 0, 1.41421, -0.0225095, 0, 0, 0, 0, 0, 0, 0, 0, 0, 0, 0, 0, 0, 0, 0, 0, 0, 0, 0, 0, 1.95384e-07, 0, 0.0225093, 0, 0
21.3893, 0, 0.0220884, 0, 1.41421, -0.0220884, 0, 0, 0, 0, 0, 0, 0, 0, 0, 0, 0, 0, 0, 0, 0, 0, 0, 0, 0, 0, 1.96944e-07, 0, 0.0220882, 0, 0
21.3972, 2, 0.0216717, 0, 2, 1.97833, 0, 0, 0, 0, 0, 0, 0, 0, 0, 0, 0, 0, 0, 0, 0, 0, 0, 0, 0, 0, 1.98262e-07, 0, 0.0216715, 0, 0
21.4051, 0, 0.0212597, 0, 1.41421, -0.0212597, 0, 0, 0, 0, 0, 0, 0, 0, 0, 0, 0, 0, 0, 0, 0, 0, 0, 0, 0, 0, 1.99292e-07, 0, 0.0212595, 0, 0
21.413, 0, 0.0208524, 0, 1.41421, -0.0208524, 0, 0, 0, 0, 0, 0, 0, 0, 0, 0, 0, 0, 0, 0, 0, 0, 0, 0, 0, 0, 2e-07, 0, 0.0208522, 0, 0
21.4208, 0, 0.0204501, 0, 1.41421, -0.0204501, 0, 0, 0, 0, 0, 0, 0, 0, 0, 0, 0, 0, 0, 0, 0, 0, 0, 0, 0, 0, 2.00355e-07, 0, 0.0204499, 0, 0
21.4287, 0, 0.0200529, 0, 1.41421, -0.0200529, 0, 0, 0, 0, 0, 0, 0, 0, 0, 0, 0, 0, 0, 0, 0, 0, 0, 0, 0, 0, 2.00336e-07, 0, 0.0200527, 0, 0
21.4366, 0, 0.0196611, 0, 1.41421, -0.0196611, 0, 0, 0, 0, 0, 0, 0, 0, 0, 0, 0, 0, 0, 0, 0, 0, 0, 0, 0, 0, 1.99929e-07, 0, 0.0196609, 0, 0
21.4445, 0, 0.0192746, 0, 1.41421, -0.0192746, 0, 0, 0, 0, 0, 0, 0, 0, 0, 0, 0, 0, 0, 0, 0, 0, 0, 0, 0, 0, 1.99125e-07, 0, 0.0192744, 0, 0
21.4524, 0, 0.0188939, 0, 1.41421, -0.0188939, 0, 0, 0, 0, 0, 0, 0, 0, 0, 0, 0, 0, 0, 0, 0, 0, 0, 0, 0, 0, 1.97924e-07, 0, 0.0188937, 0, 0
21.4602, 0, 0.0185188, 0, 1.41421, -0.0185188, 0, 0, 0, 0, 0, 0, 0, 0, 0, 0, 0, 0, 0, 0, 0, 0, 0, 0, 0, 0, 1.96331e-07, 0, 0.0185186, 0, 0
21.4681, 0, 0.0181498, 0, 1.41421, -0.0181498, 0, 0, 0, 0, 0, 0, 0, 0, 0, 0, 0, 0, 0, 0, 0, 0, 0, 0, 0, 0, 1.94356e-07, 0, 0.0181496, 0, 0
21.476, 0, 0.0177867, 0, 1.41421, -0.0177867, 0, 0, 0, 0, 0, 0, 0, 0, 0, 0, 0, 0, 0, 0, 0, 0, 0, 0, 0, 0, 1.92017e-07, 0, 0.0177865, 0, 0
21.4839, 0, 0.0174299, 0, 1.41421, -0.0174299, 0, 0, 0, 0, 0, 0, 0, 0, 0, 0, 0, 0, 0, 0, 0, 0, 0, 0, 0, 0, 1.89333e-07, 0, 0.0174297, 0, 0
21.4918, 0, 0.0170793, 0, 1.41421, -0.0170793, 0, 0, 0, 0, 0, 0, 0, 0, 0, 0, 0, 0, 0, 0, 0, 0, 0, 0, 0, 0, 1.86332e-07, 0, 0.0170791, 0, 0
21.4996, 0, 0.0167352, 0, 1.41421, -0.0167352, 0, 0, 0, 0, 0, 0, 0, 0, 0, 0, 0, 0, 0, 0, 0, 0, 0, 0, 0, 0, 1.83043e-07, 0, 0.016735, 0, 0
21.5075, 0, 0.0163974, 0, 1.41421, -0.0163974, 0, 0, 0, 0, 0, 0, 0, 0, 0, 0, 0, 0, 0, 0, 0, 0, 0, 0, 0, 0, 1.79496e-07, 0, 0.0163972, 0, 0
21.5154, 0, 0.0160662, 0, 1.41421, -0.0160662, 0, 0, 0, 0, 0, 0, 0, 0, 0, 0, 0, 0, 0, 0, 0, 0, 0, 0, 0, 0, 1.75729e-07, 0, 0.0160661, 0, 0
21.5233, 0, 0.0157415, 0, 1.41421, -0.0157415, 0, 0, 0, 0, 0, 0, 0, 0, 0, 0, 0, 0, 0, 0, 0, 0, 0, 0, 0, 0, 1.71775e-07, 0, 0.0157414, 0, 0
21.5312, 0, 0.0154235, 0, 1.41421, -0.0154235, 0, 0, 0, 0, 0, 0, 0, 0, 0, 0, 0, 0, 0, 0, 0, 0, 0, 0, 0, 0, 1.67673e-07, 0, 0.0154233, 0, 0
21.539, 0, 0.015112, 0, 1.41421, -0.015112, 0, 0, 0, 0, 0, 0, 0, 0, 0, 0, 0, 0, 0, 0, 0, 0, 0, 0, 0, 0, 1.63461e-07, 0, 0.0151118, 0, 0
21.5469, 2, 0.0148069, 0, 2, 1.98519, 0, 0, 0, 0, 0, 0, 0, 0, 0, 0, 0, 0, 0, 0, 0, 0, 0, 0, 0, 0, 1.59173e-07, 0, 0.0148068, 0, 0
21.5548, 0, 0.0145085, 0, 1.41421, -0.0145085, 0, 0, 0, 0, 0, 0, 0, 0, 0, 0, 0, 0, 0, 0, 0, 0, 0, 0, 0, 0, 1.54849e-07, 0, 0.0145084, 0, 0
21.5627, 0, 0.0142165, 0, 1.41421, -0.0142165, 0, 0, 0, 0, 0, 0, 0, 0, 0, 0, 0, 0, 0, 0, 0, 0, 0, 0, 0, 0, 1.5052e-07, 0, 0.0142163, 0, 0
21.5706, 0, 0.013931, 0, 1.41421, -0.013931, 0, 0, 0, 0, 0, 0, 0, 0, 0, 0, 0, 0, 0, 0, 0, 0, 0, 0, 0, 0, 1.46223e-07, 0, 0.0139308, 0, 0
21.5784, 0, 0.0136518, 0, 1.41421, -0.0136518, 0, 0, 0, 0, 0, 0, 0, 0, 0, 0, 0, 0, 0, 0, 0, 0, 0, 0, 0, 0, 1.41985e-07, 0, 0.0136516, 0, 0
21.5863, 0, 0.0133789, 0, 1.41421, -0.0133789, 0, 0, 0, 0, 0, 0, 0, 0, 0, 0, 0, 0, 0, 0, 0, 0, 0, 0, 0, 0, 1.37837e-07, 0, 0.0133788, 0, 0
21.5942, 0, 0.0131122, 0, 1.41421, -0.0131122, 0, 0, 0, 0, 0, 0, 0, 0, 0, 0, 0, 0, 0, 0, 0, 0, 0, 0, 0, 0, 1.338e-07, 0, 0.013112, 0, 0
21.6021, 0, 0.0128516, 0, 1.41421, -0.0128516, 0, 0, 0, 0, 0, 0, 0, 0, 0, 0, 0, 0, 0, 0, 0, 0, 0, 0, 0, 0, 1.29901e-07, 0, 0.0128515, 0, 0
21.61, 0, 0.0125971, 0, 1.41421, -0.0125971, 0, 0, 0, 0, 0, 0, 0, 0, 0, 0, 0, 0, 0, 0, 0, 0, 0, 0, 0, 0, 1.26155e-07, 0, 0.0125969, 0, 0
21.6178, 0, 0.0123485, 0, 1.41421, -0.0123485, 0, 0, 0, 0, 0, 0, 0, 0, 0, 0, 0, 0, 0, 0, 0, 0, 0, 0, 0, 0, 1.22581e-07, 0, 0.0123483, 0, 0
21.6257, 0, 0.0121056, 0, 1.41421, -0.0121056, 0, 0, 0, 0, 0, 0, 0, 0, 0, 0, 0, 0, 0, 0, 0, 0, 0, 0, 0, 0, 1.19188e-07, 0, 0.0121055, 0, 0
21.6336, 0, 0.0118684, 0, 1.41421, -0.0118684, 0, 0, 0, 0, 0, 0, 0, 0, 0, 0, 0, 0, 0, 0, 0, 0, 0, 0, 0, 0, 1.15988e-07, 0, 0.0118683, 0, 0
21.6415, 0, 0.0116368, 0, 1.41421, -0.0116368, 0, 0, 0, 0, 0, 0, 0, 0, 0, 0, 0, 0, 0, 0, 0, 0, 0, 0, 0, 0, 1.12986e-07, 0, 0.0116367, 0, 0
21.6494, 0, 0.0114106, 0, 1.41421, -0.0114106, 0, 0, 0, 0, 0, 0, 0, 0, 0, 0, 0, 0, 0, 0, 0, 0, 0, 0, 0, 0, 1.10186e-07, 0, 0.0114105, 0, 0
21.6572, 0, 0.0111897, 0, 1.41421, -0.0111897, 0, 0, 0, 0, 0, 0, 0, 0, 0, 0, 0, 0, 0, 0, 0, 0, 0, 0, 0, 0, 1.07589e-07, 0, 0.0111896, 0, 0
21.6651, 0, 0.010974, 0, 1.41421, -0.010974, 0, 0, 0, 0, 0, 0, 0, 0, 0, 0, 0, 0, 0, 0, 0, 0, 0, 0, 0, 0, 1.05193e-07, 0, 0.0109739, 0, 0
21.673, 0, 0.0107633, 0, 1.41421, -0.0107633, 0, 0, 0, 0, 0, 0, 0, 0, 0, 0, 0, 0, 0, 0, 0, 0, 0, 0, 0, 0, 1.02994e-07, 0, 0.0107632, 0, 0
21.6809, 0, 0.0105575, 0, 1.41421, -0.0105575, 0, 0, 0, 0, 0, 0, 0, 0, 0, 0, 0, 0, 0, 0, 0, 0, 0, 0, 0, 0, 1.00989e-07, 0, 0.0105574, 0, 0
21.6888, 0, 0.0103565, 0, 1.41421, -0.0103565, 0, 0, 0, 0, 0, 0, 0, 0, 0, 0, 0, 0, 0, 0, 0, 0, 0, 0, 0, 0, 9.9168e-08, 0, 0.0103564, 0, 0
21.6966, 0, 0.0101601, 0, 1.41421, -0.0101601, 0, 0, 0, 0, 0, 0, 0, 0, 0, 0, 0, 0, 0, 0, 0, 0, 0, 0, 0, 0, 9.75253e-08, 0, 0.01016, 0, 0
21.7045, 0, 0.0099682, 0, 1.41421, -0.0099682, 0, 0, 0, 0, 0, 0, 0, 0, 0, 0, 0, 0, 0, 0, 0, 0, 0, 0, 0, 0, 9.60501e-08, 0, 0.00996811, 0, 0
21.7124, 0, 0.00978077, 0, 1.41421, -0.00978077, 0, 0, 0, 0, 0, 0, 0, 0, 0, 0, 0, 0, 0, 0, 0, 0, 0, 0, 0, 0, 9.4734e-08, 0, 0.00978067, 0, 0
21.7203, 0, 0.00959759, 0, 1.41421, -0.00959759, 0, 0, 0, 0, 0, 0, 0, 0, 0, 0, 0, 0, 0, 0, 0, 0, 0, 0, 0, 0, 9.35659e-08, 0, 0.00959749, 0, 0
21.7282, 0, 0.00941849, 0, 1.41421, -0.00941849, 0, 0, 0, 0, 0, 0, 0, 0, 0, 0, 0, 0, 0, 0, 0, 0, 0, 0, 0, 0, 9.25347e-08, 0, 0.0094184, 0, 0
21.736, 0, 0.00924345, 0, 1.41421, -0.00924345, 0, 0, 0, 0, 0, 0, 0, 0, 0, 0, 0, 0, 0, 0, 0, 0, 0, 0, 0, 0, 9.16305e-08, 0, 0.00924336, 0, 0
21.7439, 0, 0.00907225, 0, 1.41421, -0.00907225, 0, 0, 0, 0, 0, 0, 0, 0, 0, 0, 0, 0, 0, 0, 0, 0, 0, 0, 0, 0, 9.08418e-08, 0, 0.00907215, 0, 0
21.7518, 0, 0.00890484, 0, 1.41421, -0.00890484, 0, 0, 0, 0, 0, 0, 0, 0, 0, 0, 0, 0, 0, 0, 0, 0, 0, 0, 0, 0, 9.01587e-08, 0, 0.00890475, 0, 0
21.7597, 0, 0.00874104, 0, 1.41421, -0.00874104, 0, 0, 0, 0, 0, 0, 0, 0, 0, 0, 0, 0, 0, 0, 0, 0, 0, 0, 0, 0, 8.95708e-08, 0, 0.00874095, 0, 0
21.7676, 0, 0.0085808, 0, 1.41421, -0.0085808, 0, 0, 0, 0, 0, 0, 0, 0, 0, 0, 0, 0, 0, 0, 0, 0, 0, 0, 0, 0, 8.90686e-08, 0, 0.00858071, 0, 0
21.7754, 0, 0.00842393, 0, 1.41421, -0.00842393, 0, 0, 0, 0, 0, 0, 0, 0, 0, 0, 0, 0, 0, 0, 0, 0, 0, 0, 0, 0, 8.86428e-08, 0, 0.00842384, 0, 0
21.7833, 0, 0.0082704, 0, 1.41421, -0.0082704, 0, 0, 0, 0, 0, 0, 0, 0, 0, 0, 0, 0, 0, 0, 0, 0, 0, 0, 0, 0, 8.8285e-08, 0, 0.00827031, 0, 0
21.7912, 0, 0.00812001, 0, 1.41421, -0.00812001, 0, 0, 0, 0, 0, 0, 0, 0, 0, 0, 0, 0, 0, 0, 0, 0, 0, 0, 0, 0, 8.79872e-08, 0, 0.00811992, 0, 0
21.7991, 0, 0.00797274, 0, 1.41421, -0.00797274, 0, 0, 0, 0, 0, 0, 0, 0, 0, 0, 0, 0, 0, 0, 0, 0, 0, 0, 0, 0, 8.77421e-08, 0, 0.00797265, 0, 0
21.807, 0, 0.00782841, 0, 1.41421, -0.00782841, 0, 0, 0, 0, 0, 0, 0, 0, 0, 0, 0, 0, 0, 0, 0, 0, 0, 0, 0, 0, 8.75429e-08, 0, 0.00782832, 0, 0
21.8148, 0, 0.00768695, 0, 1.41421, -0.00768695, 0, 0, 0, 0, 0, 0, 0, 0, 0, 0, 0, 0, 0, 0, 0, 0, 0, 0, 0, 0, 8.73837e-08, 0, 0.00768686, 0, 0
21.8227, 0, 0.00754825, 0, 1.41421, -0.00754825, 0, 0, 0, 0, 0, 0, 0, 0, 0, 0, 0, 0, 0, 0, 0, 0, 0, 0, 0, 0, 8.7259e-08, 0, 0.00754817, 0, 0
21.8306, 0, 0.00741228, 0, 1.41421, -0.00741228, 0, 0, 0, 0, 0, 0, 0, 0, 0, 0, 0, 0, 0, 0, 0, 0, 0, 0, 0, 0, 8.7164e-08, 0, 0.00741219, 0, 0
21.8385, 0, 0.00727885, 0, 1.41421, -0.00727885, 0, 0, 0, 0, 0, 0, 0, 0, 0, 0, 0, 0, 0, 0, 0, 0, 0, 0, 0, 0, 8.70942e-08, 0, 0.00727876, 0, 0
21.8464, 0, 0.00714794, 0, 1.41421, -0.00714794, 0, 0, 0, 0, 0, 0, 0, 0, 0, 0, 0, 0, 0, 0, 0, 0, 0, 0, 0, 0, 8.70461e-08, 0, 0.00714785, 0, 0
21.8542, 0, 0.0070194, 0, 1.41421, -0.0070194, 0, 0, 0, 0, 0, 0, 0, 0, 0, 0, 0, 0, 0, 0, 0, 0, 0, 0, 0, 0, 8.70161e-08, 0, 0.00701931, 0, 0
21.8621, 0, 0.00689321, 0, 1.41421, -0.00689321, 0, 0, 0, 0, 0, 0, 0, 0, 0, 0, 0, 0, 0, 0, 0, 0, 0, 0, 0, 0, 8.70014e-08, 0, 0.00689312, 0, 0
21.87, 0, 0.00676921, 0, 1.41421, -0.00676921, 0, 0, 0, 0, 0, 0, 0, 0, 0, 0, 0, 0, 0, 0, 0, 0, 0, 0, 0, 0, 8.69996e-08, 0, 0.00676912, 0, 0
21.8779, 0, 0.0066474, 0, 1.41421, -0.0066474, 0, 0, 0, 0, 0, 0, 0, 0, 0, 0, 0, 0, 0, 0, 0, 0, 0, 0, 0, 0, 8.70085e-08, 0, 0.00664731, 0, 0
21.8858, 0, 0.00652761, 0, 1.41421, -0.00652761, 0, 0, 0, 0, 0, 0, 0, 0, 0, 0, 0, 0, 0, 0, 0, 0, 0, 0, 0, 0, 8.70261e-08, 0, 0.00652753, 0, 0
21.8936, 0, 0.00640985, 0, 1.41421, -0.00640985, 0, 0, 0, 0, 0, 0, 0, 0, 0, 0, 0, 0, 0, 0, 0, 0, 0, 0, 0, 0, 8.70511e-08, 0, 0.00640977, 0, 0
21.9015, 0, 0.00629397, 0, 1.41421, -0.00629397, 0, 0, 0, 0, 0, 0, 0, 0, 0, 0, 0, 0, 0, 0, 0, 0, 0, 0, 0, 0, 8.7082e-08, 0, 0.00629389, 0, 0
21.9094, 0, 0.00617996, 0, 1.41421, -0.00617996, 0, 0, 0, 0, 0, 0, 0, 0, 0, 0, 0, 0, 0, 0, 0, 0, 0, 0, 0, 0, 8.71178e-08, 0, 0.00617987, 0, 0
21.9173, 0, 0.00606768, 0, 1.41421, -0.00606768, 0, 0, 0, 0, 0, 0, 0, 0, 0, 0, 0, 0, 0, 0, 0, 0, 0, 0, 0, 0, 8.71575e-08, 0, 0.00606759, 0, 0
21.9252, 0, 0.00595708, 0, 1.41421, -0.00595708, 0, 0, 0, 0, 0, 0, 0, 0, 0, 0, 0, 0, 0, 0, 0, 0, 0, 0, 0, 0, 8.72003e-08, 0, 0.005957, 0, 0
21.933, 0, 0.00584814, 0, 1.41421, -0.00584814, 0, 0, 0, 0, 0, 0, 0, 0, 0, 0, 0, 0, 0, 0, 0, 0, 0, 0, 0, 0, 8.72457e-08, 0, 0.00584805, 0, 0
21.9409, 0, 0.00574072, 0, 1.41421, -0.00574072, 0, 0, 0, 0, 0, 0, 0, 0, 0, 0, 0, 0, 0, 0, 0, 0, 0, 0, 0, 0, 8.72931e-08, 0, 0.00574063, 0, 0
21.9488, 0, 0.0056348, 0, 1.41421, -0.0056348, 0, 0, 0, 0, 0, 0, 0, 0, 0, 0, 0, 0, 0, 0, 0, 0, 0, 0, 0, 0, 8.7342e-08, 0, 0.00563471, 0, 0
21.9567, 0, 0.00553027, 0, 1.41421, -0.00553027, 0, 0, 0, 0, 0, 0, 0, 0, 0, 0, 0, 0, 0, 0, 0, 0, 0, 0, 0, 0, 8.73924e-08, 0, 0.00553018, 0, 0
21.9646, 0, 0.00542711, 0, 1.41421, -0.00542711, 0, 0, 0, 0, 0, 0, 0, 0, 0, 0, 0, 0, 0, 0, 0, 0, 0, 0, 0, 0, 8.7444e-08, 0, 0.00542702, 0, 0
21.9724, 0, 0.00532521, 0, 1.41421, -0.00532521, 0, 0, 0, 0, 0, 0, 0, 0, 0, 0, 0, 0, 0, 0, 0, 0, 0, 0, 0, 0, 8.74965e-08, 0, 0.00532512, 0, 0
21.9803, 0, 0.00522455, 0, 1.41421, -0.00522455, 0, 0, 0, 0, 0, 0, 0, 0, 0, 0, 0, 0, 0, 0, 0, 0, 0, 0, 0, 0, 8.75506e-08, 0, 0.00522446, 0, 0
21.9882, 0, 0.00512503, 0, 1.41421, -0.00512503, 0, 0, 0, 0, 0, 0, 0, 0, 0, 0, 0, 0, 0, 0, 0, 0, 0, 0, 0, 0, 8.76063e-08, 0, 0.00512494, 0, 0
21.9961, 0, 0.00502662, 0, 1.41421, -0.00502662, 0, 0, 0, 0, 0, 0, 0, 0, 0, 0, 0, 0, 0, 0, 0, 0, 0, 0, 0, 0, 8.76642e-08, 0, 0.00502654, 0, 0
22.004, 0, 0.00492924, 0, 1.41421, -0.00492924, 0, 0, 0, 0, 0, 0, 0, 0, 0, 0, 0, 0, 0, 0, 0, 0, 0, 0, 0, 0, 8.77259e-08, 0, 0.00492916, 0, 0
22.0118, 0, 0.00483288, 0, 1.41421, -0.00483288, 0, 0, 0, 0, 0, 0, 0, 0, 0, 0, 0, 0, 0, 0, 0, 0, 0, 0, 0, 0, 8.77944e-08, 0, 0.00483279, 0, 0
22.0197, 0, 0.00473743, 0, 1.41421, -0.00473743, 0, 0, 0, 0, 0, 0, 0, 0, 0, 0, 0, 0, 0, 0, 0, 0, 0, 0, 0, 0, 8.78809e-08, 0, 0.00473734, 0, 0
22.0276, 0, 0.00464288, 0, 1.41421, -0.00464288, 0, 0, 0, 0, 0, 0, 0, 0, 0, 0, 0, 0, 0, 0, 0, 0, 0, 0, 0, 0, 8.80912e-08, 0, 0.00464279, 0, 0
22.0355, 0, 0.00454919, 0, 1.41421, -0.00454919, 0, 0, 0, 0, 0, 0, 0, 0, 0, 0, 0, 0, 0, 0, 0, 0, 0, 0, 0, 0, 8.82853e-08, 0, 0.0045491, 0, 0
22.0434, 0, 0.00445635, 0, 1.41421, -0.00445635, 0, 0, 0, 0, 0, 0, 0, 0, 0, 0, 0, 0, 0, 0, 0, 0, 0, 0, 0, 0, 8.85417e-08, 0, 0.00445626, 0, 0
22.0512, 0, 0.00436427, 0, 1.41421, -0.00436427, 0, 0, 0, 0, 0, 0, 0, 0, 0, 0, 0, 0, 0, 0, 0, 0, 0, 0, 0, 0, 8.90589e-08, 0, 0.00436418, 0, 0
22.0591, 0, 0.004273, 0, 1.41421, -0.004273, 0, 0, 0, 0, 0, 0, 0, 0, 0, 0, 0, 0, 0, 0, 0, 0, 0, 0, 0, 0, 8.96673e-08, 0, 0.00427291, 0, 0
22.067, 0, 0.00418246, 0, 1.41421, -0.00418246, 0, 0, 0, 0, 0, 0, 0, 0, 0, 0, 0, 0, 0, 0, 0, 0, 0, 0, 0, 0, 9.04581e-08, 0, 0.00418237, 0, 0
22.0749, 0, 0.00409269, 0, 1.41421, -0.00409269, 0, 0, 0, 0, 0, 0, 0, 0, 0, 0, 0, 0, 0, 0, 0, 0, 0, 0, 0, 0, 9.15574e-08, 0, 0.0040926, 0, 0
22.0828, 0, 0.00400365, 0, 1.41421, -0.00400365, 0, 0, 0, 0, 0, 0, 0, 0, 0, 0, 0, 0, 0, 0, 0, 0, 0, 0, 0, 0, 9.30987e-08, 0, 0.00400356, 0, 0
22.0906, 0, 0.00391539, 0, 1.41421, -0.00391539, 0, 0, 0, 0, 0, 0, 0, 0, 0, 0, 0, 0, 0, 0, 0, 0, 0, 0, 0, 0, 9.52607e-08, 0, 0.00391529, 0, 0
22.0985, 0, 0.00382787, 0, 1.41421, -0.00382787, 0, 0, 0, 0, 0, 0, 0, 0, 0, 0, 0, 0, 0, 0, 0, 0, 0, 0, 0, 0, 9.82906e-08, 0, 0.00382777, 0, 0
22.1064, 0, 0.00374118, 0, 1.41421, -0.00374118, 0, 0, 0, 0, 0, 0, 0, 0, 0, 0, 0, 0, 0, 0, 0, 0, 0, 0, 0, 0, 1.02524e-07, 0, 0.00374108, 0, 0
22.1143, 0, 0.0036553, 0, 1.41421, -0.0036553, 0, 0, 0, 0, 0, 0, 0, 0, 0, 0, 0, 0, 0, 0, 0, 0, 0, 0, 0, 0, 1.0842e-07, 0, 0.0036552, 0, 0
22.1222, 0, 0.00357028, 0, 1.41421, -0.00357028, 0, 0, 0, 0, 0, 0, 0, 0, 0, 0, 0, 0, 0, 0, 0, 0, 0, 0, 0, 0, 1.16606e-07, 0, 0.00357016, 0, 0
22.13, 2, 0.00348617, 0, 2, 1.99651, 0, 0, 0, 0, 0, 0, 0, 0, 0, 0, 0, 0, 0, 0, 0, 0, 0, 0, 0, 0, 1.27916e-07, 0, 0.00348605, 0, 0
22.1379, 0, 0.00340299, 0, 1.41421, -0.00340299, 0, 0, 0, 0, 0, 0, 0, 0, 0, 0, 0, 0, 0, 0, 0, 0, 0, 0, 0, 0, 1.43491e-07, 0, 0.00340284, 0, 0
22.1458, 0, 0.00332086, 0, 1.41421, -0.00332086, 0, 0, 0, 0, 0, 0, 0, 0, 0, 0, 0, 0, 0, 0, 0, 0, 0, 0, 0, 0, 1.64823e-07, 0, 0.00332069, 0, 0
22.1537, 0, 0.00323978, 0, 1.41421, -0.00323978, 0, 0, 0, 0, 0, 0, 0, 0, 0, 0, 0, 0, 0, 0, 0, 0, 0, 0, 0, 0, 1.93928e-07, 0, 0.00323959, 0, 0
22.1616, 0, 0.00315986, 0, 1.41421, -0.00315986, 0, 0, 0, 0, 0, 0, 0, 0, 0, 0, 0, 0, 0, 0, 0, 0, 0, 0, 0, 0, 2.33434e-07, 0, 0.00315963, 0, 0
22.1694, 0, 0.00308113, 0, 1.41421, -0.00308113, 0, 0, 0, 0, 0, 0, 0, 0, 0, 0, 0, 0, 0, 0, 0, 0, 0, 0, 0, 0, 2.86838e-07, 0, 0.00308085, 0, 0
22.1773, 0, 0.0030037, 0, 1.41421, -0.0030037, 0, 0, 0, 0, 0, 0, 0, 0, 0, 0, 0, 0, 0, 0, 0, 0, 0, 0, 0, 0, 3.58651e-07, 0, 0.00300334, 0, 0
22.1852, 0, 0.00292759, 0, 1.41421, -0.00292759, 0, 0, 0, 0, 0, 0, 0, 0, 0, 0, 0, 0, 0, 0, 0, 0, 0, 0, 0, 0, 4.54813e-07, 0, 0.00292714, 0, 0
22.1931, 0, 0.00285292, 0, 1.41421, -0.00285292, 0, 0, 0, 0, 0, 0, 0, 0, 0, 0, 0, 0, 0, 0, 0, 0, 0, 0, 0, 0, 5.829e-07, 0, 0.00285234, 0, 0
22.201, 0, 0.00277972, 0, 1.41421, -0.00277972, 0, 0, 0, 0, 0, 0, 0, 0, 0, 0, 0, 0, 0, 0, 0, 0, 0, 0, 0, 0, 7.52786e-07, 0, 0.00277897, 0, 0
22.2088, 0, 0.00270809, 0, 1.41421, -0.00270809, 0, 0, 0, 0, 0, 0, 0, 0, 0, 0, 0, 0, 0, 0, 0, 0, 0, 0, 0, 0, 9.76921e-07, 0, 0.00270711, 0, 0
22.2167, 0, 0.00263807, 0, 1.41421, -0.00263807, 0, 0, 0, 0, 0, 0, 0, 0, 0, 0, 0, 0, 0, 0, 0, 0, 0, 0, 0, 0, 1.27136e-06, 0, 0.0026368, 0, 0
22.2246, 0, 0.00256974, 0, 1.41421, -0.00256974, 0, 0, 0, 0, 0, 0, 0, 0, 0, 0, 0, 0, 0, 0, 0, 0, 0, 0, 0, 0, 1.65609e-06, 0, 0.00256809, 0, 0
22.2325, 0, 0.00250316, 0, 1.41421, -0.00250316, 0, 0, 0, 0, 0, 0, 0, 0, 0, 0, 0, 0, 0, 0, 0, 0, 0, 0, 0, 0, 2.15665e-06, 0, 0.002501, 0, 0
22.2404, 0, 0.0024384, 0, 1.41421, -0.0024384, 0, 0, 0, 0, 0, 0, 0, 0, 0, 0, 0, 0, 0, 0, 0, 0, 0, 0, 0, 0, 2.80444e-06, 0, 0.00243559, 0, 0
22.2482, 0, 0.00237548, 0, 1.41421, -0.00237548, 0, 0, 0, 0, 0, 0, 0, 0, 0, 0, 0, 0, 0, 0, 0, 0, 0, 0, 0, 0, 3.63935e-06, 0, 0.00237184, 0, 0
22.2561, 0, 0.00231452, 0, 1.41421, -0.00231452, 0, 0, 0, 0, 0, 0, 0, 0, 0, 0, 0, 0, 0, 0, 0, 0, 0, 0, 0, 0, 4.70917e-06, 0, 0.00230981, 0, 0
22.264, 0, 0.00225555, 0, 1.41421, -0.00225555, 0, 0, 0, 0, 0, 0, 0, 0, 0, 0, 0, 0, 0, 0, 0, 0, 0, 0, 0, 0, 6.07433e-06, 0, 0.00224948, 0, 0
22.2719, 0, 0.00219867, 0, 1.41421, -0.00219867, 0, 0, 0, 0, 0, 0, 0, 0, 0, 0, 0, 0, 0, 0, 0, 0, 0, 0, 0, 0, 7.80703e-06, 0, 0.00219086, 0, 0
22.2798, 0, 0.00214391, 0, 1.41421, -0.00214391, 0, 0, 0, 0, 0, 0, 0, 0, 0, 0, 0, 0, 0, 0, 0, 0, 0, 0, 0, 0, 9.99659e-06, 0, 0.00213391, 0, 0
22.2876, 0, 0.00209139, 0, 1.41421, -0.00209139, 0, 0, 0, 0, 0, 0, 0, 0, 0, 0, 0, 0, 0, 0, 0, 0, 0, 0, 0, 0, 1.27487e-05, 0, 0.00207864, 0, 0
22.2955, 0, 0.00204119, 0, 1.41421, -0.00204119, 0, 0, 0, 0, 0, 0, 0, 0, 0, 0, 0, 0, 0, 0, 0, 0, 0, 0, 0, 0, 1.61925e-05, 0, 0.002025, 0, 0
22.3034, 0, 0.00199344, 0, 1.41421, -0.00199344, 0, 0, 0, 0, 0, 0, 0, 0, 0, 0, 0, 0, 0, 0, 0, 0, 0, 0, 0, 0, 2.04788e-05, 0, 0.00197296, 0, 0
22.3113, 0, 0.00194827, 0, 1.41421, -0.00194827, 0, 0, 0, 0, 0, 0, 0, 0, 0, 0, 0, 0, 0, 0, 0, 0, 0, 0, 0, 0, 2.57887e-05, 0, 0.00192248, 0, 0
22.3192, 0, 0.00190583, 0, 1.41421, -0.00190583, 0, 0, 0, 0, 0, 0, 0, 0, 0, 0, 0, 0, 0, 0, 0, 0, 0, 0, 0, 0, 3.23361e-05, 0, 0.00187349, 0, 0
22.327, 0, 0.00186633, 0, 1.41421, -0.00186633, 0, 0, 0, 0, 0, 0, 0, 0, 0, 0, 0, 0, 0, 0, 0, 0, 0, 0, 0, 0, 4.03654e-05, 0, 0.00182596, 0, 0
22.3349, 0, 0.00182997, 0, 1.41421, -0.00182997, 0, 0, 0, 0, 0, 0, 0, 0, 0, 0, 0, 0, 0, 0, 0, 0, 0, 0, 0, 0, 5.01683e-05, 0, 0.0017798, 0, 0
22.3428, 0, 0.00179705, 0, 1.41421, -0.00179705, 0, 0, 0, 0, 0, 0, 0, 0, 0, 0, 0, 0, 0, 0, 0, 0, 0, 0, 0, 0, 6.20713e-05, 0, 0.00173498, 0, 0
22.3507, 0, 0.00176786, 0, 1.41421, -0.00176786, 0, 0, 0, 0, 0, 0, 0, 0, 0, 0, 0, 0, 0, 0, 0, 0, 0, 0, 0, 0, 7.64597e-05, 0, 0.0016914, 0, 0
22.3586, 0, 0.00174276, 0, 1.41421, -0.00174276, 0, 0, 0, 0, 0, 0, 0, 0, 0, 0, 0, 0, 0, 0, 0, 0, 0, 0, 0, 0, 9.37617e-05, 0, 0.001649, 0, 0
22.3664, 0, 0.00172217, 0, 1.41421, -0.00172217, 0, 0, 0, 0, 0, 0, 0, 0, 0, 0, 0, 0, 0, 0, 0, 0, 0, 0, 0, 0, 0.000114463, 0, 0.0016077, 0, 0
22.3743, 0, 0.00170656, 0, 1.41421, -0.00170656, 0, 0, 0, 0, 0, 0, 0, 0, 0, 0, 0, 0, 0, 0, 0, 0, 0, 0, 0, 0, 0.0001391, 0, 0.00156746, 0, 0
22.3822, 0, 0.00169646, 0, 1.41421, -0.00169646, 0, 0, 0, 0, 0, 0, 0, 0, 0, 0, 0, 0, 0, 0, 0, 0, 0, 0, 0, 0, 0.000168288, 0, 0.00152817, 0, 0
22.3901, 0, 0.00169246, 0, 1.41421, -0.00169246, 0, 0, 0, 0, 0, 0, 0, 0, 0, 0, 0, 0, 0, 0, 0, 0, 0, 0, 0, 0, 0.000202675, 0, 0.00148979, 0, 0
22.398, 0, 0.00169521, 0, 1.41421, -0.00169521, 0, 0, 0, 0, 0, 0, 0, 0, 0, 0, 0, 0, 0, 0, 0, 0, 0, 0, 0, 0, 0.000243, 0, 0.00145221, 0, 0
22.4058, 0, 0.00170543, 0, 1.41421, -0.00170543, 0, 0, 0, 0, 0, 0, 0, 0, 0, 0, 0, 0, 0, 0, 0, 0, 0, 0, 0, 0, 0.000290024, 0, 0.0014154, 0, 0
22.4137, 0, 0.00172388, 0, 1.41421, -0.00172388, 0, 0, 0, 0, 0, 0, 0, 0, 0, 0, 0, 0, 0, 0, 0, 0, 0, 0, 0, 0, 0.000344605, 0, 0.00137927, 0, 0
22.4216, 0, 0.00175137, 0, 1.41421, -0.00175137, 0, 0, 0, 0, 0, 0, 0, 0, 0, 0, 0, 0, 0, 0, 0, 0, 0, 0, 0, 0, 0.000407596, 0, 0.00134377, 0, 0
22.4295, 0, 0.00178878, 0, 1.41421, -0.00178878, 0, 0, 0, 0, 0, 0, 0, 0, 0, 0, 0, 0, 0, 0, 0, 0, 0, 0, 0, 0, 0.000479952, 0, 0.00130883, 0, 0
22.4374, 0, 0.001837, 0, 1.41421, -0.001837, 0, 0, 0, 0, 0, 0, 0, 0, 0, 0, 0, 0, 0, 0, 0, 0, 0, 0, 0, 0, 0.000562588, 0, 0.00127441, 0, 0
22.4452, 0, 0.00189695, 0, 1.41421, -0.00189695, 0, 0, 0, 0, 0, 0, 0, 0, 0, 0, 0, 0, 0, 0, 0, 0, 0, 0, 0, 0, 0.000656511, 0, 0.00124043, 0, 0
22.4531, 0, 0.00196952, 0, 1.41421, -0.00196952, 0, 0, 0, 0, 0, 0, 0, 0, 0, 0, 0, 0, 0, 0, 0, 0, 0, 0, 0, 0, 0.000762642, 0, 0.00120688, 0, 0
22.461, 0, 0.00205567, 0, 1.41421, -0.00205567, 0, 0, 0, 0, 0, 0, 0, 0, 0, 0, 0, 0, 0, 0, 0, 0, 0, 0, 0, 0, 0.000881982, 0, 0.00117369, 0, 0
22.4689, 0, 0.00215625, 0, 1.41421, -0.00215625, 0, 0, 0, 0, 0, 0, 0, 0, 0, 0, 0, 0, 0, 0, 0, 0, 0, 0, 0, 0, 0.00101542, 0, 0.00114084, 0, 0
22.4768, 0, 0.00227207, 0, 1.41421, -0.00227207, 0, 0, 0, 0, 0, 0, 0, 0, 0, 0, 0, 0, 0, 0, 0, 0, 0, 0, 0, 0, 0.00116379, 0, 0.00110828, 0, 0
22.4846, 0, 0.00240383, 0, 1.41421, -0.00240383, 0, 0, 0, 0, 0, 0, 0, 0, 0, 0, 0, 0, 0, 0, 0, 0, 0, 0, 0, 0, 0.00132781, 0, 0.00107602, 0, 0
22.4925, 0, 0.00255218, 0, 1.41421, -0.00255218, 0, 0, 0, 0, 0, 0, 0, 0, 0, 0, 0, 0, 0, 0, 0, 0, 0, 0, 0, 0, 0.00150817, 0, 0.00104401, 0, 0
22.5004, 0, 0.00271764, 0, 1.41421, -0.00271764, 0, 0, 0, 0, 0, 0, 0, 0, 0, 0, 0, 0, 0, 0, 0, 0, 0, 0, 0, 0, 0.0017054, 0, 0.00101223, 0, 0
22.5083, 0, 0.00290044, 0, 1.41421, -0.00290044, 0, 0, 0, 0, 0, 0, 0, 0, 0, 0, 0, 0, 0, 0, 0, 0, 0, 0, 0, 0, 0.00191974, 0, 0.000980704, 0, 0
22.5162, 0, 0.0031008, 0, 1.41421, -0.0031008, 0, 0, 0, 0, 0, 0, 0, 0, 0, 0, 0, 0, 0, 0, 0, 0, 0, 0, 0, 0, 0.0021514, 0, 0.000949397, 0, 0
22.524, 0, 0.00331852, 0, 1.41421, -0.00331852, 0, 0, 0, 0, 0, 0, 0, 0, 0, 0, 0, 0, 0, 0, 0, 0, 0, 0, 0, 0, 0.00240019, 0, 0.000918334, 0, 0
22.5319, 0, 0.00355335, 0, 1.41421, -0.00355335, 0, 0, 0, 0, 0, 0, 0, 0, 0, 0, 0, 0, 0, 0, 0, 0, 0, 0, 0, 0, 0.00266584, 0, 0.000887506, 0, 0
22.5398, 0, 0.00380456, 0, 1.41421, -0.00380456, 0, 0, 0, 0, 0, 0, 0, 0, 0, 0, 0, 0, 0, 0, 0, 0, 0, 0, 0, 0, 0.00294761, 0, 0.000856942, 0, 0
22.5477, 0, 0.00407135, 0, 1.41421, -0.00407135, 0, 0, 0, 0, 0, 0, 0, 0, 0, 0, 0, 0, 0, 0, 0, 0, 0, 0, 0, 0, 0.00324471, 0, 0.000826645, 0, 0
22.5556, 0, 0.00435239, 0, 1.41421, -0.00435239, 0, 0, 0, 0, 0, 0, 0, 0, 0, 0, 0, 0, 0, 0, 0, 0, 0, 0, 0, 0, 0.00355574, 0, 0.000796653, 0, 0
22.5634, 0, 0.0046463, 0, 1.41421, -0.0046463, 0, 0, 0, 0, 0, 0, 0, 0, 0, 0, 0, 0, 0, 0, 0, 0, 0, 0, 0, 0, 0.00387932, 0, 0.000766979, 0, 0
22.5713, 0, 0.00495109, 0, 1.41421, -0.00495109, 0, 0, 0, 0, 0, 0, 0, 0, 0, 0, 0, 0, 0, 0, 0, 0, 0, 0, 0, 0, 0.00421342, 0, 0.000737668, 0, 0
22.5792, 0, 0.00526485, 0, 1.41421, -0.00526485, 0, 0, 0, 0, 0, 0, 0, 0, 0, 0, 0, 0, 0, 0, 0, 0, 0, 0, 0, 0, 0.00455612, 0, 0.000708731, 0, 0
22.5871, 0, 0.00558484, 0, 1.41421, -0.00558484, 0, 0, 0, 0, 0, 0, 0, 0, 0, 0, 0, 0, 0, 0, 0, 0, 0, 0, 0, 0, 0.00490461, 0, 0.000680235, 0, 0
22.595, 0, 0.00590861, 0, 1.41421, -0.00590861, 0, 0, 0, 0, 0, 0, 0, 0, 0, 0, 0, 0, 0, 0, 0, 0, 0, 0, 0, 0, 0.00525641, 0, 0.000652195, 0, 0
22.6028, 0, 0.00623302, 0, 1.41421, -0.00623302, 0, 0, 0, 0, 0, 0, 0, 0, 0, 0, 0, 0, 0, 0, 0, 0, 0, 0, 0, 0, 0.00560836, 0, 0.000624666, 0, 0
22.6107, 0, 0.00655512, 0, 1.41421, -0.00655512, 0, 0, 0, 0, 0, 0, 0, 0, 0, 0, 0, 0, 0, 0, 0, 0, 0, 0, 0, 0, 0.00595744, 0, 0.000597675, 0, 0
22.6186, 0, 0.00687141, 0, 1.41421, -0.00687141, 0, 0, 0, 0, 0, 0, 0, 0, 0, 0, 0, 0, 0, 0, 0, 0, 0, 0, 0, 0, 0.00630014, 0, 0.000571274, 0, 0
22.6265, 0, 0.00717864, 0, 1.41421, -0.00717864, 0, 0, 0, 0, 0, 0, 0, 0, 0, 0, 0, 0, 0, 0, 0, 0, 0, 0, 0, 0, 0.00663315, 0, 0.00054549, 0, 0
22.6344, 0, 0.00747318, 0, 1.41421, -0.00747318, 0, 0, 0, 0, 0, 0, 0, 0, 0, 0, 0, 0, 0, 0, 0, 0, 0, 0, 0, 0, 0.00695281, 0, 0.000520374, 0, 0
22.6422, 0, 0.00775172, 0, 1.41421, -0.00775172, 0, 0, 0, 0, 0, 0, 0, 0, 0, 0, 0, 0, 0, 0, 0, 0, 0, 0, 0, 0, 0.00725577, 0, 0.000495951, 0, 0
22.6501, 0, 0.00801071, 0, 1.41421, -0.00801071, 0, 0, 0, 0, 0, 0, 0, 0, 0, 0, 0, 0, 0, 0, 0, 0, 0, 0, 0, 0, 0.00753845, 0, 0.000472265, 0, 0
22.658, 0, 0.00824702, 0, 1.41421, -0.00824702, 0, 0, 0, 0, 0, 0, 0, 0, 0, 0, 0, 0, 0, 0, 0, 0, 0, 0, 0, 0, 0.00779769, 0, 0.000449335, 0, 0
22.6659, 0, 0.00845746, 0, 1.41421, -0.00845746, 0, 0, 0, 0, 0, 0, 0, 0, 0, 0, 0, 0, 0, 0, 0, 0, 0, 0, 0, 0, 0.00803026, 0, 0.0004272, 0, 0
22.6738, 0, 0.00863933, 0, 1.41421, -0.00863933, 0, 0, 0, 0, 0, 0, 0, 0, 0, 0, 0, 0, 0, 0, 0, 0, 0, 0, 0, 0, 0.00823346, 0, 0.000405872, 0, 0
22.6816, 0, 0.00879004, 0, 1.41421, -0.00879004, 0, 0, 0, 0, 0, 0, 0, 0, 0, 0, 0, 0, 0, 0, 0, 0, 0, 0, 0, 0, 0.00840466, 0, 0.00038538, 0, 0
22.6895, 0, 0.00890755, 0, 1.41421, -0.00890755, 0, 0, 0, 0, 0, 0, 0, 0, 0, 0, 0, 0, 0, 0, 0, 0, 0, 0, 0, 0, 0.00854182, 0, 0.000365727, 0, 0
22.6974, 0, 0.00899009, 0, 1.41421, -0.00899009, 0, 0, 0, 0, 0, 0, 0, 0, 0, 0, 0, 0, 0, 0, 0, 0, 0, 0, 0, 0, 0.00864316, 0, 0.000346929, 0, 0
22.7053, 0, 0.0090364, 0, 1.41421, -0.0090364, 0, 0, 0, 0, 0, 0, 0, 0, 0, 0, 0, 0, 0, 0, 0, 0, 0, 0, 0, 0, 0.00870741, 0, 0.000328993, 0, 0
22.7132, 0, 0.00904572, 0, 1.41421, -0.00904572, 0, 0, 0, 0, 0, 0, 0, 0, 0, 0, 0, 0, 0, 0, 0, 0, 0, 0, 0, 0, 0.00873381, 0, 0.000311912, 0, 0
22.721, 0, 0.00901775, 0, 1.41421, -0.00901775, 0, 0, 0, 0, 0, 0, 0, 0, 0, 0, 0, 0, 0, 0, 0, 0, 0, 0, 0, 0, 0.00872207, 0, 0.000295687, 0, 0
22.7289, 0, 0.0089527, 0, 1.41421, -0.0089527, 0, 0, 0, 0, 0, 0, 0, 0, 0, 0, 0, 0, 0, 0, 0, 0, 0, 0, 0, 0, 0.00867239, 0, 0.000280303, 0, 0
22.7368, 0, 0.00885129, 0, 1.41421, -0.00885129, 0, 0, 0, 0, 0, 0, 0, 0, 0, 0, 0, 0, 0, 0, 0, 0, 0, 0, 0, 0, 0.00858554, 0, 0.000265752, 0, 0
22.7447, 0, 0.00871466, 0, 1.41421, -0.00871466, 0, 0, 0, 0, 0, 0, 0, 0, 0, 0, 0, 0, 0, 0, 0, 0, 0, 0, 0, 0, 0.00846265, 0, 0.00025201, 0, 0
22.7526, 0, 0.00854452, 0, 1.41421, -0.00854452, 0, 0, 0, 0, 0, 0, 0, 0, 0, 0, 0, 0, 0, 0, 0, 0, 0, 0, 0, 0, 0.00830546, 0, 0.000239061, 0, 0
22.7604, 0, 0.00834283, 0, 1.41421, -0.00834283, 0, 0, 0, 0, 0, 0, 0, 0, 0, 0, 0, 0, 0, 0, 0, 0, 0, 0, 0, 0, 0.00811596, 0, 0.000226874, 0, 0
22.7683, 0, 0.00811213, 0, 1.41421, -0.00811213, 0, 0, 0, 0, 0, 0, 0, 0, 0, 0, 0, 0, 0, 0, 0, 0, 0, 0, 0, 0, 0.0078967, 0, 0.000215427, 0, 0
22.7762, 0, 0.00785505, 0, 1.41421, -0.00785505, 0, 0, 0, 0, 0, 0, 0, 0, 0, 0, 0, 0, 0, 0, 0, 0, 0, 0, 0, 0, 0.00765037, 0, 0.000204685, 0, 0
22.7841, 0, 0.00757476, 0, 1.41421, -0.00757476, 0, 0, 0, 0, 0, 0, 0, 0, 0, 0, 0, 0, 0, 0, 0, 0, 0, 0, 0, 0, 0.00738014, 0, 0.000194619, 0, 0
22.792, 0, 0.00727425, 0, 1.41421, -0.00727425, 0, 0, 0, 0, 0, 0, 0, 0, 0, 0, 0, 0, 0, 0, 0, 0, 0, 0, 0, 0, 0.00708906, 0, 0.00018519, 0, 0
22.7998, 0, 0.00695722, 0, 1.41421, -0.00695722, 0, 0, 0, 0, 0, 0, 0, 0, 0, 0, 0, 0, 0, 0, 0, 0, 0, 0, 0, 0, 0.00678085, 0, 0.00017637, 0, 0
22.8077, 0, 0.00662687, 0, 1.41421, -0.00662687, 0, 0, 0, 0, 0, 0, 0, 0, 0, 0, 0, 0, 0, 0, 0, 0, 0, 0, 0, 0, 0.00645876, 0, 0.000168117, 0, 0
22.8156, 0, 0.00628688, 0, 1.41421, -0.00628688, 0, 0, 0, 0, 0, 0, 0, 0, 0, 0, 0, 0, 0, 0, 0, 0, 0, 0, 0, 0, 0.00612648, 0, 0.0001604, 0, 0
22.8235, 0, 0.00594049, 0, 1.41421, -0.00594049, 0, 0, 0, 0, 0, 0, 0, 0, 0, 0, 0, 0, 0, 0, 0, 0, 0, 0, 0, 0, 0.00578731, 0, 0.000153176, 0, 0
22.8314, 0, 0.00559124, 0, 1.41421, -0.00559124, 0, 0, 0, 0, 0, 0, 0, 0, 0, 0, 0, 0, 0, 0, 0, 0, 0, 0, 0, 0, 0.00544482, 0, 0.000146415, 0, 0
22.8392, 0, 0.00524216, 0, 1.41421, -0.00524216, 0, 0, 0, 0, 0, 0, 0, 0, 0, 0, 0, 0, 0, 0, 0, 0, 0, 0, 0, 0, 0.00510208, 0, 0.000140078, 0, 0
22.8471, 0, 0.00489645, 0, 1.41421, -0.00489645, 0, 0, 0, 0, 0, 0, 0, 0, 0, 0, 0, 0, 0, 0, 0, 0, 0, 0, 0, 0, 0.00476232, 0, 0.000134133, 0, 0
22.855, 0, 0.00455674, 0, 1.41421, -0.00455674, 0, 0, 0, 0, 0, 0, 0, 0, 0, 0, 0, 0, 0, 0, 0, 0, 0, 0, 0, 0, 0.0044282, 0, 0.000128544, 0, 0
22.8629, 0, 0.00422575, 0, 1.41421, -0.00422575, 0, 0, 0, 0, 0, 0, 0, 0, 0, 0, 0, 0, 0, 0, 0, 0, 0, 0, 0, 0, 0.00410247, 0, 0.000123282, 0, 0
22.8708, 0, 0.00390558, 0, 1.41421, -0.00390558, 0, 0, 0, 0, 0, 0, 0, 0, 0, 0, 0, 0, 0, 0, 0, 0, 0, 0, 0, 0, 0.00378726, 0, 0.000118315, 0, 0
22.8786, 0, 0.00359837, 0, 1.41421, -0.00359837, 0, 0, 0, 0, 0, 0, 0, 0, 0, 0, 0, 0, 0, 0, 0, 0, 0, 0, 0, 0, 0.00348476, 0, 0.000113616, 0, 0
22.8865, 0, 0.00330574, 0, 1.41421, -0.00330574, 0, 0, 0, 0, 0, 0, 0, 0, 0, 0, 0, 0, 0, 0, 0, 0, 0, 0, 0, 0, 0.00319659, 0, 0.000109157, 0, 0
22.8944, 0, 0.00302901, 0, 1.41421, -0.00302901, 0, 0, 0, 0, 0, 0, 0, 0, 0, 0, 0, 0, 0, 0, 0, 0, 0, 0, 0, 0, 0.0029241, 0, 0.000104913, 0, 0
22.9023, 0, 0.00276934, 0, 1.41421, -0.00276934, 0, 0, 0, 0, 0, 0, 0, 0, 0, 0, 0, 0, 0, 0, 0, 0, 0, 0, 0, 0, 0.00266848, 0, 0.000100861, 0, 0
22.9102, 0, 0.00252755, 0, 1.41421, -0.00252755, 0, 0, 0, 0, 0, 0, 0, 0, 0, 0, 0, 0, 0, 0, 0, 0, 0, 0, 0, 0, 0.00243057, 0, 9.69806e-05, 0, 0
22.918, 0, 0.00230423, 0, 1.41421, -0.00230423, 0, 0, 0, 0, 0, 0, 0, 0, 0, 0, 0, 0, 0, 0, 0, 0, 0, 0, 0, 0, 0.00221098, 0, 9.32536e-05, 0, 0
22.9259, 0, 0.00209956, 0, 1.41421, -0.00209956, 0, 0, 0, 0, 0, 0, 0, 0, 0, 0, 0, 0, 0, 0, 0, 0, 0, 0, 0, 0, 0.0020099, 0, 8.96607e-05, 0, 0
22.9338, 0, 0.00191369, 0, 1.41421, -0.00191369, 0, 0, 0, 0, 0, 0, 0, 0, 0, 0, 0, 0, 0, 0, 0, 0, 0, 0, 0, 0, 0.0018275, 0, 8.61884e-05, 0, 0
22.9417, 0, 0.00174639, 0, 1.41421, -0.00174639, 0, 0, 0, 0, 0, 0, 0, 0, 0, 0, 0, 0, 0, 0, 0, 0, 0, 0, 0, 0, 0.00166357, 0, 8.28212e-05, 0, 0
22.9496, 0, 0.00159739, 0, 1.41421, -0.00159739, 0, 0, 0, 0, 0, 0, 0, 0, 0, 0, 0, 0, 0, 0, 0, 0, 0, 0, 0, 0, 0.00151785, 0, 7.95491e-05, 0, 0
22.9574, 0, 0.00146613, 0, 1.41421, -0.00146613, 0, 0, 0, 0, 0, 0, 0, 0, 0, 0, 0, 0, 0, 0, 0, 0, 0, 0, 0, 0, 0.00138977, 0, 7.63601e-05, 0, 0
22.9653, 0, 0.00135201, 0, 1.41421, -0.00135201, 0, 0, 0, 0, 0, 0, 0, 0, 0, 0, 0, 0, 0, 0, 0, 0, 0, 0, 0, 0, 0.00127876, 0, 7.32474e-05, 0, 0
22.9732, 0, 0.00125422, 0, 1.41421, -0.00125422, 0, 0, 0, 0, 0, 0, 0, 0, 0, 0, 0, 0, 0, 0, 0, 0, 0, 0, 0, 0, 0.00118402, 0, 7.02021e-05, 0, 0
22.9811, 0, 0.00117195, 0, 1.41421, -0.00117195, 0, 0, 0, 0, 0, 0, 0, 0, 0, 0, 0, 0, 0, 0, 0, 0, 0, 0, 0, 0, 0.00110473, 0, 6.72203e-05, 0, 0
22.989, 0, 0.00110422, 0, 1.41421, -0.00110422, 0, 0, 0, 0, 0, 0, 0, 0, 0, 0, 0, 0, 0, 0, 0, 0, 0, 0, 0, 0, 0.00103993, 0, 6.42958e-05, 0, 0
22.9968, 0, 0.00105007, 0, 1.41421, -0.00105007, 0, 0, 0, 0, 0, 0, 0, 0, 0, 0, 0, 0, 0, 0, 0, 0, 0, 0, 0, 0, 0.000988638, 0, 6.1427e-05, 0, 0
23.0047, 0, 0.00100841, 0, 1.41421, -0.00100841, 0, 0, 0, 0, 0, 0, 0, 0, 0, 0, 0, 0, 0, 0, 0, 0, 0, 0, 0, 0, 0.000949798, 0, 5.86104e-05, 0, 0
23.0126, 0, 0.000978189, 0, 1.41421, -0.000978189, 0, 0, 0, 0, 0, 0, 0, 0, 0, 0, 0, 0, 0, 0, 0, 0, 0, 0, 0, 0, 0.000922344, 0, 5.58454e-05, 0, 0
23.0205, 0, 0.00095831, 0, 1.41421, -0.00095831, 0, 0, 0, 0, 0, 0, 0, 0, 0, 0, 0, 0, 0, 0, 0, 0, 0, 0, 0, 0, 0.000905178, 0, 5.3132e-05, 0, 0
23.0284, 0, 0.000947666, 0, 1.41421, -0.000947666, 0, 0, 0, 0, 0, 0, 0, 0, 0, 0, 0, 0, 0, 0, 0, 0, 0, 0, 0, 0, 0.000897195, 0, 5.04712e-05, 0, 0
23.0362, 0, 0.000945146, 0, 1.41421, -0.000945146, 0, 0, 0, 0, 0, 0, 0, 0, 0, 0, 0, 0, 0, 0, 0, 0, 0, 0, 0, 0, 0.000897283, 0, 4.78629e-05, 0, 0
23.0441, 0, 0.000949654, 0, 1.41421, -0.000949654, 0, 0, 0, 0, 0, 0, 0, 0, 0, 0, 0, 0, 0, 0, 0, 0, 0, 0, 0, 0, 0.000904344, 0, 4.531e-05, 0, 0
23.052, 0, 0.000960111, 0, 1.41421, -0.000960111, 0, 0, 0, 0, 0, 0, 0, 0, 0, 0, 0, 0, 0, 0, 0, 0, 0, 0, 0, 0, 0.000917297, 0, 4.28137e-05, 0, 0
23.0599, 0, 0.000975454, 0, 1.41421, -0.000975454, 0, 0, 0, 0, 0, 0, 0, 0, 0, 0, 0, 0, 0, 0, 0, 0, 0, 0, 0, 0, 0.000935076, 0, 4.03775e-05, 0, 0
23.0678, 0, 0.000994659, 0, 1.41421, -0.000994659, 0, 0, 0, 0, 0, 0, 0, 0, 0, 0, 0, 0, 0, 0, 0, 0, 0, 0, 0, 0, 0.000956656, 0, 3.8003e-05, 0, 0
23.0756, 0, 0.00101672, 0, 1.41421, -0.00101672, 0, 0, 0, 0, 0, 0, 0, 0, 0, 0, 0, 0, 0, 0, 0, 0, 0, 0, 0, 0, 0.000981028, 0, 3.56942e-05, 0, 0
23.0835, 0, 0.00104069, 0, 1.41421, -0.00104069, 0, 0, 0, 0, 0, 0, 0, 0, 0, 0, 0, 0, 0, 0, 0, 0, 0, 0, 0, 0, 0.00100724, 0, 3.34536e-05, 0, 0
23.0914, 0, 0.00106566, 0, 1.41421, -0.00106566, 0, 0, 0, 0, 0, 0, 0, 0, 0, 0, 0, 0, 0, 0, 0, 0, 0, 0, 0, 0, 0.00103438, 0, 3.12836e-05, 0, 0
23.0993, 0, 0.00109077, 0, 1.41421, -0.00109077, 0, 0, 0, 0, 0, 0, 0, 0, 0, 0, 0, 0, 0, 0, 0, 0, 0, 0, 0, 0, 0.00106158, 0, 2.91878e-05, 0, 0
23.1072, 0, 0.00111522, 0, 1.41421, -0.00111522, 0, 0, 0, 0, 0, 0, 0, 0, 0, 0, 0, 0, 0, 0, 0, 0, 0, 0, 0, 0, 0.00108805, 0, 2.7168e-05, 0, 0
23.115, 0, 0.00113825, 0, 1.41421, -0.00113825, 0, 0, 0, 0, 0, 0, 0, 0, 0, 0, 0, 0, 0, 0, 0, 0, 0, 0, 0, 0, 0.00111303, 0, 2.52275e-05, 0, 0
23.1229, 0, 0.00115922, 0, 1.41421, -0.00115922, 0, 0, 0, 0, 0, 0, 0, 0, 0, 0, 0, 0, 0, 0, 0, 0, 0, 0, 0, 0, 0.00113586, 0, 2.33669e-05, 0, 0
23.1308, 0, 0.0011775, 0, 1.41421, -0.0011775, 0, 0, 0, 0, 0, 0, 0, 0, 0, 0, 0, 0, 0, 0, 0, 0, 0, 0, 0, 0, 0.00115591, 0, 2.15897e-05, 0, 0
23.1387, 0, 0.00119257, 0, 1.41421, -0.00119257, 0, 0, 0, 0, 0, 0, 0, 0, 0, 0, 0, 0, 0, 0, 0, 0, 0, 0, 0, 0, 0.00117267, 0, 1.9896e-05, 0, 0
23.1466, 0, 0.00120398, 0, 1.41421, -0.00120398, 0, 0, 0, 0, 0, 0, 0, 0, 0, 0, 0, 0, 0, 0, 0, 0, 0, 0, 0, 0, 0.00118569, 0, 1.82873e-05, 0, 0
23.1544, 0, 0.00121136, 0, 1.41421, -0.00121136, 0, 0, 0, 0, 0, 0, 0, 0, 0, 0, 0, 0, 0, 0, 0, 0, 0, 0, 0, 0, 0.0011946, 0, 1.67635e-05, 0, 0
23.1623, 0, 0.00121443, 0, 1.41421, -0.00121443, 0, 0, 0, 0, 0, 0, 0, 0, 0, 0, 0, 0, 0, 0, 0, 0, 0, 0, 0, 0, 0.0011991, 0, 1.53252e-05, 0, 0
23.1702, 0, 0.00121298, 0, 1.41421, -0.00121298, 0, 0, 0, 0, 0, 0, 0, 0, 0, 0, 0, 0, 0, 0, 0, 0, 0, 0, 0, 0, 0.00119901, 0, 1.39713e-05, 0, 0
23.1781, 0, 0.0012069, 0, 1.41421, -0.0012069, 0, 0, 0, 0, 0, 0, 0, 0, 0, 0, 0, 0, 0, 0, 0, 0, 0, 0, 0, 0, 0.0011942, 0, 1.27016e-05, 0, 0
23.186, 0, 0.00119615, 0, 1.41421, -0.00119615, 0, 0, 0, 0, 0, 0, 0, 0, 0, 0, 0, 0, 0, 0, 0, 0, 0, 0, 0, 0, 0.00118464, 0, 1.15143e-05, 0, 0
23.1938, 0, 0.00118077, 0, 1.41421, -0.00118077, 0, 0, 0, 0, 0, 0, 0, 0, 0, 0, 0, 0, 0, 0, 0, 0, 0, 0, 0, 0, 0.00117036, 0, 1.04081e-05, 0, 0
23.2017, 0, 0.00116086, 0, 1.41421, -0.00116086, 0, 0, 0, 0, 0, 0, 0, 0, 0, 0, 0, 0, 0, 0, 0, 0, 0, 0, 0, 0, 0.00115148, 0, 9.38058e-06, 0, 0
23.2096, 0, 0.00113663, 0, 1.41421, -0.00113663, 0, 0, 0, 0, 0, 0, 0, 0, 0, 0, 0, 0, 0, 0, 0, 0, 0, 0, 0, 0, 0.0011282, 0, 8.42979e-06, 0, 0
23.2175, 0, 0.0011083, 0, 1.41421, -0.0011083, 0, 0, 0, 0, 0, 0, 0, 0, 0, 0, 0, 0, 0, 0, 0, 0, 0, 0, 0, 0, 0.00110075, 0, 7.55262e-06, 0, 0
23.2254, 0, 0.00107619, 0, 1.41421, -0.00107619, 0, 0, 0, 0, 0, 0, 0, 0, 0, 0, 0, 0, 0, 0, 0, 0, 0, 0, 0, 0, 0.00106945, 0, 6.74655e-06, 0, 0
23.2332, 0, 0.00104063, 0, 1.41421, -0.00104063, 0, 0, 0, 0, 0, 0, 0, 0, 0, 0, 0, 0, 0, 0, 0, 0, 0, 0, 0, 0, 0.00103462, 0, 6.00786e-06, 0, 0
23.2411, 0, 0.00100203, 0, 1.41421, -0.00100203, 0, 0, 0, 0, 0, 0, 0, 0, 0, 0, 0, 0, 0, 0, 0, 0, 0, 0, 0, 0, 0.000996695, 0, 5.33398e-06, 0, 0
23.249, 0, 0.000960787, 0, 1.41421, -0.000960787, 0, 0, 0, 0, 0, 0, 0, 0, 0, 0, 0, 0, 0, 0, 0, 0, 0, 0, 0, 0, 0.000956066, 0, 4.72092e-06, 0, 0
23.2569, 0, 0.00091736, 0, 1.41421, -0.00091736, 0, 0, 0, 0, 0, 0, 0, 0, 0, 0, 0, 0, 0, 0, 0, 0, 0, 0, 0, 0, 0.000913195, 0, 4.16544e-06, 0, 0
23.2648, 0, 0.000872189, 0, 1.41421, -0.000872189, 0, 0, 0, 0, 0, 0, 0, 0, 0, 0, 0, 0, 0, 0, 0, 0, 0, 0, 0, 0, 0.000868525, 0, 3.66381e-06, 0, 0
23.2726, 0, 0.000825715, 0, 1.41421, -0.000825715, 0, 0, 0, 0, 0, 0, 0, 0, 0, 0, 0, 0, 0, 0, 0, 0, 0, 0, 0, 0, 0.000822503, 0, 3.21231e-06, 0, 0
23.2805, 0, 0.00077841, 0, 1.41421, -0.00077841, 0, 0, 0, 0, 0, 0, 0, 0, 0, 0, 0, 0, 0, 0, 0, 0, 0, 0, 0, 0, 0.000775603, 0, 2.8076e-06, 0, 0
23.2884, 0, 0.000730687, 0, 1.41421, -0.000730687, 0, 0, 0, 0, 0, 0, 0, 0, 0, 0, 0, 0, 0, 0, 0, 0, 0, 0, 0, 0, 0.000728241, 0, 2.44595e-06, 0, 0
23.2963, 0, 0.000682985, 0, 1.41421, -0.000682985, 0, 0, 0, 0, 0, 0, 0, 0, 0, 0, 0, 0, 0, 0, 0, 0, 0, 0, 0, 0, 0.000680861, 0, 2.12412e-06, 0, 0
23.3042, 0, 0.000635672, 0, 1.41421, -0.000635672, 0, 0, 0, 0, 0, 0, 0, 0, 0, 0, 0, 0, 0, 0, 0, 0, 0, 0, 0, 0, 0.000633834, 0, 1.83861e-06, 0, 0
23.312, 0, 0.000589133, 0, 1.41421, -0.000589133, 0, 0, 0, 0, 0, 0, 0, 0, 0, 0, 0, 0, 0, 0, 0, 0, 0, 0, 0, 0, 0.000587546, 0, 1.58637e-06, 0, 0
23.3199, 0, 0.000543669, 0, 1.41421, -0.000543669, 0, 0, 0, 0, 0, 0, 0, 0, 0, 0, 0, 0, 0, 0, 0, 0, 0, 0, 0, 0, 0.000542304, 0, 1.36423e-06, 0, 0
23.3278, 0, 0.000499591, 0, 1.41421, -0.000499591, 0, 0, 0, 0, 0, 0, 0, 0, 0, 0, 0, 0, 0, 0, 0, 0, 0, 0, 0, 0, 0.000498421, 0, 1.16939e-06, 0, 0
23.3357, 0, 0.000457126, 0, 1.41421, -0.000457126, 0, 0, 0, 0, 0, 0, 0, 0, 0, 0, 0, 0, 0, 0, 0, 0, 0, 0, 0, 0, 0.000456127, 0, 9.99052e-07, 0, 0
23.3436, 0, 0.000416494, 0, 1.41421, -0.000416494, 0, 0, 0, 0, 0, 0, 0, 0, 0, 0, 0, 0, 0, 0, 0, 0, 0, 0, 0, 0, 0.000415644, 0, 8.50708e-07, 0, 0
23.3514, 0, 0.000377863, 0, 1.41421, -0.000377863, 0, 0, 0, 0, 0, 0, 0, 0, 0, 0, 0, 0, 0, 0, 0, 0, 0, 0, 0, 0, 0.000377141, 0, 7.21993e-07, 0, 0
23.3593, 0, 0.000341369, 0, 1.41421, -0.000341369, 0, 0, 0, 0, 0, 0, 0, 0, 0, 0, 0, 0, 0, 0, 0, 0, 0, 0, 0, 0, 0.000340758, 0, 6.10743e-07, 0, 0
23.3672, 0, 0.000307084, 0, 1.41421, -0.000307084, 0, 0, 0, 0, 0, 0, 0, 0, 0, 0, 0, 0, 0, 0, 0, 0, 0, 0, 0, 0, 0.00030657, 0, 5.14893e-07, 0, 0
23.3751, 0, 0.00027508, 0, 1.41421, -0.00027508, 0, 0, 0, 0, 0, 0, 0, 0, 0, 0, 0, 0, 0, 0, 0, 0, 0, 0, 0, 0, 0.000274648, 0, 4.32655e-07, 0, 0
23.383, 0, 0.000245362, 0, 1.41421, -0.000245362, 0, 0, 0, 0, 0, 0, 0, 0, 0, 0, 0, 0, 0, 0, 0, 0, 0, 0, 0, 0, 0.000245, 0, 3.62318e-07, 0, 0
23.3908, 2, 0.000217935, 0, 2, 1.99978, 0, 0, 0, 0, 0, 0, 0, 0, 0, 0, 0, 0, 0, 0, 0, 0, 0, 0, 0, 0, 0.000217632, 0, 3.02411e-07, 0, 0
23.3987, 0, 0.00019275, 0, 1.41421, -0.00019275, 0, 0, 0, 0, 0, 0, 0, 0, 0, 0, 0, 0, 0, 0, 0, 0, 0, 0, 0, 0, 0.000192498, 0, 2.51548e-07, 0, 0
23.4066, 0, 0.000169761, 0, 1.41421, -0.000169761, 0, 0, 0, 0, 0, 0, 0, 0, 0, 0, 0, 0, 0, 0, 0, 0, 0, 0, 0, 0, 0.000169552, 0, 2.08544e-07, 0, 0
23.4145, 0, 0.000148878, 0, 1.41421, -0.000148878, 0, 0, 0, 0, 0, 0, 0, 0, 0, 0, 0, 0, 0, 0, 0, 0, 0, 0, 0, 0, 0.000148706, 0, 1.723e-07, 0, 0
23.4224, 0, 0.000130019, 0, 1.41421, -0.000130019, 0, 0, 0, 0, 0, 0, 0, 0, 0, 0, 0, 0, 0, 0, 0, 0, 0, 0, 0, 0, 0.000129877, 0, 1.41879e-07, 0, 0
23.4302, 0, 0.000113066, 0, 1.41421, -0.000113066, 0, 0, 0, 0, 0, 0, 0, 0, 0, 0, 0, 0, 0, 0, 0, 0, 0, 0, 0, 0, 0.00011295, 0, 1.16428e-07, 0, 0
23.4381, 0, 9.79144e-05, 0, 1.41421, -9.79144e-05, 0, 0, 0, 0, 0, 0, 0, 0, 0, 0, 0, 0, 0, 0, 0, 0, 0, 0, 0, 0, 9.78191e-05, 0, 9.52221e-08, 0, 0
23.446, 0, 8.44336e-05, 0, 1.41421, -8.44336e-05, 0, 0, 0, 0, 0, 0, 0, 0, 0, 0, 0, 0, 0, 0, 0, 0, 0, 0, 0, 0, 8.4356e-05, 0, 7.76097e-08, 0, 0
23.4539, 0, 7.25032e-05, 0, 1.41421, -7.25032e-05, 0, 0, 0, 0, 0, 0, 0, 0, 0, 0, 0, 0, 0, 0, 0, 0, 0, 0, 0, 0, 7.24402e-05, 0, 6.30393e-08, 0, 0
23.4618, 0, 6.2e-05, 0, 1.41421, -6.2e-05, 0, 0, 0, 0, 0, 0, 0, 0, 0, 0, 0, 0, 0, 0, 0, 0, 0, 0, 0, 0, 6.1949e-05, 0, 5.10322e-08, 0, 0
23.4696, 0, 5.27942e-05, 0, 1.41421, -5.27942e-05, 0, 0, 0, 0, 0, 0, 0, 0, 0, 0, 0, 0, 0, 0, 0, 0, 0, 0, 0, 0, 5.27531e-05, 0, 4.11686e-08, 0, 0
23.4775, 0, 4.47691e-05, 0, 1.41421, -4.47691e-05, 0, 0, 0, 0, 0, 0, 0, 0, 0, 0, 0, 0, 0, 0, 0, 0, 0, 0, 0, 0, 4.4736e-05, 0, 3.30996e-08, 0, 0
23.4854, 0, 3.78037e-05, 0, 1.41421, -3.78037e-05, 0, 0, 0, 0, 0, 0, 0, 0, 0, 0, 0, 0, 0, 0, 0, 0, 0, 0, 0, 0, 3.77772e-05, 0, 2.65194e-08, 0, 0
23.4933, 0, 3.17901e-05, 0, 1.41421, -3.17901e-05, 0, 0, 0, 0, 0, 0, 0, 0, 0, 0, 0, 0, 0, 0, 0, 0, 0, 0, 0, 0, 3.1769e-05, 0, 2.11755e-08, 0, 0
23.5012, 0, 2.66206e-05, 0, 1.41421, -2.66206e-05, 0, 0, 0, 0, 0, 0, 0, 0, 0, 0, 0, 0, 0, 0, 0, 0, 0, 0, 0, 0, 2.66037e-05, 0, 1.68494e-08, 0, 0
23.509, 0, 2.21998e-05, 0, 1.41421, -2.21998e-05, 0, 0, 0, 0, 0, 0, 0, 0, 0, 0, 0, 0, 0, 0, 0, 0, 0, 0, 0, 0, 2.21865e-05, 0, 1.33617e-08, 0, 0
23.5169, 0, 1.84354e-05, 0, 1.41421, -1.84354e-05, 0, 0, 0, 0, 0, 0, 0, 0, 0, 0, 0, 0, 0, 0, 0, 0, 0, 0, 0, 0, 1.84249e-05, 0, 1.05589e-08, 0, 0
23.5248, 0, 1.52464e-05, 0, 1.41421, -1.52464e-05, 0, 0, 0, 0, 0, 0, 0, 0, 0, 0, 0, 0, 0, 0, 0, 0, 0, 0, 0, 0, 1.52381e-05, 0, 8.31564e-09, 0, 0
23.5327, 0, 1.25562e-05, 0, 1.41421, -1.25562e-05, 0, 0, 0, 0, 0, 0, 0, 0, 0, 0, 0, 0, 0, 0, 0, 0, 0, 0, 0, 0, 1.25497e-05, 0, 6.52597e-09, 0, 0
23.5406, 0, 1.02983e-05, 0, 1.41421, -1.02983e-05, 0, 0, 0, 0, 0, 0, 0, 0, 0, 0, 0, 0, 0, 0, 0, 0, 0, 0, 0, 0, 1.02932e-05, 0, 5.10405e-09, 0, 0
23.5484, 0, 8.41108e-06, 0, 1.41421, -8.41108e-06, 0, 0, 0, 0, 0, 0, 0, 0, 0, 0, 0, 0, 0, 0, 0, 0, 0, 0, 0, 0, 8.4071e-06, 0, 3.97787e-09, 0, 0
23.5563, 0, 6.84165e-06, 0, 1.41421, -6.84165e-06, 0, 0, 0, 0, 0, 0, 0, 0, 0, 0, 0, 0, 0, 0, 0, 0, 0, 0, 0, 0, 6.83856e-06, 0, 3.08961e-09, 0, 0
23.5642, 0, 5.54151e-06, 0, 1.41421, -5.54151e-06, 0, 0, 0, 0, 0, 0, 0, 0, 0, 0, 0, 0, 0, 0, 0, 0, 0, 0, 0, 0, 5.53912e-06, 0, 2.39106e-09, 0, 0
23.5721, 0, 4.47041e-06, 0, 1.41421, -4.47041e-06, 0, 0, 0, 0, 0, 0, 0, 0, 0, 0, 0, 0, 0, 0, 0, 0, 0, 0, 0, 0, 4.46857e-06, 0, 1.84424e-09, 0, 0
23.58, 0, 3.5913e-06, 0, 1.41421, -3.5913e-06, 0, 0, 0, 0, 0, 0, 0, 0, 0, 0, 0, 0, 0, 0, 0, 0, 0, 0, 0, 0, 3.58988e-06, 0, 1.41741e-09, 0, 0
23.5878, 0, 2.87337e-06, 0, 1.41421, -2.87337e-06, 0, 0, 0, 0, 0, 0, 0, 0, 0, 0, 0, 0, 0, 0, 0, 0, 0, 0, 0, 0, 2.87228e-06, 0, 1.08564e-09, 0, 0
23.5957, 0, 2.28939e-06, 0, 1.41421, -2.28939e-06, 0, 0, 0, 0, 0, 0, 0, 0, 0, 0, 0, 0, 0, 0, 0, 0, 0, 0, 0, 0, 2.28856e-06, 0, 8.28555e-10, 0, 0
23.6036, 0, 1.81672e-06, 0, 1.41421, -1.81672e-06, 0, 0, 0, 0, 0, 0, 0, 0, 0, 0, 0, 0, 0, 0, 0, 0, 0, 0, 0, 0, 1.81609e-06, 0, 6.30171e-10, 0, 0
23.6115, 0, 1.43565e-06, 0, 1.41421, -1.43565e-06, 0, 0, 0, 0, 0, 0, 0, 0, 0, 0, 0, 0, 0, 0, 0, 0, 0, 0, 0, 0, 1.43517e-06, 0, 4.77564e-10, 0, 0
23.6194, 0, 1.12995e-06, 0, 1.41421, -1.12995e-06, 0, 0, 0, 0, 0, 0, 0, 0, 0, 0, 0, 0, 0, 0, 0, 0, 0, 0, 0, 0, 1.12958e-06, 0, 3.60659e-10, 0, 0
23.6272, 0, 8.85652e-07, 0, 1.41421, -8.85652e-07, 0, 0, 0, 0, 0, 0, 0, 0, 0, 0, 0, 0, 0, 0, 0, 0, 0, 0, 0, 0, 8.8538e-07, 0, 2.71384e-10, 0, 0
23.6351, 0, 6.91385e-07, 0, 1.41421, -6.91385e-07, 0, 0, 0, 0, 0, 0, 0, 0, 0, 0, 0, 0, 0, 0, 0, 0, 0, 0, 0, 0, 6.91182e-07, 0, 2.0349e-10, 0, 0
23.643, 0, 5.375e-07, 0, 1.41421, -5.375e-07, 0, 0, 0, 0, 0, 0, 0, 0, 0, 0, 0, 0, 0, 0, 0, 0, 0, 0, 0, 0, 5.37348e-07, 0, 1.52021e-10, 0, 0
23.6509, 0, 4.16194e-07, 0, 1.41421, -4.16194e-07, 0, 0, 0, 0, 0, 0, 0, 0, 0, 0, 0, 0, 0, 0, 0, 0, 0, 0, 0, 0, 4.16081e-07, 0, 1.13165e-10, 0, 0
23.6588, 0, 3.20957e-07, 0, 1.41421, -3.20957e-07, 0, 0, 0, 0, 0, 0, 0, 0, 0, 0, 0, 0, 0, 0, 0, 0, 0, 0, 0, 0, 3.20873e-07, 0, 8.39288e-11, 0, 0
23.6666, 0, 2.46493e-07, 0, 1.41421, -2.46493e-07, 0, 0, 0, 0, 0, 0, 0, 0, 0, 0, 0, 0, 0, 0, 0, 0, 0, 0, 0, 0, 2.46431e-07, 0, 6.20071e-11, 0, 0
23.6745, 0, 1.88539e-07, 0, 1.41421, -1.88539e-07, 0, 0, 0, 0, 0, 0, 0, 0, 0, 0, 0, 0, 0, 0, 0, 0, 0, 0, 0, 0, 1.88494e-07, 0, 4.56428e-11, 0, 0
23.6824, 0, 1.43628e-07, 0, 1.41421, -1.43628e-07, 0, 0, 0, 0, 0, 0, 0, 0, 0, 0, 0, 0, 0, 0, 0, 0, 0, 0, 0, 0, 1.43594e-07, 0, 3.34652e-11, 0, 0
23.6903, 0, 1.08981e-07, 0, 1.41421, -1.08981e-07, 0, 0, 0, 0, 0, 0, 0, 0, 0, 0, 0, 0, 0, 0, 0, 0, 0, 0, 0, 0, 1.08956e-07, 0, 2.44384e-11, 0, 0
23.6982, 0, 8.23527e-08, 0, 1.41421, -8.23527e-08, 0, 0, 0, 0, 0, 0, 0, 0, 0, 0, 0, 0, 0, 0, 0, 0, 0, 0, 0, 0, 8.23349e-08, 0, 1.77686e-11, 0, 0
23.706, 0, 6.19848e-08, 0, 1.41421, -6.19848e-08, 0, 0, 0, 0, 0, 0, 0, 0, 0, 0, 0, 0, 0, 0, 0, 0, 0, 0, 0, 0, 6.19719e-08, 0, 1.2861e-11, 0, 0
23.7139, 0, 4.64636e-08, 0, 1.41421, -4.64636e-08, 0, 0, 0, 0, 0, 0, 0, 0, 0, 0, 0, 0, 0, 0, 0, 0, 0, 0, 0, 0, 4.64544e-08, 0, 9.27043e-12, 0, 0
23.7218, 0, 3.46918e-08, 0, 1.41421, -3.46918e-08, 0, 0, 0, 0, 0, 0, 0, 0, 0, 0, 0, 0, 0, 0, 0, 0, 0, 0, 0, 0, 3.46851e-08, 0, 6.64798e-12, 0, 0
23.7297, 0, 2.57968e-08, 0, 1.41421, -2.57968e-08, 0, 0, 0, 0, 0, 0, 0, 0, 0, 0, 0, 0, 0, 0, 0, 0, 0, 0, 0, 0, 2.57921e-08, 0, 4.73861e-12, 0, 0
23.7376, 0, 1.91072e-08, 0, 1.41421, -1.91072e-08, 0, 0, 0, 0, 0, 0, 0, 0, 0, 0, 0, 0, 0, 0, 0, 0, 0, 0, 0, 0, 1.91039e-08, 0, 3.35603e-12, 0, 0
23.7454, 0, 1.40948e-08, 0, 1.41421, -1.40948e-08, 0, 0, 0, 0, 0, 0, 0, 0, 0, 0, 0, 0, 0, 0, 0, 0, 0, 0, 0, 0, 1.40925e-08, 0, 2.35699e-12, 0, 0
23.7533, 0, 1.03567e-08, 0, 1.41421, -1.03567e-08, 0, 0, 0, 0, 0, 0, 0, 0, 0, 0, 0, 0, 0, 0, 0, 0, 0, 0, 0, 0, 1.0355e-08, 0, 1.63827e-12, 0, 0
23.7612, 0, 7.57904e-09, 0, 1.41421, -7.57904e-09, 0, 0, 0, 0, 0, 0, 0, 0, 0, 0, 0, 0, 0, 0, 0, 0, 0, 0, 0, 0, 7.57791e-09, 0, 1.12316e-12, 0, 0
23.7691, 0, 5.52475e-09, 0, 1.41421, -5.52475e-09, 0, 0, 0, 0, 0, 0, 0, 0, 0, 0, 0, 0, 0, 0, 0, 0, 0, 0, 0, 0, 5.52399e-09, 0, 7.55581e-13, 0, 0
23.777, 0, 4.01069e-09, 0, 1.41421, -4.01069e-09, 0, 0, 0, 0, 0, 0, 0, 0, 0, 0, 0, 0, 0, 0, 0, 0, 0, 0, 0, 0, 4.01017e-09, 0, 5.22644e-13, 0, 0
23.7848, 0, 2.90048e-09, 0, 1.41421, -2.90048e-09, 0, 0, 0, 0, 0, 0, 0, 0, 0, 0, 0, 0, 0, 0, 0, 0, 0, 0, 0, 0, 2.90013e-09, 0, 3.56896e-13, 0, 0
23.7927, 0, 2.08908e-09, 0, 1.41421, -2.08908e-09, 0, 0, 0, 0, 0, 0, 0, 0, 0, 0, 0, 0, 0, 0, 0, 0, 0, 0, 0, 0, 2.08884e-09, 0, 2.39396e-13, 0, 0
23.8006, 0, 1.49882e-09, 0, 1.41421, -1.49882e-09, 0, 0, 0, 0, 0, 0, 0, 0, 0, 0, 0, 0, 0, 0, 0, 0, 0, 0, 0, 0, 1.49866e-09, 0, 1.60646e-13, 0, 0
23.8085, 0, 1.07097e-09, 0, 1.41421, -1.07097e-09, 0, 0, 0, 0, 0, 0, 0, 0, 0, 0, 0, 0, 0, 0, 0, 0, 0, 0, 0, 0, 1.07086e-09, 0, 1.05281e-13, 0, 0
23.8164, 0, 7.62248e-10, 0, 1.41421, -7.62248e-10, 0, 0, 0, 0, 0, 0, 0, 0, 0, 0, 0, 0, 0, 0, 0, 0, 0, 0, 0, 0, 7.62182e-10, 0, 6.65171e-14, 0, 0
23.8242, 0, 5.40272e-10, 0, 1.41421, -5.40272e-10, 0, 0, 0, 0, 0, 0, 0, 0, 0, 0, 0, 0, 0, 0, 0, 0, 0, 0, 0, 0, 5.40228e-10, 0, 4.36723e-14, 0, 0
23.8321, 0, 3.81347e-10, 0, 1.41421, -3.81347e-10, 0, 0, 0, 0, 0, 0, 0, 0, 0, 0, 0, 0, 0, 0, 0, 0, 0, 0, 0, 0, 3.8132e-10, 0, 2.77324e-14, 0, 0
23.84, 0, 2.67888e-10, 0, 1.41421, -2.67888e-10, 0, 0, 0, 0, 0, 0, 0, 0, 0, 0, 0, 0, 0, 0, 0, 0, 0, 0, 0, 0, 2.67871e-10, 0, 1.6674e-14, 0, 0
23.8479, 0, 1.87056e-10, 0, 1.41421, -1.87056e-10, 0, 0, 0, 0, 0, 0, 0, 0, 0, 0, 0, 0, 0, 0, 0, 0, 0, 0, 0, 0, 1.87047e-10, 0, 9.35141e-15, 0, 0
23.8558, 0, 1.29044e-10, 0, 1.41421, -1.29044e-10, 0, 0, 0, 0, 0, 0, 0, 0, 0, 0, 0, 0, 0, 0, 0, 0, 0, 0, 0, 0, 1.2904e-10, 0, 4.38841e-15, 0, 0
23.8636, 0, 8.39674e-11, 0, 1.41421, -8.39674e-11, 0, 0, 0, 0, 0, 0, 0, 0, 0, 0, 0, 0, 0, 0, 0, 0, 0, 0, 0, 0, 8.39663e-11, 0, 1.09224e-15, 0, 0
23.8715, 0, 3.00231e-11, 0, 1.41421, -3.00231e-11, 0, 0, 0, 0, 0, 0, 0, 0, 0, 0, 0, 0, 0, 0, 0, 0, 0, 0, 0, 0, 3.00224e-11, 0, 6.9468e-16, 0, 0
23.8794, 0, 1.66204e-11, 0, 1.41421, -1.66204e-11, 0, 0, 0, 0, 0, 0, 0, 0, 0, 0, 0, 0, 0, 0, 0, 0, 0, 0, 0, 0, 1.662e-11, 0, 4.49991e-16, 0, 0
23.8873, 0, 1.0282e-11, 0, 1.41421, -1.0282e-11, 0, 0, 0, 0, 0, 0, 0, 0, 0, 0, 0, 0, 0, 0, 0, 0, 0, 0, 0, 0, 1.02817e-11, 0, 2.79823e-16, 0, 0
23.8952, 0, 7.1727e-12, 0, 1.41421, -7.1727e-12, 0, 0, 0, 0, 0, 0, 0, 0, 0, 0, 0, 0, 0, 0, 0, 0, 0, 0, 0, 0, 7.17251e-12, 0, 1.93481e-16, 0, 0
23.903, 0, 4.55254e-12, 0, 1.41421, -4.55254e-12, 0, 0, 0, 0, 0, 0, 0, 0, 0, 0, 0, 0, 0, 0, 0, 0, 0, 0, 0, 0, 4.55242e-12, 0, 1.14608e-16, 0, 0
23.9109, 0, 2.89893e-12, 0, 1.41421, -2.89893e-12, 0, 0, 0, 0, 0, 0, 0, 0, 0, 0, 0, 0, 0, 0, 0, 0, 0, 0, 0, 0, 2.89887e-12, 0, 6.06266e-17, 0, 0
23.9188, 0, 1.81447e-12, 0, 1.41421, -1.81447e-12, 0, 0, 0, 0, 0, 0, 0, 0, 0, 0, 0, 0, 0, 0, 0, 0, 0, 0, 0, 0, 1.81444e-12, 0, 2.39718e-17, 0, 0
23.9267, 0, 9.0826e-13, 0, 1.41421, -9.0826e-13, 0, 0, 0, 0, 0, 0, 0, 0, 0, 0, 0, 0, 0, 0, 0, 0, 0, 0, 0, 0, 9.0826e-13, 0, 0, 0, 0
23.9346, 0, 4.50573e-13, 0, 1.41421, -4.50573e-13, 0, 0, 0, 0, 0, 0, 0, 0, 0, 0, 0, 0, 0, 0, 0, 0, 0, 0, 0, 0, 4.50573e-13, 0, 0, 0, 0
23.9424, 0, 2.26736e-13, 0, 1.41421, -2.26736e-13, 0, 0, 0, 0, 0, 0, 0, 0, 0, 0, 0, 0, 0, 0, 0, 0, 0, 0, 0, 0, 2.26736e-13, 0, 0, 0, 0
23.9503, 2, 9.66666e-14, 0, 2, 2, 0, 0, 0, 0, 0, 0, 0, 0, 0, 0, 0, 0, 0, 0, 0, 0, 0, 0, 0, 0, 9.66666e-14, 0, 0, 0, 0
23.9582, 0, 2.0216e-14, 0, 1.41421, -2.0216e-14, 0, 0, 0, 0, 0, 0, 0, 0, 0, 0, 0, 0, 0, 0, 0, 0, 0, 0, 0, 0, 2.0216e-14, 0, 0, 0, 0
23.9661, 0, 1.14343e-14, 0, 1.41421, -1.14343e-14, 0, 0, 0, 0, 0, 0, 0, 0, 0, 0, 0, 0, 0, 0, 0, 0, 0, 0, 0, 0, 1.14343e-14, 0, 0, 0, 0
23.974, 0, 6.1544e-15, 0, 1.41421, -6.1544e-15, 0, 0, 0, 0, 0, 0, 0, 0, 0, 0, 0, 0, 0, 0, 0, 0, 0, 0, 0, 0, 6.1544e-15, 0, 0, 0, 0
23.9818, 0, 2.97925e-15, 0, 1.41421, -2.97925e-15, 0, 0, 0, 0, 0, 0, 0, 0, 0, 0, 0, 0, 0, 0, 0, 0, 0, 0, 0, 0, 2.97925e-15, 0, 0, 0, 0
23.9897, 0, 1.0924e-15, 0, 1.41421, -1.0924e-15, 0, 0, 0, 0, 0, 0, 0, 0, 0, 0, 0, 0, 0, 0, 0, 0, 0, 0, 0, 0, 1.0924e-15, 0, 0, 0, 0
23.9976, 0, 0, 0, 1.41421, 0, 0, 0, 0, 0, 0, 0, 0, 0, 0, 0, 0, 0, 0, 0, 0, 0, 0, 0, 0, 0, 0, 0, 0, 0, 0
24.0055, 0, 0, 0, 1.41421, 0, 0, 0, 0, 0, 0, 0, 0, 0, 0, 0, 0, 0, 0, 0, 0, 0, 0, 0, 0, 0, 0, 0, 0, 0, 0
24.0134, 0, 0, 0, 1.41421, 0, 0, 0, 0, 0, 0, 0, 0, 0, 0, 0, 0, 0, 0, 0, 0, 0, 0, 0, 0, 0, 0, 0, 0, 0, 0
24.0212, 0, 0, 0, 1.41421, 0, 0, 0, 0, 0, 0, 0, 0, 0, 0, 0, 0, 0, 0, 0, 0, 0, 0, 0, 0, 0, 0, 0, 0, 0, 0
24.0291, 0, 0, 0, 1.41421, 0, 0, 0, 0, 0, 0, 0, 0, 0, 0, 0, 0, 0, 0, 0, 0, 0, 0, 0, 0, 0, 0, 0, 0, 0, 0
24.037, 0, 0, 0, 1.41421, 0, 0, 0, 0, 0, 0, 0, 0, 0, 0, 0, 0, 0, 0, 0, 0, 0, 0, 0, 0, 0, 0, 0, 0, 0, 0
24.0449, 0, 0, 0, 1.41421, 0, 0, 0, 0, 0, 0, 0, 0, 0, 0, 0, 0, 0, 0, 0, 0, 0, 0, 0, 0, 0, 0, 0, 0, 0, 0
24.0528, 0, 0, 0, 1.41421, 0, 0, 0, 0, 0, 0, 0, 0, 0, 0, 0, 0, 0, 0, 0, 0, 0, 0, 0, 0, 0, 0, 0, 0, 0, 0
24.0606, 0, 0, 0, 1.41421, 0, 0, 0, 0, 0, 0, 0, 0, 0, 0, 0, 0, 0, 0, 0, 0, 0, 0, 0, 0, 0, 0, 0, 0, 0, 0
24.0685, 0, 0, 0, 1.41421, 0, 0, 0, 0, 0, 0, 0, 0, 0, 0, 0, 0, 0, 0, 0, 0, 0, 0, 0, 0, 0, 0, 0, 0, 0, 0
24.0764, 0, 0, 0, 1.41421, 0, 0, 0, 0, 0, 0, 0, 0, 0, 0, 0, 0, 0, 0, 0, 0, 0, 0, 0, 0, 0, 0, 0, 0, 0, 0
24.0843, 0, 0, 0, 1.41421, 0, 0, 0, 0, 0, 0, 0, 0, 0, 0, 0, 0, 0, 0, 0, 0, 0, 0, 0, 0, 0, 0, 0, 0, 0, 0
24.0922, 0, 0, 0, 1.41421, 0, 0, 0, 0, 0, 0, 0, 0, 0, 0, 0, 0, 0, 0, 0, 0, 0, 0, 0, 0, 0, 0, 0, 0, 0, 0
24.1, 0, 0, 0, 1.41421, 0, 0, 0, 0, 0, 0, 0, 0, 0, 0, 0, 0, 0, 0, 0, 0, 0, 0, 0, 0, 0, 0, 0, 0, 0, 0
24.1079, 0, 0, 0, 1.41421, 0, 0, 0, 0, 0, 0, 0, 0, 0, 0, 0, 0, 0, 0, 0, 0, 0, 0, 0, 0, 0, 0, 0, 0, 0, 0
24.1158, 0, 0, 0, 1.41421, 0, 0, 0, 0, 0, 0, 0, 0, 0, 0, 0, 0, 0, 0, 0, 0, 0, 0, 0, 0, 0, 0, 0, 0, 0, 0
24.1237, 0, 0, 0, 1.41421, 0, 0, 0, 0, 0, 0, 0, 0, 0, 0, 0, 0, 0, 0, 0, 0, 0, 0, 0, 0, 0, 0, 0, 0, 0, 0
24.1316, 0, 0, 0, 1.41421, 0, 0, 0, 0, 0, 0, 0, 0, 0, 0, 0, 0, 0, 0, 0, 0, 0, 0, 0, 0, 0, 0, 0, 0, 0, 0
24.1394, 0, 0, 0, 1.41421, 0, 0, 0, 0, 0, 0, 0, 0, 0, 0, 0, 0, 0, 0, 0, 0, 0, 0, 0, 0, 0, 0, 0, 0, 0, 0
24.1473, 0, 0, 0, 1.41421, 0, 0, 0, 0, 0, 0, 0, 0, 0, 0, 0, 0, 0, 0, 0, 0, 0, 0, 0, 0, 0, 0, 0, 0, 0, 0
24.1552, 0, 0, 0, 1.41421, 0, 0, 0, 0, 0, 0, 0, 0, 0, 0, 0, 0, 0, 0, 0, 0, 0, 0, 0, 0, 0, 0, 0, 0, 0, 0
24.1631, 0, 0, 0, 1.41421, 0, 0, 0, 0, 0, 0, 0, 0, 0, 0, 0, 0, 0, 0, 0, 0, 0, 0, 0, 0, 0, 0, 0, 0, 0, 0
24.171, 0, 0, 0, 1.41421, 0, 0, 0, 0, 0, 0, 0, 0, 0, 0, 0, 0, 0, 0, 0, 0, 0, 0, 0, 0, 0, 0, 0, 0, 0, 0
24.1788, 0, 0, 0, 1.41421, 0, 0, 0, 0, 0, 0, 0, 0, 0, 0, 0, 0, 0, 0, 0, 0, 0, 0, 0, 0, 0, 0, 0, 0, 0, 0
24.1867, 0, 0, 0, 1.41421, 0, 0, 0, 0, 0, 0, 0, 0, 0, 0, 0, 0, 0, 0, 0, 0, 0, 0, 0, 0, 0, 0, 0, 0, 0, 0
24.1946, 0, 0, 0, 1.41421, 0, 0, 0, 0, 0, 0, 0, 0, 0, 0, 0, 0, 0, 0, 0, 0, 0, 0, 0, 0, 0, 0, 0, 0, 0, 0
24.2025, 0, 0, 0, 1.41421, 0, 0, 0, 0, 0, 0, 0, 0, 0, 0, 0, 0, 0, 0, 0, 0, 0, 0, 0, 0, 0, 0, 0, 0, 0, 0
24.2104, 0, 0, 0, 1.41421, 0, 0, 0, 0, 0, 0, 0, 0, 0, 0, 0, 0, 0, 0, 0, 0, 0, 0, 0, 0, 0, 0, 0, 0, 0, 0
24.2182, 0, 0, 0, 1.41421, 0, 0, 0, 0, 0, 0, 0, 0, 0, 0, 0, 0, 0, 0, 0, 0, 0, 0, 0, 0, 0, 0, 0, 0, 0, 0
24.2261, 0, 0, 0, 1.41421, 0, 0, 0, 0, 0, 0, 0, 0, 0, 0, 0, 0, 0, 0, 0, 0, 0, 0, 0, 0, 0, 0, 0, 0, 0, 0
24.234, 0, 0, 0, 1.41421, 0, 0, 0, 0, 0, 0, 0, 0, 0, 0, 0, 0, 0, 0, 0, 0, 0, 0, 0, 0, 0, 0, 0, 0, 0, 0
24.2419, 0, 0, 0, 1.41421, 0, 0, 0, 0, 0, 0, 0, 0, 0, 0, 0, 0, 0, 0, 0, 0, 0, 0, 0, 0, 0, 0, 0, 0, 0, 0
24.2498, 0, 0, 0, 1.41421, 0, 0, 0, 0, 0, 0, 0, 0, 0, 0, 0, 0, 0, 0, 0, 0, 0, 0, 0, 0, 0, 0, 0, 0, 0, 0
24.2576, 0, 0, 0, 1.41421, 0, 0, 0, 0, 0, 0, 0, 0, 0, 0, 0, 0, 0, 0, 0, 0, 0, 0, 0, 0, 0, 0, 0, 0, 0, 0
24.2655, 0, 0, 0, 1.41421, 0, 0, 0, 0, 0, 0, 0, 0, 0, 0, 0, 0, 0, 0, 0, 0, 0, 0, 0, 0, 0, 0, 0, 0, 0, 0
24.2734, 0, 0, 0, 1.41421, 0, 0, 0, 0, 0, 0, 0, 0, 0, 0, 0, 0, 0, 0, 0, 0, 0, 0, 0, 0, 0, 0, 0, 0, 0, 0
24.2813, 0, 0, 0, 1.41421, 0, 0, 0, 0, 0, 0, 0, 0, 0, 0, 0, 0, 0, 0, 0, 0, 0, 0, 0, 0, 0, 0, 0, 0, 0, 0
24.2892, 2, 0, 0, 2, 2, 0, 0, 0, 0, 0, 0, 0, 0, 0, 0, 0, 0, 0, 0, 0, 0, 0, 0, 0, 0, 0, 0, 0, 0, 0
24.297, 0, 0, 0, 1.41421, 0, 0, 0, 0, 0, 0, 0, 0, 0, 0, 0, 0, 0, 0, 0, 0, 0, 0, 0, 0, 0, 0, 0, 0, 0, 0
24.3049, 0, 0, 0, 1.41421, 0, 0, 0, 0, 0, 0, 0, 0, 0, 0, 0, 0, 0, 0, 0, 0, 0, 0, 0, 0, 0, 0, 0, 0, 0, 0
24.3128, 0, 0, 0, 1.41421, 0, 0, 0, 0, 0, 0, 0, 0, 0, 0, 0, 0, 0, 0, 0, 0, 0, 0, 0, 0, 0, 0, 0, 0, 0, 0
24.3207, 0, 0, 0, 1.41421, 0, 0, 0, 0, 0, 0, 0, 0, 0, 0, 0, 0, 0, 0, 0, 0, 0, 0, 0, 0, 0, 0, 0, 0, 0, 0
24.3286, 0, 0, 0, 1.41421, 0, 0, 0, 0, 0, 0, 0, 0, 0, 0, 0, 0, 0, 0, 0, 0, 0, 0, 0, 0, 0, 0, 0, 0, 0, 0
24.3364, 0, 0, 0, 1.41421, 0, 0, 0, 0, 0, 0, 0, 0, 0, 0, 0, 0, 0, 0, 0, 0, 0, 0, 0, 0, 0, 0, 0, 0, 0, 0
24.3443, 0, 0, 0, 1.41421, 0, 0, 0, 0, 0, 0, 0, 0, 0, 0, 0, 0, 0, 0, 0, 0, 0, 0, 0, 0, 0, 0, 0, 0, 0, 0
24.3522, 0, 0, 0, 1.41421, 0, 0, 0, 0, 0, 0, 0, 0, 0, 0, 0, 0, 0, 0, 0, 0, 0, 0, 0, 0, 0, 0, 0, 0, 0, 0
24.3601, 0, 0, 0, 1.41421, 0, 0, 0, 0, 0, 0, 0, 0, 0, 0, 0, 0, 0, 0, 0, 0, 0, 0, 0, 0, 0, 0, 0, 0, 0, 0
24.368, 0, 0, 0, 1.41421, 0, 0, 0, 0, 0, 0, 0, 0, 0, 0, 0, 0, 0, 0, 0, 0, 0, 0, 0, 0, 0, 0, 0, 0, 0, 0
24.3758, 0, 0, 0, 1.41421, 0, 0, 0, 0, 0, 0, 0, 0, 0, 0, 0, 0, 0, 0, 0, 0, 0, 0, 0, 0, 0, 0, 0, 0, 0, 0
24.3837, 0, 0, 0, 1.41421, 0, 0, 0, 0, 0, 0, 0, 0, 0, 0, 0, 0, 0, 0, 0, 0, 0, 0, 0, 0, 0, 0, 0, 0, 0, 0
24.3916, 0, 0, 0, 1.41421, 0, 0, 0, 0, 0, 0, 0, 0, 0, 0, 0, 0, 0, 0, 0, 0, 0, 0, 0, 0, 0, 0, 0, 0, 0, 0
24.3995, 0, 0, 0, 1.41421, 0, 0, 0, 0, 0, 0, 0, 0, 0, 0, 0, 0, 0, 0, 0, 0, 0, 0, 0, 0, 0, 0, 0, 0, 0, 0
24.4074, 0, 0, 0, 1.41421, 0, 0, 0, 0, 0, 0, 0, 0, 0, 0, 0, 0, 0, 0, 0, 0, 0, 0, 0, 0, 0, 0, 0, 0, 0, 0
24.4152, 0, 0, 0, 1.41421, 0, 0, 0, 0, 0, 0, 0, 0, 0, 0, 0, 0, 0, 0, 0, 0, 0, 0, 0, 0, 0, 0, 0, 0, 0, 0
24.4231, 0, 0, 0, 1.41421, 0, 0, 0, 0, 0, 0, 0, 0, 0, 0, 0, 0, 0, 0, 0, 0, 0, 0, 0, 0, 0, 0, 0, 0, 0, 0
24.431, 0, 0, 0, 1.41421, 0, 0, 0, 0, 0, 0, 0, 0, 0, 0, 0, 0, 0, 0, 0, 0, 0, 0, 0, 0, 0, 0, 0, 0, 0, 0
24.4389, 0, 0, 0, 1.41421, 0, 0, 0, 0, 0, 0, 0, 0, 0, 0, 0, 0, 0, 0, 0, 0, 0, 0, 0, 0, 0, 0, 0, 0, 0, 0
24.4468, 0, 0, 0, 1.41421, 0, 0, 0, 0, 0, 0, 0, 0, 0, 0, 0, 0, 0, 0, 0, 0, 0, 0, 0, 0, 0, 0, 0, 0, 0, 0
24.4546, 0, 0, 0, 1.41421, 0, 0, 0, 0, 0, 0, 0, 0, 0, 0, 0, 0, 0, 0, 0, 0, 0, 0, 0, 0, 0, 0, 0, 0, 0, 0
24.4625, 0, 0, 0, 1.41421, 0, 0, 0, 0, 0, 0, 0, 0, 0, 0, 0, 0, 0, 0, 0, 0, 0, 0, 0, 0, 0, 0, 0, 0, 0, 0
24.4704, 0, 0, 0, 1.41421, 0, 0, 0, 0, 0, 0, 0, 0, 0, 0, 0, 0, 0, 0, 0, 0, 0, 0, 0, 0, 0, 0, 0, 0, 0, 0
24.4783, 0, 0, 0, 1.41421, 0, 0, 0, 0, 0, 0, 0, 0, 0, 0, 0, 0, 0, 0, 0, 0, 0, 0, 0, 0, 0, 0, 0, 0, 0, 0
24.4862, 0, 0, 0, 1.41421, 0, 0, 0, 0, 0, 0, 0, 0, 0, 0, 0, 0, 0, 0, 0, 0, 0, 0, 0, 0, 0, 0, 0, 0, 0, 0
24.494, 0, 0, 0, 1.41421, 0, 0, 0, 0, 0, 0, 0, 0, 0, 0, 0, 0, 0, 0, 0, 0, 0, 0, 0, 0, 0, 0, 0, 0, 0, 0
24.5019, 0, 0, 0, 1.41421, 0, 0, 0, 0, 0, 0, 0, 0, 0, 0, 0, 0, 0, 0, 0, 0, 0, 0, 0, 0, 0, 0, 0, 0, 0, 0
24.5098, 0, 0, 0, 1.41421, 0, 0, 0, 0, 0, 0, 0, 0, 0, 0, 0, 0, 0, 0, 0, 0, 0, 0, 0, 0, 0, 0, 0, 0, 0, 0
24.5177, 0, 0, 0, 1.41421, 0, 0, 0, 0, 0, 0, 0, 0, 0, 0, 0, 0, 0, 0, 0, 0, 0, 0, 0, 0, 0, 0, 0, 0, 0, 0
24.5256, 0, 0, 0, 1.41421, 0, 0, 0, 0, 0, 0, 0, 0, 0, 0, 0, 0, 0, 0, 0, 0, 0, 0, 0, 0, 0, 0, 0, 0, 0, 0
24.5334, 0, 0, 0, 1.41421, 0, 0, 0, 0, 0, 0, 0, 0, 0, 0, 0, 0, 0, 0, 0, 0, 0, 0, 0, 0, 0, 0, 0, 0, 0, 0
24.5413, 0, 0, 0, 1.41421, 0, 0, 0, 0, 0, 0, 0, 0, 0, 0, 0, 0, 0, 0, 0, 0, 0, 0, 0, 0, 0, 0, 0, 0, 0, 0
24.5492, 0, 0, 0, 1.41421, 0, 0, 0, 0, 0, 0, 0, 0, 0, 0, 0, 0, 0, 0, 0, 0, 0, 0, 0, 0, 0, 0, 0, 0, 0, 0
24.5571, 0, 0, 0, 1.41421, 0, 0, 0, 0, 0, 0, 0, 0, 0, 0, 0, 0, 0, 0, 0, 0, 0, 0, 0, 0, 0, 0, 0, 0, 0, 0
24.565, 0, 0, 0, 1.41421, 0, 0, 0, 0, 0, 0, 0, 0, 0, 0, 0, 0, 0, 0, 0, 0, 0, 0, 0, 0, 0, 0, 0, 0, 0, 0
24.5728, 0, 0, 0, 1.41421, 0, 0, 0, 0, 0, 0, 0, 0, 0, 0, 0, 0, 0, 0, 0, 0, 0, 0, 0, 0, 0, 0, 0, 0, 0, 0
24.5807, 0, 0, 0, 1.41421, 0, 0, 0, 0, 0, 0, 0, 0, 0, 0, 0, 0, 0, 0, 0, 0, 0, 0, 0, 0, 0, 0, 0, 0, 0, 0
24.5886, 0, 0, 0, 1.41421, 0, 0, 0, 0, 0, 0, 0, 0, 0, 0, 0, 0, 0, 0, 0, 0, 0, 0, 0, 0, 0, 0, 0, 0, 0, 0
24.5965, 0, 0, 0, 1.41421, 0, 0, 0, 0, 0, 0, 0, 0, 0, 0, 0, 0, 0, 0, 0, 0, 0, 0, 0, 0, 0, 0, 0, 0, 0, 0
24.6044, 0, 0, 0, 1.41421, 0, 0, 0, 0, 0, 0, 0, 0, 0, 0, 0, 0, 0, 0, 0, 0, 0, 0, 0, 0, 0, 0, 0, 0, 0, 0
24.6122, 0, 0, 0, 1.41421, 0, 0, 0, 0, 0, 0, 0, 0, 0, 0, 0, 0, 0, 0, 0, 0, 0, 0, 0, 0, 0, 0, 0, 0, 0, 0
24.6201, 0, 0, 0, 1.41421, 0, 0, 0, 0, 0, 0, 0, 0, 0, 0, 0, 0, 0, 0, 0, 0, 0, 0, 0, 0, 0, 0, 0, 0, 0, 0
24.628, 0, 0, 0, 1.41421, 0, 0, 0, 0, 0, 0, 0, 0, 0, 0, 0, 0, 0, 0, 0, 0, 0, 0, 0, 0, 0, 0, 0, 0, 0, 0
24.6359, 0, 0, 0, 1.41421, 0, 0, 0, 0, 0, 0, 0, 0, 0, 0, 0, 0, 0, 0, 0, 0, 0, 0, 0, 0, 0, 0, 0, 0, 0, 0
24.6438, 0, 0, 0, 1.41421, 0, 0, 0, 0, 0, 0, 0, 0, 0, 0, 0, 0, 0, 0, 0, 0, 0, 0, 0, 0, 0, 0, 0, 0, 0, 0
24.6516, 0, 0, 0, 1.41421, 0, 0, 0, 0, 0, 0, 0, 0, 0, 0, 0, 0, 0, 0, 0, 0, 0, 0, 0, 0, 0, 0, 0, 0, 0, 0
24.6595, 0, 0, 0, 1.41421, 0, 0, 0, 0, 0, 0, 0, 0, 0, 0, 0, 0, 0, 0, 0, 0, 0, 0, 0, 0, 0, 0, 0, 0, 0, 0
24.6674, 0, 0, 0, 1.41421, 0, 0, 0, 0, 0, 0, 0, 0, 0, 0, 0, 0, 0, 0, 0, 0, 0, 0, 0, 0, 0, 0, 0, 0, 0, 0
24.6753, 0, 0, 0, 1.41421, 0, 0, 0, 0, 0, 0, 0, 0, 0, 0, 0, 0, 0, 0, 0, 0, 0, 0, 0, 0, 0, 0, 0, 0, 0, 0
24.6832, 0, 0, 0, 1.41421, 0, 0, 0, 0, 0, 0, 0, 0, 0, 0, 0, 0, 0, 0, 0, 0, 0, 0, 0, 0, 0, 0, 0, 0, 0, 0
24.691, 0, 0, 0, 1.41421, 0, 0, 0, 0, 0, 0, 0, 0, 0, 0, 0, 0, 0, 0, 0, 0, 0, 0, 0, 0, 0, 0, 0, 0, 0, 0
24.6989, 0, 0, 0, 1.41421, 0, 0, 0, 0, 0, 0, 0, 0, 0, 0, 0, 0, 0, 0, 0, 0, 0, 0, 0, 0, 0, 0, 0, 0, 0, 0
24.7068, 0, 0, 0, 1.41421, 0, 0, 0, 0, 0, 0, 0, 0, 0, 0, 0, 0, 0, 0, 0, 0, 0, 0, 0, 0, 0, 0, 0, 0, 0, 0
24.7147, 0, 0, 0, 1.41421, 0, 0, 0, 0, 0, 0, 0, 0, 0, 0, 0, 0, 0, 0, 0, 0, 0, 0, 0, 0, 0, 0, 0, 0, 0, 0
24.7226, 0, 0, 0, 1.41421, 0, 0, 0, 0, 0, 0, 0, 0, 0, 0, 0, 0, 0, 0, 0, 0, 0, 0, 0, 0, 0, 0, 0, 0, 0, 0
24.7304, 0, 0, 0, 1.41421, 0, 0, 0, 0, 0, 0, 0, 0, 0, 0, 0, 0, 0, 0, 0, 0, 0, 0, 0, 0, 0, 0, 0, 0, 0, 0
24.7383, 0, 0, 0, 1.41421, 0, 0, 0, 0, 0, 0, 0, 0, 0, 0, 0, 0, 0, 0, 0, 0, 0, 0, 0, 0, 0, 0, 0, 0, 0, 0
24.7462, 0, 0, 0, 1.41421, 0, 0, 0, 0, 0, 0, 0, 0, 0, 0, 0, 0, 0, 0, 0, 0, 0, 0, 0, 0, 0, 0, 0, 0, 0, 0
24.7541, 0, 0, 0, 1.41421, 0, 0, 0, 0, 0, 0, 0, 0, 0, 0, 0, 0, 0, 0, 0, 0, 0, 0, 0, 0, 0, 0, 0, 0, 0, 0
24.762, 0, 0, 0, 1.41421, 0, 0, 0, 0, 0, 0, 0, 0, 0, 0, 0, 0, 0, 0, 0, 0, 0, 0, 0, 0, 0, 0, 0, 0, 0, 0
24.7698, 0, 0, 0, 1.41421, 0, 0, 0, 0, 0, 0, 0, 0, 0, 0, 0, 0, 0, 0, 0, 0, 0, 0, 0, 0, 0, 0, 0, 0, 0, 0
24.7777, 0, 0, 0, 1.41421, 0, 0, 0, 0, 0, 0, 0, 0, 0, 0, 0, 0, 0, 0, 0, 0, 0, 0, 0, 0, 0, 0, 0, 0, 0, 0
24.7856, 0, 0, 0, 1.41421, 0, 0, 0, 0, 0, 0, 0, 0, 0, 0, 0, 0, 0, 0, 0, 0, 0, 0, 0, 0, 0, 0, 0, 0, 0, 0
24.7935, 0, 0, 0, 1.41421, 0, 0, 0, 0, 0, 0, 0, 0, 0, 0, 0, 0, 0, 0, 0, 0, 0, 0, 0, 0, 0, 0, 0, 0, 0, 0
24.8014, 0, 0, 0, 1.41421, 0, 0, 0, 0, 0, 0, 0, 0, 0, 0, 0, 0, 0, 0, 0, 0, 0, 0, 0, 0, 0, 0, 0, 0, 0, 0
24.8092, 0, 0, 0, 1.41421, 0, 0, 0, 0, 0, 0, 0, 0, 0, 0, 0, 0, 0, 0, 0, 0, 0, 0, 0, 0, 0, 0, 0, 0, 0, 0
24.8171, 0, 0, 0, 1.41421, 0, 0, 0, 0, 0, 0, 0, 0, 0, 0, 0, 0, 0, 0, 0, 0, 0, 0, 0, 0, 0, 0, 0, 0, 0, 0
24.825, 0, 0, 0, 1.41421, 0, 0, 0, 0, 0, 0, 0, 0, 0, 0, 0, 0, 0, 0, 0, 0, 0, 0, 0, 0, 0, 0, 0, 0, 0, 0
24.8329, 0, 0, 0, 1.41421, 0, 0, 0, 0, 0, 0, 0, 0, 0, 0, 0, 0, 0, 0, 0, 0, 0, 0, 0, 0, 0, 0, 0, 0, 0, 0
24.8408, 0, 0, 0, 1.41421, 0, 0, 0, 0, 0, 0, 0, 0, 0, 0, 0, 0, 0, 0, 0, 0, 0, 0, 0, 0, 0, 0, 0, 0, 0, 0
24.8486, 0, 0, 0, 1.41421, 0, 0, 0, 0, 0, 0, 0, 0, 0, 0, 0, 0, 0, 0, 0, 0, 0, 0, 0, 0, 0, 0, 0, 0, 0, 0
24.8565, 0, 0, 0, 1.41421, 0, 0, 0, 0, 0, 0, 0, 0, 0, 0, 0, 0, 0, 0, 0, 0, 0, 0, 0, 0, 0, 0, 0, 0, 0, 0
24.8644, 0, 0, 0, 1.41421, 0, 0, 0, 0, 0, 0, 0, 0, 0, 0, 0, 0, 0, 0, 0, 0, 0, 0, 0, 0, 0, 0, 0, 0, 0, 0
24.8723, 0, 0, 0, 1.41421, 0, 0, 0, 0, 0, 0, 0, 0, 0, 0, 0, 0, 0, 0, 0, 0, 0, 0, 0, 0, 0, 0, 0, 0, 0, 0
24.8802, 0, 0, 0, 1.41421, 0, 0, 0, 0, 0, 0, 0, 0, 0, 0, 0, 0, 0, 0, 0, 0, 0, 0, 0, 0, 0, 0, 0, 0, 0, 0
24.888, 0, 0, 0, 1.41421, 0, 0, 0, 0, 0, 0, 0, 0, 0, 0, 0, 0, 0, 0, 0, 0, 0, 0, 0, 0, 0, 0, 0, 0, 0, 0
24.8959, 0, 0, 0, 1.41421, 0, 0, 0, 0, 0, 0, 0, 0, 0, 0, 0, 0, 0, 0, 0, 0, 0, 0, 0, 0, 0, 0, 0, 0, 0, 0
24.9038, 0, 0, 0, 1.41421, 0, 0, 0, 0, 0, 0, 0, 0, 0, 0, 0, 0, 0, 0, 0, 0, 0, 0, 0, 0, 0, 0, 0, 0, 0, 0
24.9117, 0, 0, 0, 1.41421, 0, 0, 0, 0, 0, 0, 0, 0, 0, 0, 0, 0, 0, 0, 0, 0, 0, 0, 0, 0, 0, 0, 0, 0, 0, 0
24.9196, 0, 0, 0, 1.41421, 0, 0, 0, 0, 0, 0, 0, 0, 0, 0, 0, 0, 0, 0, 0, 0, 0, 0, 0, 0, 0, 0, 0, 0, 0, 0
24.9274, 0, 0, 0, 1.41421, 0, 0, 0, 0, 0, 0, 0, 0, 0, 0, 0, 0, 0, 0, 0, 0, 0, 0, 0, 0, 0, 0, 0, 0, 0, 0
24.9353, 0, 0, 0, 1.41421, 0, 0, 0, 0, 0, 0, 0, 0, 0, 0, 0, 0, 0, 0, 0, 0, 0, 0, 0, 0, 0, 0, 0, 0, 0, 0
24.9432, 0, 0, 0, 1.41421, 0, 0, 0, 0, 0, 0, 0, 0, 0, 0, 0, 0, 0, 0, 0, 0, 0, 0, 0, 0, 0, 0, 0, 0, 0, 0
24.9511, 0, 0, 0, 1.41421, 0, 0, 0, 0, 0, 0, 0, 0, 0, 0, 0, 0, 0, 0, 0, 0, 0, 0, 0, 0, 0, 0, 0, 0, 0, 0
24.959, 0, 0, 0, 1.41421, 0, 0, 0, 0, 0, 0, 0, 0, 0, 0, 0, 0, 0, 0, 0, 0, 0, 0, 0, 0, 0, 0, 0, 0, 0, 0
24.9668, 0, 0, 0, 1.41421, 0, 0, 0, 0, 0, 0, 0, 0, 0, 0, 0, 0, 0, 0, 0, 0, 0, 0, 0, 0, 0, 0, 0, 0, 0, 0
24.9747, 0, 0, 0, 1.41421, 0, 0, 0, 0, 0, 0, 0, 0, 0, 0, 0, 0, 0, 0, 0, 0, 0, 0, 0, 0, 0, 0, 0, 0, 0, 0
24.9826, 0, 0, 0, 1.41421, 0, 0, 0, 0, 0, 0, 0, 0, 0, 0, 0, 0, 0, 0, 0, 0, 0, 0, 0, 0, 0, 0, 0, 0, 0, 0
24.9905, 0, 0, 0, 1.41421, 0, 0, 0, 0, 0, 0, 0, 0, 0, 0, 0, 0, 0, 0, 0, 0, 0, 0, 0, 0, 0, 0, 0, 0, 0, 0
24.9984, 0, 0, 0, 1.41421, 0, 0, 0, 0, 0, 0, 0, 0, 0, 0, 0, 0, 0, 0, 0, 0, 0, 0, 0, 0, 0, 0, 0, 0, 0, 0
25.0062, 0, 0, 0, 1.41421, 0, 0, 0, 0, 0, 0, 0, 0, 0, 0, 0, 0, 0, 0, 0, 0, 0, 0, 0, 0, 0, 0, 0, 0, 0, 0
25.0141, 0, 0, 0, 1.41421, 0, 0, 0, 0, 0, 0, 0, 0, 0, 0, 0, 0, 0, 0, 0, 0, 0, 0, 0, 0, 0, 0, 0, 0, 0, 0
25.022, 0, 0, 0, 1.41421, 0, 0, 0, 0, 0, 0, 0, 0, 0, 0, 0, 0, 0, 0, 0, 0, 0, 0, 0, 0, 0, 0, 0, 0, 0, 0
25.0299, 0, 0, 0, 1.41421, 0, 0, 0, 0, 0, 0, 0, 0, 0, 0, 0, 0, 0, 0, 0, 0, 0, 0, 0, 0, 0, 0, 0, 0, 0, 0
25.0378, 0, 0, 0, 1.41421, 0, 0, 0, 0, 0, 0, 0, 0, 0, 0, 0, 0, 0, 0, 0, 0, 0, 0, 0, 0, 0, 0, 0, 0, 0, 0
25.0456, 0, 0, 0, 1.41421, 0, 0, 0, 0, 0, 0, 0, 0, 0, 0, 0, 0, 0, 0, 0, 0, 0, 0, 0, 0, 0, 0, 0, 0, 0, 0
25.0535, 0, 0, 0, 1.41421, 0, 0, 0, 0, 0, 0, 0, 0, 0, 0, 0, 0, 0, 0, 0, 0, 0, 0, 0, 0, 0, 0, 0, 0, 0, 0
25.0614, 0, 0, 0, 1.41421, 0, 0, 0, 0, 0, 0, 0, 0, 0, 0, 0, 0, 0, 0, 0, 0, 0, 0, 0, 0, 0, 0, 0, 0, 0, 0
25.0693, 0, 0, 0, 1.41421, 0, 0, 0, 0, 0, 0, 0, 0, 0, 0, 0, 0, 0, 0, 0, 0, 0, 0, 0, 0, 0, 0, 0, 0, 0, 0
25.0772, 0, 0, 0, 1.41421, 0, 0, 0, 0, 0, 0, 0, 0, 0, 0, 0, 0, 0, 0, 0, 0, 0, 0, 0, 0, 0, 0, 0, 0, 0, 0
25.085, 0, 0, 0, 1.41421, 0, 0, 0, 0, 0, 0, 0, 0, 0, 0, 0, 0, 0, 0, 0, 0, 0, 0, 0, 0, 0, 0, 0, 0, 0, 0
25.0929, 0, 0, 0, 1.41421, 0, 0, 0, 0, 0, 0, 0, 0, 0, 0, 0, 0, 0, 0, 0, 0, 0, 0, 0, 0, 0, 0, 0, 0, 0, 0
25.1008, 0, 0, 0, 1.41421, 0, 0, 0, 0, 0, 0, 0, 0, 0, 0, 0, 0, 0, 0, 0, 0, 0, 0, 0, 0, 0, 0, 0, 0, 0, 0
25.1087, 0, 0, 0, 1.41421, 0, 0, 0, 0, 0, 0, 0, 0, 0, 0, 0, 0, 0, 0, 0, 0, 0, 0, 0, 0, 0, 0, 0, 0, 0, 0
25.1166, 0, 0, 0, 1.41421, 0, 0, 0, 0, 0, 0, 0, 0, 0, 0, 0, 0, 0, 0, 0, 0, 0, 0, 0, 0, 0, 0, 0, 0, 0, 0
25.1244, 0, 0, 0, 1.41421, 0, 0, 0, 0, 0, 0, 0, 0, 0, 0, 0, 0, 0, 0, 0, 0, 0, 0, 0, 0, 0, 0, 0, 0, 0, 0
25.1323, 0, 0, 0, 1.41421, 0, 0, 0, 0, 0, 0, 0, 0, 0, 0, 0, 0, 0, 0, 0, 0, 0, 0, 0, 0, 0, 0, 0, 0, 0, 0
25.1402, 0, 0, 0, 1.41421, 0, 0, 0, 0, 0, 0, 0, 0, 0, 0, 0, 0, 0, 0, 0, 0, 0, 0, 0, 0, 0, 0, 0, 0, 0, 0
25.1481, 0, 0, 0, 1.41421, 0, 0, 0, 0, 0, 0, 0, 0, 0, 0, 0, 0, 0, 0, 0, 0, 0, 0, 0, 0, 0, 0, 0, 0, 0, 0
25.156, 0, 0, 0, 1.41421, 0, 0, 0, 0, 0, 0, 0, 0, 0, 0, 0, 0, 0, 0, 0, 0, 0, 0, 0, 0, 0, 0, 0, 0, 0, 0
25.1638, 0, 0, 0, 1.41421, 0, 0, 0, 0, 0, 0, 0, 0, 0, 0, 0, 0, 0, 0, 0, 0, 0, 0, 0, 0, 0, 0, 0, 0, 0, 0
25.1717, 0, 0, 0, 1.41421, 0, 0, 0, 0, 0, 0, 0, 0, 0, 0, 0, 0, 0, 0, 0, 0, 0, 0, 0, 0, 0, 0, 0, 0, 0, 0
25.1796, 0, 0, 0, 1.41421, 0, 0, 0, 0, 0, 0, 0, 0, 0, 0, 0, 0, 0, 0, 0, 0, 0, 0, 0, 0, 0, 0, 0, 0, 0, 0
25.1875, 0, 0, 0, 1.41421, 0, 0, 0, 0, 0, 0, 0, 0, 0, 0, 0, 0, 0, 0, 0, 0, 0, 0, 0, 0, 0, 0, 0, 0, 0, 0
25.1954, 0, 0, 0, 1.41421, 0, 0, 0, 0, 0, 0, 0, 0, 0, 0, 0, 0, 0, 0, 0, 0, 0, 0, 0, 0, 0, 0, 0, 0, 0, 0
25.2032, 0, 0, 0, 1.41421, 0, 0, 0, 0, 0, 0, 0, 0, 0, 0, 0, 0, 0, 0, 0, 0, 0, 0, 0, 0, 0, 0, 0, 0, 0, 0
25.2111, 0, 0, 0, 1.41421, 0, 0, 0, 0, 0, 0, 0, 0, 0, 0, 0, 0, 0, 0, 0, 0, 0, 0, 0, 0, 0, 0, 0, 0, 0, 0
25.219, 0, 0, 0, 1.41421, 0, 0, 0, 0, 0, 0, 0, 0, 0, 0, 0, 0, 0, 0, 0, 0, 0, 0, 0, 0, 0, 0, 0, 0, 0, 0
25.2269, 0, 0, 0, 1.41421, 0, 0, 0, 0, 0, 0, 0, 0, 0, 0, 0, 0, 0, 0, 0, 0, 0, 0, 0, 0, 0, 0, 0, 0, 0, 0
25.2348, 0, 0, 0, 1.41421, 0, 0, 0, 0, 0, 0, 0, 0, 0, 0, 0, 0, 0, 0, 0, 0, 0, 0, 0, 0, 0, 0, 0, 0, 0, 0
25.2426, 0, 0, 0, 1.41421, 0, 0, 0, 0, 0, 0, 0, 0, 0, 0, 0, 0, 0, 0, 0, 0, 0, 0, 0, 0, 0, 0, 0, 0, 0, 0
25.2505, 0, 0, 0, 1.41421, 0, 0, 0, 0, 0, 0, 0, 0, 0, 0, 0, 0, 0, 0, 0, 0, 0, 0, 0, 0, 0, 0, 0, 0, 0, 0
25.2584, 0, 0, 0, 1.41421, 0, 0, 0, 0, 0, 0, 0, 0, 0, 0, 0, 0, 0, 0, 0, 0, 0, 0, 0, 0, 0, 0, 0, 0, 0, 0
25.2663, 0, 0, 0, 1.41421, 0, 0, 0, 0, 0, 0, 0, 0, 0, 0, 0, 0, 0, 0, 0, 0, 0, 0, 0, 0, 0, 0, 0, 0, 0, 0
25.2742, 0, 0, 0, 1.41421, 0, 0, 0, 0, 0, 0, 0, 0, 0, 0, 0, 0, 0, 0, 0, 0, 0, 0, 0, 0, 0, 0, 0, 0, 0, 0
25.282, 0, 0, 0, 1.41421, 0, 0, 0, 0, 0, 0, 0, 0, 0, 0, 0, 0, 0, 0, 0, 0, 0, 0, 0, 0, 0, 0, 0, 0, 0, 0
25.2899, 0, 0, 0, 1.41421, 0, 0, 0, 0, 0, 0, 0, 0, 0, 0, 0, 0, 0, 0, 0, 0, 0, 0, 0, 0, 0, 0, 0, 0, 0, 0
25.2978, 0, 0, 0, 1.41421, 0, 0, 0, 0, 0, 0, 0, 0, 0, 0, 0, 0, 0, 0, 0, 0, 0, 0, 0, 0, 0, 0, 0, 0, 0, 0
25.3057, 0, 0, 0, 1.41421, 0, 0, 0, 0, 0, 0, 0, 0, 0, 0, 0, 0, 0, 0, 0, 0, 0, 0, 0, 0, 0, 0, 0, 0, 0, 0
25.3136, 0, 0, 0, 1.41421, 0, 0, 0, 0, 0, 0, 0, 0, 0, 0, 0, 0, 0, 0, 0, 0, 0, 0, 0, 0, 0, 0, 0, 0, 0, 0
25.3214, 0, 0, 0, 1.41421, 0, 0, 0, 0, 0, 0, 0, 0, 0, 0, 0, 0, 0, 0, 0, 0, 0, 0, 0, 0, 0, 0, 0, 0, 0, 0
25.3293, 0, 0, 0, 1.41421, 0, 0, 0, 0, 0, 0, 0, 0, 0, 0, 0, 0, 0, 0, 0, 0, 0, 0, 0, 0, 0, 0, 0, 0, 0, 0
25.3372, 0, 0, 0, 1.41421, 0, 0, 0, 0, 0, 0, 0, 0, 0, 0, 0, 0, 0, 0, 0, 0, 0, 0, 0, 0, 0, 0, 0, 0, 0, 0
25.3451, 0, 0, 0, 1.41421, 0, 0, 0, 0, 0, 0, 0, 0, 0, 0, 0, 0, 0, 0, 0, 0, 0, 0, 0, 0, 0, 0, 0, 0, 0, 0
25.353, 0, 0, 0, 1.41421, 0, 0, 0, 0, 0, 0, 0, 0, 0, 0, 0, 0, 0, 0, 0, 0, 0, 0, 0, 0, 0, 0, 0, 0, 0, 0
25.3608, 0, 0, 0, 1.41421, 0, 0, 0, 0, 0, 0, 0, 0, 0, 0, 0, 0, 0, 0, 0, 0, 0, 0, 0, 0, 0, 0, 0, 0, 0, 0
25.3687, 0, 0, 0, 1.41421, 0, 0, 0, 0, 0, 0, 0, 0, 0, 0, 0, 0, 0, 0, 0, 0, 0, 0, 0, 0, 0, 0, 0, 0, 0, 0
25.3766, 0, 0, 0, 1.41421, 0, 0, 0, 0, 0, 0, 0, 0, 0, 0, 0, 0, 0, 0, 0, 0, 0, 0, 0, 0, 0, 0, 0, 0, 0, 0
25.3845, 0, 0, 0, 1.41421, 0, 0, 0, 0, 0, 0, 0, 0, 0, 0, 0, 0, 0, 0, 0, 0, 0, 0, 0, 0, 0, 0, 0, 0, 0, 0
25.3924, 0, 0, 0, 1.41421, 0, 0, 0, 0, 0, 0, 0, 0, 0, 0, 0, 0, 0, 0, 0, 0, 0, 0, 0, 0, 0, 0, 0, 0, 0, 0
25.4002, 0, 0, 0, 1.41421, 0, 0, 0, 0, 0, 0, 0, 0, 0, 0, 0, 0, 0, 0, 0, 0, 0, 0, 0, 0, 0, 0, 0, 0, 0, 0
25.4081, 0, 0, 0, 1.41421, 0, 0, 0, 0, 0, 0, 0, 0, 0, 0, 0, 0, 0, 0, 0, 0, 0, 0, 0, 0, 0, 0, 0, 0, 0, 0
25.416, 0, 0, 0, 1.41421, 0, 0, 0, 0, 0, 0, 0, 0, 0, 0, 0, 0, 0, 0, 0, 0, 0, 0, 0, 0, 0, 0, 0, 0, 0, 0
25.4239, 0, 0, 0, 1.41421, 0, 0, 0, 0, 0, 0, 0, 0, 0, 0, 0, 0, 0, 0, 0, 0, 0, 0, 0, 0, 0, 0, 0, 0, 0, 0
25.4318, 0, 0, 0, 1.41421, 0, 0, 0, 0, 0, 0, 0, 0, 0, 0, 0, 0, 0, 0, 0, 0, 0, 0, 0, 0, 0, 0, 0, 0, 0, 0
25.4396, 0, 0, 0, 1.41421, 0, 0, 0, 0, 0, 0, 0, 0, 0, 0, 0, 0, 0, 0, 0, 0, 0, 0, 0, 0, 0, 0, 0, 0, 0, 0
25.4475, 0, 0, 0, 1.41421, 0, 0, 0, 0, 0, 0, 0, 0, 0, 0, 0, 0, 0, 0, 0, 0, 0, 0, 0, 0, 0, 0, 0, 0, 0, 0
25.4554, 0, 0, 0, 1.41421, 0, 0, 0, 0, 0, 0, 0, 0, 0, 0, 0, 0, 0, 0, 0, 0, 0, 0, 0, 0, 0, 0, 0, 0, 0, 0
25.4633, 0, 0, 0, 1.41421, 0, 0, 0, 0, 0, 0, 0, 0, 0, 0, 0, 0, 0, 0, 0, 0, 0, 0, 0, 0, 0, 0, 0, 0, 0, 0
25.4712, 0, 0, 0, 1.41421, 0, 0, 0, 0, 0, 0, 0, 0, 0, 0, 0, 0, 0, 0, 0, 0, 0, 0, 0, 0, 0, 0, 0, 0, 0, 0
25.479, 0, 0, 0, 1.41421, 0, 0, 0, 0, 0, 0, 0, 0, 0, 0, 0, 0, 0, 0, 0, 0, 0, 0, 0, 0, 0, 0, 0, 0, 0, 0
25.4869, 0, 0, 0, 1.41421, 0, 0, 0, 0, 0, 0, 0, 0, 0, 0, 0, 0, 0, 0, 0, 0, 0, 0, 0, 0, 0, 0, 0, 0, 0, 0
25.4948, 0, 0, 0, 1.41421, 0, 0, 0, 0, 0, 0, 0, 0, 0, 0, 0, 0, 0, 0, 0, 0, 0, 0, 0, 0, 0, 0, 0, 0, 0, 0
25.5027, 0, 0, 0, 1.41421, 0, 0, 0, 0, 0, 0, 0, 0, 0, 0, 0, 0, 0, 0, 0, 0, 0, 0, 0, 0, 0, 0, 0, 0, 0, 0
25.5106, 0, 0, 0, 1.41421, 0, 0, 0, 0, 0, 0, 0, 0, 0, 0, 0, 0, 0, 0, 0, 0, 0, 0, 0, 0, 0, 0, 0, 0, 0, 0
25.5184, 0, 0, 0, 1.41421, 0, 0, 0, 0, 0, 0, 0, 0, 0, 0, 0, 0, 0, 0, 0, 0, 0, 0, 0, 0, 0, 0, 0, 0, 0, 0
25.5263, 0, 0, 0, 1.41421, 0, 0, 0, 0, 0, 0, 0, 0, 0, 0, 0, 0, 0, 0, 0, 0, 0, 0, 0, 0, 0, 0, 0, 0, 0, 0
25.5342, 0, 0, 0, 1.41421, 0, 0, 0, 0, 0, 0, 0, 0, 0, 0, 0, 0, 0, 0, 0, 0, 0, 0, 0, 0, 0, 0, 0, 0, 0, 0
25.5421, 0, 0, 0, 1.41421, 0, 0, 0, 0, 0, 0, 0, 0, 0, 0, 0, 0, 0, 0, 0, 0, 0, 0, 0, 0, 0, 0, 0, 0, 0, 0
25.55, 0, 0, 0, 1.41421, 0, 0, 0, 0, 0, 0, 0, 0, 0, 0, 0, 0, 0, 0, 0, 0, 0, 0, 0, 0, 0, 0, 0, 0, 0, 0
25.5578, 0, 0, 0, 1.41421, 0, 0, 0, 0, 0, 0, 0, 0, 0, 0, 0, 0, 0, 0, 0, 0, 0, 0, 0, 0, 0, 0, 0, 0, 0, 0
25.5657, 0, 0, 0, 1.41421, 0, 0, 0, 0, 0, 0, 0, 0, 0, 0, 0, 0, 0, 0, 0, 0, 0, 0, 0, 0, 0, 0, 0, 0, 0, 0
25.5736, 0, 0, 0, 1.41421, 0, 0, 0, 0, 0, 0, 0, 0, 0, 0, 0, 0, 0, 0, 0, 0, 0, 0, 0, 0, 0, 0, 0, 0, 0, 0
25.5815, 0, 0, 0, 1.41421, 0, 0, 0, 0, 0, 0, 0, 0, 0, 0, 0, 0, 0, 0, 0, 0, 0, 0, 0, 0, 0, 0, 0, 0, 0, 0
25.5894, 0, 0, 0, 1.41421, 0, 0, 0, 0, 0, 0, 0, 0, 0, 0, 0, 0, 0, 0, 0, 0, 0, 0, 0, 0, 0, 0, 0, 0, 0, 0
25.5972, 0, 0, 0, 1.41421, 0, 0, 0, 0, 0, 0, 0, 0, 0, 0, 0, 0, 0, 0, 0, 0, 0, 0, 0, 0, 0, 0, 0, 0, 0, 0
25.6051, 0, 0, 0, 1.41421, 0, 0, 0, 0, 0, 0, 0, 0, 0, 0, 0, 0, 0, 0, 0, 0, 0, 0, 0, 0, 0, 0, 0, 0, 0, 0
25.613, 0, 0, 0, 1.41421, 0, 0, 0, 0, 0, 0, 0, 0, 0, 0, 0, 0, 0, 0, 0, 0, 0, 0, 0, 0, 0, 0, 0, 0, 0, 0
25.6209, 0, 0, 0, 1.41421, 0, 0, 0, 0, 0, 0, 0, 0, 0, 0, 0, 0, 0, 0, 0, 0, 0, 0, 0, 0, 0, 0, 0, 0, 0, 0
25.6288, 0, 0, 0, 1.41421, 0, 0, 0, 0, 0, 0, 0, 0, 0, 0, 0, 0, 0, 0, 0, 0, 0, 0, 0, 0, 0, 0, 0, 0, 0, 0
25.6366, 0, 0, 0, 1.41421, 0, 0, 0, 0, 0, 0, 0, 0, 0, 0, 0, 0, 0, 0, 0, 0, 0, 0, 0, 0, 0, 0, 0, 0, 0, 0
25.6445, 0, 0, 0, 1.41421, 0, 0, 0, 0, 0, 0, 0, 0, 0, 0, 0, 0, 0, 0, 0, 0, 0, 0, 0, 0, 0, 0, 0, 0, 0, 0
25.6524, 0, 0, 0, 1.41421, 0, 0, 0, 0, 0, 0, 0, 0, 0, 0, 0, 0, 0, 0, 0, 0, 0, 0, 0, 0, 0, 0, 0, 0, 0, 0
25.6603, 0, 0, 0, 1.41421, 0, 0, 0, 0, 0, 0, 0, 0, 0, 0, 0, 0, 0, 0, 0, 0, 0, 0, 0, 0, 0, 0, 0, 0, 0, 0
25.6682, 0, 0, 0, 1.41421, 0, 0, 0, 0, 0, 0, 0, 0, 0, 0, 0, 0, 0, 0, 0, 0, 0, 0, 0, 0, 0, 0, 0, 0, 0, 0
25.676, 0, 0, 0, 1.41421, 0, 0, 0, 0, 0, 0, 0, 0, 0, 0, 0, 0, 0, 0, 0, 0, 0, 0, 0, 0, 0, 0, 0, 0, 0, 0
25.6839, 0, 0, 0, 1.41421, 0, 0, 0, 0, 0, 0, 0, 0, 0, 0, 0, 0, 0, 0, 0, 0, 0, 0, 0, 0, 0, 0, 0, 0, 0, 0
25.6918, 0, 0, 0, 1.41421, 0, 0, 0, 0, 0, 0, 0, 0, 0, 0, 0, 0, 0, 0, 0, 0, 0, 0, 0, 0, 0, 0, 0, 0, 0, 0
25.6997, 0, 0, 0, 1.41421, 0, 0, 0, 0, 0, 0, 0, 0, 0, 0, 0, 0, 0, 0, 0, 0, 0, 0, 0, 0, 0, 0, 0, 0, 0, 0
25.7076, 0, 0, 0, 1.41421, 0, 0, 0, 0, 0, 0, 0, 0, 0, 0, 0, 0, 0, 0, 0, 0, 0, 0, 0, 0, 0, 0, 0, 0, 0, 0
25.7154, 0, 0, 0, 1.41421, 0, 0, 0, 0, 0, 0, 0, 0, 0, 0, 0, 0, 0, 0, 0, 0, 0, 0, 0, 0, 0, 0, 0, 0, 0, 0
25.7233, 0, 0, 0, 1.41421, 0, 0, 0, 0, 0, 0, 0, 0, 0, 0, 0, 0, 0, 0, 0, 0, 0, 0, 0, 0, 0, 0, 0, 0, 0, 0
25.7312, 0, 0, 0, 1.41421, 0, 0, 0, 0, 0, 0, 0, 0, 0, 0, 0, 0, 0, 0, 0, 0, 0, 0, 0, 0, 0, 0, 0, 0, 0, 0
25.7391, 0, 0, 0, 1.41421, 0, 0, 0, 0, 0, 0, 0, 0, 0, 0, 0, 0, 0, 0, 0, 0, 0, 0, 0, 0, 0, 0, 0, 0, 0, 0
25.747, 0, 0, 0, 1.41421, 0, 0, 0, 0, 0, 0, 0, 0, 0, 0, 0, 0, 0, 0, 0, 0, 0, 0, 0, 0, 0, 0, 0, 0, 0, 0
25.7548, 0, 0, 0, 1.41421, 0, 0, 0, 0, 0, 0, 0, 0, 0, 0, 0, 0, 0, 0, 0, 0, 0, 0, 0, 0, 0, 0, 0, 0, 0, 0
25.7627, 0, 0, 0, 1.41421, 0, 0, 0, 0, 0, 0, 0, 0, 0, 0, 0, 0, 0, 0, 0, 0, 0, 0, 0, 0, 0, 0, 0, 0, 0, 0
25.7706, 0, 0, 0, 1.41421, 0, 0, 0, 0, 0, 0, 0, 0, 0, 0, 0, 0, 0, 0, 0, 0, 0, 0, 0, 0, 0, 0, 0, 0, 0, 0
25.7785, 0, 0, 0, 1.41421, 0, 0, 0, 0, 0, 0, 0, 0, 0, 0, 0, 0, 0, 0, 0, 0, 0, 0, 0, 0, 0, 0, 0, 0, 0, 0
25.7864, 0, 0, 0, 1.41421, 0, 0, 0, 0, 0, 0, 0, 0, 0, 0, 0, 0, 0, 0, 0, 0, 0, 0, 0, 0, 0, 0, 0, 0, 0, 0
25.7942, 0, 0, 0, 1.41421, 0, 0, 0, 0, 0, 0, 0, 0, 0, 0, 0, 0, 0, 0, 0, 0, 0, 0, 0, 0, 0, 0, 0, 0, 0, 0
25.8021, 0, 0, 0, 1.41421, 0, 0, 0, 0, 0, 0, 0, 0, 0, 0, 0, 0, 0, 0, 0, 0, 0, 0, 0, 0, 0, 0, 0, 0, 0, 0
25.81, 0, 0, 0, 1.41421, 0, 0, 0, 0, 0, 0, 0, 0, 0, 0, 0, 0, 0, 0, 0, 0, 0, 0, 0, 0, 0, 0, 0, 0, 0, 0
25.8179, 0, 0, 0, 1.41421, 0, 0, 0, 0, 0, 0, 0, 0, 0, 0, 0, 0, 0, 0, 0, 0, 0, 0, 0, 0, 0, 0, 0, 0, 0, 0
25.8258, 0, 0, 0, 1.41421, 0, 0, 0, 0, 0, 0, 0, 0, 0, 0, 0, 0, 0, 0, 0, 0, 0, 0, 0, 0, 0, 0, 0, 0, 0, 0
25.8336, 0, 0, 0, 1.41421, 0, 0, 0, 0, 0, 0, 0, 0, 0, 0, 0, 0, 0, 0, 0, 0, 0, 0, 0, 0, 0, 0, 0, 0, 0, 0
25.8415, 0, 0, 0, 1.41421, 0, 0, 0, 0, 0, 0, 0, 0, 0, 0, 0, 0, 0, 0, 0, 0, 0, 0, 0, 0, 0, 0, 0, 0, 0, 0
25.8494, 0, 0, 0, 1.41421, 0, 0, 0, 0, 0, 0, 0, 0, 0, 0, 0, 0, 0, 0, 0, 0, 0, 0, 0, 0, 0, 0, 0, 0, 0, 0
25.8573, 0, 0, 0, 1.41421, 0, 0, 0, 0, 0, 0, 0, 0, 0, 0, 0, 0, 0, 0, 0, 0, 0, 0, 0, 0, 0, 0, 0, 0, 0, 0
25.8652, 0, 0, 0, 1.41421, 0, 0, 0, 0, 0, 0, 0, 0, 0, 0, 0, 0, 0, 0, 0, 0, 0, 0, 0, 0, 0, 0, 0, 0, 0, 0
25.873, 0, 0, 0, 1.41421, 0, 0, 0, 0, 0, 0, 0, 0, 0, 0, 0, 0, 0, 0, 0, 0, 0, 0, 0, 0, 0, 0, 0, 0, 0, 0
25.8809, 0, 0, 0, 1.41421, 0, 0, 0, 0, 0, 0, 0, 0, 0, 0, 0, 0, 0, 0, 0, 0, 0, 0, 0, 0, 0, 0, 0, 0, 0, 0
25.8888, 0, 0, 0, 1.41421, 0, 0, 0, 0, 0, 0, 0, 0, 0, 0, 0, 0, 0, 0, 0, 0, 0, 0, 0, 0, 0, 0, 0, 0, 0, 0
25.8967, 0, 0, 0, 1.41421, 0, 0, 0, 0, 0, 0, 0, 0, 0, 0, 0, 0, 0, 0, 0, 0, 0, 0, 0, 0, 0, 0, 0, 0, 0, 0
25.9046, 0, 0, 0, 1.41421, 0, 0, 0, 0, 0, 0, 0, 0, 0, 0, 0, 0, 0, 0, 0, 0, 0, 0, 0, 0, 0, 0, 0, 0, 0, 0
25.9124, 0, 0, 0, 1.41421, 0, 0, 0, 0, 0, 0, 0, 0, 0, 0, 0, 0, 0, 0, 0, 0, 0, 0, 0, 0, 0, 0, 0, 0, 0, 0
25.9203, 0, 0, 0, 1.41421, 0, 0, 0, 0, 0, 0, 0, 0, 0, 0, 0, 0, 0, 0, 0, 0, 0, 0, 0, 0, 0, 0, 0, 0, 0, 0
25.9282, 0, 0, 0, 1.41421, 0, 0, 0, 0, 0, 0, 0, 0, 0, 0, 0, 0, 0, 0, 0, 0, 0, 0, 0, 0, 0, 0, 0, 0, 0, 0
25.9361, 0, 0, 0, 1.41421, 0, 0, 0, 0, 0, 0, 0, 0, 0, 0, 0, 0, 0, 0, 0, 0, 0, 0, 0, 0, 0, 0, 0, 0, 0, 0
25.944, 0, 0, 0, 1.41421, 0, 0, 0, 0, 0, 0, 0, 0, 0, 0, 0, 0, 0, 0, 0, 0, 0, 0, 0, 0, 0, 0, 0, 0, 0, 0
25.9518, 0, 0, 0, 1.41421, 0, 0, 0, 0, 0, 0, 0, 0, 0, 0, 0, 0, 0, 0, 0, 0, 0, 0, 0, 0, 0, 0, 0, 0, 0, 0
25.9597, 0, 0, 0, 1.41421, 0, 0, 0, 0, 0, 0, 0, 0, 0, 0, 0, 0, 0, 0, 0, 0, 0, 0, 0, 0, 0, 0, 0, 0, 0, 0
25.9676, 0, 0, 0, 1.41421, 0, 0, 0, 0, 0, 0, 0, 0, 0, 0, 0, 0, 0, 0, 0, 0, 0, 0, 0, 0, 0, 0, 0, 0, 0, 0
25.9755, 0, 0, 0, 1.41421, 0, 0, 0, 0, 0, 0, 0, 0, 0, 0, 0, 0, 0, 0, 0, 0, 0, 0, 0, 0, 0, 0, 0, 0, 0, 0
25.9834, 0, 0, 0, 1.41421, 0, 0, 0, 0, 0, 0, 0, 0, 0, 0, 0, 0, 0, 0, 0, 0, 0, 0, 0, 0, 0, 0, 0, 0, 0, 0
25.9912, 0, 0, 0, 1.41421, 0, 0, 0, 0, 0, 0, 0, 0, 0, 0, 0, 0, 0, 0, 0, 0, 0, 0, 0, 0, 0, 0, 0, 0, 0, 0
25.9991, 0, 0, 0, 1.41421, 0, 0, 0, 0, 0, 0, 0, 0, 0, 0, 0, 0, 0, 0, 0, 0, 0, 0, 0, 0, 0, 0, 0, 0, 0, 0
26.007, 0, 0, 0, 1.41421, 0, 0, 0, 0, 0, 0, 0, 0, 0, 0, 0, 0, 0, 0, 0, 0, 0, 0, 0, 0, 0, 0, 0, 0, 0, 0
26.0149, 0, 0, 0, 1.41421, 0, 0, 0, 0, 0, 0, 0, 0, 0, 0, 0, 0, 0, 0, 0, 0, 0, 0, 0, 0, 0, 0, 0, 0, 0, 0
26.0228, 0, 0, 0, 1.41421, 0, 0, 0, 0, 0, 0, 0, 0, 0, 0, 0, 0, 0, 0, 0, 0, 0, 0, 0, 0, 0, 0, 0, 0, 0, 0
26.0306, 0, 0, 0, 1.41421, 0, 0, 0, 0, 0, 0, 0, 0, 0, 0, 0, 0, 0, 0, 0, 0, 0, 0, 0, 0, 0, 0, 0, 0, 0, 0
26.0385, 0, 0, 0, 1.41421, 0, 0, 0, 0, 0, 0, 0, 0, 0, 0, 0, 0, 0, 0, 0, 0, 0, 0, 0, 0, 0, 0, 0, 0, 0, 0
26.0464, 0, 0, 0, 1.41421, 0, 0, 0, 0, 0, 0, 0, 0, 0, 0, 0, 0, 0, 0, 0, 0, 0, 0, 0, 0, 0, 0, 0, 0, 0, 0
26.0543, 0, 0, 0, 1.41421, 0, 0, 0, 0, 0, 0, 0, 0, 0, 0, 0, 0, 0, 0, 0, 0, 0, 0, 0, 0, 0, 0, 0, 0, 0, 0
26.0622, 0, 0, 0, 1.41421, 0, 0, 0, 0, 0, 0, 0, 0, 0, 0, 0, 0, 0, 0, 0, 0, 0, 0, 0, 0, 0, 0, 0, 0, 0, 0
26.07, 0, 0, 0, 1.41421, 0, 0, 0, 0, 0, 0, 0, 0, 0, 0, 0, 0, 0, 0, 0, 0, 0, 0, 0, 0, 0, 0, 0, 0, 0, 0
26.0779, 0, 0, 0, 1.41421, 0, 0, 0, 0, 0, 0, 0, 0, 0, 0, 0, 0, 0, 0, 0, 0, 0, 0, 0, 0, 0, 0, 0, 0, 0, 0
26.0858, 0, 0, 0, 1.41421, 0, 0, 0, 0, 0, 0, 0, 0, 0, 0, 0, 0, 0, 0, 0, 0, 0, 0, 0, 0, 0, 0, 0, 0, 0, 0
26.0937, 0, 0, 0, 1.41421, 0, 0, 0, 0, 0, 0, 0, 0, 0, 0, 0, 0, 0, 0, 0, 0, 0, 0, 0, 0, 0, 0, 0, 0, 0, 0
26.1016, 0, 0, 0, 1.41421, 0, 0, 0, 0, 0, 0, 0, 0, 0, 0, 0, 0, 0, 0, 0, 0, 0, 0, 0, 0, 0, 0, 0, 0, 0, 0
26.1094, 0, 0, 0, 1.41421, 0, 0, 0, 0, 0, 0, 0, 0, 0, 0, 0, 0, 0, 0, 0, 0, 0, 0, 0, 0, 0, 0, 0, 0, 0, 0
26.1173, 0, 0, 0, 1.41421, 0, 0, 0, 0, 0, 0, 0, 0, 0, 0, 0, 0, 0, 0, 0, 0, 0, 0, 0, 0, 0, 0, 0, 0, 0, 0
26.1252, 0, 0, 0, 1.41421, 0, 0, 0, 0, 0, 0, 0, 0, 0, 0, 0, 0, 0, 0, 0, 0, 0, 0, 0, 0, 0, 0, 0, 0, 0, 0
26.1331, 0, 0, 0, 1.41421, 0, 0, 0, 0, 0, 0, 0, 0, 0, 0, 0, 0, 0, 0, 0, 0, 0, 0, 0, 0, 0, 0, 0, 0, 0, 0
26.141, 0, 0, 0, 1.41421, 0, 0, 0, 0, 0, 0, 0, 0, 0, 0, 0, 0, 0, 0, 0, 0, 0, 0, 0, 0, 0, 0, 0, 0, 0, 0
26.1488, 0, 0, 0, 1.41421, 0, 0, 0, 0, 0, 0, 0, 0, 0, 0, 0, 0, 0, 0, 0, 0, 0, 0, 0, 0, 0, 0, 0, 0, 0, 0
26.1567, 0, 0, 0, 1.41421, 0, 0, 0, 0, 0, 0, 0, 0, 0, 0, 0, 0, 0, 0, 0, 0, 0, 0, 0, 0, 0, 0, 0, 0, 0, 0
26.1646, 0, 0, 0, 1.41421, 0, 0, 0, 0, 0, 0, 0, 0, 0, 0, 0, 0, 0, 0, 0, 0, 0, 0, 0, 0, 0, 0, 0, 0, 0, 0
26.1725, 0, 0, 0, 1.41421, 0, 0, 0, 0, 0, 0, 0, 0, 0, 0, 0, 0, 0, 0, 0, 0, 0, 0, 0, 0, 0, 0, 0, 0, 0, 0
26.1804, 0, 0, 0, 1.41421, 0, 0, 0, 0, 0, 0, 0, 0, 0, 0, 0, 0, 0, 0, 0, 0, 0, 0, 0, 0, 0, 0, 0, 0, 0, 0
26.1882, 0, 0, 0, 1.41421, 0, 0, 0, 0, 0, 0, 0, 0, 0, 0, 0, 0, 0, 0, 0, 0, 0, 0, 0, 0, 0, 0, 0, 0, 0, 0
26.1961, 0, 0, 0, 1.41421, 0, 0, 0, 0, 0, 0, 0, 0, 0, 0, 0, 0, 0, 0, 0, 0, 0, 0, 0, 0, 0, 0, 0, 0, 0, 0
26.204, 0, 0, 0, 1.41421, 0, 0, 0, 0, 0, 0, 0, 0, 0, 0, 0, 0, 0, 0, 0, 0, 0, 0, 0, 0, 0, 0, 0, 0, 0, 0
26.2119, 0, 0, 0, 1.41421, 0, 0, 0, 0, 0, 0, 0, 0, 0, 0, 0, 0, 0, 0, 0, 0, 0, 0, 0, 0, 0, 0, 0, 0, 0, 0
26.2198, 0, 0, 0, 1.41421, 0, 0, 0, 0, 0, 0, 0, 0, 0, 0, 0, 0, 0, 0, 0, 0, 0, 0, 0, 0, 0, 0, 0, 0, 0, 0
26.2276, 0, 0, 0, 1.41421, 0, 0, 0, 0, 0, 0, 0, 0, 0, 0, 0, 0, 0, 0, 0, 0, 0, 0, 0, 0, 0, 0, 0, 0, 0, 0
26.2355, 0, 0, 0, 1.41421, 0, 0, 0, 0, 0, 0, 0, 0, 0, 0, 0, 0, 0, 0, 0, 0, 0, 0, 0, 0, 0, 0, 0, 0, 0, 0
26.2434, 0, 0, 0, 1.41421, 0, 0, 0, 0, 0, 0, 0, 0, 0, 0, 0, 0, 0, 0, 0, 0, 0, 0, 0, 0, 0, 0, 0, 0, 0, 0
26.2513, 0, 0, 0, 1.41421, 0, 0, 0, 0, 0, 0, 0, 0, 0, 0, 0, 0, 0, 0, 0, 0, 0, 0, 0, 0, 0, 0, 0, 0, 0, 0
26.2592, 0, 0, 0, 1.41421, 0, 0, 0, 0, 0, 0, 0, 0, 0, 0, 0, 0, 0, 0, 0, 0, 0, 0, 0, 0, 0, 0, 0, 0, 0, 0
26.267, 0, 0, 0, 1.41421, 0, 0, 0, 0, 0, 0, 0, 0, 0, 0, 0, 0, 0, 0, 0, 0, 0, 0, 0, 0, 0, 0, 0, 0, 0, 0
26.2749, 0, 0, 0, 1.41421, 0, 0, 0, 0, 0, 0, 0, 0, 0, 0, 0, 0, 0, 0, 0, 0, 0, 0, 0, 0, 0, 0, 0, 0, 0, 0
26.2828, 0, 0, 0, 1.41421, 0, 0, 0, 0, 0, 0, 0, 0, 0, 0, 0, 0, 0, 0, 0, 0, 0, 0, 0, 0, 0, 0, 0, 0, 0, 0
26.2907, 0, 0, 0, 1.41421, 0, 0, 0, 0, 0, 0, 0, 0, 0, 0, 0, 0, 0, 0, 0, 0, 0, 0, 0, 0, 0, 0, 0, 0, 0, 0
26.2986, 0, 0, 0, 1.41421, 0, 0, 0, 0, 0, 0, 0, 0, 0, 0, 0, 0, 0, 0, 0, 0, 0, 0, 0, 0, 0, 0, 0, 0, 0, 0
26.3064, 0, 0, 0, 1.41421, 0, 0, 0, 0, 0, 0, 0, 0, 0, 0, 0, 0, 0, 0, 0, 0, 0, 0, 0, 0, 0, 0, 0, 0, 0, 0
26.3143, 0, 0, 0, 1.41421, 0, 0, 0, 0, 0, 0, 0, 0, 0, 0, 0, 0, 0, 0, 0, 0, 0, 0, 0, 0, 0, 0, 0, 0, 0, 0
26.3222, 0, 0, 0, 1.41421, 0, 0, 0, 0, 0, 0, 0, 0, 0, 0, 0, 0, 0, 0, 0, 0, 0, 0, 0, 0, 0, 0, 0, 0, 0, 0
26.3301, 0, 0, 0, 1.41421, 0, 0, 0, 0, 0, 0, 0, 0, 0, 0, 0, 0, 0, 0, 0, 0, 0, 0, 0, 0, 0, 0, 0, 0, 0, 0
26.338, 0, 0, 0, 1.41421, 0, 0, 0, 0, 0, 0, 0, 0, 0, 0, 0, 0, 0, 0, 0, 0, 0, 0, 0, 0, 0, 0, 0, 0, 0, 0
26.3458, 0, 0, 0, 1.41421, 0, 0, 0, 0, 0, 0, 0, 0, 0, 0, 0, 0, 0, 0, 0, 0, 0, 0, 0, 0, 0, 0, 0, 0, 0, 0
26.3537, 0, 0, 0, 1.41421, 0, 0, 0, 0, 0, 0, 0, 0, 0, 0, 0, 0, 0, 0, 0, 0, 0, 0, 0, 0, 0, 0, 0, 0, 0, 0
26.3616, 0, 0, 0, 1.41421, 0, 0, 0, 0, 0, 0, 0, 0, 0, 0, 0, 0, 0, 0, 0, 0, 0, 0, 0, 0, 0, 0, 0, 0, 0, 0
26.3695, 0, 0, 0, 1.41421, 0, 0, 0, 0, 0, 0, 0, 0, 0, 0, 0, 0, 0, 0, 0, 0, 0, 0, 0, 0, 0, 0, 0, 0, 0, 0
26.3774, 0, 0, 0, 1.41421, 0, 0, 0, 0, 0, 0, 0, 0, 0, 0, 0, 0, 0, 0, 0, 0, 0, 0, 0, 0, 0, 0, 0, 0, 0, 0
26.3852, 0, 0, 0, 1.41421, 0, 0, 0, 0, 0, 0, 0, 0, 0, 0, 0, 0, 0, 0, 0, 0, 0, 0, 0, 0, 0, 0, 0, 0, 0, 0
26.3931, 0, 0, 0, 1.41421, 0, 0, 0, 0, 0, 0, 0, 0, 0, 0, 0, 0, 0, 0, 0, 0, 0, 0, 0, 0, 0, 0, 0, 0, 0, 0
26.401, 0, 0, 0, 1.41421, 0, 0, 0, 0, 0, 0, 0, 0, 0, 0, 0, 0, 0, 0, 0, 0, 0, 0, 0, 0, 0, 0, 0, 0, 0, 0
26.4089, 0, 0, 0, 1.41421, 0, 0, 0, 0, 0, 0, 0, 0, 0, 0, 0, 0, 0, 0, 0, 0, 0, 0, 0, 0, 0, 0, 0, 0, 0, 0
26.4168, 0, 0, 0, 1.41421, 0, 0, 0, 0, 0, 0, 0, 0, 0, 0, 0, 0, 0, 0, 0, 0, 0, 0, 0, 0, 0, 0, 0, 0, 0, 0
26.4246, 0, 0, 0, 1.41421, 0, 0, 0, 0, 0, 0, 0, 0, 0, 0, 0, 0, 0, 0, 0, 0, 0, 0, 0, 0, 0, 0, 0, 0, 0, 0
26.4325, 0, 0, 0, 1.41421, 0, 0, 0, 0, 0, 0, 0, 0, 0, 0, 0, 0, 0, 0, 0, 0, 0, 0, 0, 0, 0, 0, 0, 0, 0, 0
26.4404, 0, 0, 0, 1.41421, 0, 0, 0, 0, 0, 0, 0, 0, 0, 0, 0, 0, 0, 0, 0, 0, 0, 0, 0, 0, 0, 0, 0, 0, 0, 0
26.4483, 0, 0, 0, 1.41421, 0, 0, 0, 0, 0, 0, 0, 0, 0, 0, 0, 0, 0, 0, 0, 0, 0, 0, 0, 0, 0, 0, 0, 0, 0, 0
26.4562, 0, 0, 0, 1.41421, 0, 0, 0, 0, 0, 0, 0, 0, 0, 0, 0, 0, 0, 0, 0, 0, 0, 0, 0, 0, 0, 0, 0, 0, 0, 0
26.464, 0, 0, 0, 1.41421, 0, 0, 0, 0, 0, 0, 0, 0, 0, 0, 0, 0, 0, 0, 0, 0, 0, 0, 0, 0, 0, 0, 0, 0, 0, 0
26.4719, 0, 0, 0, 1.41421, 0, 0, 0, 0, 0, 0, 0, 0, 0, 0, 0, 0, 0, 0, 0, 0, 0, 0, 0, 0, 0, 0, 0, 0, 0, 0
26.4798, 0, 0, 0, 1.41421, 0, 0, 0, 0, 0, 0, 0, 0, 0, 0, 0, 0, 0, 0, 0, 0, 0, 0, 0, 0, 0, 0, 0, 0, 0, 0
26.4877, 0, 0, 0, 1.41421, 0, 0, 0, 0, 0, 0, 0, 0, 0, 0, 0, 0, 0, 0, 0, 0, 0, 0, 0, 0, 0, 0, 0, 0, 0, 0
26.4956, 0, 0, 0, 1.41421, 0, 0, 0, 0, 0, 0, 0, 0, 0, 0, 0, 0, 0, 0, 0, 0, 0, 0, 0, 0, 0, 0, 0, 0, 0, 0
26.5034, 0, 0, 0, 1.41421, 0, 0, 0, 0, 0, 0, 0, 0, 0, 0, 0, 0, 0, 0, 0, 0, 0, 0, 0, 0, 0, 0, 0, 0, 0, 0
26.5113, 0, 0, 0, 1.41421, 0, 0, 0, 0, 0, 0, 0, 0, 0, 0, 0, 0, 0, 0, 0, 0, 0, 0, 0, 0, 0, 0, 0, 0, 0, 0
26.5192, 0, 0, 0, 1.41421, 0, 0, 0, 0, 0, 0, 0, 0, 0, 0, 0, 0, 0, 0, 0, 0, 0, 0, 0, 0, 0, 0, 0, 0, 0, 0
26.5271, 0, 0, 0, 1.41421, 0, 0, 0, 0, 0, 0, 0, 0, 0, 0, 0, 0, 0, 0, 0, 0, 0, 0, 0, 0, 0, 0, 0, 0, 0, 0
26.535, 0, 0, 0, 1.41421, 0, 0, 0, 0, 0, 0, 0, 0, 0, 0, 0, 0, 0, 0, 0, 0, 0, 0, 0, 0, 0, 0, 0, 0, 0, 0
26.5428, 0, 0, 0, 1.41421, 0, 0, 0, 0, 0, 0, 0, 0, 0, 0, 0, 0, 0, 0, 0, 0, 0, 0, 0, 0, 0, 0, 0, 0, 0, 0
26.5507, 0, 0, 0, 1.41421, 0, 0, 0, 0, 0, 0, 0, 0, 0, 0, 0, 0, 0, 0, 0, 0, 0, 0, 0, 0, 0, 0, 0, 0, 0, 0
26.5586, 0, 0, 0, 1.41421, 0, 0, 0, 0, 0, 0, 0, 0, 0, 0, 0, 0, 0, 0, 0, 0, 0, 0, 0, 0, 0, 0, 0, 0, 0, 0
26.5665, 0, 0, 0, 1.41421, 0, 0, 0, 0, 0, 0, 0, 0, 0, 0, 0, 0, 0, 0, 0, 0, 0, 0, 0, 0, 0, 0, 0, 0, 0, 0
26.5744, 0, 0, 0, 1.41421, 0, 0, 0, 0, 0, 0, 0, 0, 0, 0, 0, 0, 0, 0, 0, 0, 0, 0, 0, 0, 0, 0, 0, 0, 0, 0
26.5822, 0, 0, 0, 1.41421, 0, 0, 0, 0, 0, 0, 0, 0, 0, 0, 0, 0, 0, 0, 0, 0, 0, 0, 0, 0, 0, 0, 0, 0, 0, 0
26.5901, 0, 0, 0, 1.41421, 0, 0, 0, 0, 0, 0, 0, 0, 0, 0, 0, 0, 0, 0, 0, 0, 0, 0, 0, 0, 0, 0, 0, 0, 0, 0
26.598, 0, 0, 0, 1.41421, 0, 0, 0, 0, 0, 0, 0, 0, 0, 0, 0, 0, 0, 0, 0, 0, 0, 0, 0, 0, 0, 0, 0, 0, 0, 0
26.6059, 0, 0, 0, 1.41421, 0, 0, 0, 0, 0, 0, 0, 0, 0, 0, 0, 0, 0, 0, 0, 0, 0, 0, 0, 0, 0, 0, 0, 0, 0, 0
26.6138, 0, 0, 0, 1.41421, 0, 0, 0, 0, 0, 0, 0, 0, 0, 0, 0, 0, 0, 0, 0, 0, 0, 0, 0, 0, 0, 0, 0, 0, 0, 0
26.6216, 0, 0, 0, 1.41421, 0, 0, 0, 0, 0, 0, 0, 0, 0, 0, 0, 0, 0, 0, 0, 0, 0, 0, 0, 0, 0, 0, 0, 0, 0, 0
26.6295, 0, 0, 0, 1.41421, 0, 0, 0, 0, 0, 0, 0, 0, 0, 0, 0, 0, 0, 0, 0, 0, 0, 0, 0, 0, 0, 0, 0, 0, 0, 0
26.6374, 0, 0, 0, 1.41421, 0, 0, 0, 0, 0, 0, 0, 0, 0, 0, 0, 0, 0, 0, 0, 0, 0, 0, 0, 0, 0, 0, 0, 0, 0, 0
26.6453, 0, 0, 0, 1.41421, 0, 0, 0, 0, 0, 0, 0, 0, 0, 0, 0, 0, 0, 0, 0, 0, 0, 0, 0, 0, 0, 0, 0, 0, 0, 0
26.6532, 0, 0, 0, 1.41421, 0, 0, 0, 0, 0, 0, 0, 0, 0, 0, 0, 0, 0, 0, 0, 0, 0, 0, 0, 0, 0, 0, 0, 0, 0, 0
26.661, 0, 0, 0, 1.41421, 0, 0, 0, 0, 0, 0, 0, 0, 0, 0, 0, 0, 0, 0, 0, 0, 0, 0, 0, 0, 0, 0, 0, 0, 0, 0
26.6689, 0, 0, 0, 1.41421, 0, 0, 0, 0, 0, 0, 0, 0, 0, 0, 0, 0, 0, 0, 0, 0, 0, 0, 0, 0, 0, 0, 0, 0, 0, 0
26.6768, 0, 0, 0, 1.41421, 0, 0, 0, 0, 0, 0, 0, 0, 0, 0, 0, 0, 0, 0, 0, 0, 0, 0, 0, 0, 0, 0, 0, 0, 0, 0
26.6847, 0, 0, 0, 1.41421, 0, 0, 0, 0, 0, 0, 0, 0, 0, 0, 0, 0, 0, 0, 0, 0, 0, 0, 0, 0, 0, 0, 0, 0, 0, 0
26.6926, 0, 0, 0, 1.41421, 0, 0, 0, 0, 0, 0, 0, 0, 0, 0, 0, 0, 0, 0, 0, 0, 0, 0, 0, 0, 0, 0, 0, 0, 0, 0
26.7004, 0, 0, 0, 1.41421, 0, 0, 0, 0, 0, 0, 0, 0, 0, 0, 0, 0, 0, 0, 0, 0, 0, 0, 0, 0, 0, 0, 0, 0, 0, 0
26.7083, 0, 0, 0, 1.41421, 0, 0, 0, 0, 0, 0, 0, 0, 0, 0, 0, 0, 0, 0, 0, 0, 0, 0, 0, 0, 0, 0, 0, 0, 0, 0
26.7162, 0, 0, 0, 1.41421, 0, 0, 0, 0, 0, 0, 0, 0, 0, 0, 0, 0, 0, 0, 0, 0, 0, 0, 0, 0, 0, 0, 0, 0, 0, 0
26.7241, 0, 0, 0, 1.41421, 0, 0, 0, 0, 0, 0, 0, 0, 0, 0, 0, 0, 0, 0, 0, 0, 0, 0, 0, 0, 0, 0, 0, 0, 0, 0
26.732, 0, 0, 0, 1.41421, 0, 0, 0, 0, 0, 0, 0, 0, 0, 0, 0, 0, 0, 0, 0, 0, 0, 0, 0, 0, 0, 0, 0, 0, 0, 0
26.7398, 0, 0, 0, 1.41421, 0, 0, 0, 0, 0, 0, 0, 0, 0, 0, 0, 0, 0, 0, 0, 0, 0, 0, 0, 0, 0, 0, 0, 0, 0, 0
26.7477, 0, 0, 0, 1.41421, 0, 0, 0, 0, 0, 0, 0, 0, 0, 0, 0, 0, 0, 0, 0, 0, 0, 0, 0, 0, 0, 0, 0, 0, 0, 0
26.7556, 0, 0, 0, 1.41421, 0, 0, 0, 0, 0, 0, 0, 0, 0, 0, 0, 0, 0, 0, 0, 0, 0, 0, 0, 0, 0, 0, 0, 0, 0, 0
26.7635, 0, 0, 0, 1.41421, 0, 0, 0, 0, 0, 0, 0, 0, 0, 0, 0, 0, 0, 0, 0, 0, 0, 0, 0, 0, 0, 0, 0, 0, 0, 0
26.7714, 0, 0, 0, 1.41421, 0, 0, 0, 0, 0, 0, 0, 0, 0, 0, 0, 0, 0, 0, 0, 0, 0, 0, 0, 0, 0, 0, 0, 0, 0, 0
26.7792, 0, 0, 0, 1.41421, 0, 0, 0, 0, 0, 0, 0, 0, 0, 0, 0, 0, 0, 0, 0, 0, 0, 0, 0, 0, 0, 0, 0, 0, 0, 0
26.7871, 0, 0, 0, 1.41421, 0, 0, 0, 0, 0, 0, 0, 0, 0, 0, 0, 0, 0, 0, 0, 0, 0, 0, 0, 0, 0, 0, 0, 0, 0, 0
26.795, 0, 0, 0, 1.41421, 0, 0, 0, 0, 0, 0, 0, 0, 0, 0, 0, 0, 0, 0, 0, 0, 0, 0, 0, 0, 0, 0, 0, 0, 0, 0
26.8029, 0, 0, 0, 1.41421, 0, 0, 0, 0, 0, 0, 0, 0, 0, 0, 0, 0, 0, 0, 0, 0, 0, 0, 0, 0, 0, 0, 0, 0, 0, 0
26.8108, 0, 0, 0, 1.41421, 0, 0, 0, 0, 0, 0, 0, 0, 0, 0, 0, 0, 0, 0, 0, 0, 0, 0, 0, 0, 0, 0, 0, 0, 0, 0
26.8186, 0, 0, 0, 1.41421, 0, 0, 0, 0, 0, 0, 0, 0, 0, 0, 0, 0, 0, 0, 0, 0, 0, 0, 0, 0, 0, 0, 0, 0, 0, 0
26.8265, 0, 0, 0, 1.41421, 0, 0, 0, 0, 0, 0, 0, 0, 0, 0, 0, 0, 0, 0, 0, 0, 0, 0, 0, 0, 0, 0, 0, 0, 0, 0
26.8344, 0, 0, 0, 1.41421, 0, 0, 0, 0, 0, 0, 0, 0, 0, 0, 0, 0, 0, 0, 0, 0, 0, 0, 0, 0, 0, 0, 0, 0, 0, 0
26.8423, 0, 0, 0, 1.41421, 0, 0, 0, 0, 0, 0, 0, 0, 0, 0, 0, 0, 0, 0, 0, 0, 0, 0, 0, 0, 0, 0, 0, 0, 0, 0
26.8502, 0, 0, 0, 1.41421, 0, 0, 0, 0, 0, 0, 0, 0, 0, 0, 0, 0, 0, 0, 0, 0, 0, 0, 0, 0, 0, 0, 0, 0, 0, 0
26.858, 0, 0, 0, 1.41421, 0, 0, 0, 0, 0, 0, 0, 0, 0, 0, 0, 0, 0, 0, 0, 0, 0, 0, 0, 0, 0, 0, 0, 0, 0, 0
26.8659, 0, 0, 0, 1.41421, 0, 0, 0, 0, 0, 0, 0, 0, 0, 0, 0, 0, 0, 0, 0, 0, 0, 0, 0, 0, 0, 0, 0, 0, 0, 0
26.8738, 0, 0, 0, 1.41421, 0, 0, 0, 0, 0, 0, 0, 0, 0, 0, 0, 0, 0, 0, 0, 0, 0, 0, 0, 0, 0, 0, 0, 0, 0, 0
26.8817, 0, 0, 0, 1.41421, 0, 0, 0, 0, 0, 0, 0, 0, 0, 0, 0, 0, 0, 0, 0, 0, 0, 0, 0, 0, 0, 0, 0, 0, 0, 0
26.8896, 0, 0, 0, 1.41421, 0, 0, 0, 0, 0, 0, 0, 0, 0, 0, 0, 0, 0, 0, 0, 0, 0, 0, 0, 0, 0, 0, 0, 0, 0, 0
26.8974, 0, 0, 0, 1.41421, 0, 0, 0, 0, 0, 0, 0, 0, 0, 0, 0, 0, 0, 0, 0, 0, 0, 0, 0, 0, 0, 0, 0, 0, 0, 0
26.9053, 0, 0, 0, 1.41421, 0, 0, 0, 0, 0, 0, 0, 0, 0, 0, 0, 0, 0, 0, 0, 0, 0, 0, 0, 0, 0, 0, 0, 0, 0, 0
26.9132, 0, 0, 0, 1.41421, 0, 0, 0, 0, 0, 0, 0, 0, 0, 0, 0, 0, 0, 0, 0, 0, 0, 0, 0, 0, 0, 0, 0, 0, 0, 0
26.9211, 0, 0, 0, 1.41421, 0, 0, 0, 0, 0, 0, 0, 0, 0, 0, 0, 0, 0, 0, 0, 0, 0, 0, 0, 0, 0, 0, 0, 0, 0, 0
26.929, 0, 0, 0, 1.41421, 0, 0, 0, 0, 0, 0, 0, 0, 0, 0, 0, 0, 0, 0, 0, 0, 0, 0, 0, 0, 0, 0, 0, 0, 0, 0
26.9368, 0, 0, 0, 1.41421, 0, 0, 0, 0, 0, 0, 0, 0, 0, 0, 0, 0, 0, 0, 0, 0, 0, 0, 0, 0, 0, 0, 0, 0, 0, 0
26.9447, 0, 0, 0, 1.41421, 0, 0, 0, 0, 0, 0, 0, 0, 0, 0, 0, 0, 0, 0, 0, 0, 0, 0, 0, 0, 0, 0, 0, 0, 0, 0
26.9526, 0, 0, 0, 1.41421, 0, 0, 0, 0, 0, 0, 0, 0, 0, 0, 0, 0, 0, 0, 0, 0, 0, 0, 0, 0, 0, 0, 0, 0, 0, 0
26.9605, 0, 0, 0, 1.41421, 0, 0, 0, 0, 0, 0, 0, 0, 0, 0, 0, 0, 0, 0, 0, 0, 0, 0, 0, 0, 0, 0, 0, 0, 0, 0
26.9684, 0, 0, 0, 1.41421, 0, 0, 0, 0, 0, 0, 0, 0, 0, 0, 0, 0, 0, 0, 0, 0, 0, 0, 0, 0, 0, 0, 0, 0, 0, 0
26.9762, 0, 0, 0, 1.41421, 0, 0, 0, 0, 0, 0, 0, 0, 0, 0, 0, 0, 0, 0, 0, 0, 0, 0, 0, 0, 0, 0, 0, 0, 0, 0
26.9841, 0, 0, 0, 1.41421, 0, 0, 0, 0, 0, 0, 0, 0, 0, 0, 0, 0, 0, 0, 0, 0, 0, 0, 0, 0, 0, 0, 0, 0, 0, 0
26.992, 0, 0, 0, 1.41421, 0, 0, 0, 0, 0, 0, 0, 0, 0, 0, 0, 0, 0, 0, 0, 0, 0, 0, 0, 0, 0, 0, 0, 0, 0, 0
26.9999, 0, 0, 0, 1.41421, 0, 0, 0, 0, 0, 0, 0, 0, 0, 0, 0, 0, 0, 0, 0, 0, 0, 0, 0, 0, 0, 0, 0, 0, 0, 0
27.0078, 0, 0, 0, 1.41421, 0, 0, 0, 0, 0, 0, 0, 0, 0, 0, 0, 0, 0, 0, 0, 0, 0, 0, 0, 0, 0, 0, 0, 0, 0, 0
27.0156, 0, 0, 0, 1.41421, 0, 0, 0, 0, 0, 0, 0, 0, 0, 0, 0, 0, 0, 0, 0, 0, 0, 0, 0, 0, 0, 0, 0, 0, 0, 0
27.0235, 0, 0, 0, 1.41421, 0, 0, 0, 0, 0, 0, 0, 0, 0, 0, 0, 0, 0, 0, 0, 0, 0, 0, 0, 0, 0, 0, 0, 0, 0, 0
27.0314, 0, 0, 0, 1.41421, 0, 0, 0, 0, 0, 0, 0, 0, 0, 0, 0, 0, 0, 0, 0, 0, 0, 0, 0, 0, 0, 0, 0, 0, 0, 0
27.0393, 0, 0, 0, 1.41421, 0, 0, 0, 0, 0, 0, 0, 0, 0, 0, 0, 0, 0, 0, 0, 0, 0, 0, 0, 0, 0, 0, 0, 0, 0, 0
27.0472, 0, 0, 0, 1.41421, 0, 0, 0, 0, 0, 0, 0, 0, 0, 0, 0, 0, 0, 0, 0, 0, 0, 0, 0, 0, 0, 0, 0, 0, 0, 0
27.055, 0, 0, 0, 1.41421, 0, 0, 0, 0, 0, 0, 0, 0, 0, 0, 0, 0, 0, 0, 0, 0, 0, 0, 0, 0, 0, 0, 0, 0, 0, 0
27.0629, 0, 0, 0, 1.41421, 0, 0, 0, 0, 0, 0, 0, 0, 0, 0, 0, 0, 0, 0, 0, 0, 0, 0, 0, 0, 0, 0, 0, 0, 0, 0
27.0708, 0, 0, 0, 1.41421, 0, 0, 0, 0, 0, 0, 0, 0, 0, 0, 0, 0, 0, 0, 0, 0, 0, 0, 0, 0, 0, 0, 0, 0, 0, 0
27.0787, 0, 0, 0, 1.41421, 0, 0, 0, 0, 0, 0, 0, 0, 0, 0, 0, 0, 0, 0, 0, 0, 0, 0, 0, 0, 0, 0, 0, 0, 0, 0
27.0866, 0, 0, 0, 1.41421, 0, 0, 0, 0, 0, 0, 0, 0, 0, 0, 0, 0, 0, 0, 0, 0, 0, 0, 0, 0, 0, 0, 0, 0, 0, 0
27.0944, 0, 0, 0, 1.41421, 0, 0, 0, 0, 0, 0, 0, 0, 0, 0, 0, 0, 0, 0, 0, 0, 0, 0, 0, 0, 0, 0, 0, 0, 0, 0
27.1023, 0, 0, 0, 1.41421, 0, 0, 0, 0, 0, 0, 0, 0, 0, 0, 0, 0, 0, 0, 0, 0, 0, 0, 0, 0, 0, 0, 0, 0, 0, 0
27.1102, 0, 0, 0, 1.41421, 0, 0, 0, 0, 0, 0, 0, 0, 0, 0, 0, 0, 0, 0, 0, 0, 0, 0, 0, 0, 0, 0, 0, 0, 0, 0
27.1181, 0, 0, 0, 1.41421, 0, 0, 0, 0, 0, 0, 0, 0, 0, 0, 0, 0, 0, 0, 0, 0, 0, 0, 0, 0, 0, 0, 0, 0, 0, 0
27.126, 0, 0, 0, 1.41421, 0, 0, 0, 0, 0, 0, 0, 0, 0, 0, 0, 0, 0, 0, 0, 0, 0, 0, 0, 0, 0, 0, 0, 0, 0, 0
27.1338, 0, 0, 0, 1.41421, 0, 0, 0, 0, 0, 0, 0, 0, 0, 0, 0, 0, 0, 0, 0, 0, 0, 0, 0, 0, 0, 0, 0, 0, 0, 0
27.1417, 0, 0, 0, 1.41421, 0, 0, 0, 0, 0, 0, 0, 0, 0, 0, 0, 0, 0, 0, 0, 0, 0, 0, 0, 0, 0, 0, 0, 0, 0, 0
27.1496, 0, 0, 0, 1.41421, 0, 0, 0, 0, 0, 0, 0, 0, 0, 0, 0, 0, 0, 0, 0, 0, 0, 0, 0, 0, 0, 0, 0, 0, 0, 0
27.1575, 0, 0, 0, 1.41421, 0, 0, 0, 0, 0, 0, 0, 0, 0, 0, 0, 0, 0, 0, 0, 0, 0, 0, 0, 0, 0, 0, 0, 0, 0, 0
27.1654, 0, 0, 0, 1.41421, 0, 0, 0, 0, 0, 0, 0, 0, 0, 0, 0, 0, 0, 0, 0, 0, 0, 0, 0, 0, 0, 0, 0, 0, 0, 0
27.1732, 0, 0, 0, 1.41421, 0, 0, 0, 0, 0, 0, 0, 0, 0, 0, 0, 0, 0, 0, 0, 0, 0, 0, 0, 0, 0, 0, 0, 0, 0, 0
27.1811, 0, 0, 0, 1.41421, 0, 0, 0, 0, 0, 0, 0, 0, 0, 0, 0, 0, 0, 0, 0, 0, 0, 0, 0, 0, 0, 0, 0, 0, 0, 0
27.189, 0, 0, 0, 1.41421, 0, 0, 0, 0, 0, 0, 0, 0, 0, 0, 0, 0, 0, 0, 0, 0, 0, 0, 0, 0, 0, 0, 0, 0, 0, 0
27.1969, 0, 0, 0, 1.41421, 0, 0, 0, 0, 0, 0, 0, 0, 0, 0, 0, 0, 0, 0, 0, 0, 0, 0, 0, 0, 0, 0, 0, 0, 0, 0
27.2048, 0, 0, 0, 1.41421, 0, 0, 0, 0, 0, 0, 0, 0, 0, 0, 0, 0, 0, 0, 0, 0, 0, 0, 0, 0, 0, 0, 0, 0, 0, 0
27.2126, 0, 0, 0, 1.41421, 0, 0, 0, 0, 0, 0, 0, 0, 0, 0, 0, 0, 0, 0, 0, 0, 0, 0, 0, 0, 0, 0, 0, 0, 0, 0
27.2205, 0, 0, 0, 1.41421, 0, 0, 0, 0, 0, 0, 0, 0, 0, 0, 0, 0, 0, 0, 0, 0, 0, 0, 0, 0, 0, 0, 0, 0, 0, 0
27.2284, 0, 0, 0, 1.41421, 0, 0, 0, 0, 0, 0, 0, 0, 0, 0, 0, 0, 0, 0, 0, 0, 0, 0, 0, 0, 0, 0, 0, 0, 0, 0
27.2363, 0, 0, 0, 1.41421, 0, 0, 0, 0, 0, 0, 0, 0, 0, 0, 0, 0, 0, 0, 0, 0, 0, 0, 0, 0, 0, 0, 0, 0, 0, 0
27.2442, 0, 0, 0, 1.41421, 0, 0, 0, 0, 0, 0, 0, 0, 0, 0, 0, 0, 0, 0, 0, 0, 0, 0, 0, 0, 0, 0, 0, 0, 0, 0
27.252, 0, 0, 0, 1.41421, 0, 0, 0, 0, 0, 0, 0, 0, 0, 0, 0, 0, 0, 0, 0, 0, 0, 0, 0, 0, 0, 0, 0, 0, 0, 0
27.2599, 0, 0, 0, 1.41421, 0, 0, 0, 0, 0, 0, 0, 0, 0, 0, 0, 0, 0, 0, 0, 0, 0, 0, 0, 0, 0, 0, 0, 0, 0, 0
27.2678, 0, 0, 0, 1.41421, 0, 0, 0, 0, 0, 0, 0, 0, 0, 0, 0, 0, 0, 0, 0, 0, 0, 0, 0, 0, 0, 0, 0, 0, 0, 0
27.2757, 0, 0, 0, 1.41421, 0, 0, 0, 0, 0, 0, 0, 0, 0, 0, 0, 0, 0, 0, 0, 0, 0, 0, 0, 0, 0, 0, 0, 0, 0, 0
27.2836, 0, 0, 0, 1.41421, 0, 0, 0, 0, 0, 0, 0, 0, 0, 0, 0, 0, 0, 0, 0, 0, 0, 0, 0, 0, 0, 0, 0, 0, 0, 0
27.2914, 0, 0, 0, 1.41421, 0, 0, 0, 0, 0, 0, 0, 0, 0, 0, 0, 0, 0, 0, 0, 0, 0, 0, 0, 0, 0, 0, 0, 0, 0, 0
27.2993, 0, 0, 0, 1.41421, 0, 0, 0, 0, 0, 0, 0, 0, 0, 0, 0, 0, 0, 0, 0, 0, 0, 0, 0, 0, 0, 0, 0, 0, 0, 0
27.3072, 0, 0, 0, 1.41421, 0, 0, 0, 0, 0, 0, 0, 0, 0, 0, 0, 0, 0, 0, 0, 0, 0, 0, 0, 0, 0, 0, 0, 0, 0, 0
27.3151, 0, 0, 0, 1.41421, 0, 0, 0, 0, 0, 0, 0, 0, 0, 0, 0, 0, 0, 0, 0, 0, 0, 0, 0, 0, 0, 0, 0, 0, 0, 0
27.323, 0, 0, 0, 1.41421, 0, 0, 0, 0, 0, 0, 0, 0, 0, 0, 0, 0, 0, 0, 0, 0, 0, 0, 0, 0, 0, 0, 0, 0, 0, 0
27.3308, 0, 0, 0, 1.41421, 0, 0, 0, 0, 0, 0, 0, 0, 0, 0, 0, 0, 0, 0, 0, 0, 0, 0, 0, 0, 0, 0, 0, 0, 0, 0
27.3387, 0, 0, 0, 1.41421, 0, 0, 0, 0, 0, 0, 0, 0, 0, 0, 0, 0, 0, 0, 0, 0, 0, 0, 0, 0, 0, 0, 0, 0, 0, 0
27.3466, 0, 0, 0, 1.41421, 0, 0, 0, 0, 0, 0, 0, 0, 0, 0, 0, 0, 0, 0, 0, 0, 0, 0, 0, 0, 0, 0, 0, 0, 0, 0
27.3545, 0, 0, 0, 1.41421, 0, 0, 0, 0, 0, 0, 0, 0, 0, 0, 0, 0, 0, 0, 0, 0, 0, 0, 0, 0, 0, 0, 0, 0, 0, 0
27.3624, 0, 0, 0, 1.41421, 0, 0, 0, 0, 0, 0, 0, 0, 0, 0, 0, 0, 0, 0, 0, 0, 0, 0, 0, 0, 0, 0, 0, 0, 0, 0
27.3702, 0, 0, 0, 1.41421, 0, 0, 0, 0, 0, 0, 0, 0, 0, 0, 0, 0, 0, 0, 0, 0, 0, 0, 0, 0, 0, 0, 0, 0, 0, 0
27.3781, 0, 0, 0, 1.41421, 0, 0, 0, 0, 0, 0, 0, 0, 0, 0, 0, 0, 0, 0, 0, 0, 0, 0, 0, 0, 0, 0, 0, 0, 0, 0
27.386, 0, 0, 0, 1.41421, 0, 0, 0, 0, 0, 0, 0, 0, 0, 0, 0, 0, 0, 0, 0, 0, 0, 0, 0, 0, 0, 0, 0, 0, 0, 0
27.3939, 0, 0, 0, 1.41421, 0, 0, 0, 0, 0, 0, 0, 0, 0, 0, 0, 0, 0, 0, 0, 0, 0, 0, 0, 0, 0, 0, 0, 0, 0, 0
27.4018, 0, 0, 0, 1.41421, 0, 0, 0, 0, 0, 0, 0, 0, 0, 0, 0, 0, 0, 0, 0, 0, 0, 0, 0, 0, 0, 0, 0, 0, 0, 0
27.4096, 0, 0, 0, 1.41421, 0, 0, 0, 0, 0, 0, 0, 0, 0, 0, 0, 0, 0, 0, 0, 0, 0, 0, 0, 0, 0, 0, 0, 0, 0, 0
27.4175, 0, 0, 0, 1.41421, 0, 0, 0, 0, 0, 0, 0, 0, 0, 0, 0, 0, 0, 0, 0, 0, 0, 0, 0, 0, 0, 0, 0, 0, 0, 0
27.4254, 0, 0, 0, 1.41421, 0, 0, 0, 0, 0, 0, 0, 0, 0, 0, 0, 0, 0, 0, 0, 0, 0, 0, 0, 0, 0, 0, 0, 0, 0, 0
27.4333, 0, 0, 0, 1.41421, 0, 0, 0, 0, 0, 0, 0, 0, 0, 0, 0, 0, 0, 0, 0, 0, 0, 0, 0, 0, 0, 0, 0, 0, 0, 0
27.4412, 0, 0, 0, 1.41421, 0, 0, 0, 0, 0, 0, 0, 0, 0, 0, 0, 0, 0, 0, 0, 0, 0, 0, 0, 0, 0, 0, 0, 0, 0, 0
27.449, 0, 0, 0, 1.41421, 0, 0, 0, 0, 0, 0, 0, 0, 0, 0, 0, 0, 0, 0, 0, 0, 0, 0, 0, 0, 0, 0, 0, 0, 0, 0
27.4569, 0, 0, 0, 1.41421, 0, 0, 0, 0, 0, 0, 0, 0, 0, 0, 0, 0, 0, 0, 0, 0, 0, 0, 0, 0, 0, 0, 0, 0, 0, 0
27.4648, 0, 0, 0, 1.41421, 0, 0, 0, 0, 0, 0, 0, 0, 0, 0, 0, 0, 0, 0, 0, 0, 0, 0, 0, 0, 0, 0, 0, 0, 0, 0
27.4727, 0, 0, 0, 1.41421, 0, 0, 0, 0, 0, 0, 0, 0, 0, 0, 0, 0, 0, 0, 0, 0, 0, 0, 0, 0, 0, 0, 0, 0, 0, 0
27.4806, 0, 0, 0, 1.41421, 0, 0, 0, 0, 0, 0, 0, 0, 0, 0, 0, 0, 0, 0, 0, 0, 0, 0, 0, 0, 0, 0, 0, 0, 0, 0
27.4884, 0, 0, 0, 1.41421, 0, 0, 0, 0, 0, 0, 0, 0, 0, 0, 0, 0, 0, 0, 0, 0, 0, 0, 0, 0, 0, 0, 0, 0, 0, 0
27.4963, 0, 0, 0, 1.41421, 0, 0, 0, 0, 0, 0, 0, 0, 0, 0, 0, 0, 0, 0, 0, 0, 0, 0, 0, 0, 0, 0, 0, 0, 0, 0
27.5042, 0, 0, 0, 1.41421, 0, 0, 0, 0, 0, 0, 0, 0, 0, 0, 0, 0, 0, 0, 0, 0, 0, 0, 0, 0, 0, 0, 0, 0, 0, 0
27.5121, 0, 0, 0, 1.41421, 0, 0, 0, 0, 0, 0, 0, 0, 0, 0, 0, 0, 0, 0, 0, 0, 0, 0, 0, 0, 0, 0, 0, 0, 0, 0
27.52, 0, 0, 0, 1.41421, 0, 0, 0, 0, 0, 0, 0, 0, 0, 0, 0, 0, 0, 0, 0, 0, 0, 0, 0, 0, 0, 0, 0, 0, 0, 0
27.5278, 0, 0, 0, 1.41421, 0, 0, 0, 0, 0, 0, 0, 0, 0, 0, 0, 0, 0, 0, 0, 0, 0, 0, 0, 0, 0, 0, 0, 0, 0, 0
27.5357, 0, 0, 0, 1.41421, 0, 0, 0, 0, 0, 0, 0, 0, 0, 0, 0, 0, 0, 0, 0, 0, 0, 0, 0, 0, 0, 0, 0, 0, 0, 0
27.5436, 0, 0, 0, 1.41421, 0, 0, 0, 0, 0, 0, 0, 0, 0, 0, 0, 0, 0, 0, 0, 0, 0, 0, 0, 0, 0, 0, 0, 0, 0, 0
27.5515, 0, 0, 0, 1.41421, 0, 0, 0, 0, 0, 0, 0, 0, 0, 0, 0, 0, 0, 0, 0, 0, 0, 0, 0, 0, 0, 0, 0, 0, 0, 0
27.5594, 0, 0, 0, 1.41421, 0, 0, 0, 0, 0, 0, 0, 0, 0, 0, 0, 0, 0, 0, 0, 0, 0, 0, 0, 0, 0, 0, 0, 0, 0, 0
27.5672, 0, 0, 0, 1.41421, 0, 0, 0, 0, 0, 0, 0, 0, 0, 0, 0, 0, 0, 0, 0, 0, 0, 0, 0, 0, 0, 0, 0, 0, 0, 0
27.5751, 0, 0, 0, 1.41421, 0, 0, 0, 0, 0, 0, 0, 0, 0, 0, 0, 0, 0, 0, 0, 0, 0, 0, 0, 0, 0, 0, 0, 0, 0, 0
27.583, 0, 0, 0, 1.41421, 0, 0, 0, 0, 0, 0, 0, 0, 0, 0, 0, 0, 0, 0, 0, 0, 0, 0, 0, 0, 0, 0, 0, 0, 0, 0
27.5909, 0, 0, 0, 1.41421, 0, 0, 0, 0, 0, 0, 0, 0, 0, 0, 0, 0, 0, 0, 0, 0, 0, 0, 0, 0, 0, 0, 0, 0, 0, 0
27.5988, 0, 0, 0, 1.41421, 0, 0, 0, 0, 0, 0, 0, 0, 0, 0, 0, 0, 0, 0, 0, 0, 0, 0, 0, 0, 0, 0, 0, 0, 0, 0
27.6066, 0, 0, 0, 1.41421, 0, 0, 0, 0, 0, 0, 0, 0, 0, 0, 0, 0, 0, 0, 0, 0, 0, 0, 0, 0, 0, 0, 0, 0, 0, 0
27.6145, 0, 0, 0, 1.41421, 0, 0, 0, 0, 0, 0, 0, 0, 0, 0, 0, 0, 0, 0, 0, 0, 0, 0, 0, 0, 0, 0, 0, 0, 0, 0
27.6224, 0, 0, 0, 1.41421, 0, 0, 0, 0, 0, 0, 0, 0, 0, 0, 0, 0, 0, 0, 0, 0, 0, 0, 0, 0, 0, 0, 0, 0, 0, 0
27.6303, 0, 0, 0, 1.41421, 0, 0, 0, 0, 0, 0, 0, 0, 0, 0, 0, 0, 0, 0, 0, 0, 0, 0, 0, 0, 0, 0, 0, 0, 0, 0
27.6382, 0, 0, 0, 1.41421, 0, 0, 0, 0, 0, 0, 0, 0, 0, 0, 0, 0, 0, 0, 0, 0, 0, 0, 0, 0, 0, 0, 0, 0, 0, 0
27.646, 0, 0, 0, 1.41421, 0, 0, 0, 0, 0, 0, 0, 0, 0, 0, 0, 0, 0, 0, 0, 0, 0, 0, 0, 0, 0, 0, 0, 0, 0, 0
27.6539, 0, 0, 0, 1.41421, 0, 0, 0, 0, 0, 0, 0, 0, 0, 0, 0, 0, 0, 0, 0, 0, 0, 0, 0, 0, 0, 0, 0, 0, 0, 0
27.6618, 0, 0, 0, 1.41421, 0, 0, 0, 0, 0, 0, 0, 0, 0, 0, 0, 0, 0, 0, 0, 0, 0, 0, 0, 0, 0, 0, 0, 0, 0, 0
27.6697, 0, 0, 0, 1.41421, 0, 0, 0, 0, 0, 0, 0, 0, 0, 0, 0, 0, 0, 0, 0, 0, 0, 0, 0, 0, 0, 0, 0, 0, 0, 0
27.6776, 0, 0, 0, 1.41421, 0, 0, 0, 0, 0, 0, 0, 0, 0, 0, 0, 0, 0, 0, 0, 0, 0, 0, 0, 0, 0, 0, 0, 0, 0, 0
27.6854, 0, 0, 0, 1.41421, 0, 0, 0, 0, 0, 0, 0, 0, 0, 0, 0, 0, 0, 0, 0, 0, 0, 0, 0, 0, 0, 0, 0, 0, 0, 0
27.6933, 0, 0, 0, 1.41421, 0, 0, 0, 0, 0, 0, 0, 0, 0, 0, 0, 0, 0, 0, 0, 0, 0, 0, 0, 0, 0, 0, 0, 0, 0, 0
27.7012, 0, 0, 0, 1.41421, 0, 0, 0, 0, 0, 0, 0, 0, 0, 0, 0, 0, 0, 0, 0, 0, 0, 0, 0, 0, 0, 0, 0, 0, 0, 0
27.7091, 0, 0, 0, 1.41421, 0, 0, 0, 0, 0, 0, 0, 0, 0, 0, 0, 0, 0, 0, 0, 0, 0, 0, 0, 0, 0, 0, 0, 0, 0, 0
27.717, 0, 0, 0, 1.41421, 0, 0, 0, 0, 0, 0, 0, 0, 0, 0, 0, 0, 0, 0, 0, 0, 0, 0, 0, 0, 0, 0, 0, 0, 0, 0
27.7248, 0, 0, 0, 1.41421, 0, 0, 0, 0, 0, 0, 0, 0, 0, 0, 0, 0, 0, 0, 0, 0, 0, 0, 0, 0, 0, 0, 0, 0, 0, 0
27.7327, 0, 0, 0, 1.41421, 0, 0, 0, 0, 0, 0, 0, 0, 0, 0, 0, 0, 0, 0, 0, 0, 0, 0, 0, 0, 0, 0, 0, 0, 0, 0
27.7406, 0, 0, 0, 1.41421, 0, 0, 0, 0, 0, 0, 0, 0, 0, 0, 0, 0, 0, 0, 0, 0, 0, 0, 0, 0, 0, 0, 0, 0, 0, 0
27.7485, 0, 0, 0, 1.41421, 0, 0, 0, 0, 0, 0, 0, 0, 0, 0, 0, 0, 0, 0, 0, 0, 0, 0, 0, 0, 0, 0, 0, 0, 0, 0
27.7564, 0, 0, 0, 1.41421, 0, 0, 0, 0, 0, 0, 0, 0, 0, 0, 0, 0, 0, 0, 0, 0, 0, 0, 0, 0, 0, 0, 0, 0, 0, 0
27.7642, 0, 0, 0, 1.41421, 0, 0, 0, 0, 0, 0, 0, 0, 0, 0, 0, 0, 0, 0, 0, 0, 0, 0, 0, 0, 0, 0, 0, 0, 0, 0
27.7721, 0, 0, 0, 1.41421, 0, 0, 0, 0, 0, 0, 0, 0, 0, 0, 0, 0, 0, 0, 0, 0, 0, 0, 0, 0, 0, 0, 0, 0, 0, 0
27.78, 0, 0, 0, 1.41421, 0, 0, 0, 0, 0, 0, 0, 0, 0, 0, 0, 0, 0, 0, 0, 0, 0, 0, 0, 0, 0, 0, 0, 0, 0, 0
27.7879, 0, 0, 0, 1.41421, 0, 0, 0, 0, 0, 0, 0, 0, 0, 0, 0, 0, 0, 0, 0, 0, 0, 0, 0, 0, 0, 0, 0, 0, 0, 0
27.7958, 0, 0, 0, 1.41421, 0, 0, 0, 0, 0, 0, 0, 0, 0, 0, 0, 0, 0, 0, 0, 0, 0, 0, 0, 0, 0, 0, 0, 0, 0, 0
27.8036, 0, 0, 0, 1.41421, 0, 0, 0, 0, 0, 0, 0, 0, 0, 0, 0, 0, 0, 0, 0, 0, 0, 0, 0, 0, 0, 0, 0, 0, 0, 0
27.8115, 0, 0, 0, 1.41421, 0, 0, 0, 0, 0, 0, 0, 0, 0, 0, 0, 0, 0, 0, 0, 0, 0, 0, 0, 0, 0, 0, 0, 0, 0, 0
27.8194, 0, 0, 0, 1.41421, 0, 0, 0, 0, 0, 0, 0, 0, 0, 0, 0, 0, 0, 0, 0, 0, 0, 0, 0, 0, 0, 0, 0, 0, 0, 0
27.8273, 0, 0, 0, 1.41421, 0, 0, 0, 0, 0, 0, 0, 0, 0, 0, 0, 0, 0, 0, 0, 0, 0, 0, 0, 0, 0, 0, 0, 0, 0, 0
27.8352, 0, 0, 0, 1.41421, 0, 0, 0, 0, 0, 0, 0, 0, 0, 0, 0, 0, 0, 0, 0, 0, 0, 0, 0, 0, 0, 0, 0, 0, 0, 0
27.843, 0, 0, 0, 1.41421, 0, 0, 0, 0, 0, 0, 0, 0, 0, 0, 0, 0, 0, 0, 0, 0, 0, 0, 0, 0, 0, 0, 0, 0, 0, 0
27.8509, 0, 0, 0, 1.41421, 0, 0, 0, 0, 0, 0, 0, 0, 0, 0, 0, 0, 0, 0, 0, 0, 0, 0, 0, 0, 0, 0, 0, 0, 0, 0
27.8588, 0, 0, 0, 1.41421, 0, 0, 0, 0, 0, 0, 0, 0, 0, 0, 0, 0, 0, 0, 0, 0, 0, 0, 0, 0, 0, 0, 0, 0, 0, 0
27.8667, 0, 0, 0, 1.41421, 0, 0, 0, 0, 0, 0, 0, 0, 0, 0, 0, 0, 0, 0, 0, 0, 0, 0, 0, 0, 0, 0, 0, 0, 0, 0
27.8746, 0, 0, 0, 1.41421, 0, 0, 0, 0, 0, 0, 0, 0, 0, 0, 0, 0, 0, 0, 0, 0, 0, 0, 0, 0, 0, 0, 0, 0, 0, 0
27.8824, 0, 0, 0, 1.41421, 0, 0, 0, 0, 0, 0, 0, 0, 0, 0, 0, 0, 0, 0, 0, 0, 0, 0, 0, 0, 0, 0, 0, 0, 0, 0
27.8903, 0, 0, 0, 1.41421, 0, 0, 0, 0, 0, 0, 0, 0, 0, 0, 0, 0, 0, 0, 0, 0, 0, 0, 0, 0, 0, 0, 0, 0, 0, 0
27.8982, 0, 0, 0, 1.41421, 0, 0, 0, 0, 0, 0, 0, 0, 0, 0, 0, 0, 0, 0, 0, 0, 0, 0, 0, 0, 0, 0, 0, 0, 0, 0
27.9061, 0, 0, 0, 1.41421, 0, 0, 0, 0, 0, 0, 0, 0, 0, 0, 0, 0, 0, 0, 0, 0, 0, 0, 0, 0, 0, 0, 0, 0, 0, 0
27.914, 0, 0, 0, 1.41421, 0, 0, 0, 0, 0, 0, 0, 0, 0, 0, 0, 0, 0, 0, 0, 0, 0, 0, 0, 0, 0, 0, 0, 0, 0, 0
27.9218, 0, 0, 0, 1.41421, 0, 0, 0, 0, 0, 0, 0, 0, 0, 0, 0, 0, 0, 0, 0, 0, 0, 0, 0, 0, 0, 0, 0, 0, 0, 0
27.9297, 0, 0, 0, 1.41421, 0, 0, 0, 0, 0, 0, 0, 0, 0, 0, 0, 0, 0, 0, 0, 0, 0, 0, 0, 0, 0, 0, 0, 0, 0, 0
27.9376, 0, 0, 0, 1.41421, 0, 0, 0, 0, 0, 0, 0, 0, 0, 0, 0, 0, 0, 0, 0, 0, 0, 0, 0, 0, 0, 0, 0, 0, 0, 0
27.9455, 0, 0, 0, 1.41421, 0, 0, 0, 0, 0, 0, 0, 0, 0, 0, 0, 0, 0, 0, 0, 0, 0, 0, 0, 0, 0, 0, 0, 0, 0, 0
27.9534, 0, 0, 0, 1.41421, 0, 0, 0, 0, 0, 0, 0, 0, 0, 0, 0, 0, 0, 0, 0, 0, 0, 0, 0, 0, 0, 0, 0, 0, 0, 0
27.9612, 0, 0, 0, 1.41421, 0, 0, 0, 0, 0, 0, 0, 0, 0, 0, 0, 0, 0, 0, 0, 0, 0, 0, 0, 0, 0, 0, 0, 0, 0, 0
27.9691, 0, 0, 0, 1.41421, 0, 0, 0, 0, 0, 0, 0, 0, 0, 0, 0, 0, 0, 0, 0, 0, 0, 0, 0, 0, 0, 0, 0, 0, 0, 0
27.977, 0, 0, 0, 1.41421, 0, 0, 0, 0, 0, 0, 0, 0, 0, 0, 0, 0, 0, 0, 0, 0, 0, 0, 0, 0, 0, 0, 0, 0, 0, 0
27.9849, 0, 0, 0, 1.41421, 0, 0, 0, 0, 0, 0, 0, 0, 0, 0, 0, 0, 0, 0, 0, 0, 0, 0, 0, 0, 0, 0, 0, 0, 0, 0
27.9928, 0, 0, 0, 1.41421, 0, 0, 0, 0, 0, 0, 0, 0, 0, 0, 0, 0, 0, 0, 0, 0, 0, 0, 0, 0, 0, 0, 0, 0, 0, 0
28.0006, 0, 0, 0, 1.41421, 0, 0, 0, 0, 0, 0, 0, 0, 0, 0, 0, 0, 0, 0, 0, 0, 0, 0, 0, 0, 0, 0, 0, 0, 0, 0
28.0085, 0, 0, 0, 1.41421, 0, 0, 0, 0, 0, 0, 0, 0, 0, 0, 0, 0, 0, 0, 0, 0, 0, 0, 0, 0, 0, 0, 0, 0, 0, 0
28.0164, 0, 0, 0, 1.41421, 0, 0, 0, 0, 0, 0, 0, 0, 0, 0, 0, 0, 0, 0, 0, 0, 0, 0, 0, 0, 0, 0, 0, 0, 0, 0
28.0243, 0, 0, 0, 1.41421, 0, 0, 0, 0, 0, 0, 0, 0, 0, 0, 0, 0, 0, 0, 0, 0, 0, 0, 0, 0, 0, 0, 0, 0, 0, 0
28.0322, 0, 0, 0, 1.41421, 0, 0, 0, 0, 0, 0, 0, 0, 0, 0, 0, 0, 0, 0, 0, 0, 0, 0, 0, 0, 0, 0, 0, 0, 0, 0
28.04, 0, 0, 0, 1.41421, 0, 0, 0, 0, 0, 0, 0, 0, 0, 0, 0, 0, 0, 0, 0, 0, 0, 0, 0, 0, 0, 0, 0, 0, 0, 0
28.0479, 0, 0, 0, 1.41421, 0, 0, 0, 0, 0, 0, 0, 0, 0, 0, 0, 0, 0, 0, 0, 0, 0, 0, 0, 0, 0, 0, 0, 0, 0, 0
28.0558, 0, 0, 0, 1.41421, 0, 0, 0, 0, 0, 0, 0, 0, 0, 0, 0, 0, 0, 0, 0, 0, 0, 0, 0, 0, 0, 0, 0, 0, 0, 0
28.0637, 0, 0, 0, 1.41421, 0, 0, 0, 0, 0, 0, 0, 0, 0, 0, 0, 0, 0, 0, 0, 0, 0, 0, 0, 0, 0, 0, 0, 0, 0, 0
28.0716, 0, 0, 0, 1.41421, 0, 0, 0, 0, 0, 0, 0, 0, 0, 0, 0, 0, 0, 0, 0, 0, 0, 0, 0, 0, 0, 0, 0, 0, 0, 0
28.0794, 0, 0, 0, 1.41421, 0, 0, 0, 0, 0, 0, 0, 0, 0, 0, 0, 0, 0, 0, 0, 0, 0, 0, 0, 0, 0, 0, 0, 0, 0, 0
28.0873, 0, 0, 0, 1.41421, 0, 0, 0, 0, 0, 0, 0, 0, 0, 0, 0, 0, 0, 0, 0, 0, 0, 0, 0, 0, 0, 0, 0, 0, 0, 0
28.0952, 0, 0, 0, 1.41421, 0, 0, 0, 0, 0, 0, 0, 0, 0, 0, 0, 0, 0, 0, 0, 0, 0, 0, 0, 0, 0, 0, 0, 0, 0, 0
28.1031, 0, 0, 0, 1.41421, 0, 0, 0, 0, 0, 0, 0, 0, 0, 0, 0, 0, 0, 0, 0, 0, 0, 0, 0, 0, 0, 0, 0, 0, 0, 0
28.111, 0, 0, 0, 1.41421, 0, 0, 0, 0, 0, 0, 0, 0, 0, 0, 0, 0, 0, 0, 0, 0, 0, 0, 0, 0, 0, 0, 0, 0, 0, 0
28.1188, 0, 0, 0, 1.41421, 0, 0, 0, 0, 0, 0, 0, 0, 0, 0, 0, 0, 0, 0, 0, 0, 0, 0, 0, 0, 0, 0, 0, 0, 0, 0
28.1267, 0, 0, 0, 1.41421, 0, 0, 0, 0, 0, 0, 0, 0, 0, 0, 0, 0, 0, 0, 0, 0, 0, 0, 0, 0, 0, 0, 0, 0, 0, 0
28.1346, 0, 0, 0, 1.41421, 0, 0, 0, 0, 0, 0, 0, 0, 0, 0, 0, 0, 0, 0, 0, 0, 0, 0, 0, 0, 0, 0, 0, 0, 0, 0
28.1425, 0, 0, 0, 1.41421, 0, 0, 0, 0, 0, 0, 0, 0, 0, 0, 0, 0, 0, 0, 0, 0, 0, 0, 0, 0, 0, 0, 0, 0, 0, 0
28.1504, 0, 0, 0, 1.41421, 0, 0, 0, 0, 0, 0, 0, 0, 0, 0, 0, 0, 0, 0, 0, 0, 0, 0, 0, 0, 0, 0, 0, 0, 0, 0
28.1582, 0, 0, 0, 1.41421, 0, 0, 0, 0, 0, 0, 0, 0, 0, 0, 0, 0, 0, 0, 0, 0, 0, 0, 0, 0, 0, 0, 0, 0, 0, 0
28.1661, 0, 0, 0, 1.41421, 0, 0, 0, 0, 0, 0, 0, 0, 0, 0, 0, 0, 0, 0, 0, 0, 0, 0, 0, 0, 0, 0, 0, 0, 0, 0
28.174, 0, 0, 0, 1.41421, 0, 0, 0, 0, 0, 0, 0, 0, 0, 0, 0, 0, 0, 0, 0, 0, 0, 0, 0, 0, 0, 0, 0, 0, 0, 0
28.1819, 0, 0, 0, 1.41421, 0, 0, 0, 0, 0, 0, 0, 0, 0, 0, 0, 0, 0, 0, 0, 0, 0, 0, 0, 0, 0, 0, 0, 0, 0, 0
28.1898, 0, 0, 0, 1.41421, 0, 0, 0, 0, 0, 0, 0, 0, 0, 0, 0, 0, 0, 0, 0, 0, 0, 0, 0, 0, 0, 0, 0, 0, 0, 0
28.1976, 0, 0, 0, 1.41421, 0, 0, 0, 0, 0, 0, 0, 0, 0, 0, 0, 0, 0, 0, 0, 0, 0, 0, 0, 0, 0, 0, 0, 0, 0, 0
28.2055, 0, 0, 0, 1.41421, 0, 0, 0, 0, 0, 0, 0, 0, 0, 0, 0, 0, 0, 0, 0, 0, 0, 0, 0, 0, 0, 0, 0, 0, 0, 0
28.2134, 0, 0, 0, 1.41421, 0, 0, 0, 0, 0, 0, 0, 0, 0, 0, 0, 0, 0, 0, 0, 0, 0, 0, 0, 0, 0, 0, 0, 0, 0, 0
28.2213, 0, 0, 0, 1.41421, 0, 0, 0, 0, 0, 0, 0, 0, 0, 0, 0, 0, 0, 0, 0, 0, 0, 0, 0, 0, 0, 0, 0, 0, 0, 0
28.2292, 0, 0, 0, 1.41421, 0, 0, 0, 0, 0, 0, 0, 0, 0, 0, 0, 0, 0, 0, 0, 0, 0, 0, 0, 0, 0, 0, 0, 0, 0, 0
28.237, 0, 0, 0, 1.41421, 0, 0, 0, 0, 0, 0, 0, 0, 0, 0, 0, 0, 0, 0, 0, 0, 0, 0, 0, 0, 0, 0, 0, 0, 0, 0
28.2449, 0, 0, 0, 1.41421, 0, 0, 0, 0, 0, 0, 0, 0, 0, 0, 0, 0, 0, 0, 0, 0, 0, 0, 0, 0, 0, 0, 0, 0, 0, 0
28.2528, 0, 0, 0, 1.41421, 0, 0, 0, 0, 0, 0, 0, 0, 0, 0, 0, 0, 0, 0, 0, 0, 0, 0, 0, 0, 0, 0, 0, 0, 0, 0
28.2607, 0, 0, 0, 1.41421, 0, 0, 0, 0, 0, 0, 0, 0, 0, 0, 0, 0, 0, 0, 0, 0, 0, 0, 0, 0, 0, 0, 0, 0, 0, 0
28.2686, 0, 0, 0, 1.41421, 0, 0, 0, 0, 0, 0, 0, 0, 0, 0, 0, 0, 0, 0, 0, 0, 0, 0, 0, 0, 0, 0, 0, 0, 0, 0
28.2764, 0, 0, 0, 1.41421, 0, 0, 0, 0, 0, 0, 0, 0, 0, 0, 0, 0, 0, 0, 0, 0, 0, 0, 0, 0, 0, 0, 0, 0, 0, 0
28.2843, 0, 0, 0, 1.41421, 0, 0, 0, 0, 0, 0, 0, 0, 0, 0, 0, 0, 0, 0, 0, 0, 0, 0, 0, 0, 0, 0, 0, 0, 0, 0
28.2922, 0, 0, 0, 1.41421, 0, 0, 0, 0, 0, 0, 0, 0, 0, 0, 0, 0, 0, 0, 0, 0, 0, 0, 0, 0, 0, 0, 0, 0, 0, 0
28.3001, 0, 0, 0, 1.41421, 0, 0, 0, 0, 0, 0, 0, 0, 0, 0, 0, 0, 0, 0, 0, 0, 0, 0, 0, 0, 0, 0, 0, 0, 0, 0
28.308, 0, 0, 0, 1.41421, 0, 0, 0, 0, 0, 0, 0, 0, 0, 0, 0, 0, 0, 0, 0, 0, 0, 0, 0, 0, 0, 0, 0, 0, 0, 0
28.3158, 0, 0, 0, 1.41421, 0, 0, 0, 0, 0, 0, 0, 0, 0, 0, 0, 0, 0, 0, 0, 0, 0, 0, 0, 0, 0, 0, 0, 0, 0, 0
28.3237, 0, 0, 0, 1.41421, 0, 0, 0, 0, 0, 0, 0, 0, 0, 0, 0, 0, 0, 0, 0, 0, 0, 0, 0, 0, 0, 0, 0, 0, 0, 0
28.3316, 0, 0, 0, 1.41421, 0, 0, 0, 0, 0, 0, 0, 0, 0, 0, 0, 0, 0, 0, 0, 0, 0, 0, 0, 0, 0, 0, 0, 0, 0, 0
28.3395, 0, 0, 0, 1.41421, 0, 0, 0, 0, 0, 0, 0, 0, 0, 0, 0, 0, 0, 0, 0, 0, 0, 0, 0, 0, 0, 0, 0, 0, 0, 0
28.3474, 0, 0, 0, 1.41421, 0, 0, 0, 0, 0, 0, 0, 0, 0, 0, 0, 0, 0, 0, 0, 0, 0, 0, 0, 0, 0, 0, 0, 0, 0, 0
28.3552, 0, 0, 0, 1.41421, 0, 0, 0, 0, 0, 0, 0, 0, 0, 0, 0, 0, 0, 0, 0, 0, 0, 0, 0, 0, 0, 0, 0, 0, 0, 0
28.3631, 0, 0, 0, 1.41421, 0, 0, 0, 0, 0, 0, 0, 0, 0, 0, 0, 0, 0, 0, 0, 0, 0, 0, 0, 0, 0, 0, 0, 0, 0, 0
28.371, 0, 0, 0, 1.41421, 0, 0, 0, 0, 0, 0, 0, 0, 0, 0, 0, 0, 0, 0, 0, 0, 0, 0, 0, 0, 0, 0, 0, 0, 0, 0
28.3789, 0, 0, 0, 1.41421, 0, 0, 0, 0, 0, 0, 0, 0, 0, 0, 0, 0, 0, 0, 0, 0, 0, 0, 0, 0, 0, 0, 0, 0, 0, 0
28.3868, 0, 0, 0, 1.41421, 0, 0, 0, 0, 0, 0, 0, 0, 0, 0, 0, 0, 0, 0, 0, 0, 0, 0, 0, 0, 0, 0, 0, 0, 0, 0
28.3946, 0, 0, 0, 1.41421, 0, 0, 0, 0, 0, 0, 0, 0, 0, 0, 0, 0, 0, 0, 0, 0, 0, 0, 0, 0, 0, 0, 0, 0, 0, 0
28.4025, 0, 0, 0, 1.41421, 0, 0, 0, 0, 0, 0, 0, 0, 0, 0, 0, 0, 0, 0, 0, 0, 0, 0, 0, 0, 0, 0, 0, 0, 0, 0
28.4104, 0, 0, 0, 1.41421, 0, 0, 0, 0, 0, 0, 0, 0, 0, 0, 0, 0, 0, 0, 0, 0, 0, 0, 0, 0, 0, 0, 0, 0, 0, 0
28.4183, 0, 0, 0, 1.41421, 0, 0, 0, 0, 0, 0, 0, 0, 0, 0, 0, 0, 0, 0, 0, 0, 0, 0, 0, 0, 0, 0, 0, 0, 0, 0
28.4262, 0, 0, 0, 1.41421, 0, 0, 0, 0, 0, 0, 0, 0, 0, 0, 0, 0, 0, 0, 0, 0, 0, 0, 0, 0, 0, 0, 0, 0, 0, 0
28.434, 0, 0, 0, 1.41421, 0, 0, 0, 0, 0, 0, 0, 0, 0, 0, 0, 0, 0, 0, 0, 0, 0, 0, 0, 0, 0, 0, 0, 0, 0, 0
28.4419, 0, 0, 0, 1.41421, 0, 0, 0, 0, 0, 0, 0, 0, 0, 0, 0, 0, 0, 0, 0, 0, 0, 0, 0, 0, 0, 0, 0, 0, 0, 0
28.4498, 0, 0, 0, 1.41421, 0, 0, 0, 0, 0, 0, 0, 0, 0, 0, 0, 0, 0, 0, 0, 0, 0, 0, 0, 0, 0, 0, 0, 0, 0, 0
28.4577, 0, 0, 0, 1.41421, 0, 0, 0, 0, 0, 0, 0, 0, 0, 0, 0, 0, 0, 0, 0, 0, 0, 0, 0, 0, 0, 0, 0, 0, 0, 0
28.4656, 0, 0, 0, 1.41421, 0, 0, 0, 0, 0, 0, 0, 0, 0, 0, 0, 0, 0, 0, 0, 0, 0, 0, 0, 0, 0, 0, 0, 0, 0, 0
28.4734, 0, 0, 0, 1.41421, 0, 0, 0, 0, 0, 0, 0, 0, 0, 0, 0, 0, 0, 0, 0, 0, 0, 0, 0, 0, 0, 0, 0, 0, 0, 0
28.4813, 0, 0, 0, 1.41421, 0, 0, 0, 0, 0, 0, 0, 0, 0, 0, 0, 0, 0, 0, 0, 0, 0, 0, 0, 0, 0, 0, 0, 0, 0, 0
28.4892, 0, 0, 0, 1.41421, 0, 0, 0, 0, 0, 0, 0, 0, 0, 0, 0, 0, 0, 0, 0, 0, 0, 0, 0, 0, 0, 0, 0, 0, 0, 0
28.4971, 0, 0, 0, 1.41421, 0, 0, 0, 0, 0, 0, 0, 0, 0, 0, 0, 0, 0, 0, 0, 0, 0, 0, 0, 0, 0, 0, 0, 0, 0, 0
28.505, 0, 0, 0, 1.41421, 0, 0, 0, 0, 0, 0, 0, 0, 0, 0, 0, 0, 0, 0, 0, 0, 0, 0, 0, 0, 0, 0, 0, 0, 0, 0
28.5128, 0, 0, 0, 1.41421, 0, 0, 0, 0, 0, 0, 0, 0, 0, 0, 0, 0, 0, 0, 0, 0, 0, 0, 0, 0, 0, 0, 0, 0, 0, 0
28.5207, 0, 0, 0, 1.41421, 0, 0, 0, 0, 0, 0, 0, 0, 0, 0, 0, 0, 0, 0, 0, 0, 0, 0, 0, 0, 0, 0, 0, 0, 0, 0
28.5286, 0, 0, 0, 1.41421, 0, 0, 0, 0, 0, 0, 0, 0, 0, 0, 0, 0, 0, 0, 0, 0, 0, 0, 0, 0, 0, 0, 0, 0, 0, 0
28.5365, 0, 0, 0, 1.41421, 0, 0, 0, 0, 0, 0, 0, 0, 0, 0, 0, 0, 0, 0, 0, 0, 0, 0, 0, 0, 0, 0, 0, 0, 0, 0
28.5444, 0, 0, 0, 1.41421, 0, 0, 0, 0, 0, 0, 0, 0, 0, 0, 0, 0, 0, 0, 0, 0, 0, 0, 0, 0, 0, 0, 0, 0, 0, 0
28.5522, 0, 0, 0, 1.41421, 0, 0, 0, 0, 0, 0, 0, 0, 0, 0, 0, 0, 0, 0, 0, 0, 0, 0, 0, 0, 0, 0, 0, 0, 0, 0
28.5601, 0, 0, 0, 1.41421, 0, 0, 0, 0, 0, 0, 0, 0, 0, 0, 0, 0, 0, 0, 0, 0, 0, 0, 0, 0, 0, 0, 0, 0, 0, 0
28.568, 0, 0, 0, 1.41421, 0, 0, 0, 0, 0, 0, 0, 0, 0, 0, 0, 0, 0, 0, 0, 0, 0, 0, 0, 0, 0, 0, 0, 0, 0, 0
28.5759, 0, 0, 0, 1.41421, 0, 0, 0, 0, 0, 0, 0, 0, 0, 0, 0, 0, 0, 0, 0, 0, 0, 0, 0, 0, 0, 0, 0, 0, 0, 0
28.5837, 0, 0, 0, 1.41421, 0, 0, 0, 0, 0, 0, 0, 0, 0, 0, 0, 0, 0, 0, 0, 0, 0, 0, 0, 0, 0, 0, 0, 0, 0, 0
28.5916, 0, 0, 0, 1.41421, 0, 0, 0, 0, 0, 0, 0, 0, 0, 0, 0, 0, 0, 0, 0, 0, 0, 0, 0, 0, 0, 0, 0, 0, 0, 0
28.5995, 0, 0, 0, 1.41421, 0, 0, 0, 0, 0, 0, 0, 0, 0, 0, 0, 0, 0, 0, 0, 0, 0, 0, 0, 0, 0, 0, 0, 0, 0, 0
28.6074, 0, 0, 0, 1.41421, 0, 0, 0, 0, 0, 0, 0, 0, 0, 0, 0, 0, 0, 0, 0, 0, 0, 0, 0, 0, 0, 0, 0, 0, 0, 0
28.6153, 0, 0, 0, 1.41421, 0, 0, 0, 0, 0, 0, 0, 0, 0, 0, 0, 0, 0, 0, 0, 0, 0, 0, 0, 0, 0, 0, 0, 0, 0, 0
28.6232, 0, 0, 0, 1.41421, 0, 0, 0, 0, 0, 0, 0, 0, 0, 0, 0, 0, 0, 0, 0, 0, 0, 0, 0, 0, 0, 0, 0, 0, 0, 0
28.631, 0, 0, 0, 1.41421, 0, 0, 0, 0, 0, 0, 0, 0, 0, 0, 0, 0, 0, 0, 0, 0, 0, 0, 0, 0, 0, 0, 0, 0, 0, 0
28.6389, 0, 0, 0, 1.41421, 0, 0, 0, 0, 0, 0, 0, 0, 0, 0, 0, 0, 0, 0, 0, 0, 0, 0, 0, 0, 0, 0, 0, 0, 0, 0
28.6468, 0, 0, 0, 1.41421, 0, 0, 0, 0, 0, 0, 0, 0, 0, 0, 0, 0, 0, 0, 0, 0, 0, 0, 0, 0, 0, 0, 0, 0, 0, 0
28.6547, 0, 0, 0, 1.41421, 0, 0, 0, 0, 0, 0, 0, 0, 0, 0, 0, 0, 0, 0, 0, 0, 0, 0, 0, 0, 0, 0, 0, 0, 0, 0
28.6625, 0, 0, 0, 1.41421, 0, 0, 0, 0, 0, 0, 0, 0, 0, 0, 0, 0, 0, 0, 0, 0, 0, 0, 0, 0, 0, 0, 0, 0, 0, 0
28.6704, 0, 0, 0, 1.41421, 0, 0, 0, 0, 0, 0, 0, 0, 0, 0, 0, 0, 0, 0, 0, 0, 0, 0, 0, 0, 0, 0, 0, 0, 0, 0
28.6783, 0, 0, 0, 1.41421, 0, 0, 0, 0, 0, 0, 0, 0, 0, 0, 0, 0, 0, 0, 0, 0, 0, 0, 0, 0, 0, 0, 0, 0, 0, 0
28.6862, 0, 0, 0, 1.41421, 0, 0, 0, 0, 0, 0, 0, 0, 0, 0, 0, 0, 0, 0, 0, 0, 0, 0, 0, 0, 0, 0, 0, 0, 0, 0
28.6941, 0, 0, 0, 1.41421, 0, 0, 0, 0, 0, 0, 0, 0, 0, 0, 0, 0, 0, 0, 0, 0, 0, 0, 0, 0, 0, 0, 0, 0, 0, 0
28.702, 0, 0, 0, 1.41421, 0, 0, 0, 0, 0, 0, 0, 0, 0, 0, 0, 0, 0, 0, 0, 0, 0, 0, 0, 0, 0, 0, 0, 0, 0, 0
28.7098, 0, 0, 0, 1.41421, 0, 0, 0, 0, 0, 0, 0, 0, 0, 0, 0, 0, 0, 0, 0, 0, 0, 0, 0, 0, 0, 0, 0, 0, 0, 0
28.7177, 0, 0, 0, 1.41421, 0, 0, 0, 0, 0, 0, 0, 0, 0, 0, 0, 0, 0, 0, 0, 0, 0, 0, 0, 0, 0, 0, 0, 0, 0, 0
28.7256, 0, 0, 0, 1.41421, 0, 0, 0, 0, 0, 0, 0, 0, 0, 0, 0, 0, 0, 0, 0, 0, 0, 0, 0, 0, 0, 0, 0, 0, 0, 0
28.7335, 0, 0, 0, 1.41421, 0, 0, 0, 0, 0, 0, 0, 0, 0, 0, 0, 0, 0, 0, 0, 0, 0, 0, 0, 0, 0, 0, 0, 0, 0, 0
28.7414, 0, 0, 0, 1.41421, 0, 0, 0, 0, 0, 0, 0, 0, 0, 0, 0, 0, 0, 0, 0, 0, 0, 0, 0, 0, 0, 0, 0, 0, 0, 0
28.7492, 0, 0, 0, 1.41421, 0, 0, 0, 0, 0, 0, 0, 0, 0, 0, 0, 0, 0, 0, 0, 0, 0, 0, 0, 0, 0, 0, 0, 0, 0, 0
28.7571, 0, 0, 0, 1.41421, 0, 0, 0, 0, 0, 0, 0, 0, 0, 0, 0, 0, 0, 0, 0, 0, 0, 0, 0, 0, 0, 0, 0, 0, 0, 0
28.765, 0, 0, 0, 1.41421, 0, 0, 0, 0, 0, 0, 0, 0, 0, 0, 0, 0, 0, 0, 0, 0, 0, 0, 0, 0, 0, 0, 0, 0, 0, 0
28.7729, 0, 0, 0, 1.41421, 0, 0, 0, 0, 0, 0, 0, 0, 0, 0, 0, 0, 0, 0, 0, 0, 0, 0, 0, 0, 0, 0, 0, 0, 0, 0
28.7808, 0, 0, 0, 1.41421, 0, 0, 0, 0, 0, 0, 0, 0, 0, 0, 0, 0, 0, 0, 0, 0, 0, 0, 0, 0, 0, 0, 0, 0, 0, 0
28.7886, 0, 0, 0, 1.41421, 0, 0, 0, 0, 0, 0, 0, 0, 0, 0, 0, 0, 0, 0, 0, 0, 0, 0, 0, 0, 0, 0, 0, 0, 0, 0
28.7965, 0, 0, 0, 1.41421, 0, 0, 0, 0, 0, 0, 0, 0, 0, 0, 0, 0, 0, 0, 0, 0, 0, 0, 0, 0, 0, 0, 0, 0, 0, 0
28.8044, 0, 0, 0, 1.41421, 0, 0, 0, 0, 0, 0, 0, 0, 0, 0, 0, 0, 0, 0, 0, 0, 0, 0, 0, 0, 0, 0, 0, 0, 0, 0
28.8123, 0, 0, 0, 1.41421, 0, 0, 0, 0, 0, 0, 0, 0, 0, 0, 0, 0, 0, 0, 0, 0, 0, 0, 0, 0, 0, 0, 0, 0, 0, 0
28.8202, 0, 0, 0, 1.41421, 0, 0, 0, 0, 0, 0, 0, 0, 0, 0, 0, 0, 0, 0, 0, 0, 0, 0, 0, 0, 0, 0, 0, 0, 0, 0
28.828, 0, 0, 0, 1.41421, 0, 0, 0, 0, 0, 0, 0, 0, 0, 0, 0, 0, 0, 0, 0, 0, 0, 0, 0, 0, 0, 0, 0, 0, 0, 0
28.8359, 0, 0, 0, 1.41421, 0, 0, 0, 0, 0, 0, 0, 0, 0, 0, 0, 0, 0, 0, 0, 0, 0, 0, 0, 0, 0, 0, 0, 0, 0, 0
28.8438, 0, 0, 0, 1.41421, 0, 0, 0, 0, 0, 0, 0, 0, 0, 0, 0, 0, 0, 0, 0, 0, 0, 0, 0, 0, 0, 0, 0, 0, 0, 0
28.8517, 0, 0, 0, 1.41421, 0, 0, 0, 0, 0, 0, 0, 0, 0, 0, 0, 0, 0, 0, 0, 0, 0, 0, 0, 0, 0, 0, 0, 0, 0, 0
28.8596, 0, 0, 0, 1.41421, 0, 0, 0, 0, 0, 0, 0, 0, 0, 0, 0, 0, 0, 0, 0, 0, 0, 0, 0, 0, 0, 0, 0, 0, 0, 0
28.8674, 0, 0, 0, 1.41421, 0, 0, 0, 0, 0, 0, 0, 0, 0, 0, 0, 0, 0, 0, 0, 0, 0, 0, 0, 0, 0, 0, 0, 0, 0, 0
28.8753, 0, 0, 0, 1.41421, 0, 0, 0, 0, 0, 0, 0, 0, 0, 0, 0, 0, 0, 0, 0, 0, 0, 0, 0, 0, 0, 0, 0, 0, 0, 0
28.8832, 0, 0, 0, 1.41421, 0, 0, 0, 0, 0, 0, 0, 0, 0, 0, 0, 0, 0, 0, 0, 0, 0, 0, 0, 0, 0, 0, 0, 0, 0, 0
28.8911, 0, 0, 0, 1.41421, 0, 0, 0, 0, 0, 0, 0, 0, 0, 0, 0, 0, 0, 0, 0, 0, 0, 0, 0, 0, 0, 0, 0, 0, 0, 0
28.8989, 0, 0, 0, 1.41421, 0, 0, 0, 0, 0, 0, 0, 0, 0, 0, 0, 0, 0, 0, 0, 0, 0, 0, 0, 0, 0, 0, 0, 0, 0, 0
28.9068, 0, 0, 0, 1.41421, 0, 0, 0, 0, 0, 0, 0, 0, 0, 0, 0, 0, 0, 0, 0, 0, 0, 0, 0, 0, 0, 0, 0, 0, 0, 0
28.9147, 0, 0, 0, 1.41421, 0, 0, 0, 0, 0, 0, 0, 0, 0, 0, 0, 0, 0, 0, 0, 0, 0, 0, 0, 0, 0, 0, 0, 0, 0, 0
28.9226, 0, 0, 0, 1.41421, 0, 0, 0, 0, 0, 0, 0, 0, 0, 0, 0, 0, 0, 0, 0, 0, 0, 0, 0, 0, 0, 0, 0, 0, 0, 0
28.9305, 0, 0, 0, 1.41421, 0, 0, 0, 0, 0, 0, 0, 0, 0, 0, 0, 0, 0, 0, 0, 0, 0, 0, 0, 0, 0, 0, 0, 0, 0, 0
28.9384, 0, 0, 0, 1.41421, 0, 0, 0, 0, 0, 0, 0, 0, 0, 0, 0, 0, 0, 0, 0, 0, 0, 0, 0, 0, 0, 0, 0, 0, 0, 0
28.9462, 0, 0, 0, 1.41421, 0, 0, 0, 0, 0, 0, 0, 0, 0, 0, 0, 0, 0, 0, 0, 0, 0, 0, 0, 0, 0, 0, 0, 0, 0, 0
28.9541, 0, 0, 0, 1.41421, 0, 0, 0, 0, 0, 0, 0, 0, 0, 0, 0, 0, 0, 0, 0, 0, 0, 0, 0, 0, 0, 0, 0, 0, 0, 0
28.962, 0, 0, 0, 1.41421, 0, 0, 0, 0, 0, 0, 0, 0, 0, 0, 0, 0, 0, 0, 0, 0, 0, 0, 0, 0, 0, 0, 0, 0, 0, 0
28.9699, 0, 0, 0, 1.41421, 0, 0, 0, 0, 0, 0, 0, 0, 0, 0, 0, 0, 0, 0, 0, 0, 0, 0, 0, 0, 0, 0, 0, 0, 0, 0
28.9778, 0, 0, 0, 1.41421, 0, 0, 0, 0, 0, 0, 0, 0, 0, 0, 0, 0, 0, 0, 0, 0, 0, 0, 0, 0, 0, 0, 0, 0, 0, 0
28.9856, 0, 0, 0, 1.41421, 0, 0, 0, 0, 0, 0, 0, 0, 0, 0, 0, 0, 0, 0, 0, 0, 0, 0, 0, 0, 0, 0, 0, 0, 0, 0
28.9935, 0, 0, 0, 1.41421, 0, 0, 0, 0, 0, 0, 0, 0, 0, 0, 0, 0, 0, 0, 0, 0, 0, 0, 0, 0, 0, 0, 0, 0, 0, 0
29.0014, 0, 0, 0, 1.41421, 0, 0, 0, 0, 0, 0, 0, 0, 0, 0, 0, 0, 0, 0, 0, 0, 0, 0, 0, 0, 0, 0, 0, 0, 0, 0
29.0093, 0, 0, 0, 1.41421, 0, 0, 0, 0, 0, 0, 0, 0, 0, 0, 0, 0, 0, 0, 0, 0, 0, 0, 0, 0, 0, 0, 0, 0, 0, 0
29.0172, 0, 0, 0, 1.41421, 0, 0, 0, 0, 0, 0, 0, 0, 0, 0, 0, 0, 0, 0, 0, 0, 0, 0, 0, 0, 0, 0, 0, 0, 0, 0
29.025, 0, 0, 0, 1.41421, 0, 0, 0, 0, 0, 0, 0, 0, 0, 0, 0, 0, 0, 0, 0, 0, 0, 0, 0, 0, 0, 0, 0, 0, 0, 0
29.0329, 0, 0, 0, 1.41421, 0, 0, 0, 0, 0, 0, 0, 0, 0, 0, 0, 0, 0, 0, 0, 0, 0, 0, 0, 0, 0, 0, 0, 0, 0, 0
29.0408, 0, 0, 0, 1.41421, 0, 0, 0, 0, 0, 0, 0, 0, 0, 0, 0, 0, 0, 0, 0, 0, 0, 0, 0, 0, 0, 0, 0, 0, 0, 0
29.0487, 0, 0, 0, 1.41421, 0, 0, 0, 0, 0, 0, 0, 0, 0, 0, 0, 0, 0, 0, 0, 0, 0, 0, 0, 0, 0, 0, 0, 0, 0, 0
29.0566, 0, 0, 0, 1.41421, 0, 0, 0, 0, 0, 0, 0, 0, 0, 0, 0, 0, 0, 0, 0, 0, 0, 0, 0, 0, 0, 0, 0, 0, 0, 0
29.0644, 0, 0, 0, 1.41421, 0, 0, 0, 0, 0, 0, 0, 0, 0, 0, 0, 0, 0, 0, 0, 0, 0, 0, 0, 0, 0, 0, 0, 0, 0, 0
29.0723, 0, 0, 0, 1.41421, 0, 0, 0, 0, 0, 0, 0, 0, 0, 0, 0, 0, 0, 0, 0, 0, 0, 0, 0, 0, 0, 0, 0, 0, 0, 0
29.0802, 0, 0, 0, 1.41421, 0, 0, 0, 0, 0, 0, 0, 0, 0, 0, 0, 0, 0, 0, 0, 0, 0, 0, 0, 0, 0, 0, 0, 0, 0, 0
29.0881, 0, 0, 0, 1.41421, 0, 0, 0, 0, 0, 0, 0, 0, 0, 0, 0, 0, 0, 0, 0, 0, 0, 0, 0, 0, 0, 0, 0, 0, 0, 0
29.0959, 0, 0, 0, 1.41421, 0, 0, 0, 0, 0, 0, 0, 0, 0, 0, 0, 0, 0, 0, 0, 0, 0, 0, 0, 0, 0, 0, 0, 0, 0, 0
29.1038, 0, 0, 0, 1.41421, 0, 0, 0, 0, 0, 0, 0, 0, 0, 0, 0, 0, 0, 0, 0, 0, 0, 0, 0, 0, 0, 0, 0, 0, 0, 0
29.1117, 0, 0, 0, 1.41421, 0, 0, 0, 0, 0, 0, 0, 0, 0, 0, 0, 0, 0, 0, 0, 0, 0, 0, 0, 0, 0, 0, 0, 0, 0, 0
29.1196, 0, 0, 0, 1.41421, 0, 0, 0, 0, 0, 0, 0, 0, 0, 0, 0, 0, 0, 0, 0, 0, 0, 0, 0, 0, 0, 0, 0, 0, 0, 0
29.1275, 0, 0, 0, 1.41421, 0, 0, 0, 0, 0, 0, 0, 0, 0, 0, 0, 0, 0, 0, 0, 0, 0, 0, 0, 0, 0, 0, 0, 0, 0, 0
29.1353, 0, 0, 0, 1.41421, 0, 0, 0, 0, 0, 0, 0, 0, 0, 0, 0, 0, 0, 0, 0, 0, 0, 0, 0, 0, 0, 0, 0, 0, 0, 0
29.1432, 0, 0, 0, 1.41421, 0, 0, 0, 0, 0, 0, 0, 0, 0, 0, 0, 0, 0, 0, 0, 0, 0, 0, 0, 0, 0, 0, 0, 0, 0, 0
29.1511, 0, 0, 0, 1.41421, 0, 0, 0, 0, 0, 0, 0, 0, 0, 0, 0, 0, 0, 0, 0, 0, 0, 0, 0, 0, 0, 0, 0, 0, 0, 0
29.159, 0, 0, 0, 1.41421, 0, 0, 0, 0, 0, 0, 0, 0, 0, 0, 0, 0, 0, 0, 0, 0, 0, 0, 0, 0, 0, 0, 0, 0, 0, 0
29.1669, 0, 0, 0, 1.41421, 0, 0, 0, 0, 0, 0, 0, 0, 0, 0, 0, 0, 0, 0, 0, 0, 0, 0, 0, 0, 0, 0, 0, 0, 0, 0
29.1747, 0, 0, 0, 1.41421, 0, 0, 0, 0, 0, 0, 0, 0, 0, 0, 0, 0, 0, 0, 0, 0, 0, 0, 0, 0, 0, 0, 0, 0, 0, 0
29.1826, 0, 0, 0, 1.41421, 0, 0, 0, 0, 0, 0, 0, 0, 0, 0, 0, 0, 0, 0, 0, 0, 0, 0, 0, 0, 0, 0, 0, 0, 0, 0
29.1905, 0, 0, 0, 1.41421, 0, 0, 0, 0, 0, 0, 0, 0, 0, 0, 0, 0, 0, 0, 0, 0, 0, 0, 0, 0, 0, 0, 0, 0, 0, 0
29.1984, 0, 0, 0, 1.41421, 0, 0, 0, 0, 0, 0, 0, 0, 0, 0, 0, 0, 0, 0, 0, 0, 0, 0, 0, 0, 0, 0, 0, 0, 0, 0
29.2063, 0, 0, 0, 1.41421, 0, 0, 0, 0, 0, 0, 0, 0, 0, 0, 0, 0, 0, 0, 0, 0, 0, 0, 0, 0, 0, 0, 0, 0, 0, 0
29.2141, 0, 0, 0, 1.41421, 0, 0, 0, 0, 0, 0, 0, 0, 0, 0, 0, 0, 0, 0, 0, 0, 0, 0, 0, 0, 0, 0, 0, 0, 0, 0
29.222, 0, 0, 0, 1.41421, 0, 0, 0, 0, 0, 0, 0, 0, 0, 0, 0, 0, 0, 0, 0, 0, 0, 0, 0, 0, 0, 0, 0, 0, 0, 0
29.2299, 0, 0, 0, 1.41421, 0, 0, 0, 0, 0, 0, 0, 0, 0, 0, 0, 0, 0, 0, 0, 0, 0, 0, 0, 0, 0, 0, 0, 0, 0, 0
29.2378, 0, 0, 0, 1.41421, 0, 0, 0, 0, 0, 0, 0, 0, 0, 0, 0, 0, 0, 0, 0, 0, 0, 0, 0, 0, 0, 0, 0, 0, 0, 0
29.2457, 0, 0, 0, 1.41421, 0, 0, 0, 0, 0, 0, 0, 0, 0, 0, 0, 0, 0, 0, 0, 0, 0, 0, 0, 0, 0, 0, 0, 0, 0, 0
29.2536, 0, 0, 0, 1.41421, 0, 0, 0, 0, 0, 0, 0, 0, 0, 0, 0, 0, 0, 0, 0, 0, 0, 0, 0, 0, 0, 0, 0, 0, 0, 0
29.2614, 0, 0, 0, 1.41421, 0, 0, 0, 0, 0, 0, 0, 0, 0, 0, 0, 0, 0, 0, 0, 0, 0, 0, 0, 0, 0, 0, 0, 0, 0, 0
29.2693, 0, 0, 0, 1.41421, 0, 0, 0, 0, 0, 0, 0, 0, 0, 0, 0, 0, 0, 0, 0, 0, 0, 0, 0, 0, 0, 0, 0, 0, 0, 0
29.2772, 0, 0, 0, 1.41421, 0, 0, 0, 0, 0, 0, 0, 0, 0, 0, 0, 0, 0, 0, 0, 0, 0, 0, 0, 0, 0, 0, 0, 0, 0, 0
29.2851, 0, 0, 0, 1.41421, 0, 0, 0, 0, 0, 0, 0, 0, 0, 0, 0, 0, 0, 0, 0, 0, 0, 0, 0, 0, 0, 0, 0, 0, 0, 0
29.2929, 0, 0, 0, 1.41421, 0, 0, 0, 0, 0, 0, 0, 0, 0, 0, 0, 0, 0, 0, 0, 0, 0, 0, 0, 0, 0, 0, 0, 0, 0, 0
29.3008, 0, 0, 0, 1.41421, 0, 0, 0, 0, 0, 0, 0, 0, 0, 0, 0, 0, 0, 0, 0, 0, 0, 0, 0, 0, 0, 0, 0, 0, 0, 0
29.3087, 0, 0, 0, 1.41421, 0, 0, 0, 0, 0, 0, 0, 0, 0, 0, 0, 0, 0, 0, 0, 0, 0, 0, 0, 0, 0, 0, 0, 0, 0, 0
29.3166, 0, 0, 0, 1.41421, 0, 0, 0, 0, 0, 0, 0, 0, 0, 0, 0, 0, 0, 0, 0, 0, 0, 0, 0, 0, 0, 0, 0, 0, 0, 0
29.3245, 0, 0, 0, 1.41421, 0, 0, 0, 0, 0, 0, 0, 0, 0, 0, 0, 0, 0, 0, 0, 0, 0, 0, 0, 0, 0, 0, 0, 0, 0, 0
29.3323, 0, 0, 0, 1.41421, 0, 0, 0, 0, 0, 0, 0, 0, 0, 0, 0, 0, 0, 0, 0, 0, 0, 0, 0, 0, 0, 0, 0, 0, 0, 0
29.3402, 0, 0, 0, 1.41421, 0, 0, 0, 0, 0, 0, 0, 0, 0, 0, 0, 0, 0, 0, 0, 0, 0, 0, 0, 0, 0, 0, 0, 0, 0, 0
29.3481, 0, 0, 0, 1.41421, 0, 0, 0, 0, 0, 0, 0, 0, 0, 0, 0, 0, 0, 0, 0, 0, 0, 0, 0, 0, 0, 0, 0, 0, 0, 0
29.356, 0, 0, 0, 1.41421, 0, 0, 0, 0, 0, 0, 0, 0, 0, 0, 0, 0, 0, 0, 0, 0, 0, 0, 0, 0, 0, 0, 0, 0, 0, 0
29.3639, 0, 0, 0, 1.41421, 0, 0, 0, 0, 0, 0, 0, 0, 0, 0, 0, 0, 0, 0, 0, 0, 0, 0, 0, 0, 0, 0, 0, 0, 0, 0
29.3717, 0, 0, 0, 1.41421, 0, 0, 0, 0, 0, 0, 0, 0, 0, 0, 0, 0, 0, 0, 0, 0, 0, 0, 0, 0, 0, 0, 0, 0, 0, 0
29.3796, 0, 0, 0, 1.41421, 0, 0, 0, 0, 0, 0, 0, 0, 0, 0, 0, 0, 0, 0, 0, 0, 0, 0, 0, 0, 0, 0, 0, 0, 0, 0
29.3875, 0, 0, 0, 1.41421, 0, 0, 0, 0, 0, 0, 0, 0, 0, 0, 0, 0, 0, 0, 0, 0, 0, 0, 0, 0, 0, 0, 0, 0, 0, 0
29.3954, 0, 0, 0, 1.41421, 0, 0, 0, 0, 0, 0, 0, 0, 0, 0, 0, 0, 0, 0, 0, 0, 0, 0, 0, 0, 0, 0, 0, 0, 0, 0
29.4033, 0, 0, 0, 1.41421, 0, 0, 0, 0, 0, 0, 0, 0, 0, 0, 0, 0, 0, 0, 0, 0, 0, 0, 0, 0, 0, 0, 0, 0, 0, 0
29.4111, 0, 0, 0, 1.41421, 0, 0, 0, 0, 0, 0, 0, 0, 0, 0, 0, 0, 0, 0, 0, 0, 0, 0, 0, 0, 0, 0, 0, 0, 0, 0
29.419, 0, 0, 0, 1.41421, 0, 0, 0, 0, 0, 0, 0, 0, 0, 0, 0, 0, 0, 0, 0, 0, 0, 0, 0, 0, 0, 0, 0, 0, 0, 0
29.4269, 0, 0, 0, 1.41421, 0, 0, 0, 0, 0, 0, 0, 0, 0, 0, 0, 0, 0, 0, 0, 0, 0, 0, 0, 0, 0, 0, 0, 0, 0, 0
29.4348, 0, 0, 0, 1.41421, 0, 0, 0, 0, 0, 0, 0, 0, 0, 0, 0, 0, 0, 0, 0, 0, 0, 0, 0, 0, 0, 0, 0, 0, 0, 0
29.4427, 0, 0, 0, 1.41421, 0, 0, 0, 0, 0, 0, 0, 0, 0, 0, 0, 0, 0, 0, 0, 0, 0, 0, 0, 0, 0, 0, 0, 0, 0, 0
29.4505, 0, 0, 0, 1.41421, 0, 0, 0, 0, 0, 0, 0, 0, 0, 0, 0, 0, 0, 0, 0, 0, 0, 0, 0, 0, 0, 0, 0, 0, 0, 0
29.4584, 0, 0, 0, 1.41421, 0, 0, 0, 0, 0, 0, 0, 0, 0, 0, 0, 0, 0, 0, 0, 0, 0, 0, 0, 0, 0, 0, 0, 0, 0, 0
29.4663, 0, 0, 0, 1.41421, 0, 0, 0, 0, 0, 0, 0, 0, 0, 0, 0, 0, 0, 0, 0, 0, 0, 0, 0, 0, 0, 0, 0, 0, 0, 0
29.4742, 0, 0, 0, 1.41421, 0, 0, 0, 0, 0, 0, 0, 0, 0, 0, 0, 0, 0, 0, 0, 0, 0, 0, 0, 0, 0, 0, 0, 0, 0, 0
29.4821, 0, 0, 0, 1.41421, 0, 0, 0, 0, 0, 0, 0, 0, 0, 0, 0, 0, 0, 0, 0, 0, 0, 0, 0, 0, 0, 0, 0, 0, 0, 0
29.4899, 0, 0, 0, 1.41421, 0, 0, 0, 0, 0, 0, 0, 0, 0, 0, 0, 0, 0, 0, 0, 0, 0, 0, 0, 0, 0, 0, 0, 0, 0, 0
29.4978, 0, 0, 0, 1.41421, 0, 0, 0, 0, 0, 0, 0, 0, 0, 0, 0, 0, 0, 0, 0, 0, 0, 0, 0, 0, 0, 0, 0, 0, 0, 0
29.5057, 0, 0, 0, 1.41421, 0, 0, 0, 0, 0, 0, 0, 0, 0, 0, 0, 0, 0, 0, 0, 0, 0, 0, 0, 0, 0, 0, 0, 0, 0, 0
29.5136, 0, 0, 0, 1.41421, 0, 0, 0, 0, 0, 0, 0, 0, 0, 0, 0, 0, 0, 0, 0, 0, 0, 0, 0, 0, 0, 0, 0, 0, 0, 0
29.5215, 0, 0, 0, 1.41421, 0, 0, 0, 0, 0, 0, 0, 0, 0, 0, 0, 0, 0, 0, 0, 0, 0, 0, 0, 0, 0, 0, 0, 0, 0, 0
29.5294, 0, 0, 0, 1.41421, 0, 0, 0, 0, 0, 0, 0, 0, 0, 0, 0, 0, 0, 0, 0, 0, 0, 0, 0, 0, 0, 0, 0, 0, 0, 0
29.5372, 0, 0, 0, 1.41421, 0, 0, 0, 0, 0, 0, 0, 0, 0, 0, 0, 0, 0, 0, 0, 0, 0, 0, 0, 0, 0, 0, 0, 0, 0, 0
29.5451, 0, 0, 0, 1.41421, 0, 0, 0, 0, 0, 0, 0, 0, 0, 0, 0, 0, 0, 0, 0, 0, 0, 0, 0, 0, 0, 0, 0, 0, 0, 0
29.553, 0, 0, 0, 1.41421, 0, 0, 0, 0, 0, 0, 0, 0, 0, 0, 0, 0, 0, 0, 0, 0, 0, 0, 0, 0, 0, 0, 0, 0, 0, 0
29.5609, 0, 0, 0, 1.41421, 0, 0, 0, 0, 0, 0, 0, 0, 0, 0, 0, 0, 0, 0, 0, 0, 0, 0, 0, 0, 0, 0, 0, 0, 0, 0
29.5687, 0, 0, 0, 1.41421, 0, 0, 0, 0, 0, 0, 0, 0, 0, 0, 0, 0, 0, 0, 0, 0, 0, 0, 0, 0, 0, 0, 0, 0, 0, 0
29.5766, 0, 0, 0, 1.41421, 0, 0, 0, 0, 0, 0, 0, 0, 0, 0, 0, 0, 0, 0, 0, 0, 0, 0, 0, 0, 0, 0, 0, 0, 0, 0
29.5845, 0, 0, 0, 1.41421, 0, 0, 0, 0, 0, 0, 0, 0, 0, 0, 0, 0, 0, 0, 0, 0, 0, 0, 0, 0, 0, 0, 0, 0, 0, 0
29.5924, 0, 0, 0, 1.41421, 0, 0, 0, 0, 0, 0, 0, 0, 0, 0, 0, 0, 0, 0, 0, 0, 0, 0, 0, 0, 0, 0, 0, 0, 0, 0
29.6003, 0, 0, 0, 1.41421, 0, 0, 0, 0, 0, 0, 0, 0, 0, 0, 0, 0, 0, 0, 0, 0, 0, 0, 0, 0, 0, 0, 0, 0, 0, 0
29.6082, 0, 0, 0, 1.41421, 0, 0, 0, 0, 0, 0, 0, 0, 0, 0, 0, 0, 0, 0, 0, 0, 0, 0, 0, 0, 0, 0, 0, 0, 0, 0
29.616, 0, 0, 0, 1.41421, 0, 0, 0, 0, 0, 0, 0, 0, 0, 0, 0, 0, 0, 0, 0, 0, 0, 0, 0, 0, 0, 0, 0, 0, 0, 0
29.6239, 0, 0, 0, 1.41421, 0, 0, 0, 0, 0, 0, 0, 0, 0, 0, 0, 0, 0, 0, 0, 0, 0, 0, 0, 0, 0, 0, 0, 0, 0, 0
29.6318, 0, 0, 0, 1.41421, 0, 0, 0, 0, 0, 0, 0, 0, 0, 0, 0, 0, 0, 0, 0, 0, 0, 0, 0, 0, 0, 0, 0, 0, 0, 0
29.6397, 0, 0, 0, 1.41421, 0, 0, 0, 0, 0, 0, 0, 0, 0, 0, 0, 0, 0, 0, 0, 0, 0, 0, 0, 0, 0, 0, 0, 0, 0, 0
29.6475, 0, 0, 0, 1.41421, 0, 0, 0, 0, 0, 0, 0, 0, 0, 0, 0, 0, 0, 0, 0, 0, 0, 0, 0, 0, 0, 0, 0, 0, 0, 0
29.6554, 0, 0, 0, 1.41421, 0, 0, 0, 0, 0, 0, 0, 0, 0, 0, 0, 0, 0, 0, 0, 0, 0, 0, 0, 0, 0, 0, 0, 0, 0, 0
29.6633, 0, 0, 0, 1.41421, 0, 0, 0, 0, 0, 0, 0, 0, 0, 0, 0, 0, 0, 0, 0, 0, 0, 0, 0, 0, 0, 0, 0, 0, 0, 0
29.6712, 0, 0, 0, 1.41421, 0, 0, 0, 0, 0, 0, 0, 0, 0, 0, 0, 0, 0, 0, 0, 0, 0, 0, 0, 0, 0, 0, 0, 0, 0, 0
29.6791, 0, 0, 0, 1.41421, 0, 0, 0, 0, 0, 0, 0, 0, 0, 0, 0, 0, 0, 0, 0, 0, 0, 0, 0, 0, 0, 0, 0, 0, 0, 0
29.6869, 0, 0, 0, 1.41421, 0, 0, 0, 0, 0, 0, 0, 0, 0, 0, 0, 0, 0, 0, 0, 0, 0, 0, 0, 0, 0, 0, 0, 0, 0, 0
29.6948, 0, 0, 0, 1.41421, 0, 0, 0, 0, 0, 0, 0, 0, 0, 0, 0, 0, 0, 0, 0, 0, 0, 0, 0, 0, 0, 0, 0, 0, 0, 0
29.7027, 0, 0, 0, 1.41421, 0, 0, 0, 0, 0, 0, 0, 0, 0, 0, 0, 0, 0, 0, 0, 0, 0, 0, 0, 0, 0, 0, 0, 0, 0, 0
29.7106, 0, 0, 0, 1.41421, 0, 0, 0, 0, 0, 0, 0, 0, 0, 0, 0, 0, 0, 0, 0, 0, 0, 0, 0, 0, 0, 0, 0, 0, 0, 0
29.7185, 0, 0, 0, 1.41421, 0, 0, 0, 0, 0, 0, 0, 0, 0, 0, 0, 0, 0, 0, 0, 0, 0, 0, 0, 0, 0, 0, 0, 0, 0, 0
29.7263, 0, 0, 0, 1.41421, 0, 0, 0, 0, 0, 0, 0, 0, 0, 0, 0, 0, 0, 0, 0, 0, 0, 0, 0, 0, 0, 0, 0, 0, 0, 0
29.7342, 0, 0, 0, 1.41421, 0, 0, 0, 0, 0, 0, 0, 0, 0, 0, 0, 0, 0, 0, 0, 0, 0, 0, 0, 0, 0, 0, 0, 0, 0, 0
29.7421, 0, 0, 0, 1.41421, 0, 0, 0, 0, 0, 0, 0, 0, 0, 0, 0, 0, 0, 0, 0, 0, 0, 0, 0, 0, 0, 0, 0, 0, 0, 0
29.75, 0, 0, 0, 1.41421, 0, 0, 0, 0, 0, 0, 0, 0, 0, 0, 0, 0, 0, 0, 0, 0, 0, 0, 0, 0, 0, 0, 0, 0, 0, 0
29.7579, 0, 0, 0, 1.41421, 0, 0, 0, 0, 0, 0, 0, 0, 0, 0, 0, 0, 0, 0, 0, 0, 0, 0, 0, 0, 0, 0, 0, 0, 0, 0
29.7657, 0, 0, 0, 1.41421, 0, 0, 0, 0, 0, 0, 0, 0, 0, 0, 0, 0, 0, 0, 0, 0, 0, 0, 0, 0, 0, 0, 0, 0, 0, 0
29.7736, 0, 0, 0, 1.41421, 0, 0, 0, 0, 0, 0, 0, 0, 0, 0, 0, 0, 0, 0, 0, 0, 0, 0, 0, 0, 0, 0, 0, 0, 0, 0
29.7815, 0, 0, 0, 1.41421, 0, 0, 0, 0, 0, 0, 0, 0, 0, 0, 0, 0, 0, 0, 0, 0, 0, 0, 0, 0, 0, 0, 0, 0, 0, 0
29.7894, 0, 0, 0, 1.41421, 0, 0, 0, 0, 0, 0, 0, 0, 0, 0, 0, 0, 0, 0, 0, 0, 0, 0, 0, 0, 0, 0, 0, 0, 0, 0
29.7973, 0, 0, 0, 1.41421, 0, 0, 0, 0, 0, 0, 0, 0, 0, 0, 0, 0, 0, 0, 0, 0, 0, 0, 0, 0, 0, 0, 0, 0, 0, 0
29.8052, 0, 0, 0, 1.41421, 0, 0, 0, 0, 0, 0, 0, 0, 0, 0, 0, 0, 0, 0, 0, 0, 0, 0, 0, 0, 0, 0, 0, 0, 0, 0
29.813, 0, 0, 0, 1.41421, 0, 0, 0, 0, 0, 0, 0, 0, 0, 0, 0, 0, 0, 0, 0, 0, 0, 0, 0, 0, 0, 0, 0, 0, 0, 0
29.8209, 0, 0, 0, 1.41421, 0, 0, 0, 0, 0, 0, 0, 0, 0, 0, 0, 0, 0, 0, 0, 0, 0, 0, 0, 0, 0, 0, 0, 0, 0, 0
29.8288, 0, 0, 0, 1.41421, 0, 0, 0, 0, 0, 0, 0, 0, 0, 0, 0, 0, 0, 0, 0, 0, 0, 0, 0, 0, 0, 0, 0, 0, 0, 0
29.8367, 0, 0, 0, 1.41421, 0, 0, 0, 0, 0, 0, 0, 0, 0, 0, 0, 0, 0, 0, 0, 0, 0, 0, 0, 0, 0, 0, 0, 0, 0, 0
29.8445, 0, 0, 0, 1.41421, 0, 0, 0, 0, 0, 0, 0, 0, 0, 0, 0, 0, 0, 0, 0, 0, 0, 0, 0, 0, 0, 0, 0, 0, 0, 0
29.8524, 0, 0, 0, 1.41421, 0, 0, 0, 0, 0, 0, 0, 0, 0, 0, 0, 0, 0, 0, 0, 0, 0, 0, 0, 0, 0, 0, 0, 0, 0, 0
29.8603, 0, 0, 0, 1.41421, 0, 0, 0, 0, 0, 0, 0, 0, 0, 0, 0, 0, 0, 0, 0, 0, 0, 0, 0, 0, 0, 0, 0, 0, 0, 0
29.8682, 0, 0, 0, 1.41421, 0, 0, 0, 0, 0, 0, 0, 0, 0, 0, 0, 0, 0, 0, 0, 0, 0, 0, 0, 0, 0, 0, 0, 0, 0, 0
29.8761, 0, 0, 0, 1.41421, 0, 0, 0, 0, 0, 0, 0, 0, 0, 0, 0, 0, 0, 0, 0, 0, 0, 0, 0, 0, 0, 0, 0, 0, 0, 0
29.8839, 0, 0, 0, 1.41421, 0, 0, 0, 0, 0, 0, 0, 0, 0, 0, 0, 0, 0, 0, 0, 0, 0, 0, 0, 0, 0, 0, 0, 0, 0, 0
29.8918, 0, 0, 0, 1.41421, 0, 0, 0, 0, 0, 0, 0, 0, 0, 0, 0, 0, 0, 0, 0, 0, 0, 0, 0, 0, 0, 0, 0, 0, 0, 0
29.8997, 0, 0, 0, 1.41421, 0, 0, 0, 0, 0, 0, 0, 0, 0, 0, 0, 0, 0, 0, 0, 0, 0, 0, 0, 0, 0, 0, 0, 0, 0, 0
29.9076, 0, 0, 0, 1.41421, 0, 0, 0, 0, 0, 0, 0, 0, 0, 0, 0, 0, 0, 0, 0, 0, 0, 0, 0, 0, 0, 0, 0, 0, 0, 0
29.9155, 0, 0, 0, 1.41421, 0, 0, 0, 0, 0, 0, 0, 0, 0, 0, 0, 0, 0, 0, 0, 0, 0, 0, 0, 0, 0, 0, 0, 0, 0, 0
29.9233, 0, 0, 0, 1.41421, 0, 0, 0, 0, 0, 0, 0, 0, 0, 0, 0, 0, 0, 0, 0, 0, 0, 0, 0, 0, 0, 0, 0, 0, 0, 0
29.9312, 0, 0, 0, 1.41421, 0, 0, 0, 0, 0, 0, 0, 0, 0, 0, 0, 0, 0, 0, 0, 0, 0, 0, 0, 0, 0, 0, 0, 0, 0, 0
29.9391, 0, 0, 0, 1.41421, 0, 0, 0, 0, 0, 0, 0, 0, 0, 0, 0, 0, 0, 0, 0, 0, 0, 0, 0, 0, 0, 0, 0, 0, 0, 0
29.947, 0, 0, 0, 1.41421, 0, 0, 0, 0, 0, 0, 0, 0, 0, 0, 0, 0, 0, 0, 0, 0, 0, 0, 0, 0, 0, 0, 0, 0, 0, 0
29.9549, 0, 0, 0, 1.41421, 0, 0, 0, 0, 0, 0, 0, 0, 0, 0, 0, 0, 0, 0, 0, 0, 0, 0, 0, 0, 0, 0, 0, 0, 0, 0
29.9627, 0, 0, 0, 1.41421, 0, 0, 0, 0, 0, 0, 0, 0, 0, 0, 0, 0, 0, 0, 0, 0, 0, 0, 0, 0, 0, 0, 0, 0, 0, 0
29.9706, 0, 0, 0, 1.41421, 0, 0, 0, 0, 0, 0, 0, 0, 0, 0, 0, 0, 0, 0, 0, 0, 0, 0, 0, 0, 0, 0, 0, 0, 0, 0
29.9785, 0, 0, 0, 1.41421, 0, 0, 0, 0, 0, 0, 0, 0, 0, 0, 0, 0, 0, 0, 0, 0, 0, 0, 0, 0, 0, 0, 0, 0, 0, 0
29.9864, 0, 0, 0, 1.41421, 0, 0, 0, 0, 0, 0, 0, 0, 0, 0, 0, 0, 0, 0, 0, 0, 0, 0, 0, 0, 0, 0, 0, 0, 0, 0
29.9943, 0, 0, 0, 1.41421, 0, 0, 0, 0, 0, 0, 0, 0, 0, 0, 0, 0, 0, 0, 0, 0, 0, 0, 0, 0, 0, 0, 0, 0, 0, 0
30.0021, 0, 0, 0, 1.41421, 0, 0, 0, 0, 0, 0, 0, 0, 0, 0, 0, 0, 0, 0, 0, 0, 0, 0, 0, 0, 0, 0, 0, 0, 0, 0
30.01, 0, 0, 0, 1.41421, 0, 0, 0, 0, 0, 0, 0, 0, 0, 0, 0, 0, 0, 0, 0, 0, 0, 0, 0, 0, 0, 0, 0, 0, 0, 0
30.0179, 0, 0, 0, 1.41421, 0, 0, 0, 0, 0, 0, 0, 0, 0, 0, 0, 0, 0, 0, 0, 0, 0, 0, 0, 0, 0, 0, 0, 0, 0, 0
30.0258, 0, 0, 0, 1.41421, 0, 0, 0, 0, 0, 0, 0, 0, 0, 0, 0, 0, 0, 0, 0, 0, 0, 0, 0, 0, 0, 0, 0, 0, 0, 0
30.0337, 0, 0, 0, 1.41421, 0, 0, 0, 0, 0, 0, 0, 0, 0, 0, 0, 0, 0, 0, 0, 0, 0, 0, 0, 0, 0, 0, 0, 0, 0, 0
30.0415, 0, 0, 0, 1.41421, 0, 0, 0, 0, 0, 0, 0, 0, 0, 0, 0, 0, 0, 0, 0, 0, 0, 0, 0, 0, 0, 0, 0, 0, 0, 0
30.0494, 0, 0, 0, 1.41421, 0, 0, 0, 0, 0, 0, 0, 0, 0, 0, 0, 0, 0, 0, 0, 0, 0, 0, 0, 0, 0, 0, 0, 0, 0, 0
30.0573, 0, 0, 0, 1.41421, 0, 0, 0, 0, 0, 0, 0, 0, 0, 0, 0, 0, 0, 0, 0, 0, 0, 0, 0, 0, 0, 0, 0, 0, 0, 0
30.0652, 0, 0, 0, 1.41421, 0, 0, 0, 0, 0, 0, 0, 0, 0, 0, 0, 0, 0, 0, 0, 0, 0, 0, 0, 0, 0, 0, 0, 0, 0, 0
30.0731, 0, 0, 0, 1.41421, 0, 0, 0, 0, 0, 0, 0, 0, 0, 0, 0, 0, 0, 0, 0, 0, 0, 0, 0, 0, 0, 0, 0, 0, 0, 0
30.0809, 0, 0, 0, 1.41421, 0, 0, 0, 0, 0, 0, 0, 0, 0, 0, 0, 0, 0, 0, 0, 0, 0, 0, 0, 0, 0, 0, 0, 0, 0, 0
30.0888, 0, 0, 0, 1.41421, 0, 0, 0, 0, 0, 0, 0, 0, 0, 0, 0, 0, 0, 0, 0, 0, 0, 0, 0, 0, 0, 0, 0, 0, 0, 0
30.0967, 0, 0, 0, 1.41421, 0, 0, 0, 0, 0, 0, 0, 0, 0, 0, 0, 0, 0, 0, 0, 0, 0, 0, 0, 0, 0, 0, 0, 0, 0, 0
30.1046, 0, 0, 0, 1.41421, 0, 0, 0, 0, 0, 0, 0, 0, 0, 0, 0, 0, 0, 0, 0, 0, 0, 0, 0, 0, 0, 0, 0, 0, 0, 0
30.1125, 0, 0, 0, 1.41421, 0, 0, 0, 0, 0, 0, 0, 0, 0, 0, 0, 0, 0, 0, 0, 0, 0, 0, 0, 0, 0, 0, 0, 0, 0, 0
30.1203, 0, 0, 0, 1.41421, 0, 0, 0, 0, 0, 0, 0, 0, 0, 0, 0, 0, 0, 0, 0, 0, 0, 0, 0, 0, 0, 0, 0, 0, 0, 0
30.1282, 0, 0, 0, 1.41421, 0, 0, 0, 0, 0, 0, 0, 0, 0, 0, 0, 0, 0, 0, 0, 0, 0, 0, 0, 0, 0, 0, 0, 0, 0, 0
30.1361, 0, 0, 0, 1.41421, 0, 0, 0, 0, 0, 0, 0, 0, 0, 0, 0, 0, 0, 0, 0, 0, 0, 0, 0, 0, 0, 0, 0, 0, 0, 0
30.144, 0, 0, 0, 1.41421, 0, 0, 0, 0, 0, 0, 0, 0, 0, 0, 0, 0, 0, 0, 0, 0, 0, 0, 0, 0, 0, 0, 0, 0, 0, 0
30.1519, 0, 0, 0, 1.41421, 0, 0, 0, 0, 0, 0, 0, 0, 0, 0, 0, 0, 0, 0, 0, 0, 0, 0, 0, 0, 0, 0, 0, 0, 0, 0
30.1597, 0, 0, 0, 1.41421, 0, 0, 0, 0, 0, 0, 0, 0, 0, 0, 0, 0, 0, 0, 0, 0, 0, 0, 0, 0, 0, 0, 0, 0, 0, 0
30.1676, 0, 0, 0, 1.41421, 0, 0, 0, 0, 0, 0, 0, 0, 0, 0, 0, 0, 0, 0, 0, 0, 0, 0, 0, 0, 0, 0, 0, 0, 0, 0
30.1755, 0, 0, 0, 1.41421, 0, 0, 0, 0, 0, 0, 0, 0, 0, 0, 0, 0, 0, 0, 0, 0, 0, 0, 0, 0, 0, 0, 0, 0, 0, 0
30.1834, 0, 0, 0, 1.41421, 0, 0, 0, 0, 0, 0, 0, 0, 0, 0, 0, 0, 0, 0, 0, 0, 0, 0, 0, 0, 0, 0, 0, 0, 0, 0
30.1913, 0, 0, 0, 1.41421, 0, 0, 0, 0, 0, 0, 0, 0, 0, 0, 0, 0, 0, 0, 0, 0, 0, 0, 0, 0, 0, 0, 0, 0, 0, 0
30.1991, 0, 0, 0, 1.41421, 0, 0, 0, 0, 0, 0, 0, 0, 0, 0, 0, 0, 0, 0, 0, 0, 0, 0, 0, 0, 0, 0, 0, 0, 0, 0
30.207, 0, 0, 0, 1.41421, 0, 0, 0, 0, 0, 0, 0, 0, 0, 0, 0, 0, 0, 0, 0, 0, 0, 0, 0, 0, 0, 0, 0, 0, 0, 0
30.2149, 0, 0, 0, 1.41421, 0, 0, 0, 0, 0, 0, 0, 0, 0, 0, 0, 0, 0, 0, 0, 0, 0, 0, 0, 0, 0, 0, 0, 0, 0, 0
30.2228, 0, 0, 0, 1.41421, 0, 0, 0, 0, 0, 0, 0, 0, 0, 0, 0, 0, 0, 0, 0, 0, 0, 0, 0, 0, 0, 0, 0, 0, 0, 0
30.2307, 0, 0, 0, 1.41421, 0, 0, 0, 0, 0, 0, 0, 0, 0, 0, 0, 0, 0, 0, 0, 0, 0, 0, 0, 0, 0, 0, 0, 0, 0, 0
30.2385, 0, 0, 0, 1.41421, 0, 0, 0, 0, 0, 0, 0, 0, 0, 0, 0, 0, 0, 0, 0, 0, 0, 0, 0, 0, 0, 0, 0, 0, 0, 0
30.2464, 0, 0, 0, 1.41421, 0, 0, 0, 0, 0, 0, 0, 0, 0, 0, 0, 0, 0, 0, 0, 0, 0, 0, 0, 0, 0, 0, 0, 0, 0, 0
30.2543, 0, 0, 0, 1.41421, 0, 0, 0, 0, 0, 0, 0, 0, 0, 0, 0, 0, 0, 0, 0, 0, 0, 0, 0, 0, 0, 0, 0, 0, 0, 0
30.2622, 0, 0, 0, 1.41421, 0, 0, 0, 0, 0, 0, 0, 0, 0, 0, 0, 0, 0, 0, 0, 0, 0, 0, 0, 0, 0, 0, 0, 0, 0, 0
30.2701, 0, 0, 0, 1.41421, 0, 0, 0, 0, 0, 0, 0, 0, 0, 0, 0, 0, 0, 0, 0, 0, 0, 0, 0, 0, 0, 0, 0, 0, 0, 0
30.2779, 0, 0, 0, 1.41421, 0, 0, 0, 0, 0, 0, 0, 0, 0, 0, 0, 0, 0, 0, 0, 0, 0, 0, 0, 0, 0, 0, 0, 0, 0, 0
30.2858, 0, 0, 0, 1.41421, 0, 0, 0, 0, 0, 0, 0, 0, 0, 0, 0, 0, 0, 0, 0, 0, 0, 0, 0, 0, 0, 0, 0, 0, 0, 0
30.2937, 0, 0, 0, 1.41421, 0, 0, 0, 0, 0, 0, 0, 0, 0, 0, 0, 0, 0, 0, 0, 0, 0, 0, 0, 0, 0, 0, 0, 0, 0, 0
30.3016, 0, 0, 0, 1.41421, 0, 0, 0, 0, 0, 0, 0, 0, 0, 0, 0, 0, 0, 0, 0, 0, 0, 0, 0, 0, 0, 0, 0, 0, 0, 0
30.3095, 0, 0, 0, 1.41421, 0, 0, 0, 0, 0, 0, 0, 0, 0, 0, 0, 0, 0, 0, 0, 0, 0, 0, 0, 0, 0, 0, 0, 0, 0, 0
30.3173, 0, 0, 0, 1.41421, 0, 0, 0, 0, 0, 0, 0, 0, 0, 0, 0, 0, 0, 0, 0, 0, 0, 0, 0, 0, 0, 0, 0, 0, 0, 0
30.3252, 0, 0, 0, 1.41421, 0, 0, 0, 0, 0, 0, 0, 0, 0, 0, 0, 0, 0, 0, 0, 0, 0, 0, 0, 0, 0, 0, 0, 0, 0, 0
30.3331, 0, 0, 0, 1.41421, 0, 0, 0, 0, 0, 0, 0, 0, 0, 0, 0, 0, 0, 0, 0, 0, 0, 0, 0, 0, 0, 0, 0, 0, 0, 0
30.341, 0, 0, 0, 1.41421, 0, 0, 0, 0, 0, 0, 0, 0, 0, 0, 0, 0, 0, 0, 0, 0, 0, 0, 0, 0, 0, 0, 0, 0, 0, 0
30.3489, 0, 0, 0, 1.41421, 0, 0, 0, 0, 0, 0, 0, 0, 0, 0, 0, 0, 0, 0, 0, 0, 0, 0, 0, 0, 0, 0, 0, 0, 0, 0
30.3567, 0, 0, 0, 1.41421, 0, 0, 0, 0, 0, 0, 0, 0, 0, 0, 0, 0, 0, 0, 0, 0, 0, 0, 0, 0, 0, 0, 0, 0, 0, 0
30.3646, 0, 0, 0, 1.41421, 0, 0, 0, 0, 0, 0, 0, 0, 0, 0, 0, 0, 0, 0, 0, 0, 0, 0, 0, 0, 0, 0, 0, 0, 0, 0
30.3725, 0, 0, 0, 1.41421, 0, 0, 0, 0, 0, 0, 0, 0, 0, 0, 0, 0, 0, 0, 0, 0, 0, 0, 0, 0, 0, 0, 0, 0, 0, 0
30.3804, 0, 0, 0, 1.41421, 0, 0, 0, 0, 0, 0, 0, 0, 0, 0, 0, 0, 0, 0, 0, 0, 0, 0, 0, 0, 0, 0, 0, 0, 0, 0
30.3883, 0, 0, 0, 1.41421, 0, 0, 0, 0, 0, 0, 0, 0, 0, 0, 0, 0, 0, 0, 0, 0, 0, 0, 0, 0, 0, 0, 0, 0, 0, 0
30.3961, 0, 0, 0, 1.41421, 0, 0, 0, 0, 0, 0, 0, 0, 0, 0, 0, 0, 0, 0, 0, 0, 0, 0, 0, 0, 0, 0, 0, 0, 0, 0
30.404, 0, 0, 0, 1.41421, 0, 0, 0, 0, 0, 0, 0, 0, 0, 0, 0, 0, 0, 0, 0, 0, 0, 0, 0, 0, 0, 0, 0, 0, 0, 0
30.4119, 0, 0, 0, 1.41421, 0, 0, 0, 0, 0, 0, 0, 0, 0, 0, 0, 0, 0, 0, 0, 0, 0, 0, 0, 0, 0, 0, 0, 0, 0, 0
30.4198, 0, 0, 0, 1.41421, 0, 0, 0, 0, 0, 0, 0, 0, 0, 0, 0, 0, 0, 0, 0, 0, 0, 0, 0, 0, 0, 0, 0, 0, 0, 0
30.4277, 0, 0, 0, 1.41421, 0, 0, 0, 0, 0, 0, 0, 0, 0, 0, 0, 0, 0, 0, 0, 0, 0, 0, 0, 0, 0, 0, 0, 0, 0, 0
30.4355, 0, 0, 0, 1.41421, 0, 0, 0, 0, 0, 0, 0, 0, 0, 0, 0, 0, 0, 0, 0, 0, 0, 0, 0, 0, 0, 0, 0, 0, 0, 0
30.4434, 0, 0, 0, 1.41421, 0, 0, 0, 0, 0, 0, 0, 0, 0, 0, 0, 0, 0, 0, 0, 0, 0, 0, 0, 0, 0, 0, 0, 0, 0, 0
30.4513, 0, 0, 0, 1.41421, 0, 0, 0, 0, 0, 0, 0, 0, 0, 0, 0, 0, 0, 0, 0, 0, 0, 0, 0, 0, 0, 0, 0, 0, 0, 0
30.4592, 0, 0, 0, 1.41421, 0, 0, 0, 0, 0, 0, 0, 0, 0, 0, 0, 0, 0, 0, 0, 0, 0, 0, 0, 0, 0, 0, 0, 0, 0, 0
30.4671, 0, 0, 0, 1.41421, 0, 0, 0, 0, 0, 0, 0, 0, 0, 0, 0, 0, 0, 0, 0, 0, 0, 0, 0, 0, 0, 0, 0, 0, 0, 0
30.4749, 0, 0, 0, 1.41421, 0, 0, 0, 0, 0, 0, 0, 0, 0, 0, 0, 0, 0, 0, 0, 0, 0, 0, 0, 0, 0, 0, 0, 0, 0, 0
30.4828, 0, 0, 0, 1.41421, 0, 0, 0, 0, 0, 0, 0, 0, 0, 0, 0, 0, 0, 0, 0, 0, 0, 0, 0, 0, 0, 0, 0, 0, 0, 0
30.4907, 0, 0, 0, 1.41421, 0, 0, 0, 0, 0, 0, 0, 0, 0, 0, 0, 0, 0, 0, 0, 0, 0, 0, 0, 0, 0, 0, 0, 0, 0, 0
30.4986, 0, 0, 0, 1.41421, 0, 0, 0, 0, 0, 0, 0, 0, 0, 0, 0, 0, 0, 0, 0, 0, 0, 0, 0, 0, 0, 0, 0, 0, 0, 0
30.5065, 0, 0, 0, 1.41421, 0, 0, 0, 0, 0, 0, 0, 0, 0, 0, 0, 0, 0, 0, 0, 0, 0, 0, 0, 0, 0, 0, 0, 0, 0, 0
30.5143, 0, 0, 0, 1.41421, 0, 0, 0, 0, 0, 0, 0, 0, 0, 0, 0, 0, 0, 0, 0, 0, 0, 0, 0, 0, 0, 0, 0, 0, 0, 0
30.5222, 0, 0, 0, 1.41421, 0, 0, 0, 0, 0, 0, 0, 0, 0, 0, 0, 0, 0, 0, 0, 0, 0, 0, 0, 0, 0, 0, 0, 0, 0, 0
30.5301, 0, 0, 0, 1.41421, 0, 0, 0, 0, 0, 0, 0, 0, 0, 0, 0, 0, 0, 0, 0, 0, 0, 0, 0, 0, 0, 0, 0, 0, 0, 0
30.538, 0, 0, 0, 1.41421, 0, 0, 0, 0, 0, 0, 0, 0, 0, 0, 0, 0, 0, 0, 0, 0, 0, 0, 0, 0, 0, 0, 0, 0, 0, 0
30.5459, 0, 0, 0, 1.41421, 0, 0, 0, 0, 0, 0, 0, 0, 0, 0, 0, 0, 0, 0, 0, 0, 0, 0, 0, 0, 0, 0, 0, 0, 0, 0
30.5537, 0, 0, 0, 1.41421, 0, 0, 0, 0, 0, 0, 0, 0, 0, 0, 0, 0, 0, 0, 0, 0, 0, 0, 0, 0, 0, 0, 0, 0, 0, 0
30.5616, 0, 0, 0, 1.41421, 0, 0, 0, 0, 0, 0, 0, 0, 0, 0, 0, 0, 0, 0, 0, 0, 0, 0, 0, 0, 0, 0, 0, 0, 0, 0
30.5695, 0, 0, 0, 1.41421, 0, 0, 0, 0, 0, 0, 0, 0, 0, 0, 0, 0, 0, 0, 0, 0, 0, 0, 0, 0, 0, 0, 0, 0, 0, 0
30.5774, 0, 0, 0, 1.41421, 0, 0, 0, 0, 0, 0, 0, 0, 0, 0, 0, 0, 0, 0, 0, 0, 0, 0, 0, 0, 0, 0, 0, 0, 0, 0
30.5853, 0, 0, 0, 1.41421, 0, 0, 0, 0, 0, 0, 0, 0, 0, 0, 0, 0, 0, 0, 0, 0, 0, 0, 0, 0, 0, 0, 0, 0, 0, 0
30.5931, 0, 0, 0, 1.41421, 0, 0, 0, 0, 0, 0, 0, 0, 0, 0, 0, 0, 0, 0, 0, 0, 0, 0, 0, 0, 0, 0, 0, 0, 0, 0
30.601, 0, 0, 0, 1.41421, 0, 0, 0, 0, 0, 0, 0, 0, 0, 0, 0, 0, 0, 0, 0, 0, 0, 0, 0, 0, 0, 0, 0, 0, 0, 0
30.6089, 0, 0, 0, 1.41421, 0, 0, 0, 0, 0, 0, 0, 0, 0, 0, 0, 0, 0, 0, 0, 0, 0, 0, 0, 0, 0, 0, 0, 0, 0, 0
30.6168, 0, 0, 0, 1.41421, 0, 0, 0, 0, 0, 0, 0, 0, 0, 0, 0, 0, 0, 0, 0, 0, 0, 0, 0, 0, 0, 0, 0, 0, 0, 0
30.6247, 0, 0, 0, 1.41421, 0, 0, 0, 0, 0, 0, 0, 0, 0, 0, 0, 0, 0, 0, 0, 0, 0, 0, 0, 0, 0, 0, 0, 0, 0, 0
30.6325, 0, 0, 0, 1.41421, 0, 0, 0, 0, 0, 0, 0, 0, 0, 0, 0, 0, 0, 0, 0, 0, 0, 0, 0, 0, 0, 0, 0, 0, 0, 0
30.6404, 0, 0, 0, 1.41421, 0, 0, 0, 0, 0, 0, 0, 0, 0, 0, 0, 0, 0, 0, 0, 0, 0, 0, 0, 0, 0, 0, 0, 0, 0, 0
30.6483, 0, 0, 0, 1.41421, 0, 0, 0, 0, 0, 0, 0, 0, 0, 0, 0, 0, 0, 0, 0, 0, 0, 0, 0, 0, 0, 0, 0, 0, 0, 0
30.6562, 0, 0, 0, 1.41421, 0, 0, 0, 0, 0, 0, 0, 0, 0, 0, 0, 0, 0, 0, 0, 0, 0, 0, 0, 0, 0, 0, 0, 0, 0, 0
30.6641, 0, 0, 0, 1.41421, 0, 0, 0, 0, 0, 0, 0, 0, 0, 0, 0, 0, 0, 0, 0, 0, 0, 0, 0, 0, 0, 0, 0, 0, 0, 0
30.6719, 0, 0, 0, 1.41421, 0, 0, 0, 0, 0, 0, 0, 0, 0, 0, 0, 0, 0, 0, 0, 0, 0, 0, 0, 0, 0, 0, 0, 0, 0, 0
30.6798, 0, 0, 0, 1.41421, 0, 0, 0, 0, 0, 0, 0, 0, 0, 0, 0, 0, 0, 0, 0, 0, 0, 0, 0, 0, 0, 0, 0, 0, 0, 0
30.6877, 0, 0, 0, 1.41421, 0, 0, 0, 0, 0, 0, 0, 0, 0, 0, 0, 0, 0, 0, 0, 0, 0, 0, 0, 0, 0, 0, 0, 0, 0, 0
30.6956, 0, 0, 0, 1.41421, 0, 0, 0, 0, 0, 0, 0, 0, 0, 0, 0, 0, 0, 0, 0, 0, 0, 0, 0, 0, 0, 0, 0, 0, 0, 0
30.7035, 0, 0, 0, 1.41421, 0, 0, 0, 0, 0, 0, 0, 0, 0, 0, 0, 0, 0, 0, 0, 0, 0, 0, 0, 0, 0, 0, 0, 0, 0, 0
30.7113, 0, 0, 0, 1.41421, 0, 0, 0, 0, 0, 0, 0, 0, 0, 0, 0, 0, 0, 0, 0, 0, 0, 0, 0, 0, 0, 0, 0, 0, 0, 0
30.7192, 0, 0, 0, 1.41421, 0, 0, 0, 0, 0, 0, 0, 0, 0, 0, 0, 0, 0, 0, 0, 0, 0, 0, 0, 0, 0, 0, 0, 0, 0, 0
30.7271, 0, 0, 0, 1.41421, 0, 0, 0, 0, 0, 0, 0, 0, 0, 0, 0, 0, 0, 0, 0, 0, 0, 0, 0, 0, 0, 0, 0, 0, 0, 0
30.735, 0, 0, 0, 1.41421, 0, 0, 0, 0, 0, 0, 0, 0, 0, 0, 0, 0, 0, 0, 0, 0, 0, 0, 0, 0, 0, 0, 0, 0, 0, 0
30.7429, 0, 0, 0, 1.41421, 0, 0, 0, 0, 0, 0, 0, 0, 0, 0, 0, 0, 0, 0, 0, 0, 0, 0, 0, 0, 0, 0, 0, 0, 0, 0
30.7507, 0, 0, 0, 1.41421, 0, 0, 0, 0, 0, 0, 0, 0, 0, 0, 0, 0, 0, 0, 0, 0, 0, 0, 0, 0, 0, 0, 0, 0, 0, 0
30.7586, 0, 0, 0, 1.41421, 0, 0, 0, 0, 0, 0, 0, 0, 0, 0, 0, 0, 0, 0, 0, 0, 0, 0, 0, 0, 0, 0, 0, 0, 0, 0
30.7665, 0, 0, 0, 1.41421, 0, 0, 0, 0, 0, 0, 0, 0, 0, 0, 0, 0, 0, 0, 0, 0, 0, 0, 0, 0, 0, 0, 0, 0, 0, 0
30.7744, 0, 0, 0, 1.41421, 0, 0, 0, 0, 0, 0, 0, 0, 0, 0, 0, 0, 0, 0, 0, 0, 0, 0, 0, 0, 0, 0, 0, 0, 0, 0
30.7823, 0, 0, 0, 1.41421, 0, 0, 0, 0, 0, 0, 0, 0, 0, 0, 0, 0, 0, 0, 0, 0, 0, 0, 0, 0, 0, 0, 0, 0, 0, 0
30.7901, 0, 0, 0, 1.41421, 0, 0, 0, 0, 0, 0, 0, 0, 0, 0, 0, 0, 0, 0, 0, 0, 0, 0, 0, 0, 0, 0, 0, 0, 0, 0
30.798, 0, 0, 0, 1.41421, 0, 0, 0, 0, 0, 0, 0, 0, 0, 0, 0, 0, 0, 0, 0, 0, 0, 0, 0, 0, 0, 0, 0, 0, 0, 0
30.8059, 0, 0, 0, 1.41421, 0, 0, 0, 0, 0, 0, 0, 0, 0, 0, 0, 0, 0, 0, 0, 0, 0, 0, 0, 0, 0, 0, 0, 0, 0, 0
30.8138, 0, 0, 0, 1.41421, 0, 0, 0, 0, 0, 0, 0, 0, 0, 0, 0, 0, 0, 0, 0, 0, 0, 0, 0, 0, 0, 0, 0, 0, 0, 0
30.8217, 0, 0, 0, 1.41421, 0, 0, 0, 0, 0, 0, 0, 0, 0, 0, 0, 0, 0, 0, 0, 0, 0, 0, 0, 0, 0, 0, 0, 0, 0, 0
30.8295, 0, 0, 0, 1.41421, 0, 0, 0, 0, 0, 0, 0, 0, 0, 0, 0, 0, 0, 0, 0, 0, 0, 0, 0, 0, 0, 0, 0, 0, 0, 0
30.8374, 0, 0, 0, 1.41421, 0, 0, 0, 0, 0, 0, 0, 0, 0, 0, 0, 0, 0, 0, 0, 0, 0, 0, 0, 0, 0, 0, 0, 0, 0, 0
30.8453, 0, 0, 0, 1.41421, 0, 0, 0, 0, 0, 0, 0, 0, 0, 0, 0, 0, 0, 0, 0, 0, 0, 0, 0, 0, 0, 0, 0, 0, 0, 0
30.8532, 0, 0, 0, 1.41421, 0, 0, 0, 0, 0, 0, 0, 0, 0, 0, 0, 0, 0, 0, 0, 0, 0, 0, 0, 0, 0, 0, 0, 0, 0, 0
30.8611, 0, 0, 0, 1.41421, 0, 0, 0, 0, 0, 0, 0, 0, 0, 0, 0, 0, 0, 0, 0, 0, 0, 0, 0, 0, 0, 0, 0, 0, 0, 0
30.8689, 0, 0, 0, 1.41421, 0, 0, 0, 0, 0, 0, 0, 0, 0, 0, 0, 0, 0, 0, 0, 0, 0, 0, 0, 0, 0, 0, 0, 0, 0, 0
30.8768, 0, 0, 0, 1.41421, 0, 0, 0, 0, 0, 0, 0, 0, 0, 0, 0, 0, 0, 0, 0, 0, 0, 0, 0, 0, 0, 0, 0, 0, 0, 0
30.8847, 0, 0, 0, 1.41421, 0, 0, 0, 0, 0, 0, 0, 0, 0, 0, 0, 0, 0, 0, 0, 0, 0, 0, 0, 0, 0, 0, 0, 0, 0, 0
30.8926, 0, 0, 0, 1.41421, 0, 0, 0, 0, 0, 0, 0, 0, 0, 0, 0, 0, 0, 0, 0, 0, 0, 0, 0, 0, 0, 0, 0, 0, 0, 0
30.9005, 0, 0, 0, 1.41421, 0, 0, 0, 0, 0, 0, 0, 0, 0, 0, 0, 0, 0, 0, 0, 0, 0, 0, 0, 0, 0, 0, 0, 0, 0, 0
30.9083, 0, 0, 0, 1.41421, 0, 0, 0, 0, 0, 0, 0, 0, 0, 0, 0, 0, 0, 0, 0, 0, 0, 0, 0, 0, 0, 0, 0, 0, 0, 0
30.9162, 0, 0, 0, 1.41421, 0, 0, 0, 0, 0, 0, 0, 0, 0, 0, 0, 0, 0, 0, 0, 0, 0, 0, 0, 0, 0, 0, 0, 0, 0, 0
30.9241, 0, 0, 0, 1.41421, 0, 0, 0, 0, 0, 0, 0, 0, 0, 0, 0, 0, 0, 0, 0, 0, 0, 0, 0, 0, 0, 0, 0, 0, 0, 0
30.932, 0, 0, 0, 1.41421, 0, 0, 0, 0, 0, 0, 0, 0, 0, 0, 0, 0, 0, 0, 0, 0, 0, 0, 0, 0, 0, 0, 0, 0, 0, 0
30.9399, 0, 0, 0, 1.41421, 0, 0, 0, 0, 0, 0, 0, 0, 0, 0, 0, 0, 0, 0, 0, 0, 0, 0, 0, 0, 0, 0, 0, 0, 0, 0
30.9477, 0, 0, 0, 1.41421, 0, 0, 0, 0, 0, 0, 0, 0, 0, 0, 0, 0, 0, 0, 0, 0, 0, 0, 0, 0, 0, 0, 0, 0, 0, 0
30.9556, 0, 0, 0, 1.41421, 0, 0, 0, 0, 0, 0, 0, 0, 0, 0, 0, 0, 0, 0, 0, 0, 0, 0, 0, 0, 0, 0, 0, 0, 0, 0
30.9635, 0, 0, 0, 1.41421, 0, 0, 0, 0, 0, 0, 0, 0, 0, 0, 0, 0, 0, 0, 0, 0, 0, 0, 0, 0, 0, 0, 0, 0, 0, 0
30.9714, 0, 0, 0, 1.41421, 0, 0, 0, 0, 0, 0, 0, 0, 0, 0, 0, 0, 0, 0, 0, 0, 0, 0, 0, 0, 0, 0, 0, 0, 0, 0
30.9793, 0, 0, 0, 1.41421, 0, 0, 0, 0, 0, 0, 0, 0, 0, 0, 0, 0, 0, 0, 0, 0, 0, 0, 0, 0, 0, 0, 0, 0, 0, 0
30.9871, 0, 0, 0, 1.41421, 0, 0, 0, 0, 0, 0, 0, 0, 0, 0, 0, 0, 0, 0, 0, 0, 0, 0, 0, 0, 0, 0, 0, 0, 0, 0
30.995, 0, 0, 0, 1.41421, 0, 0, 0, 0, 0, 0, 0, 0, 0, 0, 0, 0, 0, 0, 0, 0, 0, 0, 0, 0, 0, 0, 0, 0, 0, 0
31.0029, 0, 0, 0, 1.41421, 0, 0, 0, 0, 0, 0, 0, 0, 0, 0, 0, 0, 0, 0, 0, 0, 0, 0, 0, 0, 0, 0, 0, 0, 0, 0
31.0108, 0, 0, 0, 1.41421, 0, 0, 0, 0, 0, 0, 0, 0, 0, 0, 0, 0, 0, 0, 0, 0, 0, 0, 0, 0, 0, 0, 0, 0, 0, 0
31.0187, 0, 0, 0, 1.41421, 0, 0, 0, 0, 0, 0, 0, 0, 0, 0, 0, 0, 0, 0, 0, 0, 0, 0, 0, 0, 0, 0, 0, 0, 0, 0
31.0265, 0, 0, 0, 1.41421, 0, 0, 0, 0, 0, 0, 0, 0, 0, 0, 0, 0, 0, 0, 0, 0, 0, 0, 0, 0, 0, 0, 0, 0, 0, 0
31.0344, 0, 0, 0, 1.41421, 0, 0, 0, 0, 0, 0, 0, 0, 0, 0, 0, 0, 0, 0, 0, 0, 0, 0, 0, 0, 0, 0, 0, 0, 0, 0
31.0423, 0, 0, 0, 1.41421, 0, 0, 0, 0, 0, 0, 0, 0, 0, 0, 0, 0, 0, 0, 0, 0, 0, 0, 0, 0, 0, 0, 0, 0, 0, 0
31.0502, 0, 0, 0, 1.41421, 0, 0, 0, 0, 0, 0, 0, 0, 0, 0, 0, 0, 0, 0, 0, 0, 0, 0, 0, 0, 0, 0, 0, 0, 0, 0
31.0581, 0, 0, 0, 1.41421, 0, 0, 0, 0, 0, 0, 0, 0, 0, 0, 0, 0, 0, 0, 0, 0, 0, 0, 0, 0, 0, 0, 0, 0, 0, 0
31.0659, 0, 0, 0, 1.41421, 0, 0, 0, 0, 0, 0, 0, 0, 0, 0, 0, 0, 0, 0, 0, 0, 0, 0, 0, 0, 0, 0, 0, 0, 0, 0
31.0738, 0, 0, 0, 1.41421, 0, 0, 0, 0, 0, 0, 0, 0, 0, 0, 0, 0, 0, 0, 0, 0, 0, 0, 0, 0, 0, 0, 0, 0, 0, 0
31.0817, 0, 0, 0, 1.41421, 0, 0, 0, 0, 0, 0, 0, 0, 0, 0, 0, 0, 0, 0, 0, 0, 0, 0, 0, 0, 0, 0, 0, 0, 0, 0
31.0896, 0, 0, 0, 1.41421, 0, 0, 0, 0, 0, 0, 0, 0, 0, 0, 0, 0, 0, 0, 0, 0, 0, 0, 0, 0, 0, 0, 0, 0, 0, 0
31.0975, 0, 0, 0, 1.41421, 0, 0, 0, 0, 0, 0, 0, 0, 0, 0, 0, 0, 0, 0, 0, 0, 0, 0, 0, 0, 0, 0, 0, 0, 0, 0
31.1053, 0, 0, 0, 1.41421, 0, 0, 0, 0, 0, 0, 0, 0, 0, 0, 0, 0, 0, 0, 0, 0, 0, 0, 0, 0, 0, 0, 0, 0, 0, 0
31.1132, 0, 0, 0, 1.41421, 0, 0, 0, 0, 0, 0, 0, 0, 0, 0, 0, 0, 0, 0, 0, 0, 0, 0, 0, 0, 0, 0, 0, 0, 0, 0
31.1211, 0, 0, 0, 1.41421, 0, 0, 0, 0, 0, 0, 0, 0, 0, 0, 0, 0, 0, 0, 0, 0, 0, 0, 0, 0, 0, 0, 0, 0, 0, 0
31.129, 0, 0, 0, 1.41421, 0, 0, 0, 0, 0, 0, 0, 0, 0, 0, 0, 0, 0, 0, 0, 0, 0, 0, 0, 0, 0, 0, 0, 0, 0, 0
31.1369, 0, 0, 0, 1.41421, 0, 0, 0, 0, 0, 0, 0, 0, 0, 0, 0, 0, 0, 0, 0, 0, 0, 0, 0, 0, 0, 0, 0, 0, 0, 0
31.1447, 0, 0, 0, 1.41421, 0, 0, 0, 0, 0, 0, 0, 0, 0, 0, 0, 0, 0, 0, 0, 0, 0, 0, 0, 0, 0, 0, 0, 0, 0, 0
31.1526, 0, 0, 0, 1.41421, 0, 0, 0, 0, 0, 0, 0, 0, 0, 0, 0, 0, 0, 0, 0, 0, 0, 0, 0, 0, 0, 0, 0, 0, 0, 0
31.1605, 0, 0, 0, 1.41421, 0, 0, 0, 0, 0, 0, 0, 0, 0, 0, 0, 0, 0, 0, 0, 0, 0, 0, 0, 0, 0, 0, 0, 0, 0, 0
31.1684, 0, 0, 0, 1.41421, 0, 0, 0, 0, 0, 0, 0, 0, 0, 0, 0, 0, 0, 0, 0, 0, 0, 0, 0, 0, 0, 0, 0, 0, 0, 0
31.1763, 0, 0, 0, 1.41421, 0, 0, 0, 0, 0, 0, 0, 0, 0, 0, 0, 0, 0, 0, 0, 0, 0, 0, 0, 0, 0, 0, 0, 0, 0, 0
31.1841, 0, 0, 0, 1.41421, 0, 0, 0, 0, 0, 0, 0, 0, 0, 0, 0, 0, 0, 0, 0, 0, 0, 0, 0, 0, 0, 0, 0, 0, 0, 0
31.192, 0, 0, 0, 1.41421, 0, 0, 0, 0, 0, 0, 0, 0, 0, 0, 0, 0, 0, 0, 0, 0, 0, 0, 0, 0, 0, 0, 0, 0, 0, 0
31.1999, 0, 0, 0, 1.41421, 0, 0, 0, 0, 0, 0, 0, 0, 0, 0, 0, 0, 0, 0, 0, 0, 0, 0, 0, 0, 0, 0, 0, 0, 0, 0
31.2078, 0, 0, 0, 1.41421, 0, 0, 0, 0, 0, 0, 0, 0, 0, 0, 0, 0, 0, 0, 0, 0, 0, 0, 0, 0, 0, 0, 0, 0, 0, 0
31.2157, 0, 0, 0, 1.41421, 0, 0, 0, 0, 0, 0, 0, 0, 0, 0, 0, 0, 0, 0, 0, 0, 0, 0, 0, 0, 0, 0, 0, 0, 0, 0
31.2235, 0, 0, 0, 1.41421, 0, 0, 0, 0, 0, 0, 0, 0, 0, 0, 0, 0, 0, 0, 0, 0, 0, 0, 0, 0, 0, 0, 0, 0, 0, 0
31.2314, 0, 0, 0, 1.41421, 0, 0, 0, 0, 0, 0, 0, 0, 0, 0, 0, 0, 0, 0, 0, 0, 0, 0, 0, 0, 0, 0, 0, 0, 0, 0
31.2393, 0, 0, 0, 1.41421, 0, 0, 0, 0, 0, 0, 0, 0, 0, 0, 0, 0, 0, 0, 0, 0, 0, 0, 0, 0, 0, 0, 0, 0, 0, 0
31.2472, 0, 0, 0, 1.41421, 0, 0, 0, 0, 0, 0, 0, 0, 0, 0, 0, 0, 0, 0, 0, 0, 0, 0, 0, 0, 0, 0, 0, 0, 0, 0
31.2551, 0, 0, 0, 1.41421, 0, 0, 0, 0, 0, 0, 0, 0, 0, 0, 0, 0, 0, 0, 0, 0, 0, 0, 0, 0, 0, 0, 0, 0, 0, 0
31.2629, 0, 0, 0, 1.41421, 0, 0, 0, 0, 0, 0, 0, 0, 0, 0, 0, 0, 0, 0, 0, 0, 0, 0, 0, 0, 0, 0, 0, 0, 0, 0
31.2708, 0, 0, 0, 1.41421, 0, 0, 0, 0, 0, 0, 0, 0, 0, 0, 0, 0, 0, 0, 0, 0, 0, 0, 0, 0, 0, 0, 0, 0, 0, 0
31.2787, 0, 0, 0, 1.41421, 0, 0, 0, 0, 0, 0, 0, 0, 0, 0, 0, 0, 0, 0, 0, 0, 0, 0, 0, 0, 0, 0, 0, 0, 0, 0
31.2866, 0, 0, 0, 1.41421, 0, 0, 0, 0, 0, 0, 0, 0, 0, 0, 0, 0, 0, 0, 0, 0, 0, 0, 0, 0, 0, 0, 0, 0, 0, 0
31.2945, 0, 0, 0, 1.41421, 0, 0, 0, 0, 0, 0, 0, 0, 0, 0, 0, 0, 0, 0, 0, 0, 0, 0, 0, 0, 0, 0, 0, 0, 0, 0
31.3023, 0, 0, 0, 1.41421, 0, 0, 0, 0, 0, 0, 0, 0, 0, 0, 0, 0, 0, 0, 0, 0, 0, 0, 0, 0, 0, 0, 0, 0, 0, 0
31.3102, 0, 0, 0, 1.41421, 0, 0, 0, 0, 0, 0, 0, 0, 0, 0, 0, 0, 0, 0, 0, 0, 0, 0, 0, 0, 0, 0, 0, 0, 0, 0
31.3181, 0, 0, 0, 1.41421, 0, 0, 0, 0, 0, 0, 0, 0, 0, 0, 0, 0, 0, 0, 0, 0, 0, 0, 0, 0, 0, 0, 0, 0, 0, 0
31.326, 0, 0, 0, 1.41421, 0, 0, 0, 0, 0, 0, 0, 0, 0, 0, 0, 0, 0, 0, 0, 0, 0, 0, 0, 0, 0, 0, 0, 0, 0, 0
31.3339, 0, 0, 0, 1.41421, 0, 0, 0, 0, 0, 0, 0, 0, 0, 0, 0, 0, 0, 0, 0, 0, 0, 0, 0, 0, 0, 0, 0, 0, 0, 0
31.3417, 0, 0, 0, 1.41421, 0, 0, 0, 0, 0, 0, 0, 0, 0, 0, 0, 0, 0, 0, 0, 0, 0, 0, 0, 0, 0, 0, 0, 0, 0, 0
31.3496, 0, 0, 0, 1.41421, 0, 0, 0, 0, 0, 0, 0, 0, 0, 0, 0, 0, 0, 0, 0, 0, 0, 0, 0, 0, 0, 0, 0, 0, 0, 0
31.3575, 0, 0, 0, 1.41421, 0, 0, 0, 0, 0, 0, 0, 0, 0, 0, 0, 0, 0, 0, 0, 0, 0, 0, 0, 0, 0, 0, 0, 0, 0, 0
31.3654, 0, 0, 0, 1.41421, 0, 0, 0, 0, 0, 0, 0, 0, 0, 0, 0, 0, 0, 0, 0, 0, 0, 0, 0, 0, 0, 0, 0, 0, 0, 0
31.3733, 0, 0, 0, 1.41421, 0, 0, 0, 0, 0, 0, 0, 0, 0, 0, 0, 0, 0, 0, 0, 0, 0, 0, 0, 0, 0, 0, 0, 0, 0, 0
31.3811, 0, 0, 0, 1.41421, 0, 0, 0, 0, 0, 0, 0, 0, 0, 0, 0, 0, 0, 0, 0, 0, 0, 0, 0, 0, 0, 0, 0, 0, 0, 0
31.389, 0, 0, 0, 1.41421, 0, 0, 0, 0, 0, 0, 0, 0, 0, 0, 0, 0, 0, 0, 0, 0, 0, 0, 0, 0, 0, 0, 0, 0, 0, 0
31.3969, 0, 0, 0, 1.41421, 0, 0, 0, 0, 0, 0, 0, 0, 0, 0, 0, 0, 0, 0, 0, 0, 0, 0, 0, 0, 0, 0, 0, 0, 0, 0
31.4048, 0, 0, 0, 1.41421, 0, 0, 0, 0, 0, 0, 0, 0, 0, 0, 0, 0, 0, 0, 0, 0, 0, 0, 0, 0, 0, 0, 0, 0, 0, 0
31.4127, 0, 0, 0, 1.41421, 0, 0, 0, 0, 0, 0, 0, 0, 0, 0, 0, 0, 0, 0, 0, 0, 0, 0, 0, 0, 0, 0, 0, 0, 0, 0
31.4205, 0, 0, 0, 1.41421, 0, 0, 0, 0, 0, 0, 0, 0, 0, 0, 0, 0, 0, 0, 0, 0, 0, 0, 0, 0, 0, 0, 0, 0, 0, 0
31.4284, 0, 0, 0, 1.41421, 0, 0, 0, 0, 0, 0, 0, 0, 0, 0, 0, 0, 0, 0, 0, 0, 0, 0, 0, 0, 0, 0, 0, 0, 0, 0
31.4363, 0, 0, 0, 1.41421, 0, 0, 0, 0, 0, 0, 0, 0, 0, 0, 0, 0, 0, 0, 0, 0, 0, 0, 0, 0, 0, 0, 0, 0, 0, 0
31.4442, 0, 0, 0, 1.41421, 0, 0, 0, 0, 0, 0, 0, 0, 0, 0, 0, 0, 0, 0, 0, 0, 0, 0, 0, 0, 0, 0, 0, 0, 0, 0
31.4521, 0, 0, 0, 1.41421, 0, 0, 0, 0, 0, 0, 0, 0, 0, 0, 0, 0, 0, 0, 0, 0, 0, 0, 0, 0, 0, 0, 0, 0, 0, 0
31.4599, 0, 0, 0, 1.41421, 0, 0, 0, 0, 0, 0, 0, 0, 0, 0, 0, 0, 0, 0, 0, 0, 0, 0, 0, 0, 0, 0, 0, 0, 0, 0
31.4678, 0, 0, 0, 1.41421, 0, 0, 0, 0, 0, 0, 0, 0, 0, 0, 0, 0, 0, 0, 0, 0, 0, 0, 0, 0, 0, 0, 0, 0, 0, 0
31.4757, 0, 0, 0, 1.41421, 0, 0, 0, 0, 0, 0, 0, 0, 0, 0, 0, 0, 0, 0, 0, 0, 0, 0, 0, 0, 0, 0, 0, 0, 0, 0
31.4836, 0, 0, 0, 1.41421, 0, 0, 0, 0, 0, 0, 0, 0, 0, 0, 0, 0, 0, 0, 0, 0, 0, 0, 0, 0, 0, 0, 0, 0, 0, 0
31.4915, 0, 0, 0, 1.41421, 0, 0, 0, 0, 0, 0, 0, 0, 0, 0, 0, 0, 0, 0, 0, 0, 0, 0, 0, 0, 0, 0, 0, 0, 0, 0
31.4993, 0, 0, 0, 1.41421, 0, 0, 0, 0, 0, 0, 0, 0, 0, 0, 0, 0, 0, 0, 0, 0, 0, 0, 0, 0, 0, 0, 0, 0, 0, 0
31.5072, 0, 0, 0, 1.41421, 0, 0, 0, 0, 0, 0, 0, 0, 0, 0, 0, 0, 0, 0, 0, 0, 0, 0, 0, 0, 0, 0, 0, 0, 0, 0
31.5151, 0, 0, 0, 1.41421, 0, 0, 0, 0, 0, 0, 0, 0, 0, 0, 0, 0, 0, 0, 0, 0, 0, 0, 0, 0, 0, 0, 0, 0, 0, 0
31.523, 0, 0, 0, 1.41421, 0, 0, 0, 0, 0, 0, 0, 0, 0, 0, 0, 0, 0, 0, 0, 0, 0, 0, 0, 0, 0, 0, 0, 0, 0, 0
31.5309, 0, 0, 0, 1.41421, 0, 0, 0, 0, 0, 0, 0, 0, 0, 0, 0, 0, 0, 0, 0, 0, 0, 0, 0, 0, 0, 0, 0, 0, 0, 0
31.5387, 0, 0, 0, 1.41421, 0, 0, 0, 0, 0, 0, 0, 0, 0, 0, 0, 0, 0, 0, 0, 0, 0, 0, 0, 0, 0, 0, 0, 0, 0, 0
31.5466, 0, 0, 0, 1.41421, 0, 0, 0, 0, 0, 0, 0, 0, 0, 0, 0, 0, 0, 0, 0, 0, 0, 0, 0, 0, 0, 0, 0, 0, 0, 0
31.5545, 0, 0, 0, 1.41421, 0, 0, 0, 0, 0, 0, 0, 0, 0, 0, 0, 0, 0, 0, 0, 0, 0, 0, 0, 0, 0, 0, 0, 0, 0, 0
31.5624, 0, 0, 0, 1.41421, 0, 0, 0, 0, 0, 0, 0, 0, 0, 0, 0, 0, 0, 0, 0, 0, 0, 0, 0, 0, 0, 0, 0, 0, 0, 0
31.5703, 0, 0, 0, 1.41421, 0, 0, 0, 0, 0, 0, 0, 0, 0, 0, 0, 0, 0, 0, 0, 0, 0, 0, 0, 0, 0, 0, 0, 0, 0, 0
31.5781, 0, 0, 0, 1.41421, 0, 0, 0, 0, 0, 0, 0, 0, 0, 0, 0, 0, 0, 0, 0, 0, 0, 0, 0, 0, 0, 0, 0, 0, 0, 0
31.586, 0, 0, 0, 1.41421, 0, 0, 0, 0, 0, 0, 0, 0, 0, 0, 0, 0, 0, 0, 0, 0, 0, 0, 0, 0, 0, 0, 0, 0, 0, 0
31.5939, 0, 0, 0, 1.41421, 0, 0, 0, 0, 0, 0, 0, 0, 0, 0, 0, 0, 0, 0, 0, 0, 0, 0, 0, 0, 0, 0, 0, 0, 0, 0
31.6018, 0, 0, 0, 1.41421, 0, 0, 0, 0, 0, 0, 0, 0, 0, 0, 0, 0, 0, 0, 0, 0, 0, 0, 0, 0, 0, 0, 0, 0, 0, 0
31.6097, 0, 0, 0, 1.41421, 0, 0, 0, 0, 0, 0, 0, 0, 0, 0, 0, 0, 0, 0, 0, 0, 0, 0, 0, 0, 0, 0, 0, 0, 0, 0
31.6175, 0, 0, 0, 1.41421, 0, 0, 0, 0, 0, 0, 0, 0, 0, 0, 0, 0, 0, 0, 0, 0, 0, 0, 0, 0, 0, 0, 0, 0, 0, 0
31.6254, 0, 0, 0, 1.41421, 0, 0, 0, 0, 0, 0, 0, 0, 0, 0, 0, 0, 0, 0, 0, 0, 0, 0, 0, 0, 0, 0, 0, 0, 0, 0
31.6333, 0, 0, 0, 1.41421, 0, 0, 0, 0, 0, 0, 0, 0, 0, 0, 0, 0, 0, 0, 0, 0, 0, 0, 0, 0, 0, 0, 0, 0, 0, 0
31.6412, 0, 0, 0, 1.41421, 0, 0, 0, 0, 0, 0, 0, 0, 0, 0, 0, 0, 0, 0, 0, 0, 0, 0, 0, 0, 0, 0, 0, 0, 0, 0
31.6491, 0, 0, 0, 1.41421, 0, 0, 0, 0, 0, 0, 0, 0, 0, 0, 0, 0, 0, 0, 0, 0, 0, 0, 0, 0, 0, 0, 0, 0, 0, 0
31.6569, 0, 0, 0, 1.41421, 0, 0, 0, 0, 0, 0, 0, 0, 0, 0, 0, 0, 0, 0, 0, 0, 0, 0, 0, 0, 0, 0, 0, 0, 0, 0
31.6648, 0, 0, 0, 1.41421, 0, 0, 0, 0, 0, 0, 0, 0, 0, 0, 0, 0, 0, 0, 0, 0, 0, 0, 0, 0, 0, 0, 0, 0, 0, 0
31.6727, 0, 0, 0, 1.41421, 0, 0, 0, 0, 0, 0, 0, 0, 0, 0, 0, 0, 0, 0, 0, 0, 0, 0, 0, 0, 0, 0, 0, 0, 0, 0
31.6806, 0, 0, 0, 1.41421, 0, 0, 0, 0, 0, 0, 0, 0, 0, 0, 0, 0, 0, 0, 0, 0, 0, 0, 0, 0, 0, 0, 0, 0, 0, 0
31.6885, 0, 0, 0, 1.41421, 0, 0, 0, 0, 0, 0, 0, 0, 0, 0, 0, 0, 0, 0, 0, 0, 0, 0, 0, 0, 0, 0, 0, 0, 0, 0
31.6963, 0, 0, 0, 1.41421, 0, 0, 0, 0, 0, 0, 0, 0, 0, 0, 0, 0, 0, 0, 0, 0, 0, 0, 0, 0, 0, 0, 0, 0, 0, 0
31.7042, 0, 0, 0, 1.41421, 0, 0, 0, 0, 0, 0, 0, 0, 0, 0, 0, 0, 0, 0, 0, 0, 0, 0, 0, 0, 0, 0, 0, 0, 0, 0
31.7121, 0, 0, 0, 1.41421, 0, 0, 0, 0, 0, 0, 0, 0, 0, 0, 0, 0, 0, 0, 0, 0, 0, 0, 0, 0, 0, 0, 0, 0, 0, 0
31.72, 0, 0, 0, 1.41421, 0, 0, 0, 0, 0, 0, 0, 0, 0, 0, 0, 0, 0, 0, 0, 0, 0, 0, 0, 0, 0, 0, 0, 0, 0, 0
31.7279, 0, 0, 0, 1.41421, 0, 0, 0, 0, 0, 0, 0, 0, 0, 0, 0, 0, 0, 0, 0, 0, 0, 0, 0, 0, 0, 0, 0, 0, 0, 0
31.7357, 0, 0, 0, 1.41421, 0, 0, 0, 0, 0, 0, 0, 0, 0, 0, 0, 0, 0, 0, 0, 0, 0, 0, 0, 0, 0, 0, 0, 0, 0, 0
31.7436, 0, 0, 0, 1.41421, 0, 0, 0, 0, 0, 0, 0, 0, 0, 0, 0, 0, 0, 0, 0, 0, 0, 0, 0, 0, 0, 0, 0, 0, 0, 0
31.7515, 0, 0, 0, 1.41421, 0, 0, 0, 0, 0, 0, 0, 0, 0, 0, 0, 0, 0, 0, 0, 0, 0, 0, 0, 0, 0, 0, 0, 0, 0, 0
31.7594, 0, 0, 0, 1.41421, 0, 0, 0, 0, 0, 0, 0, 0, 0, 0, 0, 0, 0, 0, 0, 0, 0, 0, 0, 0, 0, 0, 0, 0, 0, 0
31.7673, 0, 0, 0, 1.41421, 0, 0, 0, 0, 0, 0, 0, 0, 0, 0, 0, 0, 0, 0, 0, 0, 0, 0, 0, 0, 0, 0, 0, 0, 0, 0
31.7751, 0, 0, 0, 1.41421, 0, 0, 0, 0, 0, 0, 0, 0, 0, 0, 0, 0, 0, 0, 0, 0, 0, 0, 0, 0, 0, 0, 0, 0, 0, 0
31.783, 0, 0, 0, 1.41421, 0, 0, 0, 0, 0, 0, 0, 0, 0, 0, 0, 0, 0, 0, 0, 0, 0, 0, 0, 0, 0, 0, 0, 0, 0, 0
31.7909, 0, 0, 0, 1.41421, 0, 0, 0, 0, 0, 0, 0, 0, 0, 0, 0, 0, 0, 0, 0, 0, 0, 0, 0, 0, 0, 0, 0, 0, 0, 0
31.7988, 0, 0, 0, 1.41421, 0, 0, 0, 0, 0, 0, 0, 0, 0, 0, 0, 0, 0, 0, 0, 0, 0, 0, 0, 0, 0, 0, 0, 0, 0, 0
31.8067, 0, 0, 0, 1.41421, 0, 0, 0, 0, 0, 0, 0, 0, 0, 0, 0, 0, 0, 0, 0, 0, 0, 0, 0, 0, 0, 0, 0, 0, 0, 0
31.8145, 0, 0, 0, 1.41421, 0, 0, 0, 0, 0, 0, 0, 0, 0, 0, 0, 0, 0, 0, 0, 0, 0, 0, 0, 0, 0, 0, 0, 0, 0, 0
31.8224, 0, 0, 0, 1.41421, 0, 0, 0, 0, 0, 0, 0, 0, 0, 0, 0, 0, 0, 0, 0, 0, 0, 0, 0, 0, 0, 0, 0, 0, 0, 0
31.8303, 0, 0, 0, 1.41421, 0, 0, 0, 0, 0, 0, 0, 0, 0, 0, 0, 0, 0, 0, 0, 0, 0, 0, 0, 0, 0, 0, 0, 0, 0, 0
31.8382, 0, 0, 0, 1.41421, 0, 0, 0, 0, 0, 0, 0, 0, 0, 0, 0, 0, 0, 0, 0, 0, 0, 0, 0, 0, 0, 0, 0, 0, 0, 0
31.8461, 0, 0, 0, 1.41421, 0, 0, 0, 0, 0, 0, 0, 0, 0, 0, 0, 0, 0, 0, 0, 0, 0, 0, 0, 0, 0, 0, 0, 0, 0, 0
31.8539, 0, 0, 0, 1.41421, 0, 0, 0, 0, 0, 0, 0, 0, 0, 0, 0, 0, 0, 0, 0, 0, 0, 0, 0, 0, 0, 0, 0, 0, 0, 0
31.8618, 0, 0, 0, 1.41421, 0, 0, 0, 0, 0, 0, 0, 0, 0, 0, 0, 0, 0, 0, 0, 0, 0, 0, 0, 0, 0, 0, 0, 0, 0, 0
31.8697, 0, 0, 0, 1.41421, 0, 0, 0, 0, 0, 0, 0, 0, 0, 0, 0, 0, 0, 0, 0, 0, 0, 0, 0, 0, 0, 0, 0, 0, 0, 0
31.8776, 0, 0, 0, 1.41421, 0, 0, 0, 0, 0, 0, 0, 0, 0, 0, 0, 0, 0, 0, 0, 0, 0, 0, 0, 0, 0, 0, 0, 0, 0, 0
31.8855, 0, 0, 0, 1.41421, 0, 0, 0, 0, 0, 0, 0, 0, 0, 0, 0, 0, 0, 0, 0, 0, 0, 0, 0, 0, 0, 0, 0, 0, 0, 0
31.8933, 0, 0, 0, 1.41421, 0, 0, 0, 0, 0, 0, 0, 0, 0, 0, 0, 0, 0, 0, 0, 0, 0, 0, 0, 0, 0, 0, 0, 0, 0, 0
31.9012, 0, 0, 0, 1.41421, 0, 0, 0, 0, 0, 0, 0, 0, 0, 0, 0, 0, 0, 0, 0, 0, 0, 0, 0, 0, 0, 0, 0, 0, 0, 0
31.9091, 0, 0, 0, 1.41421, 0, 0, 0, 0, 0, 0, 0, 0, 0, 0, 0, 0, 0, 0, 0, 0, 0, 0, 0, 0, 0, 0, 0, 0, 0, 0
31.917, 0, 0, 0, 1.41421, 0, 0, 0, 0, 0, 0, 0, 0, 0, 0, 0, 0, 0, 0, 0, 0, 0, 0, 0, 0, 0, 0, 0, 0, 0, 0
31.9249, 0, 0, 0, 1.41421, 0, 0, 0, 0, 0, 0, 0, 0, 0, 0, 0, 0, 0, 0, 0, 0, 0, 0, 0, 0, 0, 0, 0, 0, 0, 0
31.9327, 0, 0, 0, 1.41421, 0, 0, 0, 0, 0, 0, 0, 0, 0, 0, 0, 0, 0, 0, 0, 0, 0, 0, 0, 0, 0, 0, 0, 0, 0, 0
31.9406, 0, 0, 0, 1.41421, 0, 0, 0, 0, 0, 0, 0, 0, 0, 0, 0, 0, 0, 0, 0, 0, 0, 0, 0, 0, 0, 0, 0, 0, 0, 0
31.9485, 0, 0, 0, 1.41421, 0, 0, 0, 0, 0, 0, 0, 0, 0, 0, 0, 0, 0, 0, 0, 0, 0, 0, 0, 0, 0, 0, 0, 0, 0, 0
31.9564, 0, 0, 0, 1.41421, 0, 0, 0, 0, 0, 0, 0, 0, 0, 0, 0, 0, 0, 0, 0, 0, 0, 0, 0, 0, 0, 0, 0, 0, 0, 0
31.9643, 0, 0, 0, 1.41421, 0, 0, 0, 0, 0, 0, 0, 0, 0, 0, 0, 0, 0, 0, 0, 0, 0, 0, 0, 0, 0, 0, 0, 0, 0, 0
31.9721, 0, 0, 0, 1.41421, 0, 0, 0, 0, 0, 0, 0, 0, 0, 0, 0, 0, 0, 0, 0, 0, 0, 0, 0, 0, 0, 0, 0, 0, 0, 0
31.98, 0, 0, 0, 1.41421, 0, 0, 0, 0, 0, 0, 0, 0, 0, 0, 0, 0, 0, 0, 0, 0, 0, 0, 0, 0, 0, 0, 0, 0, 0, 0
31.9879, 0, 0, 0, 1.41421, 0, 0, 0, 0, 0, 0, 0, 0, 0, 0, 0, 0, 0, 0, 0, 0, 0, 0, 0, 0, 0, 0, 0, 0, 0, 0
31.9958, 0, 0, 0, 1.41421, 0, 0, 0, 0, 0, 0, 0, 0, 0, 0, 0, 0, 0, 0, 0, 0, 0, 0, 0, 0, 0, 0, 0, 0, 0, 0
32.0037, 0, 0, 0, 1.41421, 0, 0, 0, 0, 0, 0, 0, 0, 0, 0, 0, 0, 0, 0, 0, 0, 0, 0, 0, 0, 0, 0, 0, 0, 0, 0
32.0115, 0, 0, 0, 1.41421, 0, 0, 0, 0, 0, 0, 0, 0, 0, 0, 0, 0, 0, 0, 0, 0, 0, 0, 0, 0, 0, 0, 0, 0, 0, 0
32.0194, 0, 0, 0, 1.41421, 0, 0, 0, 0, 0, 0, 0, 0, 0, 0, 0, 0, 0, 0, 0, 0, 0, 0, 0, 0, 0, 0, 0, 0, 0, 0
32.0273, 0, 0, 0, 1.41421, 0, 0, 0, 0, 0, 0, 0, 0, 0, 0, 0, 0, 0, 0, 0, 0, 0, 0, 0, 0, 0, 0, 0, 0, 0, 0
32.0352, 0, 0, 0, 1.41421, 0, 0, 0, 0, 0, 0, 0, 0, 0, 0, 0, 0, 0, 0, 0, 0, 0, 0, 0, 0, 0, 0, 0, 0, 0, 0
32.0431, 0, 0, 0, 1.41421, 0, 0, 0, 0, 0, 0, 0, 0, 0, 0, 0, 0, 0, 0, 0, 0, 0, 0, 0, 0, 0, 0, 0, 0, 0, 0
32.0509, 0, 0, 0, 1.41421, 0, 0, 0, 0, 0, 0, 0, 0, 0, 0, 0, 0, 0, 0, 0, 0, 0, 0, 0, 0, 0, 0, 0, 0, 0, 0
32.0588, 0, 0, 0, 1.41421, 0, 0, 0, 0, 0, 0, 0, 0, 0, 0, 0, 0, 0, 0, 0, 0, 0, 0, 0, 0, 0, 0, 0, 0, 0, 0
32.0667, 0, 0, 0, 1.41421, 0, 0, 0, 0, 0, 0, 0, 0, 0, 0, 0, 0, 0, 0, 0, 0, 0, 0, 0, 0, 0, 0, 0, 0, 0, 0
32.0746, 0, 0, 0, 1.41421, 0, 0, 0, 0, 0, 0, 0, 0, 0, 0, 0, 0, 0, 0, 0, 0, 0, 0, 0, 0, 0, 0, 0, 0, 0, 0
32.0825, 0, 0, 0, 1.41421, 0, 0, 0, 0, 0, 0, 0, 0, 0, 0, 0, 0, 0, 0, 0, 0, 0, 0, 0, 0, 0, 0, 0, 0, 0, 0
32.0903, 0, 0, 0, 1.41421, 0, 0, 0, 0, 0, 0, 0, 0, 0, 0, 0, 0, 0, 0, 0, 0, 0, 0, 0, 0, 0, 0, 0, 0, 0, 0
32.0982, 0, 0, 0, 1.41421, 0, 0, 0, 0, 0, 0, 0, 0, 0, 0, 0, 0, 0, 0, 0, 0, 0, 0, 0, 0, 0, 0, 0, 0, 0, 0
32.1061, 0, 0, 0, 1.41421, 0, 0, 0, 0, 0, 0, 0, 0, 0, 0, 0, 0, 0, 0, 0, 0, 0, 0, 0, 0, 0, 0, 0, 0, 0, 0
32.114, 0, 0, 0, 1.41421, 0, 0, 0, 0, 0, 0, 0, 0, 0, 0, 0, 0, 0, 0, 0, 0, 0, 0, 0, 0, 0, 0, 0, 0, 0, 0
32.1219, 0, 0, 0, 1.41421, 0, 0, 0, 0, 0, 0, 0, 0, 0, 0, 0, 0, 0, 0, 0, 0, 0, 0, 0, 0, 0, 0, 0, 0, 0, 0
32.1297, 0, 0, 0, 1.41421, 0, 0, 0, 0, 0, 0, 0, 0, 0, 0, 0, 0, 0, 0, 0, 0, 0, 0, 0, 0, 0, 0, 0, 0, 0, 0
32.1376, 0, 0, 0, 1.41421, 0, 0, 0, 0, 0, 0, 0, 0, 0, 0, 0, 0, 0, 0, 0, 0, 0, 0, 0, 0, 0, 0, 0, 0, 0, 0
32.1455, 0, 0, 0, 1.41421, 0, 0, 0, 0, 0, 0, 0, 0, 0, 0, 0, 0, 0, 0, 0, 0, 0, 0, 0, 0, 0, 0, 0, 0, 0, 0
32.1534, 0, 0, 0, 1.41421, 0, 0, 0, 0, 0, 0, 0, 0, 0, 0, 0, 0, 0, 0, 0, 0, 0, 0, 0, 0, 0, 0, 0, 0, 0, 0
32.1613, 0, 0, 0, 1.41421, 0, 0, 0, 0, 0, 0, 0, 0, 0, 0, 0, 0, 0, 0, 0, 0, 0, 0, 0, 0, 0, 0, 0, 0, 0, 0
32.1691, 0, 0, 0, 1.41421, 0, 0, 0, 0, 0, 0, 0, 0, 0, 0, 0, 0, 0, 0, 0, 0, 0, 0, 0, 0, 0, 0, 0, 0, 0, 0
32.177, 0, 0, 0, 1.41421, 0, 0, 0, 0, 0, 0, 0, 0, 0, 0, 0, 0, 0, 0, 0, 0, 0, 0, 0, 0, 0, 0, 0, 0, 0, 0
32.1849, 0, 0, 0, 1.41421, 0, 0, 0, 0, 0, 0, 0, 0, 0, 0, 0, 0, 0, 0, 0, 0, 0, 0, 0, 0, 0, 0, 0, 0, 0, 0
32.1928, 0, 0, 0, 1.41421, 0, 0, 0, 0, 0, 0, 0, 0, 0, 0, 0, 0, 0, 0, 0, 0, 0, 0, 0, 0, 0, 0, 0, 0, 0, 0
32.2007, 0, 0, 0, 1.41421, 0, 0, 0, 0, 0, 0, 0, 0, 0, 0, 0, 0, 0, 0, 0, 0, 0, 0, 0, 0, 0, 0, 0, 0, 0, 0
32.2085, 0, 0, 0, 1.41421, 0, 0, 0, 0, 0, 0, 0, 0, 0, 0, 0, 0, 0, 0, 0, 0, 0, 0, 0, 0, 0, 0, 0, 0, 0, 0
32.2164, 0, 0, 0, 1.41421, 0, 0, 0, 0, 0, 0, 0, 0, 0, 0, 0, 0, 0, 0, 0, 0, 0, 0, 0, 0, 0, 0, 0, 0, 0, 0
32.2243, 0, 0, 0, 1.41421, 0, 0, 0, 0, 0, 0, 0, 0, 0, 0, 0, 0, 0, 0, 0, 0, 0, 0, 0, 0, 0, 0, 0, 0, 0, 0
32.2322, 0, 0, 0, 1.41421, 0, 0, 0, 0, 0, 0, 0, 0, 0, 0, 0, 0, 0, 0, 0, 0, 0, 0, 0, 0, 0, 0, 0, 0, 0, 0
32.2401, 0, 0, 0, 1.41421, 0, 0, 0, 0, 0, 0, 0, 0, 0, 0, 0, 0, 0, 0, 0, 0, 0, 0, 0, 0, 0, 0, 0, 0, 0, 0
32.2479, 0, 0, 0, 1.41421, 0, 0, 0, 0, 0, 0, 0, 0, 0, 0, 0, 0, 0, 0, 0, 0, 0, 0, 0, 0, 0, 0, 0, 0, 0, 0
