   PIQUANT 0.0.0-main  ps__0293_0692986818_000rfs_shot_285.msa
Energy (keV), meas, calc, bkg, sigma, residual, DetCE, Br_K, Zn_K, Fe_K, Mn_K, Ca_K, Cl_K, S_K, Si_K, Br_L, Al_K, Mg_K, Zn_L, Na_K, Rh_K_coh, Rh_L_coh, Rh_K_inc, Pileup, Rh_L_coh_Lb1
-0.0323658, 570, 0, 0, 23.9165, 570, 0, 0, 0, 0, 0, 0, 0, 0, 0, 0, 0, 0, 0, 0, 0, 0, 0, 0, 0
-0.024482, 0, 0, 0, 1.41421, 0, 0, 0, 0, 0, 0, 0, 0, 0, 0, 0, 0, 0, 0, 0, 0, 0, 0, 0, 0
-0.0165982, 0, 0, 0, 1.41421, 0, 0, 0, 0, 0, 0, 0, 0, 0, 0, 0, 0, 0, 0, 0, 0, 0, 0, 0, 0
-0.00871432, 0, 0, 0, 1.41421, 0, 0, 0, 0, 0, 0, 0, 0, 0, 0, 0, 0, 0, 0, 0, 0, 0, 0, 0, 0
-0.000830481, 0, 0, 0, 1.41421, 0, 0, 0, 0, 0, 0, 0, 0, 0, 0, 0, 0, 0, 0, 0, 0, 0, 0, 0, 0
0.00705336, 0, 6.65244e-22, 0, 1.41421, -6.65244e-22, 0, 0, 0, 0, 0, 0, 0, 0, 0, 1.96731e-24, 0, 0, 5.75825e-27, 0, 0, 6.63271e-22, 0, 0, 0
0.0149372, 0, 1.62972e-21, 0, 1.41421, -1.62972e-21, 0, 0, 0, 0, 0, 0, 0, 0, 0, 4.81952e-24, 0, 0, 1.42868e-26, 0, 0, 1.62488e-21, 0, 0, 0
0.022821, 0, 3.91814e-21, 0, 1.41421, -3.91814e-21, 0, 0, 0, 0, 0, 0, 0, 0, 0, 1.1587e-23, 0, 0, 3.47904e-26, 0, 0, 3.90652e-21, 0, 0, 0
0.0307049, 0, 9.25615e-21, 0, 1.41421, -9.25615e-21, 0, 0, 0, 0, 0, 0, 0, 0, 0, 2.7373e-23, 0, 0, 8.32568e-26, 0, 0, 9.22869e-21, 0, 0, 0
0.0385887, 0, 2.15093e-20, 0, 1.41421, -2.15093e-20, 0, 0, 0, 0, 0, 0, 0, 0, 0, 6.3609e-23, 0, 0, 1.96015e-25, 0, 0, 2.14455e-20, 0, 0, 0
0.0464725, 0, 4.92117e-20, 0, 1.41421, -4.92117e-20, 0, 0, 0, 0, 0, 0, 0, 0, 0, 1.45532e-22, 0, 0, 4.54433e-25, 0, 0, 4.90657e-20, 0, 0, 0
0.0543564, 0, 1.10944e-19, 0, 1.41421, -1.10944e-19, 0, 0, 0, 0, 0, 0, 0, 0, 0, 3.28091e-22, 0, 0, 1.03829e-24, 0, 0, 1.10614e-19, 0, 0, 0
0.0622402, 0, 2.4662e-19, 0, 1.41421, -2.4662e-19, 0, 0, 0, 0, 0, 0, 0, 0, 0, 7.29322e-22, 0, 0, 2.33957e-24, 0, 0, 2.45888e-19, 0, 0, 0
0.0701241, 0, 5.40896e-19, 0, 1.41421, -5.40896e-19, 0, 0, 0, 0, 0, 0, 0, 0, 0, 1.59958e-21, 0, 0, 5.20236e-24, 0, 0, 5.39291e-19, 0, 0, 0
0.0780079, 0, 1.17109e-18, 0, 1.41421, -1.17109e-18, 0, 0, 0, 0, 0, 0, 0, 0, 0, 3.46323e-21, 0, 0, 1.14221e-23, 0, 0, 1.16762e-18, 0, 0, 0
0.0858917, 0, 2.5042e-18, 0, 1.41421, -2.5042e-18, 0, 0, 0, 0, 0, 0, 0, 0, 0, 7.40559e-21, 0, 0, 2.47734e-23, 0, 0, 2.49677e-18, 0, 0, 0
0.0937756, 0, 5.29093e-18, 0, 1.41421, -5.29093e-18, 0, 0, 0, 0, 0, 0, 0, 0, 0, 1.56467e-20, 0, 0, 5.3102e-23, 0, 0, 5.27523e-18, 0, 0, 0
0.101659, 0, 1.10496e-17, 0, 1.41421, -1.10496e-17, 0, 0, 0, 0, 0, 0, 0, 0, 0, 3.26766e-20, 0, 0, 1.12536e-22, 0, 0, 1.10168e-17, 0, 0, 0
0.109543, 0, 2.28169e-17, 0, 1.41421, -2.28169e-17, 0, 0, 0, 0, 0, 0, 0, 0, 0, 6.74757e-20, 0, 0, 2.35874e-22, 0, 0, 2.27492e-17, 0, 0, 0
0.117427, 0, 4.66015e-17, 0, 1.41421, -4.66015e-17, 0, 0, 0, 0, 0, 0, 0, 0, 0, 1.37813e-19, 0, 0, 4.8912e-22, 0, 0, 4.64632e-17, 0, 0, 0
0.125311, 0, 9.41664e-17, 0, 1.41421, -9.41664e-17, 0, 0, 0, 0, 0, 0, 0, 0, 0, 2.78475e-19, 0, 0, 1.00375e-21, 0, 0, 9.38869e-17, 0, 0, 0
0.133195, 0, 1.88301e-16, 0, 1.41421, -1.88301e-16, 0, 0, 0, 0, 0, 0, 0, 0, 0, 5.56858e-19, 0, 0, 2.03902e-21, 0, 0, 1.87743e-16, 0, 0, 0
0.141079, 0, 3.72711e-16, 0, 1.41421, -3.72711e-16, 0, 0, 0, 0, 0, 0, 0, 0, 0, 1.10221e-18, 0, 0, 4.10119e-21, 0, 0, 3.71605e-16, 0, 0, 0
0.148962, 0, 7.3037e-16, 0, 1.41421, -7.3037e-16, 0, 0, 0, 0, 0, 0, 0, 0, 0, 2.1599e-18, 0, 0, 8.16933e-21, 0, 0, 7.28202e-16, 0, 0, 0
0.156846, 0, 1.41725e-15, 0, 1.41421, -1.41725e-15, 0, 0, 0, 0, 0, 0, 0, 0, 0, 4.19118e-18, 0, 0, 1.6119e-20, 0, 0, 1.41304e-15, 0, 0, 0
0.16473, 0, 2.72371e-15, 0, 1.41421, -2.72371e-15, 0, 0, 0, 0, 0, 0, 0, 0, 0, 8.0547e-18, 0, 0, 3.151e-20, 0, 0, 2.71562e-15, 0, 0, 0
0.172614, 0, 5.18505e-15, 0, 1.41421, -5.18505e-15, 0, 0, 0, 0, 0, 0, 0, 0, 0, 1.53335e-17, 0, 0, 6.10364e-20, 0, 0, 5.16966e-15, 0, 0, 0
0.180498, 0, 9.77885e-15, 0, 1.41421, -9.77885e-15, 0, 0, 0, 0, 0, 0, 0, 0, 0, 2.89185e-17, 0, 0, 1.17174e-19, 0, 0, 9.74982e-15, 0, 0, 0
0.188382, 0, 1.82736e-14, 0, 1.41421, -1.82736e-14, 0, 0, 0, 0, 0, 0, 0, 0, 0, 5.40394e-17, 0, 0, 2.22964e-19, 0, 0, 1.82193e-14, 0, 0, 0
0.196265, 0, 3.38386e-14, 0, 1.41421, -3.38386e-14, 0, 0, 0, 0, 0, 0, 0, 0, 0, 1.00069e-16, 0, 0, 4.20591e-19, 0, 0, 3.37382e-14, 0, 0, 0
0.204149, 0, 6.21022e-14, 0, 1.41421, -6.21022e-14, 0, 0, 0, 0, 0, 0, 0, 0, 0, 1.8365e-16, 0, 0, 7.86624e-19, 0, 0, 6.19178e-14, 0, 0, 0
0.212033, 0, 1.12967e-13, 0, 1.41421, -1.12967e-13, 0, 0, 0, 0, 0, 0, 0, 0, 0, 3.34067e-16, 0, 0, 1.4589e-18, 0, 0, 1.12631e-13, 0, 0, 0
0.219917, 0, 2.0423e-13, 0, 1.41421, -2.0423e-13, 0, 0, 0, 0, 0, 0, 0, 0, 0, 6.03953e-16, 0, 0, 2.69496e-18, 0, 0, 2.03623e-13, 0, 0, 0
0.227801, 0, 3.64945e-13, 0, 1.41421, -3.64945e-13, 0, 0, 0, 0, 0, 0, 0, 0, 0, 1.07922e-15, 0, 0, 4.91464e-18, 0, 0, 3.63861e-13, 0, 0, 0
0.235685, 0, 6.46579e-13, 0, 1.41421, -6.46579e-13, 0, 0, 0, 0, 0, 0, 0, 0, 0, 1.91208e-15, 0, 0, 8.89153e-18, 0, 0, 6.44658e-13, 0, 0, 0
0.243568, 0, 1.13588e-12, 0, 1.41421, -1.13588e-12, 0, 0, 0, 0, 0, 0, 0, 0, 0, 3.35908e-15, 0, 0, 1.59611e-17, 0, 0, 1.1325e-12, 0, 0, 0
0.251452, 0, 1.97874e-12, 0, 1.41421, -1.97874e-12, 0, 0, 0, 0, 0, 0, 0, 0, 0, 5.8517e-15, 0, 0, 2.84325e-17, 0, 0, 1.97286e-12, 0, 0, 0
0.259336, 0, 3.41837e-12, 0, 1.41421, -3.41837e-12, 0, 0, 0, 0, 0, 0, 0, 0, 0, 1.01093e-14, 0, 0, 5.02684e-17, 0, 0, 3.40821e-12, 0, 0, 0
0.26722, 0, 5.85661e-12, 0, 1.41421, -5.85661e-12, 0, 0, 0, 0, 0, 0, 0, 0, 0, 1.73204e-14, 0, 0, 8.82221e-17, 0, 0, 5.8392e-12, 0, 0, 0
0.275104, 0, 9.9517e-12, 0, 1.41421, -9.9517e-12, 0, 0, 0, 0, 0, 0, 0, 0, 0, 2.94324e-14, 0, 0, 1.53724e-16, 0, 0, 9.92211e-12, 0, 0, 0
0.282988, 0, 1.67723e-11, 0, 1.41421, -1.67723e-11, 0, 0, 0, 0, 0, 0, 0, 0, 0, 4.96069e-14, 0, 0, 2.66001e-16, 0, 0, 1.67224e-11, 0, 0, 0
0.290872, 0, 2.80383e-11, 0, 1.41421, -2.80383e-11, 0, 0, 0, 0, 0, 0, 0, 0, 0, 8.29342e-14, 0, 0, 4.57191e-16, 0, 0, 2.79549e-11, 0, 0, 0
0.298755, 0, 4.64942e-11, 0, 1.41421, -4.64942e-11, 0, 0, 0, 0, 0, 0, 0, 0, 0, 1.37538e-13, 0, 0, 7.80726e-16, 0, 0, 4.63559e-11, 0, 0, 0
0.306639, 0, 7.64806e-11, 0, 1.41421, -7.64806e-11, 0, 0, 0, 0, 0, 0, 0, 0, 0, 2.26271e-13, 0, 0, 1.32498e-15, 0, 0, 7.6253e-11, 0, 0, 0
0.314523, 0, 1.24804e-10, 9.52883e-44, 1.41421, -1.24804e-10, 0, 9.52883e-44, 9.52883e-44, 9.52883e-44, 9.52883e-44, 9.52883e-44, 9.52883e-44, 9.52883e-44, 9.52883e-44, 3.69299e-13, 9.52883e-44, 9.52883e-44, 2.2355e-15, 9.52883e-44, 9.52883e-44, 1.24433e-10, 9.52883e-44, 9.52883e-44, 9.52883e-44
0.322407, 0, 2.02046e-10, 1.69557e-42, 1.41421, -2.02046e-10, 0, 1.69557e-42, 1.69557e-42, 1.69557e-42, 1.69557e-42, 1.69557e-42, 1.69557e-42, 1.69557e-42, 1.69557e-42, 5.97987e-13, 1.69557e-42, 1.69557e-42, 3.75101e-15, 1.69557e-42, 1.69557e-42, 2.01444e-10, 1.69557e-42, 1.69557e-42, 1.69557e-42
0.330291, 0, 3.24514e-10, 2.53453e-41, 1.41421, -3.24514e-10, 0, 2.53453e-41, 2.53453e-41, 2.53453e-41, 2.53453e-41, 2.53453e-41, 2.53453e-41, 2.53453e-41, 2.53453e-41, 9.60711e-13, 2.53453e-41, 2.53453e-41, 6.26189e-15, 2.53453e-41, 2.53453e-41, 3.23547e-10, 2.53453e-41, 2.53453e-41, 2.53453e-41
0.338175, 0, 5.17128e-10, 3.33375e-40, 1.41421, -5.17128e-10, 0, 3.33375e-40, 3.33375e-40, 3.33375e-40, 3.33375e-40, 3.33375e-40, 3.33375e-40, 3.33375e-40, 3.33375e-40, 1.53146e-12, 3.33375e-40, 3.33375e-40, 1.04048e-14, 3.33375e-40, 3.33375e-40, 5.15586e-10, 3.33375e-40, 3.33375e-40, 3.33375e-40
0.346058, 0, 8.17632e-10, 3.92467e-39, 1.41421, -8.17632e-10, 0, 3.92467e-39, 3.92467e-39, 3.92467e-39, 3.92467e-39, 3.92467e-39, 3.92467e-39, 3.92467e-39, 3.92467e-39, 2.42243e-12, 3.92467e-39, 3.92467e-39, 1.72162e-14, 3.92467e-39, 3.92467e-39, 8.15193e-10, 3.92467e-39, 3.92467e-39, 3.92467e-39
0.353942, 0, 1.28273e-09, 4.16797e-38, 1.41421, -1.28273e-09, 0, 4.16797e-38, 4.16797e-38, 4.16797e-38, 4.16797e-38, 4.16797e-38, 4.16797e-38, 4.16797e-38, 4.16797e-38, 3.80244e-12, 4.16797e-38, 4.16797e-38, 2.83813e-14, 4.16797e-38, 4.16797e-38, 1.2789e-09, 4.16797e-38, 4.16797e-38, 4.16797e-38
0.361826, 0, 1.99687e-09, 4.01214e-37, 1.41421, -1.99687e-09, 0, 4.01214e-37, 4.01214e-37, 4.01214e-37, 4.01214e-37, 4.01214e-37, 4.01214e-37, 4.01214e-37, 4.01214e-37, 5.92327e-12, 4.01214e-37, 4.01214e-37, 4.66382e-14, 4.01214e-37, 4.01214e-37, 1.9909e-09, 4.01214e-37, 4.01214e-37, 4.01214e-37
0.36971, 0, 3.08474e-09, 3.52425e-36, 1.41421, -3.08474e-09, 0, 3.52425e-36, 3.52425e-36, 3.52425e-36, 3.52425e-36, 3.52425e-36, 3.52425e-36, 3.52425e-36, 3.52425e-36, 9.15759e-12, 3.52425e-36, 3.52425e-36, 7.64352e-14, 3.52425e-36, 3.52425e-36, 3.07551e-09, 3.52425e-36, 3.52425e-36, 3.52425e-36
0.377594, 0, 4.72891e-09, 2.83719e-35, 1.41421, -4.72891e-09, 0, 2.83719e-35, 2.83719e-35, 2.83719e-35, 2.83719e-35, 2.83719e-35, 2.83719e-35, 2.83719e-35, 2.83719e-35, 1.40525e-11, 2.83719e-35, 2.83719e-35, 1.24999e-13, 2.83719e-35, 2.83719e-35, 4.71473e-09, 2.83719e-35, 2.83719e-35, 2.83719e-35
0.385478, 0, 7.19444e-09, 2.10255e-34, 1.41421, -7.19444e-09, 0, 2.10255e-34, 2.10255e-34, 2.10255e-34, 2.10255e-34, 2.10255e-34, 2.10255e-34, 2.10255e-34, 2.10255e-34, 2.14046e-11, 2.10255e-34, 2.10255e-34, 2.04075e-13, 2.10255e-34, 2.10255e-34, 7.17283e-09, 2.10255e-34, 2.10255e-34, 2.10255e-34
0.393361, 0, 1.0863e-08, 1.45167e-33, 1.41421, -1.0863e-08, 0, 1.45167e-33, 1.45167e-33, 1.45167e-33, 1.45167e-33, 1.45167e-33, 1.45167e-33, 1.45167e-33, 1.45167e-33, 3.23658e-11, 1.45167e-33, 1.45167e-33, 3.32757e-13, 1.45167e-33, 1.45167e-33, 1.08303e-08, 1.45167e-33, 1.45167e-33, 1.45167e-33
0.401245, 0, 1.62794e-08, 8.74794e-33, 1.41421, -1.62794e-08, 0, 8.74794e-33, 8.74794e-33, 8.74794e-33, 8.74794e-33, 8.74794e-33, 8.74794e-33, 8.74794e-33, 8.74794e-33, 4.85877e-11, 8.74794e-33, 8.74794e-33, 5.42089e-13, 8.74794e-33, 8.74794e-33, 1.62303e-08, 8.74794e-33, 8.74794e-33, 8.74794e-33
0.409129, 0, 2.42152e-08, 5.32609e-32, 1.41421, -2.42152e-08, 0, 5.32609e-32, 5.32609e-32, 5.32609e-32, 5.32609e-32, 5.32609e-32, 5.32609e-32, 5.32609e-32, 5.32609e-32, 7.2422e-11, 5.32609e-32, 5.32609e-32, 8.82531e-13, 5.32609e-32, 5.32609e-32, 2.41419e-08, 5.32609e-32, 5.32609e-32, 5.32609e-32
0.417013, 0, 3.57539e-08, 2.90361e-31, 1.41421, -3.57539e-08, 0, 2.90361e-31, 2.90361e-31, 2.90361e-31, 2.90361e-31, 2.90361e-31, 2.90361e-31, 2.90361e-31, 2.90361e-31, 1.07193e-10, 2.90361e-31, 2.90361e-31, 1.43605e-12, 2.90361e-31, 2.90361e-31, 3.56453e-08, 2.90361e-31, 2.90361e-31, 2.90361e-31
0.424897, 0, 5.24045e-08, 1.54435e-30, 1.41421, -5.24045e-08, 0, 1.54435e-30, 1.54435e-30, 1.54435e-30, 1.54435e-30, 1.54435e-30, 1.54435e-30, 1.54435e-30, 1.54435e-30, 1.57565e-10, 1.54435e-30, 1.54435e-30, 2.33562e-12, 1.54435e-30, 1.54435e-30, 5.22446e-08, 1.54435e-30, 1.54435e-30, 1.54435e-30
0.432781, 0, 7.62519e-08, 7.82165e-30, 1.41421, -7.62519e-08, 0, 7.82165e-30, 7.82165e-30, 7.82165e-30, 7.82165e-30, 7.82165e-30, 7.82165e-30, 7.82165e-30, 7.82165e-30, 2.3004e-10, 7.82165e-30, 7.82165e-30, 3.7965e-12, 7.82165e-30, 7.82165e-30, 7.6018e-08, 7.82165e-30, 7.82165e-30, 7.82165e-30
0.440664, 0, 1.10153e-07, 3.7435e-29, 1.41421, -1.10153e-07, 0, 3.7435e-29, 3.7435e-29, 3.7435e-29, 3.7435e-29, 3.7435e-29, 3.7435e-29, 3.7435e-29, 3.7435e-29, 3.33621e-10, 3.7435e-29, 3.7435e-29, 6.16629e-12, 3.7435e-29, 3.7435e-29, 1.09813e-07, 3.7435e-29, 3.7435e-29, 3.7435e-29
0.448548, 0, 1.57993e-07, 1.72167e-28, 1.41421, -1.57993e-07, 0, 1.72167e-28, 1.72167e-28, 1.72167e-28, 1.72167e-28, 1.72167e-28, 1.72167e-28, 1.72167e-28, 1.72167e-28, 4.80689e-10, 1.72167e-28, 1.72167e-28, 1.00042e-11, 1.72167e-28, 1.72167e-28, 1.57502e-07, 1.72167e-28, 1.72167e-28, 1.72167e-28
0.456432, 0, 2.2501e-07, 7.59174e-28, 1.41421, -2.2501e-07, 0, 7.59174e-28, 7.59174e-28, 7.59174e-28, 7.59174e-28, 7.59174e-28, 7.59174e-28, 7.59174e-28, 7.59174e-28, 6.88173e-10, 7.59174e-28, 7.59174e-28, 1.62066e-11, 7.59174e-28, 7.59174e-28, 2.24305e-07, 7.59174e-28, 7.59174e-28, 7.59174e-28
0.464316, 0, 3.18215e-07, 3.19375e-27, 1.41421, -3.18215e-07, 0, 3.19375e-27, 3.19375e-27, 3.19375e-27, 3.19375e-27, 3.19375e-27, 3.19375e-27, 3.19375e-27, 3.19375e-27, 9.79065e-10, 3.19375e-27, 3.19375e-27, 2.62027e-11, 3.19375e-27, 3.19375e-27, 3.1721e-07, 3.19375e-27, 3.19375e-27, 3.19375e-27
0.4722, 0, 4.46918e-07, 1.28188e-26, 1.41421, -4.46918e-07, 0, 1.28188e-26, 1.28188e-26, 1.28188e-26, 1.28188e-26, 1.28188e-26, 1.28188e-26, 1.28188e-26, 1.28188e-26, 1.38442e-09, 1.28188e-26, 1.28188e-26, 4.22597e-11, 1.28188e-26, 1.28188e-26, 4.45492e-07, 1.28188e-26, 1.28188e-26, 1.28188e-26
0.480084, 0, 6.23389e-07, 4.91388e-26, 1.41421, -6.23389e-07, 0, 4.91388e-26, 4.91388e-26, 4.91388e-26, 4.91388e-26, 4.91388e-26, 3.91304e-12, 4.91388e-26, 4.91388e-26, 1.94592e-09, 4.91388e-26, 4.91388e-26, 6.79522e-11, 4.91388e-26, 4.91388e-26, 6.21371e-07, 4.91388e-26, 4.91388e-26, 4.91388e-26
0.487967, 0, 8.63667e-07, 1.80204e-25, 1.41421, -8.63667e-07, 0, 1.80204e-25, 1.80204e-25, 1.80204e-25, 1.80204e-25, 1.80204e-25, 1.33121e-11, 1.80204e-25, 1.80204e-25, 2.71922e-09, 1.80204e-25, 1.80204e-25, 1.0888e-10, 1.80204e-25, 1.80204e-25, 8.60826e-07, 1.80204e-25, 1.80204e-25, 1.80204e-25
0.495851, 0, 1.18857e-06, 6.36652e-25, 1.41421, -1.18857e-06, 0, 6.36652e-25, 6.36652e-25, 6.36652e-25, 6.36652e-25, 6.36652e-25, 3.51905e-11, 6.36652e-25, 6.36652e-25, 3.77814e-09, 6.36652e-25, 6.36652e-25, 1.73753e-10, 6.36652e-25, 6.36652e-25, 1.18458e-06, 6.36652e-25, 6.36652e-25, 6.36652e-25
0.503735, 0, 1.62839e-06, 5.23409e-10, 1.41421, -1.62839e-06, 5.23409e-10, 5.2343e-10, 5.23503e-10, 1.26509e-09, 5.42208e-10, 5.71727e-10, 7.90419e-10, 7.7131e-10, 1.93955e-09, 5.74368e-09, 5.2423e-10, 5.26309e-10, 7.99436e-10, 5.23409e-10, 5.23411e-10, 1.62012e-06, 5.23409e-10, 5.23409e-10, 5.56872e-10
0.511619, 0, 2.21874e-06, 1.76952e-09, 1.41421, -2.21874e-06, 1.76952e-09, 1.76959e-09, 1.76984e-09, 4.27973e-09, 1.83315e-09, 1.93305e-09, 2.58062e-09, 2.60854e-09, 6.56247e-09, 8.94295e-09, 1.7723e-09, 1.77934e-09, 2.2059e-09, 1.76952e-09, 1.76953e-09, 2.20182e-06, 1.76952e-09, 1.76952e-09, 1.88278e-09
0.519503, 0, 3.00984e-06, 4.65021e-09, 1.41421, -3.00984e-06, 4.65021e-09, 4.65039e-09, 4.65105e-09, 1.1256e-08, 4.81764e-09, 5.08055e-09, 6.70382e-09, 6.85814e-09, 1.72632e-08, 1.44547e-08, 4.65752e-09, 4.67604e-09, 5.33638e-09, 4.65021e-09, 4.65023e-09, 2.97494e-06, 4.65021e-09, 4.65021e-09, 4.94825e-09
0.527387, 0, 4.07179e-06, 1.1375e-08, 1.41421, -4.07179e-06, 1.1375e-08, 1.13755e-08, 1.13771e-08, 2.75556e-08, 1.17852e-08, 1.24292e-08, 1.62785e-08, 1.67833e-08, 4.227e-08, 2.47049e-08, 1.13929e-08, 1.14383e-08, 1.2448e-08, 1.1375e-08, 1.13751e-08, 3.99772e-06, 1.1375e-08, 1.1375e-08, 1.21051e-08
0.53527, 0, 5.49864e-06, 2.56681e-08, 1.41421, -5.49864e-06, 2.56681e-08, 2.56692e-08, 2.56728e-08, 6.21952e-08, 2.65939e-08, 2.80477e-08, 3.67443e-08, 3.78771e-08, 9.54124e-08, 4.36966e-08, 2.57085e-08, 2.5811e-08, 2.73354e-08, 2.56681e-08, 2.56682e-08, 5.34425e-06, 2.56681e-08, 2.56681e-08, 2.73162e-08
0.543154, 0, 7.43871e-06, 5.63647e-08, 1.41421, -7.43871e-06, 5.63647e-08, 5.63669e-08, 5.63748e-08, 1.366e-07, 5.83983e-08, 6.15918e-08, 8.2131e-08, 8.31829e-08, 2.09565e-07, 8.06225e-08, 5.64534e-08, 5.66784e-08, 5.89391e-08, 5.63647e-08, 5.63649e-08, 7.11456e-06, 5.63647e-08, 5.63647e-08, 5.99848e-08
0.551038, 0, 1.01325e-05, 1.20747e-07, 1.41421, -1.01325e-05, 1.20747e-07, 1.20752e-07, 1.20769e-07, 2.92681e-07, 1.25105e-07, 1.31948e-07, 1.91922e-07, 1.78215e-07, 4.49034e-07, 1.53221e-07, 1.20938e-07, 1.2142e-07, 1.24697e-07, 1.20747e-07, 1.20748e-07, 9.44305e-06, 1.20747e-07, 1.20747e-07, 1.28505e-07
0.558922, 0, 1.39542e-05, 2.52634e-07, 1.41421, -1.39542e-05, 2.52634e-07, 2.52644e-07, 2.52679e-07, 6.12454e-07, 2.61754e-07, 2.76075e-07, 4.23162e-07, 3.72901e-07, 9.39668e-07, 2.95888e-07, 2.53032e-07, 2.54041e-07, 2.58651e-07, 2.52634e-07, 2.52635e-07, 1.25167e-05, 2.52634e-07, 2.52634e-07, 2.68868e-07
0.566806, 0, 1.95458e-05, 5.16534e-07, 1.41421, -1.95458e-05, 5.16534e-07, 5.16555e-07, 5.16627e-07, 1.25241e-06, 5.35185e-07, 5.64474e-07, 9.00363e-07, 7.62495e-07, 1.9216e-06, 5.73859e-07, 5.17348e-07, 5.19411e-07, 5.25644e-07, 5.16534e-07, 5.16536e-07, 1.66051e-05, 5.16534e-07, 5.16534e-07, 5.49735e-07
0.57469, 0, 2.80103e-05, 1.03238e-06, 1.41421, -2.80103e-05, 1.03238e-06, 1.03242e-06, 1.03256e-06, 2.50353e-06, 1.06967e-06, 1.12822e-06, 1.8642e-06, 1.5241e-06, 3.84137e-06, 1.10798e-06, 1.03401e-06, 1.03813e-06, 1.04607e-06, 1.03238e-06, 1.03238e-06, 2.21102e-05, 1.03238e-06, 1.03238e-06, 1.09875e-06
0.582573, 0, 4.12631e-05, 2.0175e-06, 1.41421, -4.12631e-05, 2.0175e-06, 2.01758e-06, 2.01786e-06, 4.89324e-06, 2.09039e-06, 2.20484e-06, 3.77739e-06, 2.9787e-06, 7.5084e-06, 2.11672e-06, 2.02068e-06, 2.02874e-06, 2.03794e-06, 2.0175e-06, 2.01751e-06, 2.96508e-05, 2.0175e-06, 2.0175e-06, 2.14725e-06
0.590457, 0, 6.25958e-05, 3.8556e-06, 1.41421, -6.25958e-05, 3.8556e-06, 3.85575e-06, 3.85629e-06, 9.35296e-06, 3.99493e-06, 4.21373e-06, 7.48864e-06, 5.69305e-06, 1.43522e-05, 3.98521e-06, 3.86168e-06, 3.87709e-06, 3.8859e-06, 3.8556e-06, 3.85561e-06, 4.01975e-05, 3.8556e-06, 3.8556e-06, 4.10363e-06
0.598341, 0, 9.76679e-05, 7.20694e-06, 1.41421, -9.76679e-05, 7.20694e-06, 7.20723e-06, 7.20824e-06, 1.74858e-05, 7.46746e-06, 7.87657e-06, 1.4582e-05, 1.06426e-05, 2.68333e-05, 7.37549e-06, 7.21831e-06, 7.24713e-06, 7.25155e-06, 7.20694e-06, 7.20696e-06, 5.52916e-05, 7.20694e-06, 7.20694e-06, 7.6707e-06
0.606225, 0, 0.000156019, 1.31782e-05, 1.41421, -0.000156019, 1.31782e-05, 1.31787e-05, 1.31805e-05, 3.19795e-05, 1.36547e-05, 1.4403e-05, 2.78978e-05, 1.94624e-05, 4.90772e-05, 1.33964e-05, 1.3199e-05, 1.32517e-05, 1.32434e-05, 1.31782e-05, 1.31782e-05, 7.7384e-05, 1.31782e-05, 1.31782e-05, 1.40264e-05
0.614109, 0, 0.000253484, 2.3576e-05, 1.41421, -0.000253484, 2.3576e-05, 2.35769e-05, 2.35802e-05, 5.72235e-05, 2.44288e-05, 2.5768e-05, 5.24535e-05, 3.48224e-05, 8.7822e-05, 2.38573e-05, 2.36132e-05, 2.37075e-05, 2.36708e-05, 2.3576e-05, 2.35761e-05, 0.000110353, 2.3576e-05, 2.3576e-05, 2.50941e-05
0.621993, 0, 0.000415838, 4.12725e-05, 1.41421, -0.000415838, 4.12725e-05, 4.12742e-05, 4.128e-05, 0.000100198, 4.2766e-05, 4.51113e-05, 9.69457e-05, 6.09679e-05, 0.000153784, 4.16339e-05, 4.13377e-05, 4.15029e-05, 4.14094e-05, 4.12725e-05, 4.12727e-05, 0.000160239, 4.12725e-05, 4.12725e-05, 4.39311e-05
0.629877, 0, 0.000684244, 7.07137e-05, 1.41421, -0.000684244, 7.07137e-05, 7.07165e-05, 7.07265e-05, 0.000171711, 7.32736e-05, 7.72934e-05, 0.000176163, 0.000104472, 0.000263557, 7.11763e-05, 7.08254e-05, 7.11086e-05, 7.09102e-05, 7.07137e-05, 7.0714e-05, 0.000236317, 7.07137e-05, 7.07137e-05, 7.52706e-05
0.63776, 0, 0.00112307, 0.000118593, 1.41421, -0.00112307, 0.000118593, 0.000118598, 0.000118615, 0.000288045, 0.000122888, 0.000129633, 0.000314757, 0.000175232, 0.000442143, 0.000119184, 0.000118781, 0.000119256, 0.000118874, 0.000118593, 0.000118594, 0.000352541, 0.000118593, 0.000118593, 0.000126239
0.645644, 0, 0.00183095, 0.00019472, 1.41421, -0.00183095, 0.00019472, 0.000194728, 0.000194756, 0.000473067, 0.000201775, 0.000212854, 0.000553026, 0.000287756, 0.000726192, 0.000195471, 0.000195028, 0.000195809, 0.000195119, 0.00019472, 0.000194721, 0.000529449, 0.00019472, 0.00019472, 0.000207279
0.653528, 0, 0.00295578, 0.000313062, 1.41421, -0.00295578, 0.000313062, 0.000313074, 0.000313119, 0.000760783, 0.00032441, 0.000342229, 0.000955497, 0.000462709, 0.00116793, 0.000314015, 0.000313557, 0.000314813, 0.000313625, 0.000313062, 0.000313063, 0.000796554, 0.000313062, 0.000313062, 0.000333262
0.661412, 0, 0.00471473, 0.000492944, 1.41421, -0.00471473, 0.000492944, 0.000492964, 0.000493033, 0.00119827, 0.000510821, 0.000538894, 0.00162334, 0.000728694, 0.00183968, 0.000494151, 0.000493724, 0.000495702, 0.000493736, 0.000492944, 0.000492946, 0.00119522, 0.000492944, 0.000492944, 0.000524767
0.669296, 0, 0.00741984, 0.000760318, 1.41421, -0.00741984, 0.000760318, 0.000760349, 0.000760456, 0.00184879, 0.000787906, 0.000831229, 0.00271173, 0.00112413, 0.00283863, 0.000761842, 0.000761522, 0.000764575, 0.000761428, 0.000760318, 0.000760321, 0.00178196, 0.000760318, 0.000760318, 0.000809429
0.67718, 0, 0.0115099, 0.00114898, 1.41421, -0.0115099, 0.00114898, 0.00114903, 0.00114919, 0.0027948, 0.0011907, 0.0012562, 0.00445338, 0.00169908, 0.00429148, 0.0011509, 0.00115081, 0.00115542, 0.00115053, 0.00114898, 0.00114899, 0.00263193, 0.00114898, 0.00114898, 0.00122324
0.685063, 0, 0.0175884, 0.00170155, 1.41421, -0.0175884, 0.00170155, 0.00170162, 0.00170186, 0.00414034, 0.00176337, 0.00186043, 0.00718908, 0.0025167, 0.00635813, 0.00170397, 0.00170425, 0.00171109, 0.00170371, 0.00170155, 0.00170156, 0.00384246, 0.00170155, 0.00170155, 0.00181159
0.692947, 0, 0.0264667, 0.00246994, 1.41421, -0.0264667, 0.00246994, 0.00247004, 0.00247039, 0.00601232, 0.00255973, 0.00270072, 0.0114055, 0.00365395, 0.0092337, 0.00247296, 0.00247386, 0.0024838, 0.00247292, 0.00246994, 0.00246995, 0.00553623, 0.00246994, 0.00246994, 0.00262978
0.700831, 0, 0.0392104, 0.00351513, 1.41421, -0.0392104, 0.00351513, 0.00351527, 0.00351577, 0.00855997, 0.00364299, 0.00384378, 0.0177801, 0.00520131, 0.0131477, 0.00351889, 0.00352071, 0.00353486, 0.00351924, 0.00351513, 0.00351514, 0.00786371, 0.00351513, 0.00351513, 0.00374276
0.708715, 0, 0.0571858, 0.00490592, 1.41421, -0.0571858, 0.00490592, 0.00490612, 0.00490682, 0.011952, 0.00508451, 0.00536495, 0.0272295, 0.00726099, 0.0183596, 0.0049106, 0.00491372, 0.0049335, 0.00491157, 0.00490592, 0.00490594, 0.0110049, 0.00490592, 0.00490592, 0.00522386
0.716599, 0, 0.0820988, 0.00671644, 1.41421, -0.0820988, 0.00671644, 0.00671671, 0.00671766, 0.0163705, 0.00696113, 0.00734537, 0.0409584, 0.00994318, 0.0251498, 0.00672222, 0.00672712, 0.00675424, 0.00672417, 0.00671644, 0.00671647, 0.0151699, 0.00671644, 0.00671644, 0.00715208
0.724483, 0, 0.116023, 0.00902245, 1.41421, -0.116023, 0.00902245, 0.00902282, 0.0090241, 0.0220021, 0.00935144, 0.00986804, 0.0605003, 0.0133607, 0.0338057, 0.00902955, 0.00903681, 0.00907331, 0.00903297, 0.00902245, 0.00902249, 0.020599, 0.00902245, 0.00902245, 0.00960821
0.732366, 0, 0.161404, 0.0118963, 1.41421, -0.161404, 0.0118963, 0.0118967, 0.0118984, 0.0290258, 0.0123304, 0.0130122, 0.0877404, 0.0176215, 0.0446032, 0.0119049, 0.0119152, 0.0119634, 0.0119105, 0.0118963, 0.0118963, 0.027563, 0.0118963, 0.0118963, 0.0126694
0.74025, 0, 0.221028, 0.0154007, 1.41421, -0.221028, 0.0154007, 0.0154013, 0.0154035, 0.0375981, 0.0159633, 0.0168468, 0.124908, 0.0228197, 0.0577841, 0.0154112, 0.0154252, 0.0154879, 0.0154198, 0.0154007, 0.0154008, 0.0363651, 0.0154007, 0.0154007, 0.0164027
0.748134, 0, 0.297954, 0.0195825, 1.41421, -0.297954, 0.0195825, 0.0195833, 0.0195861, 0.0478371, 0.0202987, 0.0214232, 0.174526, 0.0290258, 0.0735314, 0.0195951, 0.0196137, 0.0196937, 0.019608, 0.0195825, 0.0195826, 0.047346, 0.0195825, 0.0195825, 0.0208583
0.756018, 0, 0.39539, 0.024466, 1.41421, -0.39539, 0.024466, 0.024467, 0.0244705, 0.059807, 0.0253618, 0.0267684, 0.239301, 0.0362775, 0.0919455, 0.0244809, 0.0245051, 0.0246055, 0.0244998, 0.024466, 0.0244661, 0.0608956, 0.024466, 0.024466, 0.0260623
0.763902, 0, 0.516512, 0.0300471, 1.41421, -0.516512, 0.0300471, 0.0300484, 0.0300527, 0.0735034, 0.0311486, 0.0328782, 0.32195, 0.0445705, 0.113022, 0.0300647, 0.0300952, 0.0302194, 0.0300916, 0.0300471, 0.0300473, 0.0774701, 0.0300471, 0.0300471, 0.032011
0.771786, 4, 0.664236, 0.0362896, 2.44949, 3.33576, 0.0362896, 0.0362911, 0.0362963, 0.088844, 0.0376217, 0.0397134, 0.424954, 0.053853, 0.136636, 0.03631, 0.0363476, 0.0364992, 0.0363475, 0.0362896, 0.0362898, 0.0976206, 0.0362896, 0.0362896, 0.0386664
0.779669, 0, 0.840937, 0.043123, 1.41421, -0.840937, 0.043123, 0.0431248, 0.043131, 0.105663, 0.0447082, 0.0471974, 0.550258, 0.0640229, 0.162537, 0.0431466, 0.043192, 0.0433747, 0.0431979, 0.043123, 0.0431232, 0.122028, 0.043123, 0.043123, 0.0459544
0.787553, 0, 1.04816, 0.0504442, 1.41421, -1.04816, 0.0504442, 0.0504463, 0.0504536, 0.123717, 0.0523014, 0.0552177, 0.698927, 0.0749293, 0.19035, 0.050471, 0.050525, 0.0507427, 0.0505402, 0.0504442, 0.0504445, 0.151545, 0.0504442, 0.0504442, 0.0537665
0.795437, 0, 1.2863, 0.0581205, 1.41421, -1.2863, 0.0581205, 0.0581229, 0.0581312, 0.142686, 0.0602639, 0.0636297, 0.870784, 0.0863775, 0.219589, 0.0581507, 0.0582136, 0.058471, 0.0582425, 0.0581205, 0.0581207, 0.187237, 0.0581205, 0.0581205, 0.0619632
0.803321, 0, 1.55438, 0.0659971, 1.41421, -1.55438, 0.0659971, 0.0659998, 0.0660093, 0.162201, 0.0684355, 0.0722645, 1.06411, 0.0981403, 0.249688, 0.0660307, 0.0661027, 0.0664056, 0.0661513, 0.0659971, 0.0659974, 0.230419, 0.0659971, 0.0659971, 0.070382
0.811205, 0, 1.84986, 0.0739055, 1.41421, -1.84986, 0.0739055, 0.0739086, 0.0739192, 0.181855, 0.0766416, 0.0809381, 1.27542, 0.109969, 0.280023, 0.0739425, 0.0740237, 0.0743794, 0.0740991, 0.0739055, 0.0739058, 0.282663, 0.0739055, 0.0739055, 0.078847
0.819089, 2, 2.16855, 0.0816739, 2, -0.16855, 0.0816739, 0.0816772, 0.081689, 0.201233, 0.0847042, 0.0894628, 1.49935, 0.121611, 0.309959, 0.0817142, 0.0818043, 0.0822227, 0.0819157, 0.0816739, 0.0816742, 0.345786, 0.0816739, 0.0816739, 0.0871798
0.826972, 2, 2.50471, 0.0891372, 2, -0.504711, 0.0891372, 0.0891409, 0.0891538, 0.219937, 0.0924525, 0.0976584, 1.72878, 0.132823, 0.338885, 0.0891807, 0.0892792, 0.0897742, 0.0894385, 0.0891372, 0.0891376, 0.421775, 0.0891372, 0.0891372, 0.0952109
0.834856, 2, 2.85126, 0.0961476, 2, -0.851259, 0.0961476, 0.0961516, 0.0961655, 0.237608, 0.099733, 0.105363, 1.95514, 0.143385, 0.366251, 0.096194, 0.0963002, 0.0968911, 0.0965222, 0.0961476, 0.096148, 0.512679, 0.0961476, 0.0961476, 0.102791
0.84274, 2, 3.20009, 0.102581, 2, -1.20009, 0.102581, 0.102585, 0.1026, 0.253947, 0.106418, 0.112442, 2.16885, 0.153115, 0.391596, 0.10263, 0.102743, 0.103457, 0.103047, 0.102581, 0.102582, 0.620409, 0.102581, 0.102581, 0.109801
0.850624, 0, 3.54256, 0.108345, 1.41421, -3.54256, 0.108345, 0.10835, 0.108365, 0.268726, 0.11241, 0.118793, 2.36005, 0.161876, 0.414575, 0.108396, 0.108515, 0.109388, 0.108924, 0.108345, 0.108346, 0.746517, 0.108345, 0.108345, 0.116155
0.858508, 0, 3.86997, 0.113379, 1.41421, -3.86997, 0.113379, 0.113384, 0.1134, 0.281801, 0.117648, 0.124351, 2.51934, 0.169577, 0.434962, 0.113432, 0.113555, 0.114638, 0.1141, 0.113379, 0.113379, 0.891906, 0.113379, 0.113379, 0.12181
0.866392, 8, 4.17408, 0.117655, 3.16228, 3.82592, 0.117655, 0.11766, 0.117678, 0.293105, 0.122102, 0.129085, 2.63854, 0.176178, 0.452655, 0.11771, 0.117836, 0.119193, 0.118555, 0.117655, 0.117656, 1.05654, 0.117655, 0.117655, 0.126762
0.874275, 6, 4.44751, 0.121178, 2.82843, 1.55249, 0.121178, 0.121183, 0.121201, 0.302645, 0.125777, 0.133, 2.71148, 0.181685, 0.467668, 0.121233, 0.121361, 0.123076, 0.1223, 0.121178, 0.121179, 1.23916, 0.121178, 0.121178, 0.131048
0.882159, 8, 4.68412, 0.123976, 3.16228, 3.31588, 0.123976, 0.123981, 0.124, 0.310493, 0.128704, 0.136127, 2.73451, 0.186141, 0.480109, 0.124032, 0.124159, 0.12634, 0.125376, 0.123976, 0.123977, 1.43709, 0.123976, 0.123976, 0.134746
0.890043, 6, 4.87923, 0.1261, 2.82843, 1.12077, 0.1261, 0.126105, 0.126124, 0.316771, 0.130932, 0.138521, 2.70688, 0.18962, 0.490164, 0.126155, 0.126281, 0.129058, 0.127841, 0.1261, 0.1261, 1.6461, 0.1261, 0.1261, 0.137966
0.897927, 8, 5.02959, 0.127613, 3.16228, 2.97041, 0.127613, 0.127618, 0.127637, 0.321633, 0.13253, 0.140253, 2.63075, 0.192217, 0.498072, 0.127668, 0.12779, 0.131324, 0.129771, 0.127613, 0.127613, 1.86044, 0.127613, 0.127613, 0.140852
0.905811, 6, 5.13346, 0.128588, 2.82843, 0.866541, 0.128588, 0.128594, 0.128613, 0.325255, 0.133573, 0.141401, 2.511, 0.194039, 0.504101, 0.128643, 0.12876, 0.13324, 0.131247, 0.128588, 0.128589, 2.07306, 0.128588, 0.128588, 0.143582
0.913695, 6, 5.19037, 0.129102, 2.82843, 0.809626, 0.129102, 0.129108, 0.129127, 0.327819, 0.134139, 0.142048, 2.35479, 0.1952, 0.508529, 0.129155, 0.129267, 0.134916, 0.132351, 0.129102, 0.129103, 2.27589, 0.129102, 0.129102, 0.146363
0.921578, 2, 5.20103, 0.129228, 2, -3.20103, 0.129228, 0.129234, 0.129254, 0.329502, 0.134304, 0.142276, 2.17085, 0.195807, 0.511629, 0.12928, 0.129385, 0.136458, 0.133158, 0.129228, 0.129229, 2.46042, 0.129228, 0.129228, 0.149434
0.929462, 8, 5.16712, 0.129037, 3.16228, 2.83288, 0.129037, 0.129043, 0.129062, 0.33047, 0.134142, 0.14216, 1.96879, 0.195965, 0.513651, 0.129086, 0.129184, 0.137971, 0.133737, 0.129037, 0.129037, 2.61826, 0.129037, 0.129037, 0.153072
0.937346, 4, 5.0912, 0.128591, 2.44949, -1.0912, 0.128591, 0.128597, 0.128617, 0.330871, 0.133718, 0.141769, 1.7583, 0.195765, 0.514822, 0.128639, 0.128727, 0.139548, 0.134141, 0.128591, 0.128592, 2.74179, 0.128591, 0.128591, 0.157583
0.94523, 8, 4.97663, 0.127946, 3.16228, 3.02337, 0.127946, 0.127952, 0.127972, 0.330832, 0.133089, 0.141164, 1.54843, 0.195287, 0.515334, 0.127992, 0.128071, 0.141277, 0.134409, 0.127946, 0.127947, 2.8248, 0.127946, 0.127946, 0.163311
0.953114, 10, 4.82754, 0.12715, 3.4641, 5.17246, 0.12715, 0.127156, 0.127176, 0.330462, 0.132303, 0.140395, 1.34711, 0.1946, 0.51535, 0.127194, 0.127264, 0.143236, 0.134565, 0.12715, 0.127151, 2.86305, 0.12715, 0.12715, 0.170626
0.960998, 8, 4.64881, 0.126244, 3.16228, 3.35119, 0.126243, 0.126249, 0.126269, 0.329848, 0.131404, 0.139508, 1.16069, 0.193761, 0.515003, 0.126286, 0.126346, 0.145493, 0.134619, 0.126244, 0.126244, 2.85459, 0.126244, 0.126244, 0.179916
0.968882, 4, 4.44607, 0.125259, 2.44949, -0.446073, 0.125259, 0.125265, 0.125285, 0.329061, 0.130425, 0.138536, 0.993747, 0.192816, 0.514395, 0.1253, 0.12535, 0.148115, 0.134569, 0.125259, 0.12526, 2.80001, 0.125259, 0.125259, 0.191567
0.976765, 12, 4.22559, 0.124224, 3.74166, 7.77441, 0.124224, 0.12423, 0.12425, 0.328158, 0.129393, 0.13751, 0.849128, 0.191802, 0.51361, 0.124264, 0.124306, 0.151168, 0.134404, 0.124224, 0.124225, 2.70235, 0.124224, 0.124224, 0.205936
0.984649, 6, 3.99412, 0.123162, 2.82843, 2.00588, 0.123162, 0.123168, 0.123188, 0.327181, 0.128333, 0.136453, 0.728003, 0.190748, 0.512708, 0.123201, 0.123234, 0.154738, 0.134107, 0.123162, 0.123163, 2.56684, 0.123162, 0.123162, 0.223317
0.992533, 4, 3.75869, 0.12209, 2.44949, 0.241307, 0.12209, 0.122096, 0.122116, 0.326163, 0.127263, 0.135385, 0.630133, 0.189677, 0.511738, 0.122129, 0.122155, 0.158944, 0.133662, 0.12209, 0.122091, 2.4005, 0.12209, 0.12209, 0.243903
1.00042, 2, 3.52633, 0.121025, 2, -1.52633, 0.121025, 0.121031, 0.121051, 0.325132, 0.126198, 0.134322, 0.554141, 0.188609, 0.510732, 0.121064, 0.121084, 0.16398, 0.133054, 0.121025, 0.121026, 2.21152, 0.121025, 0.121025, 0.26774
1.0083, 6, 3.30373, 0.119979, 2.82843, 2.69627, 0.119978, 0.119984, 0.120004, 0.324106, 0.125152, 0.133277, 0.497821, 0.187558, 0.509717, 0.120019, 0.120033, 0.170171, 0.132275, 0.119979, 0.119979, 2.00864, 0.119979, 0.119979, 0.294689
1.01618, 2, 3.09696, 0.118962, 2, -1.09696, 0.118961, 0.118967, 0.118988, 0.323102, 0.124136, 0.132261, 0.458432, 0.186537, 0.50871, 0.119005, 0.119015, 0.178068, 0.131323, 0.118962, 0.118962, 1.80053, 0.118962, 0.118962, 0.324394
1.02407, 0, 2.91136, 0.117983, 1.41421, -2.91136, 0.117982, 0.117989, 0.118009, 0.322131, 0.123158, 0.131283, 0.432954, 0.185554, 0.507723, 0.118031, 0.118039, 0.188588, 0.130207, 0.117983, 0.117984, 1.59522, 0.117983, 0.117983, 0.35626
1.03195, 4, 2.75143, 0.117051, 2.44949, 1.24857, 0.11705, 0.117057, 0.117077, 0.321203, 0.122226, 0.130351, 0.418305, 0.184618, 0.506764, 0.117104, 0.117113, 0.203229, 0.128946, 0.117051, 0.117052, 1.39965, 0.117051, 0.117051, 0.389455
1.03984, 4, 2.6211, 0.116172, 2.44949, 1.3789, 0.11617, 0.116178, 0.116198, 0.320327, 0.121347, 0.129472, 0.411513, 0.183736, 0.505835, 0.116232, 0.116244, 0.224378, 0.127565, 0.116172, 0.116173, 1.21939, 0.116172, 0.116172, 0.422933
1.04772, 8, 2.52414, 0.115351, 3.16228, 5.47586, 0.115348, 0.115357, 0.115377, 0.319507, 0.120526, 0.128651, 0.409836, 0.182912, 0.504933, 0.115421, 0.115438, 0.255735, 0.1261, 0.115351, 0.115352, 1.05844, 0.115351, 0.115351, 0.455475
1.0556, 8, 2.46486, 0.114593, 3.16228, 5.53514, 0.114589, 0.114598, 0.114618, 0.318749, 0.119767, 0.127893, 0.410859, 0.182152, 0.504052, 0.114675, 0.114701, 0.302884, 0.124586, 0.114593, 0.114593, 0.91927, 0.114593, 0.114593, 0.485763
1.06349, 6, 2.44914, 0.113899, 2.82843, 3.55086, 0.113894, 0.113905, 0.113925, 0.318056, 0.119074, 0.127199, 0.412554, 0.181457, 0.503181, 0.113998, 0.114037, 0.374003, 0.123062, 0.113899, 0.1139, 0.802917, 0.113899, 0.113899, 0.512459
1.07137, 2, 2.48554, 0.113272, 2, -0.485545, 0.113266, 0.113278, 0.113298, 0.31743, 0.118447, 0.126573, 0.413307, 0.180829, 0.5023, 0.113392, 0.113449, 0.480741, 0.121566, 0.113272, 0.113273, 0.709173, 0.113272, 0.113272, 0.534304
1.07926, 4, 2.58671, 0.112713, 2.44949, 1.41329, 0.112704, 0.112719, 0.112739, 0.316871, 0.117888, 0.126014, 0.411938, 0.180269, 0.501386, 0.11286, 0.112939, 0.639172, 0.120128, 0.112713, 0.112714, 0.636851, 0.112713, 0.112713, 0.550213
1.08714, 4, 2.77067, 0.11222, 2.44949, 1.22933, 0.112208, 0.112226, 0.112246, 0.316377, 0.117395, 0.12552, 0.40769, 0.179776, 0.50041, 0.112402, 0.112507, 0.870804, 0.118777, 0.11222, 0.112221, 0.584047, 0.11222, 0.11222, 0.559357
1.09502, 4, 3.06199, 0.11179, 2.44949, 0.938007, 0.111775, 0.111796, 0.111816, 0.315947, 0.116965, 0.12509, 0.400201, 0.179346, 0.499335, 0.112017, 0.112153, 1.20342, 0.117532, 0.11179, 0.111791, 0.548409, 0.11179, 0.11179, 0.561238
1.10291, 0, 3.49262, 0.111418, 1.41421, -3.49262, 0.111399, 0.111424, 0.111444, 0.315576, 0.116593, 0.124719, 0.389459, 0.178974, 0.498119, 0.111703, 0.111872, 1.67169, 0.116402, 0.111418, 0.111419, 0.527356, 0.111418, 0.111418, 0.555724
1.11079, 6, 4.102, 0.111098, 2.82843, 1.898, 0.111072, 0.111103, 0.111123, 0.315255, 0.116272, 0.124398, 0.375747, 0.178652, 0.496719, 0.111456, 0.11166, 2.31715, 0.115392, 0.111098, 0.111098, 0.518278, 0.111098, 0.111098, 0.543061
1.11867, 12, 4.93636, 0.110818, 3.74166, 7.06364, 0.110786, 0.110824, 0.110844, 0.314975, 0.115992, 0.124118, 0.359567, 0.178373, 0.495088, 0.111272, 0.111509, 3.18741, 0.114495, 0.110818, 0.110818, 0.518673, 0.110818, 0.110818, 0.523853
1.12656, 6, 6.04672, 0.110567, 2.82843, -0.0467167, 0.110526, 0.110573, 0.110593, 0.314724, 0.115742, 0.123867, 0.341568, 0.178122, 0.493181, 0.111145, 0.111406, 4.33422, 0.113701, 0.110567, 0.110568, 0.526243, 0.110567, 0.110567, 0.499005
1.13444, 8, 7.48571, 0.11033, 3.16228, 0.51429, 0.110278, 0.110336, 0.110356, 0.314487, 0.115504, 0.12363, 0.322469, 0.177885, 0.490959, 0.111066, 0.11134, 5.81036, 0.112992, 0.11033, 0.11033, 0.538956, 0.11033, 0.11033, 0.469653
1.14233, 8, 9.30279, 0.110088, 3.16228, -1.30279, 0.110024, 0.110094, 0.110114, 0.314245, 0.115263, 0.123388, 0.30299, 0.177643, 0.488394, 0.111028, 0.111292, 7.66501, 0.112343, 0.110088, 0.110089, 0.555062, 0.110088, 0.110088, 0.437075
1.15021, 22, 11.5385, 0.109821, 4.89898, 10.4615, 0.109741, 0.109827, 0.109847, 0.313979, 0.114996, 0.123122, 0.283793, 0.177376, 0.485472, 0.111019, 0.111242, 9.9381, 0.111728, 0.109821, 0.109822, 0.573091, 0.109821, 0.109821, 0.402588
1.15809, 16, 14.2175, 0.109506, 4.24264, 1.78255, 0.109406, 0.109512, 0.109532, 0.313663, 0.114681, 0.122806, 0.265438, 0.177061, 0.482203, 0.111029, 0.111168, 12.6535, 0.111117, 0.109506, 0.109507, 0.591831, 0.109506, 0.109506, 0.36747
1.16598, 20, 17.3415, 0.109117, 4.69042, 2.65845, 0.108992, 0.109123, 0.109143, 0.313274, 0.114291, 0.122417, 0.248355, 0.176672, 0.47862, 0.111044, 0.111045, 15.8124, 0.110477, 0.109117, 0.109117, 0.610291, 0.109117, 0.109117, 0.332871
1.17386, 16, 20.8835, 0.108627, 4.24264, -4.88347, 0.108473, 0.108633, 0.108653, 0.312784, 0.113801, 0.121927, 0.232833, 0.176182, 0.474795, 0.111051, 0.110846, 19.3869, 0.109775, 0.108627, 0.108627, 0.627661, 0.108627, 0.108627, 0.299759
1.18175, 22, 24.7819, 0.108008, 4.89898, -2.78195, 0.10782, 0.108014, 0.108034, 0.312166, 0.113183, 0.121309, 0.219022, 0.175563, 0.470834, 0.111034, 0.110542, 23.3152, 0.108978, 0.108008, 0.108009, 0.643276, 0.108008, 0.108008, 0.268885
1.18963, 18, 28.9397, 0.107235, 4.47214, -10.9397, 0.107004, 0.10724, 0.107261, 0.311392, 0.112409, 0.120535, 0.20695, 0.174789, 0.466891, 0.110976, 0.110108, 27.4998, 0.108053, 0.107235, 0.107235, 0.656577, 0.107235, 0.107235, 0.240765
1.19751, 36, 33.2244, 0.106281, 6.16441, 2.77564, 0.106001, 0.106286, 0.106306, 0.310438, 0.111455, 0.119581, 0.196544, 0.173835, 0.463171, 0.110859, 0.109517, 31.8083, 0.106971, 0.106281, 0.106281, 0.667082, 0.106281, 0.106281, 0.215688
1.2054, 32, 37.4741, 0.105124, 5.83095, -5.4741, 0.104785, 0.10513, 0.10515, 0.309281, 0.110299, 0.118424, 0.187657, 0.172679, 0.459936, 0.110662, 0.108749, 36.0789, 0.105706, 0.105124, 0.105125, 0.674374, 0.105124, 0.105124, 0.19374
1.21328, 34, 41.5066, 0.103747, 6, -7.50656, 0.103338, 0.103753, 0.103773, 0.307904, 0.108922, 0.117047, 0.180092, 0.171302, 0.457511, 0.110364, 0.107785, 40.1297, 0.104238, 0.103747, 0.103748, 0.67809, 0.103747, 0.103747, 0.174837
1.22116, 54, 45.1313, 0.102138, 7.48331, 8.86865, 0.101647, 0.102144, 0.102164, 0.306296, 0.107313, 0.115439, 0.173634, 0.169693, 0.456285, 0.109942, 0.106617, 43.7704, 0.102551, 0.102138, 0.102139, 0.677925, 0.102138, 0.102138, 0.158768
1.22905, 52, 48.1645, 0.100293, 7.34847, 3.83546, 0.0997051, 0.100299, 0.100319, 0.30445, 0.105468, 0.113593, 0.168063, 0.167848, 0.456722, 0.109374, 0.105244, 46.8174, 0.10064, 0.100293, 0.100294, 0.673649, 0.100293, 0.100293, 0.145238
1.23693, 48, 50.4444, 0.0982141, 7.07107, -2.44442, 0.0975131, 0.0982199, 0.09824, 0.302371, 0.103389, 0.111514, 0.163177, 0.165769, 0.459358, 0.10864, 0.103679, 49.1093, 0.0985058, 0.0982141, 0.0982147, 0.66512, 0.0982141, 0.0982141, 0.133903
1.24482, 56, 51.8454, 0.0959135, 7.61577, 4.15457, 0.0950804, 0.0959192, 0.0959394, 0.30007, 0.101088, 0.109214, 0.1588, 0.163468, 0.464801, 0.107725, 0.101948, 50.5205, 0.0961582, 0.0959135, 0.095914, 0.65231, 0.0959135, 0.0959135, 0.124411
1.2527, 60, 52.2899, 0.0934113, 7.87401, 7.71013, 0.0924245, 0.093417, 0.0934372, 0.297568, 0.0985858, 0.106711, 0.154787, 0.160966, 0.473734, 0.106624, 0.1001, 50.9729, 0.0936163, 0.0934113, 0.0934118, 0.635321, 0.0934113, 0.0934113, 0.116425
1.26058, 74, 51.7549, 0.0907362, 8.7178, 22.2451, 0.0895708, 0.0907419, 0.0907621, 0.294892, 0.0959107, 0.104036, 0.15103, 0.15829, 0.486903, 0.105342, 0.0982077, 50.4434, 0.0909077, 0.0907362, 0.0907367, 0.614399, 0.0907362, 0.0907362, 0.109642
1.26847, 52, 50.2745, 0.0879242, 7.34847, 1.7255, 0.0865519, 0.08793, 0.0879501, 0.292078, 0.0930987, 0.101224, 0.147453, 0.155478, 0.505109, 0.103905, 0.0963778, 48.9651, 0.0880675, 0.0879242, 0.0879248, 0.589936, 0.0879242, 0.0879242, 0.103802
1.27635, 42, 47.9361, 0.0850176, 6.63325, -5.93607, 0.0834058, 0.0850234, 0.0850435, 0.28917, 0.090192, 0.0983175, 0.144011, 0.152571, 0.529197, 0.10236, 0.0947635, 46.6244, 0.0851371, 0.0850176, 0.0850182, 0.562461, 0.0850176, 0.0850176, 0.0986986
1.28424, 38, 44.872, 0.0820632, 6.32456, -6.87201, 0.080175, 0.0820689, 0.0820891, 0.286211, 0.0872375, 0.0953628, 0.140684, 0.149615, 0.560032, 0.100784, 0.0935787, 43.5522, 0.0821626, 0.0820632, 0.0820637, 0.532623, 0.0820632, 0.0820632, 0.0941709
1.29212, 46, 41.2476, 0.0791106, 6.9282, 4.7524, 0.0769041, 0.0791164, 0.0791365, 0.283253, 0.0842848, 0.0924099, 0.137473, 0.14666, 0.598478, 0.0992915, 0.0931189, 39.9124, 0.0791932, 0.0791106, 0.0791112, 0.501157, 0.0791106, 0.0791106, 0.0901041
1.3, 42, 37.2467, 0.0762104, 6.63325, 4.75327, 0.0736379, 0.0762161, 0.0762363, 0.280342, 0.0813843, 0.089509, 0.134392, 0.143757, 0.645377, 0.0980356, 0.0937856, 35.8869, 0.0762788, 0.0762104, 0.0762109, 0.468848, 0.0762104, 0.0762104, 0.086421
1.30789, 22, 33.0567, 0.0734114, 4.89898, -11.0567, 0.0704193, 0.0734172, 0.0734374, 0.277528, 0.078585, 0.0867091, 0.131463, 0.140952, 0.701519, 0.0972173, 0.0961149, 31.6611, 0.0734681, 0.0734114, 0.073412, 0.436484, 0.0734114, 0.0734114, 0.0830744
1.31577, 36, 28.8548, 0.0707599, 6.16441, 7.1452, 0.0672873, 0.0707656, 0.0707858, 0.274851, 0.0759328, 0.084056, 0.128717, 0.138292, 0.767619, 0.0970876, 0.100809, 27.4101, 0.0708066, 0.0707599, 0.0707604, 0.404815, 0.0707599, 0.0707599, 0.0800394
1.32365, 20, 24.7971, 0.068297, 4.69042, -4.79711, 0.064276, 0.0683027, 0.0683229, 0.272351, 0.073469, 0.0815908, 0.12618, 0.135817, 0.844292, 0.0979495, 0.108765, 23.2878, 0.0683354, 0.068297, 0.0682975, 0.374512, 0.068297, 0.068297, 0.0773067
1.33154, 38, 21.0105, 0.0660579, 6.32456, 16.9895, 0.0614124, 0.0660637, 0.0660838, 0.270056, 0.0712286, 0.0793483, 0.123879, 0.133559, 0.932034, 0.100156, 0.121097, 19.4186, 0.0660895, 0.0660579, 0.0660585, 0.346136, 0.0660579, 0.0660579, 0.0748757
1.33942, 18, 17.5883, 0.0640711, 4.47214, 0.411676, 0.0587161, 0.0640769, 0.064097, 0.267988, 0.0692398, 0.0773565, 0.121834, 0.131544, 1.03121, 0.104103, 0.139147, 15.8937, 0.0640969, 0.0640711, 0.0640717, 0.320113, 0.0640711, 0.0640711, 0.0727497
1.34731, 18, 14.5904, 0.0623577, 4.47214, 3.40957, 0.0561984, 0.0623634, 0.0623835, 0.266158, 0.0675235, 0.0756358, 0.120062, 0.129791, 1.14205, 0.110222, 0.16447, 12.7704, 0.0623787, 0.0623577, 0.0623582, 0.296726, 0.0623577, 0.0623577, 0.070933
1.35519, 16, 12.0449, 0.0609313, 4.24264, 3.95509, 0.0538631, 0.0609371, 0.0609572, 0.264568, 0.0660931, 0.0741994, 0.118569, 0.128309, 1.26462, 0.118952, 0.198788, 10.0745, 0.0609484, 0.0609313, 0.0609319, 0.276114, 0.0609313, 0.0609313, 0.0694277
1.36307, 8, 9.95274, 0.059799, 3.16228, -1.95274, 0.051706, 0.0598048, 0.0598249, 0.263212, 0.0649554, 0.0730533, 0.117358, 0.127101, 1.39887, 0.130722, 0.243913, 7.80499, 0.0598128, 0.059799, 0.0597996, 0.258283, 0.059799, 0.059799, 0.0682324
1.37096, 14, 8.2937, 0.0589617, 4, 5.7063, 0.0497161, 0.0589674, 0.0589875, 0.262072, 0.0641106, 0.0721973, 0.116423, 0.126161, 1.54461, 0.145912, 0.301619, 5.9397, 0.0589728, 0.0589617, 0.0589623, 0.243124, 0.0589617, 0.0589617, 0.0673425
1.37884, 4, 7.03229, 0.0584154, 2.44949, -3.03229, 0.0478769, 0.0584211, 0.0584411, 0.261126, 0.0635545, 0.0716263, 0.115754, 0.125478, 1.70154, 0.164812, 0.373475, 4.44185, 0.0584242, 0.0584154, 0.0584159, 0.23044, 0.0584154, 0.0584154, 0.0667495
1.38672, 14, 6.12373, 0.0581525, 4, 7.87627, 0.0461675, 0.0581582, 0.0581781, 0.260346, 0.063279, 0.0713315, 0.115337, 0.12504, 1.86928, 0.187575, 0.460642, 3.26597, 0.0581596, 0.0581525, 0.058153, 0.21997, 0.0581525, 0.0581525, 0.0664426
1.39461, 10, 5.5187, 0.0581636, 3.4641, 4.4813, 0.0445641, 0.0581693, 0.0581892, 0.259701, 0.0632741, 0.0713022, 0.115155, 0.124828, 2.04738, 0.214178, 0.563653, 2.363, 0.0581692, 0.0581636, 0.0581642, 0.211418, 0.0581636, 0.0581636, 0.0664097
1.40249, 4, 5.1674, 0.0584389, 2.44949, -1.1674, 0.0430418, 0.0584445, 0.0584643, 0.259158, 0.0635293, 0.071527, 0.115192, 0.124825, 2.23533, 0.244378, 0.682188, 1.68451, 0.0584433, 0.0584389, 0.0584394, 0.204478, 0.0584389, 0.0584389, 0.0666387
1.41038, 10, 5.02221, 0.0589695, 3.4641, 4.97779, 0.0415758, 0.0589751, 0.0589948, 0.25869, 0.0640355, 0.0719959, 0.115434, 0.125016, 2.43268, 0.277688, 0.814893, 1.18546, 0.058973, 0.0589695, 0.05897, 0.198853, 0.0589695, 0.0589695, 0.0671188
1.41826, 8, 5.0393, 0.0597493, 3.16228, 2.9607, 0.0401433, 0.0597549, 0.0597744, 0.258274, 0.064786, 0.072702, 0.115869, 0.125389, 2.63889, 0.313367, 0.959244, 0.826117, 0.0597521, 0.0597493, 0.0597499, 0.194276, 0.0597493, 0.0597493, 0.0678425
1.42614, 8, 5.17967, 0.0607761, 3.16228, 2.82033, 0.0387244, 0.0607817, 0.0608011, 0.257896, 0.0657784, 0.0736421, 0.116492, 0.125938, 2.85358, 0.350432, 1.11152, 0.572801, 0.0607783, 0.0607761, 0.0607767, 0.190518, 0.0607761, 0.0607761, 0.0688065
1.43403, 6, 5.4093, 0.0620525, 2.82843, 0.590696, 0.0373033, 0.0620579, 0.0620771, 0.257553, 0.0670151, 0.0748185, 0.117303, 0.126664, 3.07641, 0.3877, 1.26689, 0.398035, 0.0620541, 0.0620525, 0.062053, 0.187395, 0.0620525, 0.0620525, 0.0700124
1.44191, 6, 5.69914, 0.0635865, 2.82843, 0.300858, 0.035869, 0.0635919, 0.0636109, 0.257257, 0.0685043, 0.0762395, 0.118311, 0.127576, 3.30726, 0.423849, 1.41961, 0.280126, 0.0635877, 0.0635865, 0.063587, 0.184774, 0.0635865, 0.0635865, 0.0714683
1.4498, 10, 6.02488, 0.065392, 3.4641, 3.97512, 0.0344151, 0.0653973, 0.0654161, 0.257033, 0.0702601, 0.0779199, 0.119534, 0.128692, 3.54624, 0.457503, 1.56336, 0.202475, 0.065393, 0.065392, 0.0653925, 0.182566, 0.065392, 0.065392, 0.0731883
1.45768, 8, 6.36682, 0.0674888, 3.16228, 1.63318, 0.0329406, 0.067494, 0.0675126, 0.256923, 0.0723028, 0.0798804, 0.120998, 0.130038, 3.79388, 0.487328, 1.69167, 0.152736, 0.0674895, 0.0674888, 0.0674893, 0.180729, 0.0674888, 0.0674888, 0.0751925
1.46556, 8, 6.7099, 0.0699019, 3.16228, 1.2901, 0.0314488, 0.069907, 0.0699253, 0.25698, 0.0746583, 0.0821481, 0.122735, 0.13165, 4.05142, 0.512139, 1.79842, 0.12198, 0.0699024, 0.0699019, 0.0699024, 0.179255, 0.0699019, 0.0699019, 0.0775074
1.47345, 6, 7.04397, 0.0726612, 2.82843, -1.04397, 0.0299466, 0.0726662, 0.0726843, 0.257272, 0.0773572, 0.0847552, 0.124786, 0.133571, 4.32125, 0.53099, 1.87833, 0.103917, 0.0726616, 0.0726612, 0.0726617, 0.178169, 0.0726612, 0.0726612, 0.080164
1.48133, 8, 7.36432, 0.0758004, 3.16228, 0.635683, 0.028444, 0.0758053, 0.0758231, 0.257877, 0.0804343, 0.0877379, 0.127198, 0.135848, 4.6076, 0.54325, 1.9274, 0.0942304, 0.0758007, 0.0758004, 0.0758008, 0.177519, 0.0758004, 0.0758004, 0.0831979
1.48921, 10, 7.67275, 0.079356, 3.4641, 2.32725, 0.0269526, 0.0793609, 0.0793784, 0.258876, 0.0839274, 0.0911359, 0.13002, 0.138535, 4.91779, 0.548657, 1.94329, 0.0900339, 0.0793562, 0.079356, 0.0793565, 0.177367, 0.079356, 0.079356, 0.0866475
1.4971, 8, 7.97925, 0.0833668, 3.16228, 0.020752, 0.0254848, 0.0833716, 0.0833888, 0.260357, 0.0878762, 0.0949905, 0.133305, 0.141686, 5.26406, 0.547329, 1.92549, 0.0894455, 0.0833669, 0.0833668, 0.0833672, 0.177787, 0.0833668, 0.0833668, 0.0905533
1.50498, 10, 8.3044, 0.0878719, 3.4641, 1.6956, 0.0240524, 0.0878766, 0.0878936, 0.262405, 0.0923212, 0.099344, 0.137106, 0.145356, 5.66635, 0.539751, 1.87538, 0.0912725, 0.0878721, 0.0878719, 0.0878724, 0.178853, 0.0878719, 0.0878719, 0.0949566
1.51287, 2, 8.68316, 0.0929114, 2, -6.68316, 0.0226661, 0.092916, 0.0929327, 0.265102, 0.0973033, 0.104239, 0.141473, 0.149599, 6.15641, 0.526722, 1.79608, 0.0947809, 0.0929115, 0.0929114, 0.0929118, 0.18064, 0.0929114, 0.0929114, 0.099899
1.52075, 12, 9.17002, 0.0985243, 3.74166, 2.82998, 0.0213346, 0.0985288, 0.0985453, 0.268522, 0.102862, 0.109717, 0.146457, 0.154467, 6.78359, 0.509285, 1.69217, 0.0995343, 0.0985244, 0.0985243, 0.0985247, 0.183217, 0.0985243, 0.0985243, 0.105421
1.52863, 14, 9.84642, 0.104749, 4, 4.15358, 0.0200644, 0.104754, 0.10477, 0.272731, 0.109038, 0.115817, 0.152103, 0.160007, 7.62279, 0.488635, 1.56927, 0.105286, 0.104749, 0.104749, 0.10475, 0.186644, 0.104749, 0.104749, 0.111562
1.53652, 6, 10.8304, 0.111624, 2.82843, -4.83038, 0.0188592, 0.111628, 0.111644, 0.277785, 0.115868, 0.122579, 0.158456, 0.166263, 8.78477, 0.46603, 1.43361, 0.111904, 0.111624, 0.111624, 0.111624, 0.190974, 0.111624, 0.111624, 0.118362
1.5444, 14, 12.2889, 0.119185, 4, 1.71105, 0.0177207, 0.119189, 0.119205, 0.28373, 0.12339, 0.130041, 0.165553, 0.173277, 10.4292, 0.442694, 1.29148, 0.119329, 0.119185, 0.119185, 0.119185, 0.196249, 0.119185, 0.119185, 0.125856
1.55229, 18, 14.453, 0.127469, 4.47214, 3.54703, 0.0166482, 0.127473, 0.127489, 0.290602, 0.131639, 0.138238, 0.173432, 0.181083, 12.7799, 0.419754, 1.14887, 0.127541, 0.127469, 0.127469, 0.127469, 0.202503, 0.127469, 0.127469, 0.134081
1.56017, 18, 17.6339, 0.136511, 4.47214, 0.366106, 0.0156397, 0.136515, 0.136531, 0.298427, 0.140652, 0.147205, 0.182125, 0.189716, 16.1423, 0.398175, 1.01103, 0.136547, 0.136511, 0.136511, 0.136512, 0.209762, 0.136511, 0.136511, 0.143073
1.56805, 24, 22.2411, 0.146348, 5.09902, 1.75889, 0.0146918, 0.146352, 0.146367, 0.307226, 0.150463, 0.156978, 0.191664, 0.199206, 20.9207, 0.378732, 0.882284, 0.146365, 0.146348, 0.146348, 0.146348, 0.218045, 0.146348, 0.146348, 0.152867
1.57594, 30, 28.7975, 0.157014, 5.65685, 1.20246, 0.0138005, 0.157018, 0.157034, 0.317013, 0.161108, 0.16759, 0.202079, 0.209584, 27.6346, 0.361999, 0.765834, 0.157023, 0.157014, 0.157014, 0.157015, 0.227367, 0.157014, 0.157014, 0.163497
1.58382, 26, 37.95, 0.168547, 5.2915, -11.95, 0.0129617, 0.168551, 0.168566, 0.327795, 0.172622, 0.179077, 0.213396, 0.220878, 36.9283, 0.348356, 0.663783, 0.168551, 0.168547, 0.168547, 0.168547, 0.237737, 0.168547, 0.168547, 0.174998
1.5917, 44, 50.4717, 0.180983, 6.78233, -6.47171, 0.0121714, 0.180987, 0.181002, 0.339579, 0.185042, 0.191474, 0.225645, 0.233117, 49.5739, 0.33801, 0.577183, 0.180985, 0.180983, 0.180983, 0.180983, 0.249163, 0.180983, 0.180983, 0.187407
1.59959, 80, 67.2506, 0.194359, 9.05539, 12.7494, 0.011426, 0.194363, 0.194379, 0.352368, 0.198404, 0.204815, 0.238854, 0.24633, 66.4594, 0.331026, 0.506182, 0.19436, 0.194359, 0.194359, 0.19436, 0.261655, 0.194359, 0.194359, 0.20076
1.60747, 94, 89.2597, 0.208714, 9.79796, 4.74033, 0.0107227, 0.208718, 0.208733, 0.366163, 0.212745, 0.219138, 0.253048, 0.260549, 88.5585, 0.327363, 0.450215, 0.208714, 0.208714, 0.208714, 0.208714, 0.275217, 0.208714, 0.208714, 0.215091
1.61536, 138, 117.507, 0.224083, 11.8322, 20.4934, 0.0100594, 0.224087, 0.224102, 0.380964, 0.2281, 0.234476, 0.268255, 0.275804, 116.88, 0.326906, 0.408197, 0.224083, 0.224083, 0.224083, 0.224083, 0.289858, 0.224083, 0.224083, 0.230437
1.62324, 144, 152.961, 0.240504, 12.083, -8.96106, 0.00943428, 0.240508, 0.240523, 0.396769, 0.244506, 0.250867, 0.2845, 0.292127, 152.396, 0.329498, 0.378721, 0.240504, 0.240504, 0.240504, 0.240505, 0.305585, 0.240504, 0.240504, 0.246833
1.63112, 192, 196.458, 0.258013, 13.9284, -4.45828, 0.00884634, 0.258017, 0.258032, 0.413575, 0.261998, 0.268343, 0.301806, 0.309552, 195.943, 0.334963, 0.360223, 0.258013, 0.258013, 0.258013, 0.258013, 0.322405, 0.258013, 0.258013, 0.264313
1.63901, 286, 248.587, 0.276641, 16.9706, 37.4129, 0.00829485, 0.276645, 0.276659, 0.431378, 0.280605, 0.286937, 0.320196, 0.328114, 248.112, 0.343121, 0.351125, 0.276641, 0.276641, 0.276641, 0.276641, 0.340326, 0.276641, 0.276641, 0.282906
1.64689, 352, 309.565, 0.296416, 18.8149, 42.4347, 0.00777935, 0.29642, 0.296434, 0.45017, 0.300356, 0.306678, 0.339687, 0.347845, 309.123, 0.353804, 0.349927, 0.296416, 0.296416, 0.296416, 0.296416, 0.359352, 0.296416, 0.296416, 0.302641
1.65478, 400, 379.129, 0.31736, 20.0499, 20.8713, 0.00729937, 0.317364, 0.317379, 0.469944, 0.321272, 0.327592, 0.360291, 0.368778, 378.712, 0.366855, 0.355277, 0.31736, 0.31736, 0.31736, 0.317361, 0.379488, 0.31736, 0.31736, 0.323537
1.66266, 468, 456.425, 0.339488, 21.6795, 11.5754, 0.00685444, 0.339492, 0.339506, 0.490689, 0.343366, 0.349696, 0.382012, 0.390943, 456.029, 0.382133, 0.365998, 0.339488, 0.339488, 0.339488, 0.339488, 0.400731, 0.339488, 0.339488, 0.345607
1.67054, 540, 539.961, 0.362801, 23.2809, 0.0393066, 0.00644388, 0.362805, 0.362819, 0.512394, 0.36664, 0.373002, 0.404849, 0.414364, 539.582, 0.399506, 0.381098, 0.362801, 0.362801, 0.362801, 0.362801, 0.423071, 0.362801, 0.362801, 0.368852
1.67843, 644, 627.584, 0.387286, 25.4165, 16.4156, 0.00606679, 0.38729, 0.387304, 0.53504, 0.391079, 0.397508, 0.428782, 0.439057, 627.22, 0.418846, 0.399757, 0.387286, 0.387286, 0.387286, 0.387286, 0.446489, 0.387286, 0.387286, 0.393258
1.68631, 770, 716.545, 0.412912, 27.7849, 53.4554, 0.00572196, 0.412915, 0.412929, 0.558608, 0.416654, 0.4232, 0.453781, 0.465027, 716.192, 0.440025, 0.42131, 0.412912, 0.412912, 0.412912, 0.412912, 0.470952, 0.412912, 0.412912, 0.418795
1.69419, 820, 803.607, 0.439624, 28.6705, 16.3928, 0.00540785, 0.439628, 0.439641, 0.58307, 0.443311, 0.450048, 0.479795, 0.492266, 803.265, 0.462905, 0.445214, 0.439624, 0.439624, 0.439624, 0.439624, 0.496412, 0.439624, 0.439624, 0.445408
1.70208, 876, 885.243, 0.467344, 29.6311, -9.24335, 0.00512266, 0.467347, 0.46736, 0.60839, 0.470971, 0.478004, 0.50675, 0.520744, 884.91, 0.487333, 0.471022, 0.467344, 0.467344, 0.467344, 0.467344, 0.522796, 0.467344, 0.467344, 0.473019
1.70996, 856, 957.853, 0.495957, 29.2916, -101.853, 0.00486426, 0.495961, 0.495974, 0.634518, 0.499523, 0.506999, 0.534544, 0.550406, 957.528, 0.51313, 0.498351, 0.495957, 0.495957, 0.495957, 0.495958, 0.55001, 0.495957, 0.495957, 0.501517
1.71785, 1068, 1018.05, 0.525323, 32.7109, 49.9525, 0.0046303, 0.525327, 0.52534, 0.661389, 0.528827, 0.536944, 0.56305, 0.581172, 1017.73, 0.540096, 0.526864, 0.525323, 0.525323, 0.525323, 0.525324, 0.57793, 0.525323, 0.525323, 0.530762
1.72573, 1046, 1062.91, 0.555266, 32.3728, -16.905, 0.00441817, 0.555269, 0.555282, 0.68892, 0.558709, 0.567736, 0.59211, 0.612931, 1062.59, 0.568003, 0.556247, 0.555266, 0.555266, 0.555266, 0.555266, 0.606405, 0.555266, 0.555266, 0.56058
1.73361, 1068, 1090.21, 0.585577, 32.7109, -22.2141, 0.00422511, 0.585581, 0.585593, 0.717009, 0.588964, 0.599258, 0.621537, 0.645541, 1089.9, 0.596595, 0.586195, 0.585577, 0.585577, 0.585577, 0.585578, 0.635256, 0.585577, 0.585577, 0.590768
1.7415, 1076, 1098.66, 0.616023, 32.8329, -22.6595, 0.00404823, 0.616027, 0.616039, 0.74553, 0.61936, 0.631393, 0.651117, 0.678833, 1098.35, 0.625593, 0.616409, 0.616023, 0.616023, 0.616023, 0.616024, 0.664278, 0.616023, 0.616023, 0.621093
1.74938, 1060, 1087.93, 0.646351, 32.5883, -27.933, 0.00388459, 0.646354, 0.646366, 0.77434, 0.649646, 0.664039, 0.680619, 0.712614, 1087.62, 0.654704, 0.646588, 0.646351, 0.646351, 0.646351, 0.646351, 0.693246, 0.646351, 0.646351, 0.651307
1.75727, 1076, 1058.75, 0.676298, 32.8329, 17.252, 0.00373121, 0.676301, 0.676313, 0.80328, 0.679564, 0.697126, 0.709803, 0.746677, 1058.44, 0.683632, 0.676443, 0.676298, 0.676298, 0.676298, 0.676298, 0.721928, 0.676298, 0.676298, 0.681149
1.76515, 964, 1012.77, 0.705608, 31.0805, -48.771, 0.00358522, 0.705612, 0.705624, 0.832185, 0.708859, 0.730643, 0.738431, 0.780811, 1012.45, 0.712089, 0.705696, 0.705608, 0.705608, 0.705608, 0.705609, 0.750093, 0.705608, 0.705608, 0.710368
1.77303, 956, 952.467, 0.734047, 30.9516, 3.53271, 0.00344386, 0.73405, 0.734062, 0.86089, 0.737298, 0.764657, 0.766282, 0.814818, 952.14, 0.73981, 0.734098, 0.734047, 0.734047, 0.734047, 0.734047, 0.777527, 0.734047, 0.734047, 0.738729
1.78092, 924, 880.881, 0.761418, 30.4302, 43.1191, 0.0033046, 0.761421, 0.761433, 0.889244, 0.764685, 0.799352, 0.793175, 0.848529, 880.54, 0.766577, 0.761448, 0.761418, 0.761418, 0.761418, 0.761418, 0.804051, 0.761418, 0.761418, 0.766039
1.7888, 774, 801.385, 0.787582, 27.8568, -27.3849, 0.0031652, 0.787586, 0.787598, 0.917126, 0.790884, 0.835044, 0.818976, 0.881818, 801.028, 0.792231, 0.7876, 0.787582, 0.787582, 0.787582, 0.787582, 0.829537, 0.787582, 0.787582, 0.792159
1.79668, 734, 717.421, 0.812471, 27.1293, 16.5791, 0.0030238, 0.812475, 0.812488, 0.944454, 0.815823, 0.872198, 0.843619, 0.914621, 717.042, 0.816683, 0.812481, 0.812471, 0.812471, 0.812471, 0.812471, 0.853918, 0.812471, 0.812471, 0.817022
1.80457, 626, 632.263, 0.836098, 25.0599, -6.26288, 0.00287898, 0.836102, 0.836115, 0.971197, 0.839516, 0.911437, 0.867115, 0.946944, 631.858, 0.839933, 0.836103, 0.836098, 0.836098, 0.836098, 0.836098, 0.877208, 0.836098, 0.836098, 0.840639
1.81245, 518, 548.813, 0.858566, 22.8035, -30.8127, 0.00272981, 0.858571, 0.858585, 0.997386, 0.862066, 0.953533, 0.889562, 0.978875, 548.375, 0.862073, 0.85857, 0.858566, 0.858566, 0.858566, 0.858567, 0.899504, 0.858566, 0.858566, 0.863114
1.82034, 474, 469.468, 0.880069, 21.8174, 4.53217, 0.00257586, 0.880074, 0.880088, 1.02312, 0.883661, 0.99937, 0.911143, 1.01058, 468.992, 0.883286, 0.880071, 0.880069, 0.880069, 0.880069, 0.88007, 0.920983, 0.880069, 0.880069, 0.884637
1.82822, 438, 396.037, 0.900882, 20.9762, 41.9633, 0.00241725, 0.900887, 0.900902, 1.04855, 0.904575, 1.0499, 0.932123, 1.04232, 395.515, 0.903839, 0.900883, 0.900882, 0.900882, 0.900882, 0.900882, 0.941907, 0.900882, 0.900882, 0.905482
1.8361, 348, 329.725, 0.921352, 18.7083, 18.2751, 0.00225457, 0.921358, 0.921374, 1.07391, 0.925154, 1.10605, 0.952836, 1.07439, 329.151, 0.924074, 0.921353, 0.921352, 0.921352, 0.921352, 0.921353, 0.962606, 0.921352, 0.921352, 0.925995
1.84399, 290, 271.174, 0.941881, 17.088, 18.8264, 0.00208886, 0.941887, 0.941903, 1.09945, 0.945794, 1.16867, 0.973671, 1.10716, 270.539, 0.944386, 0.941881, 0.941881, 0.941881, 0.941881, 0.941882, 0.983459, 0.941881, 0.941881, 0.946572
1.85187, 232, 220.528, 0.962899, 15.2971, 11.472, 0.00192152, 0.962905, 0.962922, 1.1255, 0.966924, 1.23837, 0.995048, 1.14103, 219.827, 0.965204, 0.962899, 0.962899, 0.962899, 0.962899, 0.9629, 1.00488, 0.962899, 0.962899, 0.967643
1.85976, 160, 177.539, 0.984847, 12.7279, -17.5388, 0.00175425, 0.984854, 0.984871, 1.15235, 0.988981, 1.31547, 1.0174, 1.17641, 176.763, 0.986966, 0.984847, 0.984847, 0.984847, 0.984847, 0.984848, 1.02729, 0.984847, 0.984847, 0.989647
1.86764, 134, 141.671, 1.00815, 11.6619, -7.67082, 0.00158886, 1.00816, 1.00818, 1.18035, 1.01239, 1.39987, 1.04114, 1.21369, 140.814, 1.01009, 1.00815, 1.00815, 1.00815, 1.00815, 1.00815, 1.05109, 1.00815, 1.00815, 1.01301
1.87552, 90, 112.205, 1.0332, 9.59166, -22.205, 0.00142726, 1.0332, 1.03322, 1.20978, 1.03753, 1.49098, 1.06667, 1.25321, 111.263, 1.03497, 1.0332, 1.0332, 1.0332, 1.0332, 1.0332, 1.07667, 1.0332, 1.0332, 1.03811
1.88341, 96, 88.3297, 1.06032, 9.8995, 7.67029, 0.00127126, 1.06033, 1.06035, 1.24092, 1.06475, 1.58768, 1.09432, 1.2953, 87.2977, 1.06194, 1.06032, 1.06032, 1.06032, 1.06032, 1.06032, 1.10434, 1.06032, 1.06032, 1.06528
1.89129, 42, 69.2167, 1.08979, 6.63325, -27.2167, 0.00112253, 1.0898, 1.08982, 1.274, 1.0943, 1.68833, 1.12436, 1.3402, 68.0934, 1.09126, 1.08979, 1.08979, 1.08979, 1.08979, 1.08979, 1.13437, 1.08979, 1.08979, 1.09479
1.89917, 70, 54.0741, 1.1218, 8.48528, 15.9259, 0.000982502, 1.12181, 1.12183, 1.3092, 1.12638, 1.79084, 1.15701, 1.38807, 52.8601, 1.12313, 1.1218, 1.1218, 1.1218, 1.1218, 1.1218, 1.16695, 1.1218, 1.1218, 1.12684
1.90706, 40, 42.1826, 1.15647, 6.48074, -2.18261, 0.000852304, 1.15648, 1.1565, 1.34662, 1.16111, 1.89274, 1.1924, 1.43903, 40.881, 1.15768, 1.15647, 1.15647, 1.15647, 1.15647, 1.15647, 1.2022, 1.15647, 1.15647, 1.16155
1.91494, 34, 32.9122, 1.19386, 6, 1.08778, 0.000732744, 1.19387, 1.19389, 1.38634, 1.19856, 1.99138, 1.23062, 1.49312, 31.529, 1.19495, 1.19386, 1.19386, 1.19386, 1.19386, 1.19386, 1.24018, 1.19386, 1.19386, 1.19898
1.92283, 38, 25.7296, 1.23396, 6.32456, 12.2704, 0.000624296, 1.23397, 1.23399, 1.42839, 1.2387, 2.08408, 1.27168, 1.5503, 24.2732, 1.23493, 1.23396, 1.23396, 1.23396, 1.23396, 1.23396, 1.28088, 1.23396, 1.23396, 1.2391
1.93071, 30, 20.1937, 1.27671, 5.65685, 9.8063, 0.000527108, 1.27672, 1.27674, 1.47273, 1.28149, 2.16837, 1.31555, 1.61053, 18.675, 1.27758, 1.27671, 1.27671, 1.27671, 1.27671, 1.27671, 1.32428, 1.27671, 1.27671, 1.28187
1.93859, 22, 15.9471, 1.32202, 4.89898, 6.05286, 0.00044104, 1.32203, 1.32205, 1.51932, 1.32682, 2.24214, 1.36217, 1.67368, 14.3789, 1.32279, 1.32202, 1.32202, 1.32202, 1.32202, 1.32202, 1.37027, 1.32202, 1.32202, 1.3272
1.94648, 20, 12.7046, 1.36976, 4.69042, 7.2954, 0.0003657, 1.36977, 1.36979, 1.56807, 1.37459, 2.30388, 1.41145, 1.73964, 11.1009, 1.37044, 1.36976, 1.36976, 1.36976, 1.36976, 1.36977, 1.41877, 1.36976, 1.36976, 1.37496
1.95436, 14, 10.2407, 1.41981, 4, 3.7593, 0.000300495, 1.41982, 1.41984, 1.61891, 1.42466, 2.35272, 1.46328, 1.80826, 8.61628, 1.4204, 1.41981, 1.41981, 1.41981, 1.41981, 1.41981, 1.46965, 1.41981, 1.41981, 1.42502
1.96225, 8, 8.37867, 1.47203, 3.16228, -0.378666, 0.000244686, 1.47204, 1.47206, 1.67172, 1.47689, 2.38857, 1.51757, 1.87941, 6.74811, 1.47255, 1.47203, 1.47203, 1.47203, 1.47203, 1.47203, 1.5228, 1.47203, 1.47203, 1.47724
1.97013, 4, 6.98058, 1.52628, 2.44949, -2.98058, 0.000197438, 1.52629, 1.52631, 1.72642, 1.53115, 2.41211, 1.57421, 1.95294, 5.35761, 1.52673, 1.52628, 1.52628, 1.52628, 1.52628, 1.52628, 1.57812, 1.52628, 1.52628, 1.5315
1.97801, 14, 5.9389, 1.58244, 4, 8.0611, 0.000157863, 1.58245, 1.58247, 1.78291, 1.58732, 2.42469, 1.63309, 2.02873, 4.33566, 1.58283, 1.58244, 1.58244, 1.58244, 1.58244, 1.58244, 1.63551, 1.58244, 1.58244, 1.58767
1.9859, 6, 5.17013, 1.64041, 2.82843, 0.829868, 0.000125062, 1.64042, 1.64044, 1.84112, 1.64529, 2.42826, 1.69413, 2.10667, 3.59664, 1.64074, 1.64041, 1.64041, 1.64041, 1.64041, 1.64041, 1.69488, 1.64041, 1.64041, 1.64564
1.99378, 4, 4.60962, 1.70009, 2.44949, -0.60962, 9.81578e-05, 1.7001, 1.70012, 1.90097, 1.70497, 2.42519, 1.75726, 2.18668, 3.07335, 1.70037, 1.70009, 1.70009, 1.70009, 1.70009, 1.70009, 1.75617, 1.70009, 1.70009, 1.70533
2.00166, 14, 4.20754, 1.7614, 4, 9.79246, 7.63175e-05, 1.76141, 1.76143, 1.9624, 1.76629, 2.41805, 1.82242, 2.26871, 2.71321, 1.76164, 1.7614, 1.7614, 1.7614, 1.7614, 1.7614, 1.81934, 1.7614, 1.7614, 1.76665
2.00955, 4, 3.9257, 1.82428, 2.44949, 0.0742991, 5.87701e-05, 1.82429, 1.82431, 2.02536, 1.82917, 2.4095, 1.88954, 2.35273, 2.47525, 1.82449, 1.82428, 1.82428, 1.82428, 1.82428, 1.82428, 1.88434, 1.82428, 1.82428, 1.82954
2.01743, 2, 3.73513, 1.88868, 2, -1.73513, 4.48173e-05, 1.88869, 1.88871, 2.08982, 1.89357, 2.40205, 1.95858, 2.43878, 2.32778, 1.88886, 1.88868, 1.88868, 1.88868, 1.88868, 1.88869, 1.95116, 1.88868, 1.88868, 1.89395
2.02532, 2, 3.61405, 1.95457, 2, -1.61405, 3.38382e-05, 1.95457, 1.9546, 2.15574, 1.95946, 2.39794, 2.02951, 2.527, 2.24656, 1.95471, 1.95457, 1.95457, 1.95457, 1.95457, 1.95457, 2.01977, 1.95457, 1.95457, 1.95985
2.0332, 4, 3.54635, 2.0219, 2.44949, 0.453653, 2.52899e-05, 2.02191, 2.02193, 2.2231, 2.02679, 2.39901, 2.10229, 2.61765, 2.21326, 2.02202, 2.0219, 2.0219, 2.0219, 2.0219, 2.0219, 2.09018, 2.0219, 2.0219, 2.02721
2.04108, 8, 3.52033, 2.09066, 3.16228, 4.47967, 1.87052e-05, 2.09067, 2.09069, 2.29187, 2.09555, 2.4067, 2.1769, 2.7112, 2.21421, 2.09076, 2.09066, 2.09066, 2.09066, 2.09066, 2.09066, 2.16237, 2.09066, 2.09066, 2.096
2.04897, 6, 3.52782, 2.16083, 2.82843, 2.47218, 1.36887e-05, 2.16084, 2.16086, 2.36205, 2.16572, 2.42195, 2.25331, 2.80849, 2.23941, 2.16091, 2.16083, 2.16083, 2.16083, 2.16083, 2.16083, 2.23635, 2.16083, 2.16083, 2.1662
2.05685, 8, 3.56354, 2.23239, 3.16228, 4.43646, 9.90889e-06, 2.2324, 2.23242, 2.43362, 2.23728, 2.4453, 2.33151, 2.91092, 2.28162, 2.23246, 2.23239, 2.23239, 2.23239, 2.23239, 2.23239, 2.3121, 2.23239, 2.23239, 2.23782
2.06473, 0, 3.62476, 2.30534, 1.41421, -3.62476, 7.09356e-06, 2.30535, 2.30537, 2.50657, 2.31023, 2.47688, 2.41146, 3.02073, 2.3357, 2.30539, 2.30534, 2.30534, 2.30534, 2.30534, 2.30534, 2.38964, 2.30534, 2.30534, 2.31083
2.07262, 6, 3.71131, 2.37967, 2.82843, 2.28869, 5.02061e-06, 2.37967, 2.3797, 2.5809, 2.38456, 2.51651, 2.49316, 3.14145, 2.3981, 2.37971, 2.37967, 2.37967, 2.37967, 2.37967, 2.37967, 2.46896, 2.37967, 2.37967, 2.38524
2.0805, 0, 3.82574, 2.45536, 1.41421, -3.82574, 3.5125e-06, 2.45537, 2.45539, 2.65659, 2.46025, 2.56377, 2.57658, 3.2785, 2.46638, 2.45539, 2.45536, 2.45536, 2.45536, 2.45536, 2.45536, 2.55005, 2.45536, 2.45536, 2.46104
2.08839, 2, 3.97401, 2.53241, 2, -1.97401, 2.42851e-06, 2.53241, 2.53244, 2.73364, 2.5373, 2.61808, 2.66172, 3.44003, 2.5389, 2.53243, 2.53241, 2.53241, 2.53241, 2.53241, 2.53241, 2.63291, 2.53241, 2.53241, 2.53821
2.09627, 4, 4.1663, 2.61081, 2.44949, -0.1663, 1.65895e-06, 2.61082, 2.61084, 2.81205, 2.6157, 2.67879, 2.74855, 3.63794, 2.61457, 2.61083, 2.61081, 2.61081, 2.61081, 2.61081, 2.61081, 2.71754, 2.61081, 2.61081, 2.61677
2.10415, 2, 4.41823, 2.69055, 2, -2.41823, 1.11949e-06, 2.69056, 2.69058, 2.89179, 2.69544, 2.7452, 2.83706, 3.88921, 2.69269, 2.69057, 2.69055, 2.69055, 2.69055, 2.69055, 2.69055, 2.80395, 2.69055, 2.69055, 2.6967
2.11204, 6, 4.75243, 2.77163, 2.82843, 1.24757, 7.46132e-07, 2.77164, 2.77166, 2.97287, 2.77652, 2.81669, 2.92723, 4.21751, 2.77283, 2.77165, 2.77163, 2.77163, 2.77163, 2.77163, 2.77163, 2.89215, 2.77163, 2.77163, 2.778
2.11992, 8, 5.20016, 2.85404, 3.16228, 2.79984, 4.91073e-07, 2.85405, 2.85407, 3.05528, 2.85893, 2.89266, 3.01905, 4.65495, 2.85471, 2.85405, 2.85404, 2.85404, 2.85404, 2.85404, 2.85404, 2.98216, 2.85404, 2.85404, 2.86067
2.12781, 6, 5.8032, 2.93777, 2.82843, 0.196799, 3.19113e-07, 2.93778, 2.9378, 3.13901, 2.94266, 2.9726, 3.1125, 5.2439, 2.93813, 2.93778, 2.93777, 2.93777, 2.93777, 2.93777, 2.93777, 3.07403, 2.93777, 2.93777, 2.9447
2.13569, 4, 6.6155, 3.02281, 2.44949, -2.6155, 2.04715e-07, 3.02282, 3.02284, 3.22405, 3.0277, 3.0561, 3.20757, 6.03873, 3.023, 3.02281, 3.02281, 3.02281, 3.02281, 3.02281, 3.02281, 3.16786, 3.02281, 3.02281, 3.03009
2.14357, 12, 7.7045, 3.10915, 3.74166, 4.2955, 1.29629e-07, 3.10916, 3.10918, 3.31039, 3.11404, 3.14284, 3.30424, 7.10714, 3.10925, 3.10915, 3.10915, 3.10915, 3.10915, 3.10915, 3.10915, 3.26378, 3.10915, 3.10915, 3.11683
2.15146, 16, 9.15159, 3.19678, 4.24264, 6.84841, 8.10146e-08, 3.19679, 3.19681, 3.39802, 3.20167, 3.23254, 3.40249, 8.53057, 3.19683, 3.19678, 3.19678, 3.19678, 3.19678, 3.19678, 3.19678, 3.36196, 3.19678, 3.19678, 3.2049
2.15934, 14, 11.0515, 3.28569, 4, 2.94848, 4.99668e-08, 3.2857, 3.28572, 3.48693, 3.29058, 3.32502, 3.50231, 10.4037, 3.28572, 3.28569, 3.28569, 3.28569, 3.28569, 3.28569, 3.28569, 3.46272, 3.28569, 3.28569, 3.29431
2.16722, 14, 13.5101, 3.37587, 4, 0.489906, 3.04101e-08, 3.37588, 3.3759, 3.57711, 3.38076, 3.4201, 3.60368, 12.8321, 3.37589, 3.37588, 3.37587, 3.37587, 3.37587, 3.37587, 3.37587, 3.56644, 3.37587, 3.37587, 3.38504
2.17511, 20, 16.6398, 3.46731, 4.69042, 3.36016, 1.82613e-08, 3.46732, 3.46735, 3.66855, 3.47221, 3.51763, 3.70658, 15.9279, 3.46732, 3.46732, 3.46731, 3.46731, 3.46731, 3.46731, 3.46732, 3.67368, 3.46731, 3.46731, 3.47709
2.18299, 26, 20.5535, 3.56001, 5.2915, 5.44646, 1.08187e-08, 3.56002, 3.56004, 3.76125, 3.5649, 3.61746, 3.81099, 19.8033, 3.56001, 3.56001, 3.56001, 3.56001, 3.56001, 3.56001, 3.56001, 3.78517, 3.56001, 3.56001, 3.57044
2.19088, 28, 25.3547, 3.65393, 5.47723, 2.64533, 6.32307e-09, 3.65394, 3.65396, 3.85517, 3.65882, 3.7194, 3.91689, 24.561, 3.65393, 3.65393, 3.65393, 3.65393, 3.65393, 3.65393, 3.65393, 3.90187, 3.65393, 3.65393, 3.66507
2.19876, 36, 31.1281, 3.74909, 6.16441, 4.87192, 3.64516e-09, 3.7491, 3.74912, 3.95033, 3.75398, 3.82325, 4.02428, 30.2847, 3.74909, 3.74909, 3.74909, 3.74909, 3.74909, 3.74909, 3.74909, 4.025, 3.74909, 3.74909, 3.76099
2.20664, 64, 37.9256, 3.84546, 8.12404, 26.0744, 2.07252e-09, 3.84546, 3.84549, 4.04669, 3.85035, 3.92875, 4.13312, 37.0252, 3.84546, 3.84546, 3.84546, 3.84546, 3.84546, 3.84546, 3.84546, 4.15603, 3.84546, 3.84546, 3.85817
2.21453, 46, 45.7542, 3.94301, 6.9282, 0.245815, 1.16215e-09, 3.94302, 3.94304, 4.14425, 3.9479, 4.0356, 4.24339, 44.7877, 3.94301, 3.94301, 3.94301, 3.94301, 3.94301, 3.94301, 3.94301, 4.29675, 3.94301, 3.94301, 3.95659
2.22241, 76, 54.5656, 4.04176, 8.83176, 21.4344, 6.43794e-10, 4.04177, 4.04179, 4.243, 4.04665, 4.14348, 4.35508, 53.5224, 4.04176, 4.04176, 4.04176, 4.04176, 4.04176, 4.04176, 4.04176, 4.44922, 4.04176, 4.04176, 4.05625
2.2303, 66, 64.2437, 4.14168, 8.24621, 1.75626, 3.51225e-10, 4.14169, 4.14171, 4.34292, 4.14657, 4.25201, 4.46816, 63.1113, 4.14168, 4.14168, 4.14168, 4.14168, 4.14168, 4.14168, 4.14168, 4.61572, 4.14168, 4.14168, 4.15712
2.23818, 102, 74.6041, 4.24275, 10.198, 27.3959, 1.88922e-10, 4.24276, 4.24278, 4.44399, 4.24765, 4.36086, 4.58262, 73.3675, 4.24275, 4.24275, 4.24275, 4.24275, 4.24275, 4.24275, 4.24276, 4.79869, 4.24275, 4.24275, 4.2592
2.24606, 76, 85.3897, 4.34497, 8.83176, -9.38969, 1.00194e-10, 4.34498, 4.345, 4.54621, 4.34986, 4.46966, 4.69844, 84.0323, 4.34497, 4.34497, 4.34497, 4.34497, 4.34497, 4.34497, 4.34497, 5.00058, 4.34497, 4.34497, 4.36245
2.25395, 110, 96.2802, 4.44831, 10.583, 13.7198, 5.23599e-11, 4.44831, 4.44834, 4.64954, 4.4532, 4.57809, 4.81559, 94.783, 4.44831, 4.44831, 4.44831, 4.44831, 4.44831, 4.44831, 4.44831, 5.22368, 4.44831, 4.44831, 4.46687
2.26183, 132, 106.907, 4.55275, 11.5758, 25.0925, 2.69285e-11, 4.55276, 4.55278, 4.75399, 4.55764, 4.68592, 4.93406, 105.25, 4.55275, 4.55275, 4.55275, 4.55275, 4.55275, 4.55275, 4.55275, 5.46994, 4.55275, 4.55275, 4.57244
2.26971, 106, 116.872, 4.65828, 10.3923, -10.8716, 1.36013e-11, 4.65829, 4.65831, 4.85952, 4.66317, 4.79296, 5.05382, 115.032, 4.65828, 4.65828, 4.65828, 4.65828, 4.65828, 4.65828, 4.65828, 5.74065, 4.65828, 4.65828, 4.67913
2.2776, 154, 125.769, 4.76488, 12.49, 28.2308, 6.71632e-12, 4.76489, 4.76491, 4.96612, 4.76977, 4.8991, 5.17485, 123.725, 4.76488, 4.76488, 4.76488, 4.76488, 4.76488, 4.76488, 4.76488, 6.03626, 4.76488, 4.76488, 4.78693
2.28548, 132, 133.22, 4.87252, 11.5758, -1.22049, 3.21909e-12, 4.87253, 4.87255, 5.07376, 4.87741, 5.00434, 5.29713, 130.951, 4.87252, 4.87252, 4.87252, 4.87252, 4.87252, 4.87252, 4.87252, 6.35609, 4.87252, 4.87252, 4.8958
2.29337, 132, 138.897, 4.98118, 11.5758, -6.89682, 1.4858e-12, 4.98118, 4.98121, 5.18242, 4.98607, 5.10877, 5.42064, 136.382, 4.98118, 4.98118, 4.98118, 4.98118, 4.98118, 4.98118, 4.98118, 6.69814, 4.98118, 4.98118, 5.00573
2.30125, 120, 142.547, 5.09082, 11.0454, -22.547, 6.50699e-13, 5.09083, 5.09085, 5.29206, 5.09571, 5.21255, 5.54537, 139.771, 5.09082, 5.09082, 5.09082, 5.09082, 5.09082, 5.09082, 5.09082, 7.05899, 5.09082, 5.09082, 5.11668
2.30913, 148, 144.016, 5.20142, 12.2474, 3.9836, 2.65829e-13, 5.20143, 5.20145, 5.40266, 5.20631, 5.31591, 5.67131, 140.966, 5.20142, 5.20142, 5.20142, 5.20142, 5.20142, 5.20142, 5.20142, 7.43372, 5.20142, 5.20142, 5.22862
2.31702, 150, 143.26, 5.31293, 12.3288, 6.73965, 9.91488e-14, 5.31294, 5.31296, 5.51417, 5.31782, 5.41911, 5.79848, 139.931, 5.31293, 5.31293, 5.31293, 5.31293, 5.31293, 5.31293, 5.31293, 7.81606, 5.31293, 5.31293, 5.3415
2.3249, 136, 140.347, 5.42531, 11.7473, -4.34697, 3.45383e-14, 5.42532, 5.42534, 5.62655, 5.4302, 5.52244, 5.92696, 136.739, 5.42531, 5.42531, 5.42531, 5.42531, 5.42531, 5.42531, 5.42531, 8.19861, 5.42531, 5.42531, 5.45528
2.33279, 136, 135.451, 5.53851, 11.7473, 0.549026, 1.08153e-14, 5.53852, 5.53854, 5.73975, 5.5434, 5.6262, 6.05691, 131.573, 5.53851, 5.53851, 5.53851, 5.53851, 5.53851, 5.53851, 5.53851, 8.57322, 5.53851, 5.53851, 5.56992
2.34067, 130, 128.84, 5.65247, 11.4891, 1.15976, 2.99411e-15, 5.65248, 5.6525, 5.85371, 5.65736, 5.73064, 6.1886, 124.708, 5.65247, 5.65247, 5.65247, 5.65247, 5.65247, 5.65247, 5.65247, 8.9314, 5.65247, 5.65247, 5.68534
2.34855, 118, 120.852, 5.76712, 10.9545, -2.85213, 7.13204e-16, 5.76713, 5.76715, 5.96836, 5.77201, 5.83599, 6.32259, 116.489, 5.76712, 5.76712, 5.76712, 5.76712, 5.76712, 5.76712, 5.76712, 9.26499, 5.76712, 5.76712, 5.80149
2.35644, 108, 111.87, 5.88239, 10.4881, -3.87029, 1.36481e-16, 5.8824, 5.88242, 6.08363, 5.88728, 5.94242, 6.45978, 107.307, 5.88239, 5.88239, 5.88239, 5.88239, 5.88239, 5.88239, 5.88239, 9.56654, 5.88239, 5.88239, 5.91829
2.36432, 124, 102.294, 5.99821, 11.225, 21.7055, 2.61224e-17, 5.99822, 5.99824, 6.19945, 6.0031, 6.05003, 6.60172, 97.5637, 5.99821, 5.99821, 5.99821, 5.99821, 5.99821, 5.99821, 5.99821, 9.83006, 5.99821, 5.99821, 6.03567
2.3722, 80, 92.5146, 6.1145, 9.05539, -12.5146, 4.36299e-18, 6.11451, 6.11453, 6.31574, 6.11939, 6.15889, 6.7509, 87.6518, 6.1145, 6.1145, 6.1145, 6.1145, 6.1145, 6.1145, 6.1145, 10.0513, 6.1145, 6.1145, 6.15355
2.38009, 80, 82.8887, 6.23117, 9.05539, -2.88869, 6.28159e-19, 6.23117, 6.2312, 6.43241, 6.23606, 6.26897, 6.91118, 77.9271, 6.23117, 6.23117, 6.23117, 6.23117, 6.23117, 6.23117, 6.23117, 10.2281, 6.23117, 6.23117, 6.27183
2.38797, 80, 73.722, 6.34814, 9.05539, 6.27805, 7.46929e-20, 6.34815, 6.34817, 6.54938, 6.35303, 6.38023, 7.08858, 68.6884, 6.34814, 6.34814, 6.34814, 6.34814, 6.34814, 6.34814, 6.34814, 10.3607, 6.34814, 6.34814, 6.39046
2.39586, 74, 65.2591, 6.46535, 8.7178, 8.74088, 6.0681e-21, 6.46536, 6.46538, 6.66659, 6.47024, 6.49258, 7.292, 60.169, 6.46535, 6.46535, 6.46535, 6.46535, 6.46535, 6.46535, 6.46535, 10.4514, 6.46535, 6.46535, 6.50934
2.40374, 50, 57.6769, 6.58272, 7.2111, -7.67693, 1.21315e-22, 6.58273, 6.58275, 6.78396, 6.58761, 6.60591, 7.53447, 52.5282, 6.58272, 6.58272, 6.58272, 6.58272, 6.58272, 6.58272, 6.58272, 10.5047, 6.58272, 6.58272, 6.62841
2.41162, 34, 51.0873, 6.70021, 6, -17.0873, 1.7625e-24, 6.70022, 6.70024, 6.90145, 6.7051, 6.72009, 7.83451, 45.853, 6.70021, 6.70021, 6.70021, 6.70021, 6.70021, 6.70021, 6.70021, 10.5268, 6.70021, 6.70021, 6.74763
2.41951, 34, 45.5456, 6.81778, 6, -11.5456, 0, 6.81779, 6.81781, 7.01902, 6.82267, 6.835, 8.21783, 40.1655, 6.81778, 6.81778, 6.81778, 6.81778, 6.81778, 6.81778, 6.81778, 10.5252, 6.81778, 6.81778, 6.86695
2.42739, 34, 41.06, 6.93542, 6, -7.06002, 0, 6.93543, 6.93545, 7.13666, 6.94031, 6.95055, 8.71931, 35.4307, 6.93542, 6.93542, 6.93542, 6.93542, 6.93542, 6.93542, 6.93542, 10.5086, 6.93542, 6.93542, 6.98637
2.43528, 36, 37.6087, 7.05314, 6.16441, -1.60873, 0, 7.05315, 7.05317, 7.25438, 7.05803, 7.06664, 9.38486, 31.5718, 7.05314, 7.05314, 7.05314, 7.05314, 7.05314, 7.05314, 7.05314, 10.4859, 7.05314, 7.05314, 7.10589
2.44316, 32, 35.1532, 7.17097, 5.83095, -3.15322, 0, 7.17098, 7.171, 7.37221, 7.17586, 7.18323, 10.2735, 28.4817, 7.17097, 7.17097, 7.17097, 7.17097, 7.17097, 7.17097, 7.17097, 10.467, 7.17097, 7.17097, 7.22555
2.45104, 32, 33.654, 7.28895, 5.83095, -1.65404, 0, 7.28896, 7.28898, 7.49019, 7.29384, 7.30029, 11.4588, 26.0373, 7.28895, 7.28895, 7.28895, 7.28895, 7.28895, 7.28895, 7.28895, 10.462, 7.28895, 7.28895, 7.34538
2.45893, 32, 33.0838, 7.40717, 5.83095, -1.08379, 0, 7.40718, 7.4072, 7.60841, 7.41206, 7.41782, 13.0298, 24.1111, 7.40717, 7.40717, 7.40717, 7.40717, 7.40717, 7.40717, 7.40717, 10.4821, 7.40717, 7.40717, 7.46547
2.46681, 26, 33.4373, 7.5257, 5.2915, -7.43732, 0, 7.52571, 7.52573, 7.72694, 7.53059, 7.53585, 15.0906, 22.5814, 7.5257, 7.5257, 7.5257, 7.5257, 7.5257, 7.5257, 7.5257, 10.5403, 7.5257, 7.5257, 7.5859
2.47469, 38, 34.7381, 7.64465, 6.32456, 3.26192, 0, 7.64465, 7.64468, 7.84588, 7.64954, 7.65444, 17.7584, 21.3386, 7.64465, 7.64465, 7.64465, 7.64465, 7.64465, 7.64465, 7.64465, 10.6522, 7.64465, 7.64465, 7.70677
2.48258, 32, 37.0406, 7.7641, 5.83095, -5.0406, 0, 7.76411, 7.76413, 7.96534, 7.76899, 7.77365, 21.1597, 20.2911, 7.7641, 7.7641, 7.7641, 7.7641, 7.7641, 7.7641, 7.7641, 10.8382, 7.7641, 7.7641, 7.82817
2.49046, 32, 40.4283, 7.88417, 5.83095, -8.42828, 0, 7.88418, 7.8842, 8.08541, 7.88906, 7.89353, 25.4237, 19.3665, 7.88417, 7.88417, 7.88417, 7.88417, 7.88417, 7.88417, 7.88417, 11.1248, 7.88417, 7.88417, 7.9502
2.49835, 40, 45.0072, 8.00494, 6.48074, -5.0072, 0, 8.00495, 8.00497, 8.20618, 8.00983, 8.01418, 30.6737, 18.5128, 8.00494, 8.00494, 8.00494, 8.00494, 8.00494, 8.00494, 8.00494, 11.5471, 8.00494, 8.00494, 8.07296
2.50623, 36, 50.8953, 8.1265, 6.16441, -14.8953, 0, 8.1265, 8.12653, 8.32773, 8.13139, 8.13565, 37.0152, 17.6963, 8.1265, 8.1265, 8.1265, 8.1265, 8.1265, 8.1265, 8.1265, 12.1514, 8.1265, 8.1265, 8.19654
2.51411, 56, 58.2098, 8.24889, 7.61577, -2.20977, 0, 8.2489, 8.24892, 8.45013, 8.25379, 8.25799, 44.5238, 16.8991, 8.24889, 8.24889, 8.24889, 8.24889, 8.24889, 8.24889, 8.24889, 12.9974, 8.24889, 8.24889, 8.32099
2.522, 46, 67.0518, 8.37218, 6.9282, -21.0518, 0, 8.37219, 8.37222, 8.57342, 8.37708, 8.38124, 53.2308, 16.116, 8.37218, 8.37218, 8.37218, 8.37218, 8.37218, 8.37218, 8.37219, 14.16, 8.37218, 8.37218, 8.44637
2.52988, 64, 77.4903, 8.49639, 8.12404, -13.4903, 0, 8.4964, 8.49642, 8.69763, 8.50129, 8.50543, 63.1098, 15.3508, 8.49639, 8.49639, 8.49639, 8.49639, 8.49639, 8.49639, 8.4964, 15.7309, 8.49639, 8.49639, 8.57274
2.53777, 78, 89.5477, 8.62153, 8.94427, -11.5477, 0, 8.62154, 8.62156, 8.82277, 8.62642, 8.63054, 74.0652, 14.613, 8.62153, 8.62153, 8.62153, 8.62153, 8.62153, 8.62153, 8.62153, 17.8188, 8.62153, 8.62153, 8.70012
2.54565, 88, 103.185, 8.74756, 9.48683, -15.1852, 0, 8.74757, 8.74759, 8.9488, 8.75245, 8.75656, 85.9228, 13.9148, 8.74756, 8.74756, 8.74756, 8.74756, 8.74756, 8.74756, 8.74756, 20.5467, 8.74756, 8.74756, 8.82855
2.55353, 84, 118.298, 8.87448, 9.27362, -34.2985, 0, 8.87449, 8.87451, 9.07572, 8.87937, 8.88347, 98.4306, 13.2684, 8.87448, 8.87448, 8.87448, 8.87448, 8.87448, 8.87448, 8.87448, 24.0497, 8.87448, 8.87448, 8.95812
2.56142, 106, 134.707, 9.00223, 10.3923, -28.7074, 0, 9.00224, 9.00226, 9.20347, 9.00712, 9.01122, 111.258, 12.6844, 9.00223, 9.00223, 9.00223, 9.00223, 9.00223, 9.00223, 9.00223, 28.4673, 9.00223, 9.00223, 9.08891
2.5693, 146, 152.16, 9.13076, 12.1655, -6.1599, 0, 9.13077, 9.13079, 9.332, 9.13565, 9.13974, 124.011, 12.1709, 9.13076, 9.13076, 9.13076, 9.13076, 9.13076, 9.13076, 9.13076, 33.9345, 9.13076, 9.13076, 9.22113
2.57718, 162, 170.341, 9.26001, 12.8062, -8.34137, 0, 9.26002, 9.26004, 9.46125, 9.2649, 9.26898, 136.247, 11.7323, 9.26001, 9.26001, 9.26001, 9.26001, 9.26001, 9.26001, 9.26001, 40.5716, 9.26001, 9.26001, 9.35514
2.58507, 178, 188.878, 9.3899, 13.4164, -10.8776, 0, 9.38991, 9.38993, 9.59114, 9.3948, 9.39888, 147.503, 11.37, 9.3899, 9.3899, 9.3899, 9.3899, 9.3899, 9.3899, 9.3899, 48.4677, 9.3899, 9.3899, 9.49146
2.59295, 174, 207.359, 9.52039, 13.2665, -33.3588, 0, 9.5204, 9.52042, 9.72163, 9.52528, 9.52936, 157.322, 11.0821, 9.52039, 9.52039, 9.52039, 9.52039, 9.52039, 9.52039, 9.52039, 57.6695, 9.52039, 9.52039, 9.63101
2.60084, 242, 225.348, 9.6514, 15.6205, 16.6521, 0, 9.65141, 9.65143, 9.85264, 9.65629, 9.66037, 165.285, 10.8642, 9.6514, 9.6514, 9.6514, 9.6514, 9.6514, 9.6514, 9.6514, 68.1623, 9.6514, 9.6514, 9.77513
2.60872, 232, 242.405, 9.78286, 15.2971, -10.4048, 0, 9.78287, 9.78289, 9.9841, 9.78775, 9.79183, 171.042, 10.7103, 9.78286, 9.78286, 9.78286, 9.78286, 9.78286, 9.78286, 9.78286, 79.8599, 9.78286, 9.78286, 9.92581
2.6166, 256, 258.102, 9.91471, 16.0624, -2.10193, 0, 9.91472, 9.91474, 10.116, 9.9196, 9.92368, 174.338, 10.6131, 9.91471, 9.91471, 9.91471, 9.91471, 9.91471, 9.91471, 9.91471, 92.5944, 9.91471, 9.91471, 10.0859
2.62449, 270, 272.039, 10.0469, 16.4924, -2.03922, 0, 10.0469, 10.0469, 10.2481, 10.0518, 10.0559, 175.03, 10.5647, 10.0469, 10.0469, 10.0469, 10.0469, 10.0469, 10.0469, 10.0469, 106.11, 10.0469, 10.0469, 10.2596
2.63237, 258, 283.862, 10.1793, 16.1245, -25.8615, 0, 10.1793, 10.1794, 10.3806, 10.1842, 10.1883, 173.106, 10.5573, 10.1793, 10.1793, 10.1793, 10.1793, 10.1793, 10.1793, 10.1793, 120.069, 10.1793, 10.1793, 10.4522
2.64026, 322, 293.268, 10.312, 18, 28.7318, 0, 10.312, 10.312, 10.5132, 10.3169, 10.321, 168.676, 10.5837, 10.312, 10.312, 10.312, 10.312, 10.312, 10.312, 10.312, 134.058, 10.312, 10.312, 10.6712
2.64814, 338, 300.024, 10.4448, 18.4391, 37.9758, 0, 10.4448, 10.4448, 10.646, 10.4496, 10.4537, 161.971, 10.6371, 10.4448, 10.4448, 10.4448, 10.4448, 10.4448, 10.4448, 10.4448, 147.609, 10.4448, 10.4448, 10.9261
2.65602, 366, 303.967, 10.5776, 19.1833, 62.033, 0, 10.5776, 10.5776, 10.7788, 10.5825, 10.5866, 153.321, 10.7117, 10.5776, 10.5776, 10.5776, 10.5776, 10.5776, 10.5776, 10.5776, 160.223, 10.5776, 10.5776, 11.229
2.66391, 370, 305.013, 10.7104, 19.2873, 64.9872, 0, 10.7104, 10.7105, 10.9117, 10.7153, 10.7194, 143.132, 10.8025, 10.7104, 10.7104, 10.7104, 10.7104, 10.7104, 10.7104, 10.7104, 171.4, 10.7104, 10.7104, 11.5946
2.67179, 366, 303.16, 10.8432, 19.1833, 62.8396, 0, 10.8432, 10.8432, 11.0444, 10.8481, 10.8522, 131.857, 10.9054, 10.8432, 10.8432, 10.8432, 10.8432, 10.8432, 10.8432, 10.8432, 180.672, 10.8432, 10.8432, 12.0405
2.67967, 362, 298.494, 10.9757, 19.0788, 63.506, 0, 10.9757, 10.9757, 11.1769, 10.9806, 10.9847, 119.964, 11.0172, 10.9757, 10.9757, 10.9757, 10.9757, 10.9757, 10.9757, 10.9757, 187.638, 10.9757, 10.9757, 12.5869
2.68756, 354, 291.181, 11.1079, 18.868, 62.8185, 0, 11.1079, 11.1079, 11.3091, 11.1128, 11.117, 107.907, 11.1351, 11.1079, 11.1079, 11.1079, 11.1079, 11.1079, 11.1079, 11.1079, 191.992, 11.1079, 11.1079, 13.2561
2.69544, 342, 281.473, 11.2396, 18.5472, 60.5268, 0, 11.2396, 11.2397, 11.4409, 11.2445, 11.2487, 96.1014, 11.2572, 11.2396, 11.2396, 11.2396, 11.2396, 11.2396, 11.2396, 11.2396, 193.547, 11.2396, 11.2396, 14.0715
2.70333, 270, 269.692, 11.3708, 16.4924, 0.30838, 0, 11.3708, 11.3708, 11.572, 11.3756, 11.3799, 84.9017, 11.3819, 11.3708, 11.3708, 11.3708, 11.3708, 11.3708, 11.3708, 11.3708, 192.248, 11.3708, 11.3708, 15.0567
2.71121, 330, 256.224, 11.5011, 18.2209, 73.7764, 0, 11.5011, 11.5011, 11.7023, 11.506, 11.5103, 74.5907, 11.5081, 11.5011, 11.5011, 11.5011, 11.5011, 11.5011, 11.5011, 11.5011, 188.179, 11.5011, 11.5011, 16.2333
2.71909, 262, 241.502, 11.6305, 16.2481, 20.4985, 0, 11.6305, 11.6305, 11.8317, 11.6354, 11.6398, 65.3704, 11.6348, 11.6305, 11.6305, 11.6305, 11.6305, 11.6305, 11.6305, 11.6305, 181.553, 11.6305, 11.6305, 17.6189
2.72698, 274, 225.985, 11.7587, 16.6132, 48.0148, 0, 11.7587, 11.7588, 11.96, 11.7636, 11.7681, 57.362, 11.7614, 11.7587, 11.7587, 11.7587, 11.7587, 11.7587, 11.7587, 11.7587, 172.698, 11.7587, 11.7587, 19.2249
2.73486, 262, 210.141, 11.8856, 16.2481, 51.859, 0, 11.8856, 11.8857, 12.0869, 11.8905, 11.8951, 50.6123, 11.8872, 11.8856, 11.8856, 11.8856, 11.8856, 11.8856, 11.8856, 11.8856, 162.029, 11.8856, 11.8856, 21.0537
2.74275, 294, 194.414, 12.011, 17.2047, 99.5858, 0, 12.0111, 12.0111, 12.2123, 12.0159, 12.0207, 45.1, 12.012, 12.011, 12.011, 12.011, 12.011, 12.011, 12.011, 12.011, 150.023, 12.011, 12.011, 23.097
2.75063, 244, 179.212, 12.1348, 15.6844, 64.7876, 0, 12.1348, 12.1348, 12.336, 12.1397, 12.1446, 40.7503, 12.1353, 12.1348, 12.1348, 12.1348, 12.1348, 12.1348, 12.1348, 12.1348, 137.182, 12.1348, 12.1348, 25.3328
2.75851, 222, 164.881, 12.2567, 14.9666, 57.119, 0, 12.2567, 12.2568, 12.458, 12.2616, 12.2667, 37.4463, 12.257, 12.2567, 12.2567, 12.2567, 12.2567, 12.2567, 12.2567, 12.2567, 124.007, 12.2567, 12.2567, 27.7252
2.7664, 190, 151.69, 12.3768, 13.8564, 38.3102, 0, 12.3768, 12.3768, 12.578, 12.3816, 12.3869, 35.0428, 12.3769, 12.3768, 12.3768, 12.3768, 12.3768, 12.3768, 12.3768, 12.3768, 110.96, 12.3768, 12.3768, 30.224
2.77428, 164, 139.825, 12.4948, 12.8841, 24.1745, 0, 12.4948, 12.4948, 12.696, 12.4997, 12.5052, 33.3791, 12.4949, 12.4948, 12.4948, 12.4948, 12.4948, 12.4948, 12.4948, 12.4948, 98.4542, 12.4948, 12.4948, 32.765
2.78216, 172, 129.385, 12.6108, 13.1909, 42.6148, 0, 12.6109, 12.6109, 12.8121, 12.6157, 12.6215, 32.2902, 12.6109, 12.6108, 12.6108, 12.6108, 12.6108, 12.6108, 12.6108, 12.6108, 86.8261, 12.6108, 12.6108, 35.2736
2.79005, 130, 120.386, 12.7249, 11.4891, 9.61419, 0, 12.7249, 12.7249, 12.9261, 12.7298, 12.7359, 31.6165, 12.7249, 12.7249, 12.7249, 12.7249, 12.7249, 12.7249, 12.7249, 12.7249, 76.3351, 12.7249, 12.7249, 37.6668
2.79793, 120, 112.77, 12.837, 11.0454, 7.23017, 0, 12.837, 12.837, 13.0382, 12.8418, 12.8483, 31.2109, 12.837, 12.837, 12.837, 12.837, 12.837, 12.837, 12.837, 12.837, 67.1564, 12.837, 12.837, 39.8589
2.80582, 122, 106.422, 12.9471, 11.1355, 15.5778, 0, 12.9471, 12.9471, 13.1483, 12.952, 12.9588, 30.9453, 12.9471, 12.9471, 12.9471, 12.9471, 12.9471, 12.9471, 12.9471, 12.9471, 59.3868, 12.9471, 12.9471, 41.7663
2.8137, 126, 101.187, 13.0553, 11.3137, 24.8131, 0, 13.0553, 13.0553, 13.2566, 13.0602, 13.0675, 30.7137, 13.0553, 13.0553, 13.0553, 13.0553, 13.0553, 13.0553, 13.0553, 13.0553, 53.0524, 13.0553, 13.0553, 43.3131
2.82158, 110, 96.8847, 13.1616, 10.583, 13.1153, 0, 13.1616, 13.1616, 13.3629, 13.1665, 13.1742, 30.4341, 13.1616, 13.1616, 13.1616, 13.1616, 13.1616, 13.1616, 13.1616, 13.1616, 48.1188, 13.1616, 13.1616, 44.4363
2.82947, 78, 93.3313, 13.2659, 8.94427, -15.3313, 0, 13.2659, 13.2659, 13.4671, 13.2708, 13.279, 30.049, 13.2659, 13.2659, 13.2659, 13.2659, 13.2659, 13.2659, 13.2659, 13.2659, 44.5042, 13.2659, 13.2659, 45.0905
2.83735, 76, 90.3501, 13.3679, 8.83176, -14.3501, 0, 13.3679, 13.3679, 13.5691, 13.3728, 13.3816, 29.5241, 13.3679, 13.3679, 13.3679, 13.3679, 13.3679, 13.3679, 13.3679, 13.3679, 42.0907, 13.3679, 13.3679, 45.2513
2.84523, 108, 87.7847, 13.4673, 10.4881, 20.2153, 0, 13.4673, 13.4673, 13.6685, 13.4722, 13.4815, 28.8459, 13.4673, 13.4673, 13.4673, 13.4673, 13.4673, 13.4673, 13.4673, 13.4673, 40.7365, 13.4673, 13.4673, 44.9165
2.85312, 94, 85.5048, 13.5634, 9.79796, 8.49521, 0, 13.5635, 13.5635, 13.7647, 13.5683, 13.5783, 28.0185, 13.5634, 13.5634, 13.5634, 13.5634, 13.5634, 13.5634, 13.5634, 13.5634, 40.2854, 13.5634, 13.5634, 44.1067
2.861, 80, 83.4097, 13.6556, 9.05539, -3.40973, 0, 13.6556, 13.6556, 13.8568, 13.6604, 13.6711, 27.06, 13.6556, 13.6556, 13.6556, 13.6556, 13.6556, 13.6556, 13.6556, 13.6556, 40.5756, 13.6556, 13.6556, 42.8635
2.86889, 66, 81.4271, 13.7425, 8.24621, -15.4271, 0, 13.7425, 13.7426, 13.9438, 13.7474, 13.7587, 25.998, 13.7425, 13.7425, 13.7425, 13.7425, 13.7425, 13.7425, 13.7425, 13.7425, 41.4463, 13.7425, 13.7425, 41.2455
2.87677, 62, 79.5103, 13.823, 8, -17.5103, 0, 13.823, 13.823, 14.0242, 13.8279, 13.8399, 24.866, 13.823, 13.823, 13.823, 13.823, 13.823, 13.823, 13.823, 13.823, 42.7424, 13.823, 13.823, 39.3247
2.88465, 68, 77.6327, 13.8953, 8.3666, -9.63269, 0, 13.8953, 13.8953, 14.0966, 13.9002, 13.913, 23.6994, 13.8953, 13.8953, 13.8953, 13.8953, 13.8953, 13.8953, 13.8953, 13.8953, 44.3191, 13.8953, 13.8953, 37.181
2.89254, 56, 75.7822, 13.9576, 7.61577, -19.7822, 0, 13.9576, 13.9577, 14.1589, 13.9625, 13.9761, 22.5321, 13.9576, 13.9576, 13.9576, 13.9576, 13.9576, 13.9576, 13.9576, 13.9576, 46.0442, 13.9576, 13.9576, 34.8965
2.90042, 66, 73.9552, 14.0079, 8.24621, -7.95525, 0, 14.0079, 14.0079, 14.2091, 14.0128, 14.0272, 21.3946, 14.0079, 14.0079, 14.0079, 14.0079, 14.0079, 14.0079, 14.0079, 14.0079, 47.7998, 14.0079, 14.0079, 32.5511
2.90831, 66, 72.1516, 14.044, 8.24621, -6.15161, 0, 14.044, 14.044, 14.2452, 14.0488, 14.0641, 20.3117, 14.044, 14.044, 14.044, 14.044, 14.044, 14.044, 14.044, 14.044, 49.4844, 14.044, 14.044, 30.2171
2.91619, 62, 70.3708, 14.0636, 8, -8.37082, 0, 14.0636, 14.0637, 14.2649, 14.0685, 14.0847, 19.3018, 14.0636, 14.0636, 14.0636, 14.0636, 14.0636, 14.0636, 14.0636, 14.0636, 51.0121, 14.0636, 14.0636, 27.957
2.92407, 84, 68.6092, 14.0649, 9.27362, 15.3908, 0, 14.0649, 14.065, 14.2662, 14.0698, 14.0869, 18.3767, 14.0649, 14.0649, 14.0649, 14.0649, 14.0649, 14.0649, 14.0649, 14.0649, 52.3139, 14.0649, 14.0649, 25.8203
2.93196, 56, 66.8586, 14.0461, 7.61577, -10.8586, 0, 14.0461, 14.0461, 14.2473, 14.051, 14.069, 17.5418, 14.0461, 14.0461, 14.0461, 14.0461, 14.0461, 14.0461, 14.0461, 14.0461, 53.3366, 14.0461, 14.0461, 23.8432
2.93984, 40, 65.1068, 14.0057, 6.48074, -25.1068, 0, 14.0057, 14.0057, 14.2069, 14.0106, 14.0295, 16.7973, 14.0057, 14.0057, 14.0057, 14.0057, 14.0057, 14.0057, 14.0057, 14.0057, 54.0421, 14.0057, 14.0057, 22.0487
2.94772, 46, 63.3375, 13.9429, 6.9282, -17.3375, 0, 13.9429, 13.943, 14.1442, 13.9478, 13.9678, 16.1388, 13.9429, 13.9429, 13.9429, 13.9429, 13.9429, 13.9429, 13.9429, 13.9429, 54.4063, 13.9429, 13.9429, 20.4473
2.95561, 46, 61.5328, 13.8576, 6.9282, -15.5328, 0, 13.8576, 13.8576, 14.0589, 13.8625, 13.8835, 15.559, 13.8576, 13.8576, 13.8576, 13.8576, 13.8576, 13.8576, 13.8576, 13.8576, 54.4176, 13.8576, 13.8576, 19.0395
2.96349, 56, 59.674, 13.7503, 7.61577, -3.67402, 0, 13.7503, 13.7503, 13.9515, 13.7552, 13.7772, 15.0488, 13.7503, 13.7503, 13.7503, 13.7503, 13.7503, 13.7503, 13.7503, 13.7503, 54.0755, 13.7503, 13.7503, 17.8172
2.97138, 50, 57.7443, 13.6222, 7.2111, -7.74429, 0, 13.6222, 13.6222, 13.8234, 13.6271, 13.6501, 14.5984, 13.6222, 13.6222, 13.6222, 13.6222, 13.6222, 13.6222, 13.6222, 13.6222, 53.3892, 13.6222, 13.6222, 16.7669
2.97926, 54, 55.7304, 13.4754, 7.48331, -1.73042, 0, 13.4754, 13.4754, 13.6766, 13.4803, 13.5044, 14.1985, 13.4754, 13.4754, 13.4754, 13.4754, 13.4754, 13.4754, 13.4754, 13.4754, 52.3764, 13.4754, 13.4754, 15.8711
2.98714, 36, 53.6241, 13.3126, 6.16441, -17.6241, 0, 13.3126, 13.3126, 13.5138, 13.3175, 13.3428, 13.8403, 13.3126, 13.3126, 13.3126, 13.3126, 13.3126, 13.3126, 13.3126, 13.3126, 51.0619, 13.3126, 13.3126, 15.1108
2.99503, 46, 51.4234, 13.1372, 6.9282, -5.42342, 0, 13.1372, 13.1372, 13.3384, 13.1421, 13.1685, 13.5165, 13.1372, 13.1372, 13.1372, 13.1372, 13.1372, 13.1372, 13.1372, 13.1372, 49.4766, 13.1372, 13.1372, 14.4671
3.00291, 34, 49.1336, 12.9528, 6, -15.1336, 0, 12.9528, 12.9528, 13.154, 12.9577, 12.9853, 13.2215, 12.9528, 12.9528, 12.9528, 12.9528, 12.9528, 12.9528, 12.9528, 12.9528, 47.657, 12.9528, 12.9528, 13.922
3.0108, 22, 46.7668, 12.7634, 4.89898, -24.7668, 0, 12.7634, 12.7635, 12.9647, 12.7683, 12.7971, 12.9509, 12.7634, 12.7634, 12.7634, 12.7634, 12.7634, 12.7634, 12.7634, 12.7634, 45.6434, 12.7634, 12.7634, 13.4595
3.01868, 28, 44.3422, 12.5731, 5.47723, -16.3422, 0, 12.5731, 12.5731, 12.7743, 12.578, 12.6079, 12.702, 12.5731, 12.5731, 12.5731, 12.5731, 12.5731, 12.5731, 12.5731, 12.5731, 43.4797, 12.5731, 12.5731, 13.0657
3.02656, 38, 41.8849, 12.3855, 6.32456, -3.88493, 0, 12.3855, 12.3855, 12.5867, 12.3904, 12.4216, 12.4729, 12.3855, 12.3855, 12.3855, 12.3855, 12.3855, 12.3855, 12.3855, 12.3855, 41.2118, 12.3855, 12.3855, 12.729
3.03445, 20, 39.4243, 12.2042, 4.69042, -19.4243, 0, 12.2042, 12.2042, 12.4054, 12.2091, 12.2415, 12.2625, 12.2042, 12.2042, 12.2042, 12.2042, 12.2042, 12.2042, 12.2042, 12.2042, 38.8863, 12.2042, 12.2042, 12.4403
3.04233, 20, 36.9923, 12.0319, 4.69042, -16.9923, 0, 12.0319, 12.032, 12.2332, 12.0368, 12.0705, 12.0703, 12.0319, 12.0319, 12.0319, 12.0319, 12.0319, 12.0319, 12.0319, 12.0319, 36.5492, 12.0319, 12.0319, 12.1919
3.05021, 24, 34.6221, 11.8711, 5.09902, -10.6221, 0, 11.8711, 11.8711, 12.0723, 11.876, 11.911, 11.896, 11.8711, 11.8711, 11.8711, 11.8711, 11.8711, 11.8711, 11.8711, 11.8711, 34.2443, 11.8711, 11.8711, 11.9779
3.0581, 30, 32.3447, 11.7231, 5.65685, -2.34468, 0, 11.7232, 11.7232, 11.9244, 11.728, 11.7644, 11.7391, 11.7231, 11.7231, 11.7231, 11.7231, 11.7231, 11.7231, 11.7231, 11.7232, 32.0111, 11.7231, 11.7231, 11.7934
3.06598, 36, 30.1889, 11.589, 6.16441, 5.81114, 0, 11.589, 11.589, 11.7902, 11.5939, 11.6315, 11.599, 11.589, 11.589, 11.589, 11.589, 11.589, 11.589, 11.589, 11.589, 29.8845, 11.589, 11.589, 11.6346
3.07387, 18, 28.178, 11.4687, 4.47214, -10.178, 0, 11.4687, 11.4687, 11.67, 11.4736, 11.5126, 11.4749, 11.4687, 11.4687, 11.4687, 11.4687, 11.4687, 11.4687, 11.4687, 11.4687, 27.8925, 11.4687, 11.4687, 11.4979
3.08175, 16, 26.3299, 11.362, 4.24264, -10.3299, 0, 11.362, 11.3621, 11.5633, 11.3669, 11.4073, 11.3658, 11.362, 11.362, 11.362, 11.362, 11.362, 11.362, 11.362, 11.362, 26.0562, 11.362, 11.362, 11.3804
3.08963, 6, 24.656, 11.2681, 2.82843, -18.656, 0, 11.2681, 11.2681, 11.4693, 11.273, 11.3147, 11.2704, 11.2681, 11.2681, 11.2681, 11.2681, 11.2681, 11.2681, 11.2681, 11.2681, 24.3895, 11.2681, 11.2681, 11.2795
3.09752, 14, 23.1609, 11.1858, 4, -9.16087, 0, 11.1858, 11.1858, 11.387, 11.1906, 11.2338, 11.1871, 11.1858, 11.1858, 11.1858, 11.1858, 11.1858, 11.1858, 11.1858, 11.1858, 22.8983, 11.1858, 11.1858, 11.1927
3.1054, 4, 21.843, 11.1138, 2.44949, -17.843, 0, 11.1138, 11.1138, 11.3151, 11.1187, 11.1633, 11.1146, 11.1138, 11.1138, 11.1138, 11.1138, 11.1138, 11.1138, 11.1138, 11.1138, 21.5823, 11.1138, 11.1138, 11.118
3.11329, 16, 20.6953, 11.051, 4.24264, -4.69532, 0, 11.051, 11.0511, 11.2523, 11.0559, 11.102, 11.0515, 11.051, 11.051, 11.051, 11.051, 11.051, 11.051, 11.051, 11.051, 20.4352, 11.051, 11.051, 11.0535
3.12117, 10, 19.7063, 10.9963, 3.4641, -9.70631, 0, 10.9963, 10.9963, 11.1975, 11.0011, 11.0487, 10.9965, 10.9963, 10.9963, 10.9963, 10.9963, 10.9963, 10.9963, 10.9963, 10.9963, 19.446, 10.9963, 10.9963, 10.9977
3.12905, 6, 18.8612, 10.9486, 2.82843, -12.8612, 0, 10.9486, 10.9486, 11.1498, 10.9535, 11.0025, 10.9487, 10.9486, 10.9486, 10.9486, 10.9486, 10.9486, 10.9486, 10.9486, 10.9486, 18.6002, 10.9486, 10.9486, 10.9494
3.13694, 6, 18.1434, 10.9074, 2.82843, -12.1434, 0, 10.9074, 10.9074, 11.1086, 10.9123, 10.9628, 10.9075, 10.9074, 10.9074, 10.9074, 10.9074, 10.9074, 10.9074, 10.9074, 10.9074, 17.8812, 10.9074, 10.9074, 10.9079
3.14482, 10, 17.5353, 10.8723, 3.4641, -7.53532, 0, 10.8723, 10.8723, 11.0735, 10.8772, 10.9292, 10.8723, 10.8723, 10.8723, 10.8723, 10.8723, 10.8723, 10.8723, 10.8723, 10.8723, 17.2719, 10.8723, 10.8723, 10.8726
3.1527, 18, 17.0198, 10.8432, 4.47214, 0.980221, 0, 10.8432, 10.8432, 11.0444, 10.8481, 10.9017, 10.8432, 10.8432, 10.8432, 10.8432, 10.8432, 10.8432, 10.8432, 10.8432, 10.8432, 16.755, 10.8432, 10.8432, 10.8433
3.16059, 2, 16.5806, 10.8203, 2, -14.5806, 0, 10.8203, 10.8203, 11.0215, 10.8251, 10.8803, 10.8203, 10.8203, 10.8203, 10.8203, 10.8203, 10.8203, 10.8203, 10.8203, 10.8203, 16.3144, 10.8203, 10.8203, 10.8203
3.16847, 12, 16.2034, 10.8038, 3.74166, -4.20344, 0, 10.8038, 10.8038, 11.005, 10.8086, 10.8653, 10.8038, 10.8038, 10.8038, 10.8038, 10.8038, 10.8038, 10.8038, 10.8038, 10.8038, 15.9356, 10.8038, 10.8038, 10.8038
3.17636, 12, 15.8757, 10.7941, 3.74166, -3.87575, 0, 10.7941, 10.7941, 10.9953, 10.799, 10.8573, 10.7941, 10.7941, 10.7941, 10.7941, 10.7941, 10.7941, 10.7941, 10.7941, 10.7941, 15.6064, 10.7941, 10.7941, 10.7941
3.18424, 14, 15.5874, 10.7917, 4, -1.58738, 0, 10.7917, 10.7918, 10.993, 10.7966, 10.8565, 10.7917, 10.7917, 10.7917, 10.7917, 10.7917, 10.7917, 10.7917, 10.7917, 10.7917, 15.3164, 10.7917, 10.7917, 10.7917
3.19212, 12, 15.3303, 10.797, 3.74166, -3.33025, 0, 10.797, 10.7971, 10.9983, 10.8019, 10.8635, 10.797, 10.797, 10.797, 10.797, 10.797, 10.797, 10.797, 10.797, 10.797, 15.0576, 10.797, 10.797, 10.797
3.20001, 12, 15.0983, 10.8103, 3.74166, -3.09833, 0, 10.8103, 10.8103, 11.0115, 10.8152, 10.8784, 10.8103, 10.8103, 10.8103, 10.8103, 10.8103, 10.8103, 10.8103, 10.8103, 10.8103, 14.8241, 10.8103, 10.8103, 10.8103
3.20789, 8, 14.8873, 10.8316, 3.16228, -6.88728, 0, 10.8316, 10.8316, 11.0329, 10.8365, 10.9014, 10.8316, 10.8316, 10.8316, 10.8316, 10.8316, 10.8316, 10.8316, 10.8316, 10.8316, 14.6113, 10.8316, 10.8316, 10.8316
3.21578, 8, 14.6943, 10.861, 3.16228, -6.69427, 0, 10.861, 10.861, 11.0623, 10.8659, 10.9325, 10.861, 10.861, 10.861, 10.861, 10.861, 10.861, 10.861, 10.861, 10.861, 14.4166, 10.861, 10.861, 10.861
3.22366, 8, 14.5176, 10.8983, 3.16228, -6.51755, 0, 10.8983, 10.8983, 11.0995, 10.9032, 10.9714, 10.8983, 10.8983, 10.8983, 10.8983, 10.8983, 10.8983, 10.8983, 10.8983, 10.8983, 14.2382, 10.8983, 10.8983, 10.8983
3.23154, 0, 14.3562, 10.943, 1.41421, -14.3562, 0, 10.943, 10.943, 11.1442, 10.9479, 11.0179, 10.943, 10.943, 10.943, 10.943, 10.943, 10.943, 10.943, 10.943, 10.943, 14.0751, 10.943, 10.943, 10.943
3.23943, 12, 14.2099, 10.9946, 3.74166, -2.20991, 0, 10.9946, 10.9947, 11.1959, 10.9995, 11.0713, 10.9946, 10.9946, 10.9946, 10.9946, 10.9946, 10.9946, 10.9946, 10.9946, 10.9946, 13.927, 10.9946, 10.9947, 10.9946
3.24731, 8, 14.0785, 11.0525, 3.16228, -6.07853, 0, 11.0525, 11.0526, 11.2538, 11.0574, 11.1309, 11.0525, 11.0525, 11.0525, 11.0525, 11.0525, 11.0525, 11.0525, 11.0525, 11.0525, 13.7938, 11.0525, 11.0527, 11.0525
3.25519, 8, 13.9621, 11.1159, 3.16228, -5.96214, 0, 11.1159, 11.1159, 11.3171, 11.1208, 11.1961, 11.1159, 11.1159, 11.1159, 11.1159, 11.1159, 11.1159, 11.1159, 11.1159, 11.1159, 13.6755, 11.1159, 11.1161, 11.1159
3.26308, 12, 13.8607, 11.1838, 3.74166, -1.86074, 0, 11.1838, 11.1838, 11.385, 11.1887, 11.2658, 11.1838, 11.1838, 11.1838, 11.1838, 11.1838, 11.1838, 11.1838, 11.1838, 11.1838, 13.5722, 11.1838, 11.1842, 11.1838
3.27096, 20, 13.7742, 11.2554, 4.69042, 6.22581, 0, 11.2554, 11.2555, 11.4567, 11.2603, 11.3392, 11.2554, 11.2554, 11.2554, 11.2554, 11.2554, 11.2554, 11.2554, 11.2554, 11.2554, 13.4836, 11.2554, 11.256, 11.2554
3.27885, 18, 13.7022, 11.3298, 4.47214, 4.29785, 0, 11.3298, 11.3298, 11.531, 11.3347, 11.4154, 11.3298, 11.3298, 11.3298, 11.3298, 11.3298, 11.3298, 11.3298, 11.3298, 11.3298, 13.4095, 11.3298, 11.3307, 11.3298
3.28673, 18, 13.644, 11.406, 4.47214, 4.35596, 0, 11.406, 11.406, 11.6072, 11.4109, 11.4935, 11.406, 11.406, 11.406, 11.406, 11.406, 11.406, 11.406, 11.406, 11.406, 13.3491, 11.406, 11.4073, 11.406
3.29461, 18, 13.599, 11.4831, 4.47214, 4.40096, 0, 11.4831, 11.4831, 11.6843, 11.488, 11.5724, 11.4831, 11.4831, 11.4831, 11.4831, 11.4831, 11.4831, 11.4831, 11.4831, 11.4831, 13.3017, 11.4831, 11.4849, 11.4831
3.3025, 16, 13.5661, 11.5602, 4.24264, 2.43386, 0, 11.5602, 11.5603, 11.7615, 11.5651, 11.6515, 11.5602, 11.5602, 11.5602, 11.5602, 11.5602, 11.5602, 11.5602, 11.5602, 11.5602, 13.266, 11.5602, 11.5629, 11.5602
3.31038, 6, 13.5441, 11.6366, 2.82843, -7.54412, 0, 11.6366, 11.6367, 11.8379, 11.6415, 11.7298, 11.6366, 11.6366, 11.6366, 11.6366, 11.6366, 11.6366, 11.6366, 11.6366, 11.6366, 13.241, 11.6366, 11.6404, 11.6366
3.31827, 6, 13.5317, 11.7116, 2.82843, -7.53166, 0, 11.7116, 11.7116, 11.9128, 11.7165, 11.8066, 11.7116, 11.7116, 11.7116, 11.7116, 11.7116, 11.7116, 11.7116, 11.7116, 11.7116, 13.2251, 11.7116, 11.7169, 11.7116
3.32615, 4, 13.5274, 11.7844, 2.44949, -9.52737, 0, 11.7844, 11.7845, 11.9857, 11.7893, 11.8814, 11.7844, 11.7844, 11.7844, 11.7844, 11.7844, 11.7844, 11.7844, 11.7844, 11.7844, 13.2169, 11.7844, 11.7917, 11.7844
3.33403, 14, 13.5298, 11.8547, 4, 0.470173, 0, 11.8547, 11.8547, 12.0559, 11.8596, 11.9537, 11.8547, 11.8547, 11.8547, 11.8547, 11.8547, 11.8547, 11.8547, 11.8547, 11.8547, 13.2148, 11.8547, 11.8646, 11.8547
3.34192, 10, 13.5377, 11.922, 3.4641, -3.5377, 0, 11.922, 11.922, 12.1232, 11.9269, 12.0229, 11.922, 11.922, 11.922, 11.922, 11.922, 11.922, 11.922, 11.922, 11.922, 13.2174, 11.922, 11.9352, 11.922
3.3498, 10, 13.5497, 11.986, 3.4641, -3.54974, 0, 11.9861, 11.9861, 12.1873, 11.9909, 12.089, 11.986, 11.986, 11.986, 11.986, 11.986, 11.986, 11.986, 11.986, 11.986, 13.2232, 11.986, 12.0034, 11.986
3.35768, 4, 13.5649, 12.0468, 2.44949, -9.56486, 0, 12.0468, 12.0468, 12.248, 12.0516, 12.1518, 12.0468, 12.0468, 12.0468, 12.0468, 12.0468, 12.0468, 12.0468, 12.0468, 12.0468, 13.2312, 12.0468, 12.0692, 12.0468
3.36557, 2, 13.5822, 12.1042, 2, -11.5822, 0, 12.1042, 12.1042, 12.3054, 12.1091, 12.2113, 12.1042, 12.1042, 12.1042, 12.1042, 12.1042, 12.1042, 12.1042, 12.1042, 12.1042, 13.2402, 12.1042, 12.1328, 12.1042
3.37345, 18, 13.601, 12.1585, 4.47214, 4.39896, 0, 12.1585, 12.1585, 12.3597, 12.1634, 12.268, 12.1585, 12.1585, 12.1585, 12.1585, 12.1585, 12.1585, 12.1585, 12.1585, 12.1585, 13.2494, 12.1585, 12.1945, 12.1585
3.38134, 6, 13.621, 12.21, 2.82843, -7.62101, 0, 12.21, 12.2101, 12.4113, 12.2149, 12.322, 12.21, 12.21, 12.21, 12.21, 12.21, 12.21, 12.21, 12.21, 12.21, 13.2583, 12.21, 12.2545, 12.21
3.38922, 6, 13.6419, 12.2593, 2.82843, -7.64193, 0, 12.2593, 12.2593, 12.4605, 12.2642, 12.3742, 12.2593, 12.2593, 12.2593, 12.2593, 12.2593, 12.2593, 12.2593, 12.2593, 12.2593, 13.2666, 12.2593, 12.3135, 12.2593
3.3971, 10, 13.6639, 12.3069, 3.4641, -3.66392, 0, 12.3069, 12.3069, 12.5081, 12.3117, 12.4253, 12.3069, 12.3069, 12.3069, 12.3069, 12.3069, 12.3069, 12.3069, 12.3069, 12.3069, 13.2743, 12.3069, 12.3719, 12.3069
3.40499, 8, 13.6874, 12.3534, 3.16228, -5.68738, 0, 12.3534, 12.3534, 12.5546, 12.3582, 12.4764, 12.3534, 12.3534, 12.3534, 12.3534, 12.3534, 12.3534, 12.3534, 12.3534, 12.3534, 13.2813, 12.3534, 12.4302, 12.3534
3.41287, 16, 13.7131, 12.3995, 4.24264, 2.28693, 0, 12.3995, 12.3995, 12.6008, 12.4044, 12.5288, 12.3995, 12.3995, 12.3995, 12.3995, 12.3995, 12.3995, 12.3995, 12.3995, 12.3995, 13.2881, 12.3995, 12.489, 12.3995
3.42075, 8, 13.7422, 12.4461, 3.16228, -5.74217, 0, 12.4461, 12.4461, 12.6473, 12.451, 12.5843, 12.4461, 12.4461, 12.4461, 12.4461, 12.4461, 12.4461, 12.4461, 12.4461, 12.4461, 13.2952, 12.4461, 12.5487, 12.4461
3.42864, 12, 13.7764, 12.4938, 3.74166, -1.77641, 0, 12.4938, 12.4938, 12.695, 12.4987, 12.6451, 12.4938, 12.4938, 12.4938, 12.4938, 12.4938, 12.4938, 12.4938, 12.4938, 12.4938, 13.303, 12.4938, 12.6097, 12.4938
3.43652, 8, 13.8182, 12.5433, 3.16228, -5.81825, 0, 12.5433, 12.5433, 12.7445, 12.5482, 12.7141, 12.5433, 12.5433, 12.5433, 12.5433, 12.5433, 12.5433, 12.5433, 12.5433, 12.5433, 13.3122, 12.5433, 12.6722, 12.5433
3.44441, 6, 13.8712, 12.5951, 2.82843, -7.87119, 0, 12.5951, 12.5952, 12.7964, 12.6, 12.7952, 12.5951, 12.5951, 12.5951, 12.5951, 12.5951, 12.5951, 12.5951, 12.5951, 12.5951, 13.3235, 12.5951, 12.7366, 12.5951
3.45229, 4, 13.9402, 12.6499, 2.44949, -9.94015, 0, 12.6499, 12.65, 12.8512, 12.6548, 12.8938, 12.6499, 12.6499, 12.6499, 12.6499, 12.6499, 12.6499, 12.6499, 12.6499, 12.6499, 13.3373, 12.6499, 12.8027, 12.6499
3.46017, 12, 14.0319, 12.708, 3.74166, -2.03194, 0, 12.708, 12.708, 12.9092, 12.7129, 13.0168, 12.708, 12.708, 12.708, 12.708, 12.708, 12.708, 12.708, 12.708, 12.708, 13.3544, 12.708, 12.8706, 12.708
3.46806, 6, 14.1559, 12.7696, 2.82843, -8.15587, 0, 12.7696, 12.7697, 12.9709, 12.7745, 13.1737, 12.7696, 12.7696, 12.7696, 12.7696, 12.7696, 12.7696, 12.7696, 12.7696, 12.7696, 13.375, 12.7696, 12.9402, 12.7696
3.47594, 16, 14.3245, 12.835, 4.24264, 1.6755, 0, 12.835, 12.835, 13.0362, 12.8399, 13.3773, 12.835, 12.835, 12.835, 12.835, 12.835, 12.835, 12.835, 12.835, 12.835, 13.3996, 12.835, 13.0113, 12.835
3.48383, 2, 14.5544, 12.9041, 2, -12.5544, 0, 12.9041, 12.9041, 13.1053, 12.909, 13.6441, 12.9041, 12.9041, 12.9041, 12.9041, 12.9041, 12.9041, 12.9041, 12.9041, 12.9041, 13.4286, 12.9041, 13.0837, 12.9041
3.49171, 6, 14.8669, 12.9769, 2.82843, -8.86688, 0, 12.9769, 12.9769, 13.1781, 12.9817, 13.9954, 12.9769, 12.9769, 12.9769, 12.9769, 12.9769, 12.9769, 12.9769, 12.9769, 12.9769, 13.4619, 12.9769, 13.1571, 12.9769
3.49959, 18, 15.289, 13.0532, 4.47214, 2.71095, 0, 13.0532, 13.0532, 13.2544, 13.0581, 14.458, 13.0532, 13.0532, 13.0532, 13.0532, 13.0532, 13.0532, 13.0532, 13.0532, 13.0532, 13.4998, 13.0532, 13.2315, 13.0532
3.50748, 10, 15.8541, 13.1328, 3.4641, -5.85412, 0, 13.1328, 13.1328, 13.334, 13.1377, 15.0647, 13.1328, 13.1328, 13.1328, 13.1328, 13.1328, 13.1328, 13.1328, 13.1328, 13.1328, 13.5422, 13.1328, 13.3066, 13.1328
3.51536, 14, 16.6019, 13.2154, 4, -2.60193, 0, 13.2155, 13.2155, 13.4167, 13.2203, 15.8552, 13.2154, 13.2154, 13.2154, 13.2154, 13.2154, 13.2154, 13.2154, 13.2154, 13.2154, 13.589, 13.2154, 13.3824, 13.2154
3.52324, 8, 17.5788, 13.3009, 3.16228, -9.57885, 0, 13.3009, 13.3009, 13.5021, 13.3057, 16.8752, 13.3009, 13.3009, 13.3009, 13.3009, 13.3009, 13.3009, 13.3009, 13.3009, 13.3009, 13.6402, 13.3009, 13.459, 13.3009
3.53113, 12, 18.8371, 13.3887, 3.74166, -6.83705, 0, 13.3887, 13.3887, 13.5899, 13.3936, 18.1764, 13.3887, 13.3887, 13.3887, 13.3887, 13.3887, 13.3887, 13.3887, 13.3887, 13.3887, 13.6956, 13.3887, 13.5362, 13.3887
3.53901, 22, 20.4332, 13.4786, 4.89898, 1.56681, 0, 13.4786, 13.4787, 13.6799, 13.4835, 19.8151, 13.4786, 13.4786, 13.4786, 13.4786, 13.4786, 13.4786, 13.4786, 13.4786, 13.4786, 13.7548, 13.4786, 13.6144, 13.4786
3.5469, 28, 22.4258, 13.5704, 5.47723, 5.57419, 0, 13.5704, 13.5704, 13.7716, 13.5753, 21.8491, 13.5704, 13.5704, 13.5704, 13.5704, 13.5704, 13.5704, 13.5704, 13.5704, 13.5704, 13.8179, 13.5704, 13.6935, 13.5704
3.55478, 16, 24.8725, 13.6637, 4.24264, -8.87252, 0, 13.6637, 13.6638, 13.865, 13.6686, 24.3356, 13.6637, 13.6637, 13.6637, 13.6637, 13.6637, 13.6637, 13.6637, 13.6637, 13.6637, 13.8844, 13.6637, 13.7738, 13.6637
3.56266, 32, 27.8256, 13.7584, 5.83095, 4.17437, 0, 13.7584, 13.7584, 13.9596, 13.7633, 27.3266, 13.7584, 13.7584, 13.7584, 13.7584, 13.7584, 13.7584, 13.7584, 13.7584, 13.7584, 13.9543, 13.7584, 13.8553, 13.7584
3.57055, 46, 31.3268, 13.8541, 6.9282, 14.6732, 0, 13.8541, 13.8541, 14.0553, 13.859, 30.8633, 13.8541, 13.8541, 13.8541, 13.8541, 13.8541, 13.8541, 13.8541, 13.8541, 13.8541, 14.0272, 13.8541, 13.9383, 13.8541
3.57843, 32, 35.4026, 13.9507, 5.83095, -3.40263, 0, 13.9507, 13.9507, 14.152, 13.9556, 34.9721, 13.9507, 13.9507, 13.9507, 13.9507, 13.9507, 13.9507, 13.9507, 13.9507, 13.9507, 14.1029, 13.9507, 14.0228, 13.9507
3.58632, 44, 40.0576, 14.0481, 6.78233, 3.94241, 0, 14.0481, 14.0481, 14.2493, 14.053, 39.6573, 14.0481, 14.0481, 14.0481, 14.0481, 14.0481, 14.0481, 14.0481, 14.0481, 14.0481, 14.1813, 14.0481, 14.109, 14.0481
3.5942, 62, 45.2706, 14.1461, 8, 16.7294, 0, 14.1461, 14.1462, 14.3474, 14.151, 44.8976, 14.1461, 14.1461, 14.1461, 14.1461, 14.1461, 14.1461, 14.1461, 14.1461, 14.1461, 14.2622, 14.1461, 14.1968, 14.1461
3.60208, 62, 50.989, 14.2447, 8, 11.011, 0, 14.2447, 14.2447, 14.4459, 14.2496, 50.6405, 14.2447, 14.2447, 14.2447, 14.2447, 14.2447, 14.2447, 14.2447, 14.2447, 14.2447, 14.3454, 14.2447, 14.2863, 14.2447
3.60997, 70, 57.1263, 14.3437, 8.48528, 12.8737, 0, 14.3437, 14.3438, 14.545, 14.3486, 56.7995, 14.3437, 14.3437, 14.3437, 14.3437, 14.3437, 14.3437, 14.3437, 14.3437, 14.3437, 14.4306, 14.3437, 14.3774, 14.3437
3.61785, 82, 63.5632, 14.4432, 9.16515, 18.4368, 0, 14.4432, 14.4432, 14.6444, 14.4481, 63.2555, 14.4432, 14.4432, 14.4432, 14.4432, 14.4432, 14.4432, 14.4432, 14.4432, 14.4432, 14.5179, 14.4432, 14.47, 14.4432
3.62573, 86, 70.147, 14.543, 9.38083, 15.853, 0, 14.543, 14.543, 14.7442, 14.5478, 69.8558, 14.543, 14.543, 14.543, 14.543, 14.543, 14.543, 14.543, 14.543, 14.543, 14.6068, 14.543, 14.5641, 14.543
3.63362, 92, 76.698, 14.6431, 9.69536, 15.302, 0, 14.6431, 14.6431, 14.8443, 14.648, 76.4211, 14.6431, 14.6431, 14.6431, 14.6431, 14.6431, 14.6431, 14.6431, 14.6431, 14.6431, 14.6975, 14.6431, 14.6595, 14.6431
3.6415, 112, 83.0165, 14.7435, 10.6771, 28.9835, 0, 14.7435, 14.7436, 14.9448, 14.7484, 82.7517, 14.7435, 14.7435, 14.7435, 14.7435, 14.7435, 14.7435, 14.7435, 14.7435, 14.7435, 14.7896, 14.7435, 14.7561, 14.7435
3.64939, 144, 88.8923, 14.8443, 12.083, 55.1077, 0, 14.8443, 14.8443, 15.0455, 14.8491, 88.6377, 14.8443, 14.8443, 14.8443, 14.8443, 14.8443, 14.8443, 14.8443, 14.8443, 14.8443, 14.8831, 14.8443, 14.8537, 14.8443
3.65727, 106, 94.1165, 14.9453, 10.3923, 11.8835, 0, 14.9453, 14.9453, 15.1465, 14.9502, 93.8706, 14.9453, 14.9453, 14.9453, 14.9453, 14.9453, 14.9453, 14.9453, 14.9453, 14.9453, 14.9779, 14.9453, 14.9523, 14.9453
3.66515, 126, 98.4937, 15.0466, 11.3137, 27.5063, 0, 15.0466, 15.0466, 15.2478, 15.0515, 98.255, 15.0466, 15.0466, 15.0466, 15.0466, 15.0466, 15.0466, 15.0466, 15.0466, 15.0466, 15.0739, 15.0466, 15.0518, 15.0466
3.67304, 130, 101.855, 15.1482, 11.4891, 28.1454, 0, 15.1482, 15.1482, 15.3494, 15.1531, 101.622, 15.1482, 15.1482, 15.1482, 15.1482, 15.1482, 15.1482, 15.1482, 15.1482, 15.1482, 15.1709, 15.1482, 15.1519, 15.1482
3.68092, 144, 104.067, 15.2501, 12.083, 39.9329, 0, 15.2501, 15.2501, 15.4513, 15.255, 103.839, 15.2501, 15.2501, 15.2501, 15.2501, 15.2501, 15.2501, 15.2501, 15.2501, 15.2501, 15.2689, 15.2501, 15.2527, 15.2501
3.68881, 126, 105.045, 15.3522, 11.3137, 20.9551, 0, 15.3522, 15.3523, 15.5535, 15.3571, 104.821, 15.3522, 15.3522, 15.3522, 15.3522, 15.3522, 15.3522, 15.3522, 15.3522, 15.3522, 15.3677, 15.3522, 15.3541, 15.3522
3.69669, 134, 104.753, 15.4547, 11.6619, 29.2465, 0, 15.4547, 15.4547, 15.6559, 15.4596, 104.533, 15.4547, 15.4547, 15.4547, 15.4547, 15.4547, 15.4547, 15.4547, 15.4547, 15.4547, 15.4674, 15.4547, 15.456, 15.4547
3.70457, 86, 103.212, 15.5574, 9.38083, -17.2122, 0, 15.5574, 15.5574, 15.7587, 15.5623, 102.995, 15.5574, 15.5574, 15.5574, 15.5574, 15.5574, 15.5574, 15.5574, 15.5574, 15.5574, 15.5678, 15.5574, 15.5583, 15.5574
3.71246, 116, 100.493, 15.6605, 10.8628, 15.5071, 0, 15.6605, 15.6605, 15.8617, 15.6653, 100.278, 15.6605, 15.6605, 15.6605, 15.6605, 15.6605, 15.6605, 15.6605, 15.6605, 15.6605, 15.6689, 15.6605, 15.6611, 15.6605
3.72034, 114, 96.7146, 15.7638, 10.7703, 17.2854, 0, 15.7638, 15.7638, 15.965, 15.7687, 96.5012, 15.7638, 15.7638, 15.7638, 15.7638, 15.7638, 15.7638, 15.7638, 15.7638, 15.7638, 15.7706, 15.7638, 15.7642, 15.7638
3.72822, 92, 92.035, 15.8674, 9.69536, -0.034996, 0, 15.8674, 15.8675, 16.0687, 15.8723, 91.823, 15.8674, 15.8674, 15.8674, 15.8674, 15.8674, 15.8674, 15.8674, 15.8674, 15.8674, 15.8729, 15.8674, 15.8677, 15.8674
3.73611, 102, 86.6406, 15.9714, 10.198, 15.3594, 0, 15.9714, 15.9714, 16.1726, 15.9763, 86.4298, 15.9714, 15.9714, 15.9714, 15.9714, 15.9714, 15.9714, 15.9714, 15.9714, 15.9714, 15.9758, 15.9714, 15.9715, 15.9714
3.74399, 96, 80.7332, 16.0756, 9.8995, 15.2668, 0, 16.0756, 16.0756, 16.2768, 16.0805, 80.5234, 16.0756, 16.0756, 16.0756, 16.0756, 16.0756, 16.0756, 16.0756, 16.0756, 16.0756, 16.0791, 16.0756, 16.0757, 16.0756
3.75188, 68, 74.5201, 16.1802, 8.3666, -6.52007, 0, 16.1802, 16.1802, 16.3814, 16.1851, 74.311, 16.1802, 16.1802, 16.1802, 16.1802, 16.1802, 16.1802, 16.1802, 16.1802, 16.1802, 16.183, 16.1802, 16.1803, 16.1802
3.75976, 58, 68.2011, 16.2851, 7.74597, -10.2011, 0, 16.2851, 16.2851, 16.4863, 16.2899, 67.9927, 16.2851, 16.2851, 16.2851, 16.2851, 16.2851, 16.2851, 16.2851, 16.2851, 16.2851, 16.2873, 16.2851, 16.2851, 16.2851
3.76764, 54, 61.9583, 16.3903, 7.48331, -7.9583, 0, 16.3903, 16.3903, 16.5915, 16.3952, 61.7503, 16.3903, 16.3903, 16.3903, 16.3903, 16.3903, 16.3903, 16.3903, 16.3903, 16.3903, 16.392, 16.3903, 16.3903, 16.3903
3.77553, 44, 55.9507, 16.4958, 6.78233, -11.9507, 0, 16.4958, 16.4958, 16.697, 16.5007, 55.7431, 16.4958, 16.4958, 16.4958, 16.4958, 16.4958, 16.4958, 16.4958, 16.4958, 16.4958, 16.4971, 16.4958, 16.4958, 16.4958
3.78341, 56, 50.3064, 16.6016, 7.61577, 5.69357, 0, 16.6016, 16.6017, 16.8029, 16.6065, 50.0992, 16.6016, 16.6016, 16.6016, 16.6016, 16.6016, 16.6016, 16.6016, 16.6016, 16.6016, 16.6027, 16.6016, 16.6016, 16.6016
3.7913, 52, 45.123, 16.7078, 7.34847, 6.87698, 0, 16.7078, 16.7078, 16.909, 16.7127, 44.916, 16.7078, 16.7078, 16.7078, 16.7078, 16.7078, 16.7078, 16.7078, 16.7078, 16.7078, 16.7086, 16.7078, 16.7078, 16.7078
3.79918, 46, 40.4655, 16.8143, 6.9282, 5.53446, 0, 16.8143, 16.8143, 17.0155, 16.8192, 40.2587, 16.8143, 16.8143, 16.8143, 16.8143, 16.8143, 16.8143, 16.8143, 16.8143, 16.8143, 16.8149, 16.8143, 16.8143, 16.8143
3.80706, 26, 36.3695, 16.9211, 5.2915, -10.3695, 0, 16.9211, 16.9211, 17.1223, 16.926, 36.1628, 16.9211, 16.9211, 16.9211, 16.9211, 16.9211, 16.9211, 16.9211, 16.9211, 16.9211, 16.9216, 16.9211, 16.9211, 16.9211
3.81495, 30, 32.8449, 17.0283, 5.65685, -2.84493, 0, 17.0283, 17.0283, 17.2295, 17.0332, 32.6383, 17.0283, 17.0283, 17.0283, 17.0283, 17.0283, 17.0283, 17.0283, 17.0283, 17.0283, 17.0286, 17.0283, 17.0283, 17.0283
3.82283, 20, 29.8799, 17.1357, 4.69042, -9.87993, 0, 17.1357, 17.1357, 17.337, 17.1407, 29.6734, 17.1357, 17.1357, 17.1357, 17.1357, 17.1357, 17.1357, 17.1357, 17.1357, 17.1357, 17.136, 17.1357, 17.1358, 17.1357
3.83071, 14, 27.4473, 17.2435, 4, -13.4473, 0, 17.2435, 17.2435, 17.4447, 17.2484, 27.2408, 17.2435, 17.2435, 17.2435, 17.2435, 17.2435, 17.2435, 17.2435, 17.2435, 17.2435, 17.2437, 17.2435, 17.2436, 17.2435
3.8386, 18, 25.5087, 17.3515, 4.47214, -7.5087, 0, 17.3515, 17.3516, 17.5528, 17.3565, 25.3021, 17.3515, 17.3515, 17.3515, 17.3515, 17.3515, 17.3515, 17.3515, 17.3515, 17.3515, 17.3517, 17.3515, 17.3517, 17.3515
3.84648, 8, 24.0195, 17.4598, 3.16228, -16.0195, 0, 17.4599, 17.4599, 17.6611, 17.4649, 23.8129, 17.4598, 17.4598, 17.4598, 17.4598, 17.4598, 17.4598, 17.4598, 17.4598, 17.4598, 17.46, 17.4598, 17.4601, 17.4598
3.85437, 16, 22.9332, 17.5684, 4.24264, -6.9332, 0, 17.5684, 17.5684, 17.7696, 17.5735, 22.7264, 17.5684, 17.5684, 17.5684, 17.5684, 17.5684, 17.5684, 17.5684, 17.5684, 17.5684, 17.5685, 17.5684, 17.5687, 17.5684
3.86225, 18, 22.2039, 17.6771, 4.47214, -4.20392, 0, 17.6771, 17.6772, 17.8784, 17.6823, 21.9969, 17.6771, 17.6771, 17.6771, 17.6771, 17.6771, 17.6771, 17.6771, 17.6771, 17.6771, 17.6772, 17.6771, 17.6776, 17.6771
3.87013, 10, 21.7889, 17.786, 3.4641, -11.7889, 0, 17.786, 17.786, 17.9872, 17.7913, 21.5815, 17.786, 17.786, 17.786, 17.786, 17.786, 17.786, 17.786, 17.786, 17.786, 17.786, 17.786, 17.7867, 17.786
3.87802, 14, 21.6495, 17.8949, 4, -7.64948, 0, 17.8949, 17.8949, 18.0961, 17.9004, 21.4416, 17.8949, 17.8949, 17.8949, 17.8949, 17.8949, 17.8949, 17.8949, 17.8949, 17.8949, 17.8949, 17.8949, 17.8959, 17.8949
3.8859, 6, 21.7515, 18.0038, 2.82843, -15.7515, 0, 18.0038, 18.0038, 18.205, 18.0096, 21.543, 18.0038, 18.0038, 18.0038, 18.0038, 18.0038, 18.0038, 18.0038, 18.0038, 18.0038, 18.0038, 18.0038, 18.0051, 18.0038
3.89379, 12, 22.0648, 18.1125, 3.74166, -10.0648, 0, 18.1125, 18.1126, 18.3138, 18.1187, 21.8555, 18.1125, 18.1125, 18.1125, 18.1125, 18.1125, 18.1125, 18.1125, 18.1125, 18.1125, 18.1125, 18.1125, 18.1144, 18.1125
3.90167, 12, 22.5624, 18.221, 3.74166, -10.5624, 0, 18.221, 18.221, 18.4222, 18.2276, 22.3521, 18.221, 18.221, 18.221, 18.221, 18.221, 18.221, 18.221, 18.221, 18.221, 18.221, 18.221, 18.2235, 18.221
3.90955, 14, 23.2197, 18.3291, 4, -9.21966, 0, 18.3291, 18.3291, 18.5303, 18.3363, 23.0079, 18.3291, 18.3291, 18.3291, 18.3291, 18.3291, 18.3291, 18.3291, 18.3291, 18.3291, 18.3291, 18.3291, 18.3323, 18.3291
3.91744, 22, 24.0123, 18.4366, 4.89898, -2.01233, 0, 18.4366, 18.4367, 18.6379, 18.4447, 23.7988, 18.4366, 18.4366, 18.4366, 18.4366, 18.4366, 18.4366, 18.4366, 18.4366, 18.4366, 18.4366, 18.4366, 18.4408, 18.4366
3.92532, 18, 24.9158, 18.5434, 4.47214, -6.91579, 0, 18.5434, 18.5434, 18.7447, 18.5526, 24.7, 18.5434, 18.5434, 18.5434, 18.5434, 18.5434, 18.5434, 18.5434, 18.5434, 18.5434, 18.5434, 18.5434, 18.5488, 18.5434
3.9332, 16, 25.9042, 18.6493, 4.24264, -9.90418, 0, 18.6493, 18.6493, 18.8506, 18.66, 25.6855, 18.6493, 18.6493, 18.6493, 18.6493, 18.6493, 18.6493, 18.6493, 18.6493, 18.6493, 18.6493, 18.6493, 18.656, 18.6493
3.94109, 18, 26.9493, 18.7541, 4.47214, -8.9493, 0, 18.7541, 18.7542, 18.9554, 18.7668, 26.727, 18.7541, 18.7541, 18.7541, 18.7541, 18.7541, 18.7541, 18.7541, 18.7541, 18.7541, 18.7541, 18.7541, 18.7625, 18.7541
3.94897, 24, 28.0211, 18.8577, 5.09902, -4.02106, 0, 18.8577, 18.8578, 19.059, 18.8729, 27.7944, 18.8577, 18.8577, 18.8577, 18.8577, 18.8577, 18.8577, 18.8577, 18.8577, 18.8577, 18.8577, 18.8577, 18.868, 18.8577
3.95686, 22, 29.0872, 18.9599, 4.89898, -7.08718, 0, 18.9599, 18.9599, 19.1611, 18.9783, 28.8551, 18.9599, 18.9599, 18.9599, 18.9599, 18.9599, 18.9599, 18.9599, 18.9599, 18.9599, 18.9599, 18.9599, 18.9722, 18.9599
3.96474, 20, 30.1143, 19.0605, 4.69042, -10.1143, 0, 19.0605, 19.0606, 19.2618, 19.0831, 29.8758, 19.0605, 19.0605, 19.0605, 19.0605, 19.0605, 19.0605, 19.0605, 19.0605, 19.0605, 19.0605, 19.0605, 19.0752, 19.0605
3.97262, 24, 31.0693, 19.1595, 5.09902, -7.06929, 0, 19.1596, 19.1596, 19.3608, 19.1874, 30.8229, 19.1595, 19.1595, 19.1595, 19.1595, 19.1595, 19.1595, 19.1595, 19.1595, 19.1596, 19.1595, 19.1595, 19.1768, 19.1595
3.98051, 12, 31.9201, 19.2569, 3.74166, -19.9201, 0, 19.2569, 19.2569, 19.4581, 19.2913, 31.6645, 19.2569, 19.2569, 19.2569, 19.2569, 19.2569, 19.2569, 19.2569, 19.2569, 19.2569, 19.2569, 19.2569, 19.2768, 19.2569
3.98839, 20, 32.6381, 19.3524, 4.69042, -12.6381, 0, 19.3525, 19.3525, 19.5537, 19.3951, 32.3715, 19.3524, 19.3524, 19.3524, 19.3524, 19.3524, 19.3524, 19.3524, 19.3524, 19.3524, 19.3524, 19.3524, 19.3752, 19.3524
3.99628, 26, 33.1992, 19.4464, 5.2915, -7.19915, 0, 19.4464, 19.4464, 19.6476, 19.4991, 32.9196, 19.4464, 19.4464, 19.4464, 19.4464, 19.4464, 19.4464, 19.4464, 19.4464, 19.4464, 19.4464, 19.4464, 19.4719, 19.4464
4.00416, 22, 33.585, 19.5387, 4.89898, -11.585, 0, 19.5387, 19.5387, 19.7399, 19.6036, 33.2905, 19.5387, 19.5387, 19.5387, 19.5387, 19.5387, 19.5387, 19.5387, 19.5387, 19.5387, 19.5387, 19.5387, 19.567, 19.5387
4.01204, 24, 33.7849, 19.6296, 5.09902, -9.78486, 0, 19.6296, 19.6296, 19.8308, 19.7092, 33.473, 19.6296, 19.6296, 19.6296, 19.6296, 19.6296, 19.6296, 19.6296, 19.6296, 19.6296, 19.6296, 19.6296, 19.6606, 19.6296
4.01993, 22, 33.7954, 19.7192, 4.89898, -11.7954, 0, 19.7192, 19.7192, 19.9204, 19.8161, 33.4638, 19.7192, 19.7192, 19.7192, 19.7192, 19.7192, 19.7192, 19.7192, 19.7192, 19.7192, 19.7192, 19.7192, 19.7526, 19.7192
4.02781, 22, 33.6213, 19.8078, 4.89898, -11.6213, 0, 19.8078, 19.8078, 20.009, 19.9249, 33.2675, 19.8078, 19.8078, 19.8078, 19.8078, 19.8078, 19.8078, 19.8078, 19.8078, 19.8078, 19.8078, 19.8078, 19.8433, 19.8078
4.03569, 30, 33.275, 19.8956, 5.65685, -3.27501, 0, 19.8957, 19.8957, 20.0969, 20.0358, 32.8963, 19.8956, 19.8956, 19.8956, 19.8956, 19.8956, 19.8956, 19.8956, 19.8956, 19.8956, 19.8956, 19.8956, 19.9329, 19.8956
4.04358, 18, 32.7752, 19.983, 4.47214, -14.7752, 0, 19.983, 19.9831, 20.1843, 20.1494, 32.3691, 19.983, 19.983, 19.983, 19.983, 19.983, 19.983, 19.983, 19.983, 19.983, 19.983, 19.983, 20.0215, 19.983
4.05146, 6, 32.1463, 20.0702, 2.82843, -26.1463, 0, 20.0702, 20.0703, 20.2715, 20.2656, 31.7103, 20.0702, 20.0702, 20.0702, 20.0702, 20.0702, 20.0702, 20.0702, 20.0702, 20.0702, 20.0702, 20.0702, 20.1095, 20.0702
4.05935, 30, 31.416, 20.1576, 5.65685, -1.41604, 0, 20.1576, 20.1576, 20.3588, 20.3847, 30.9482, 20.1576, 20.1576, 20.1576, 20.1576, 20.1576, 20.1576, 20.1576, 20.1576, 20.1576, 20.1576, 20.1576, 20.1971, 20.1576
4.06723, 32, 30.6146, 20.2454, 5.83095, 1.3854, 0, 20.2454, 20.2454, 20.4466, 20.5065, 30.1131, 20.2454, 20.2454, 20.2454, 20.2454, 20.2454, 20.2454, 20.2454, 20.2454, 20.2454, 20.2454, 20.2454, 20.2846, 20.2454
4.07511, 28, 29.7721, 20.3339, 5.47723, -1.77211, 0, 20.3339, 20.3339, 20.5352, 20.6307, 29.2357, 20.3339, 20.3339, 20.3339, 20.3339, 20.3339, 20.3339, 20.3339, 20.3339, 20.3339, 20.3339, 20.3339, 20.3722, 20.3339
4.083, 36, 28.9174, 20.4233, 6.16441, 7.08261, 0, 20.4234, 20.4234, 20.6246, 20.7568, 28.3457, 20.4233, 20.4233, 20.4233, 20.4233, 20.4233, 20.4233, 20.4233, 20.4233, 20.4233, 20.4233, 20.4233, 20.4603, 20.4233
4.09088, 24, 28.0765, 20.5139, 5.09902, -4.07648, 0, 20.5139, 20.5139, 20.7152, 20.8842, 27.4697, 20.5139, 20.5139, 20.5139, 20.5139, 20.5139, 20.5139, 20.5139, 20.5139, 20.5139, 20.5139, 20.5139, 20.5491, 20.5139
4.09877, 14, 27.2717, 20.6058, 4, -13.2717, 0, 20.6058, 20.6058, 20.807, 21.0119, 26.6311, 20.6058, 20.6058, 20.6058, 20.6058, 20.6058, 20.6058, 20.6058, 20.6058, 20.6058, 20.6058, 20.6058, 20.6388, 20.6058
4.10665, 18, 26.5207, 20.699, 4.47214, -8.5207, 0, 20.699, 20.699, 20.9002, 21.1392, 25.8486, 20.699, 20.699, 20.699, 20.699, 20.699, 20.699, 20.699, 20.699, 20.699, 20.699, 20.699, 20.7297, 20.699
4.11453, 32, 25.8365, 20.7937, 5.83095, 6.16348, 0, 20.7937, 20.7937, 20.9949, 21.2649, 25.136, 20.7937, 20.7937, 20.7937, 20.7937, 20.7937, 20.7937, 20.7937, 20.7937, 20.7937, 20.7937, 20.7937, 20.8217, 20.7937
4.12242, 14, 25.2275, 20.8898, 4, -11.2275, 0, 20.8898, 20.8898, 21.091, 21.388, 24.5027, 20.8898, 20.8898, 20.8898, 20.8898, 20.8898, 20.8898, 20.8898, 20.8898, 20.8898, 20.8898, 20.8898, 20.9151, 20.8898
4.1303, 16, 24.6975, 20.9874, 4.24264, -8.69754, 0, 20.9874, 20.9874, 21.1886, 21.5075, 23.9535, 20.9874, 20.9874, 20.9874, 20.9874, 20.9874, 20.9874, 20.9874, 20.9874, 20.9874, 20.9874, 20.9874, 21.01, 20.9874
4.13818, 28, 24.2467, 21.0863, 5.47723, 3.75325, 0, 21.0864, 21.0864, 21.2876, 21.6227, 23.4892, 21.0863, 21.0863, 21.0863, 21.0863, 21.0863, 21.0863, 21.0863, 21.0863, 21.0864, 21.0863, 21.0863, 21.1063, 21.0863
4.14607, 22, 23.8722, 21.1867, 4.89898, -1.87222, 0, 21.1867, 21.1867, 21.3879, 21.7327, 23.1075, 21.1867, 21.1867, 21.1867, 21.1867, 21.1867, 21.1867, 21.1867, 21.1867, 21.1867, 21.1867, 21.1867, 21.2041, 21.1867
4.15395, 24, 23.5688, 21.2882, 5.09902, 0.431198, 0, 21.2882, 21.2882, 21.4895, 21.8372, 22.8035, 21.2882, 21.2882, 21.2882, 21.2882, 21.2882, 21.2882, 21.2882, 21.2882, 21.2882, 21.2882, 21.2882, 21.3033, 21.2882
4.16184, 24, 23.3298, 21.3909, 5.09902, 0.670206, 0, 21.3909, 21.3909, 21.5922, 21.9359, 22.5705, 21.3909, 21.3909, 21.3909, 21.3909, 21.3909, 21.3909, 21.3909, 21.3909, 21.3909, 21.3909, 21.3909, 21.4039, 21.3909
4.16972, 18, 23.1476, 21.4947, 4.47214, -5.14762, 0, 21.4947, 21.4947, 21.6959, 22.0289, 22.4009, 21.4947, 21.4947, 21.4947, 21.4947, 21.4947, 21.4947, 21.4947, 21.4947, 21.4947, 21.4947, 21.4947, 21.5059, 21.4947
4.1776, 28, 23.0146, 21.5993, 5.47723, 4.9854, 0, 21.5994, 21.5994, 21.8006, 22.1164, 22.2865, 21.5993, 21.5993, 21.5993, 21.5993, 21.5993, 21.5993, 21.5993, 21.5993, 21.5994, 21.5993, 21.5993, 21.6091, 21.5993
4.18549, 12, 22.9232, 21.7049, 3.74166, -10.9232, 0, 21.7049, 21.7049, 21.9061, 22.1991, 22.2191, 21.7049, 21.7049, 21.7049, 21.7049, 21.7049, 21.7049, 21.7049, 21.7049, 21.7049, 21.7049, 21.7049, 21.7135, 21.7049
4.19337, 14, 22.8665, 21.8112, 4, -8.86654, 0, 21.8112, 21.8112, 22.0124, 22.2775, 22.1909, 21.8112, 21.8112, 21.8112, 21.8112, 21.8112, 21.8112, 21.8112, 21.8112, 21.8112, 21.8112, 21.8112, 21.8191, 21.8112
4.20125, 14, 22.8385, 21.9181, 4, -8.83852, 0, 21.9181, 21.9182, 22.1194, 22.3527, 22.195, 21.9181, 21.9181, 21.9181, 21.9181, 21.9181, 21.9181, 21.9181, 21.9181, 21.9181, 21.9181, 21.9181, 21.9258, 21.9181
4.20914, 6, 22.8339, 22.0257, 2.82843, -16.8339, 0, 22.0257, 22.0257, 22.227, 22.4257, 22.2249, 22.0257, 22.0257, 22.0257, 22.0257, 22.0257, 22.0257, 22.0257, 22.0257, 22.0257, 22.0257, 22.0257, 22.0335, 22.0257
4.21702, 18, 22.8484, 22.1338, 4.47214, -4.84841, 0, 22.1338, 22.1339, 22.3351, 22.4973, 22.2753, 22.1338, 22.1338, 22.1338, 22.1338, 22.1338, 22.1338, 22.1338, 22.1338, 22.1338, 22.1338, 22.1338, 22.1422, 22.1338
4.22491, 18, 22.8785, 22.2424, 4.47214, -4.87853, 0, 22.2425, 22.2425, 22.4437, 22.5687, 22.3416, 22.2424, 22.2424, 22.2424, 22.2424, 22.2424, 22.2424, 22.2424, 22.2424, 22.2425, 22.2424, 22.2424, 22.2518, 22.2424
4.23279, 28, 22.9215, 22.3515, 5.47723, 5.07846, 0, 22.3515, 22.3516, 22.5528, 22.6408, 22.4202, 22.3515, 22.3515, 22.3515, 22.3515, 22.3515, 22.3515, 22.3515, 22.3515, 22.3515, 22.3515, 22.3515, 22.3623, 22.3515
4.24067, 24, 22.9753, 22.461, 5.09902, 1.02469, 0, 22.461, 22.461, 22.6623, 22.7144, 22.5079, 22.461, 22.461, 22.461, 22.461, 22.461, 22.461, 22.461, 22.461, 22.461, 22.461, 22.461, 22.4737, 22.461
4.24856, 14, 23.0382, 22.5709, 4, -9.03825, 0, 22.5709, 22.5709, 22.7722, 22.7901, 22.6025, 22.5709, 22.5709, 22.5709, 22.5709, 22.5709, 22.5709, 22.5709, 22.5709, 22.5709, 22.5709, 22.5709, 22.586, 22.5709
4.25644, 20, 23.1091, 22.6811, 4.69042, -3.10909, 0, 22.6811, 22.6812, 22.8825, 22.8686, 22.7022, 22.6811, 22.6811, 22.6811, 22.6811, 22.6811, 22.6811, 22.6811, 22.6811, 22.6811, 22.6811, 22.6811, 22.6992, 22.6811
4.26433, 22, 23.1869, 22.7918, 4.89898, -1.1869, 0, 22.7918, 22.7918, 22.9931, 22.9502, 22.8056, 22.7918, 22.7918, 22.7918, 22.7918, 22.7918, 22.7918, 22.7918, 22.7918, 22.7918, 22.7918, 22.7918, 22.8132, 22.7918
4.27221, 18, 23.2709, 22.9027, 4.47214, -5.27086, 0, 22.9027, 22.9027, 23.1041, 23.0351, 22.9117, 22.9027, 22.9027, 22.9027, 22.9027, 22.9027, 22.9027, 22.9027, 22.9027, 22.9027, 22.9027, 22.9027, 22.928, 22.9027
4.28009, 16, 23.3603, 23.014, 4.24264, -7.36032, 0, 23.014, 23.014, 23.2155, 23.1235, 23.0197, 23.014, 23.014, 23.014, 23.014, 23.014, 23.014, 23.014, 23.014, 23.014, 23.014, 23.014, 23.0435, 23.014
4.28798, 14, 23.4547, 23.1256, 4, -9.45467, 0, 23.1256, 23.1256, 23.3272, 23.2152, 23.1292, 23.1256, 23.1256, 23.1256, 23.1256, 23.1256, 23.1256, 23.1256, 23.1256, 23.1256, 23.1256, 23.1256, 23.1597, 23.1256
4.29586, 10, 23.5534, 23.2375, 3.4641, -13.5534, 0, 23.2375, 23.2375, 23.4393, 23.3101, 23.2398, 23.2375, 23.2375, 23.2375, 23.2375, 23.2375, 23.2375, 23.2375, 23.2375, 23.2375, 23.2375, 23.2375, 23.2766, 23.2375
4.30374, 14, 23.656, 23.3497, 4, -9.65599, 0, 23.3497, 23.3497, 23.5519, 23.4081, 23.3511, 23.3497, 23.3497, 23.3497, 23.3497, 23.3497, 23.3497, 23.3497, 23.3497, 23.3497, 23.3497, 23.3497, 23.394, 23.3497
4.31163, 12, 23.762, 23.4622, 3.74166, -11.762, 0, 23.4622, 23.4623, 23.6648, 23.5089, 23.4631, 23.4622, 23.4622, 23.4622, 23.4622, 23.4622, 23.4622, 23.4622, 23.4622, 23.4622, 23.4622, 23.4622, 23.5119, 23.4622
4.31951, 20, 23.871, 23.5751, 4.69042, -3.87095, 0, 23.5751, 23.5751, 23.7783, 23.6121, 23.5756, 23.5751, 23.5751, 23.5751, 23.5751, 23.5751, 23.5751, 23.5751, 23.5751, 23.5751, 23.5751, 23.5751, 23.6301, 23.5751
4.3274, 10, 23.9825, 23.6882, 3.4641, -13.9825, 0, 23.6882, 23.6882, 23.8923, 23.7175, 23.6885, 23.6882, 23.6882, 23.6882, 23.6882, 23.6882, 23.6882, 23.6882, 23.6882, 23.6882, 23.6882, 23.6882, 23.7486, 23.6882
4.33528, 20, 24.0963, 23.8016, 4.69042, -4.09629, 0, 23.8016, 23.8016, 24.0071, 23.8248, 23.8018, 23.8016, 23.8016, 23.8016, 23.8016, 23.8016, 23.8016, 23.8016, 23.8016, 23.8016, 23.8016, 23.8016, 23.8673, 23.8016
4.34316, 14, 24.2121, 23.9153, 4, -10.2121, 0, 23.9153, 23.9153, 24.1227, 23.9338, 23.9154, 23.9153, 23.9153, 23.9153, 23.9153, 23.9153, 23.9153, 23.9153, 23.9153, 23.9153, 23.9153, 23.9153, 23.9861, 23.9153
4.35105, 20, 24.3298, 24.0293, 4.69042, -4.3298, 0, 24.0293, 24.0293, 24.2394, 24.0441, 24.0293, 24.0293, 24.0293, 24.0293, 24.0293, 24.0293, 24.0293, 24.0293, 24.0293, 24.0293, 24.0293, 24.0293, 24.1048, 24.0293
4.35893, 14, 24.4493, 24.1435, 4, -10.4493, 0, 24.1435, 24.1435, 24.3574, 24.1556, 24.1436, 24.1435, 24.1435, 24.1435, 24.1435, 24.1435, 24.1435, 24.1435, 24.1435, 24.1435, 24.1435, 24.1435, 24.2233, 24.1435
4.36682, 22, 24.5709, 24.2581, 4.89898, -2.57087, 0, 24.2581, 24.2581, 24.4772, 24.2681, 24.2581, 24.2581, 24.2581, 24.2581, 24.2581, 24.2581, 24.2581, 24.2581, 24.2581, 24.2581, 24.2581, 24.2581, 24.3417, 24.2581
4.3747, 22, 24.6946, 24.3729, 4.89898, -2.69464, 0, 24.3729, 24.3729, 24.5994, 24.3813, 24.3729, 24.3729, 24.3729, 24.3729, 24.3729, 24.3729, 24.3729, 24.3729, 24.3729, 24.3729, 24.3729, 24.3729, 24.4597, 24.3729
4.38258, 12, 24.8212, 24.488, 3.74166, -12.8212, 0, 24.488, 24.488, 24.7245, 24.4953, 24.488, 24.488, 24.488, 24.488, 24.488, 24.488, 24.488, 24.488, 24.488, 24.488, 24.488, 24.488, 24.5773, 24.488
4.39047, 18, 24.9513, 24.6034, 4.47214, -6.95128, 0, 24.6034, 24.6034, 24.8535, 24.6099, 24.6034, 24.6034, 24.6034, 24.6034, 24.6034, 24.6034, 24.6034, 24.6034, 24.6034, 24.6034, 24.6034, 24.6034, 24.6946, 24.6034
4.39835, 22, 25.086, 24.719, 4.89898, -3.08596, 0, 24.719, 24.719, 24.9876, 24.725, 24.719, 24.719, 24.719, 24.719, 24.719, 24.719, 24.719, 24.719, 24.719, 24.719, 24.719, 24.719, 24.8113, 24.719
4.40623, 26, 25.2267, 24.8349, 5.2915, 0.773281, 0, 24.8349, 24.8349, 25.1284, 24.8405, 24.8349, 24.8349, 24.8349, 24.8349, 24.8349, 24.8349, 24.8349, 24.8349, 24.8349, 24.8349, 24.8349, 24.8349, 24.9276, 24.8349
4.41412, 14, 25.3754, 24.9511, 4, -11.3754, 0, 24.9511, 24.9511, 25.2779, 24.9564, 24.9511, 24.9511, 24.9511, 24.9511, 24.9511, 24.9511, 24.9511, 24.9511, 24.9511, 24.9511, 24.9511, 24.9511, 25.0433, 24.9511
4.422, 20, 25.5346, 25.0676, 4.69042, -5.53461, 0, 25.0676, 25.0676, 25.4384, 25.0727, 25.0676, 25.0676, 25.0676, 25.0676, 25.0676, 25.0676, 25.0676, 25.0676, 25.0676, 25.0676, 25.0676, 25.0676, 25.1586, 25.0676
4.42989, 36, 25.7073, 25.1843, 6.16441, 10.2927, 0, 25.1843, 25.1843, 25.6132, 25.1893, 25.1843, 25.1843, 25.1843, 25.1843, 25.1843, 25.1843, 25.1843, 25.1843, 25.1843, 25.1843, 25.1843, 25.1843, 25.2733, 25.1843
4.43777, 16, 25.8974, 25.3013, 4.24264, -9.89745, 0, 25.3013, 25.3013, 25.806, 25.3063, 25.3013, 25.3013, 25.3013, 25.3013, 25.3013, 25.3013, 25.3013, 25.3013, 25.3013, 25.3013, 25.3013, 25.3013, 25.3877, 25.3013
4.44565, 26, 26.1098, 25.4185, 5.2915, -0.109762, 0, 25.4185, 25.4185, 26.0217, 25.4235, 25.4185, 25.4185, 25.4185, 25.4185, 25.4185, 25.4185, 25.4185, 25.4185, 25.4185, 25.4185, 25.4185, 25.4185, 25.5016, 25.4185
4.45354, 36, 26.3499, 25.536, 6.16441, 9.65007, 0, 25.536, 25.5361, 26.2657, 25.541, 25.536, 25.536, 25.536, 25.536, 25.536, 25.536, 25.536, 25.536, 25.536, 25.536, 25.536, 25.536, 25.6152, 25.536
4.46142, 30, 26.6247, 25.6538, 5.65685, 3.37527, 0, 25.6538, 25.6538, 26.5449, 25.6589, 25.6538, 25.6538, 25.6538, 25.6538, 25.6538, 25.6538, 25.6538, 25.6538, 25.6538, 25.6538, 25.6538, 25.6538, 25.7285, 25.6538
4.46931, 46, 26.942, 25.7718, 6.9282, 19.058, 0, 25.7718, 25.7719, 26.8669, 25.7769, 25.7718, 25.7718, 25.7718, 25.7718, 25.7718, 25.7718, 25.7718, 25.7718, 25.7718, 25.7718, 25.7718, 25.7718, 25.8418, 25.7718
4.47719, 28, 27.3105, 25.8901, 5.47723, 0.689508, 0, 25.8901, 25.8901, 27.2404, 25.8953, 25.8901, 25.8901, 25.8901, 25.8901, 25.8901, 25.8901, 25.8901, 25.8901, 25.8901, 25.8901, 25.8901, 25.8901, 25.9549, 25.8901
4.48507, 34, 27.74, 26.0086, 6, 6.25997, 0, 26.0086, 26.0086, 27.6752, 26.0139, 26.0086, 26.0086, 26.0086, 26.0086, 26.0086, 26.0086, 26.0086, 26.0086, 26.0086, 26.0086, 26.0086, 26.0086, 26.0681, 26.0086
4.49296, 36, 28.241, 26.1274, 6.16441, 7.75899, 0, 26.1274, 26.1274, 28.1815, 26.1328, 26.1274, 26.1274, 26.1274, 26.1274, 26.1274, 26.1274, 26.1274, 26.1274, 26.1274, 26.1274, 26.1274, 26.1274, 26.1814, 26.1274
4.50084, 30, 28.8243, 26.2464, 5.65685, 1.17571, 0, 26.2464, 26.2464, 28.77, 26.252, 26.2464, 26.2464, 26.2464, 26.2464, 26.2464, 26.2464, 26.2464, 26.2464, 26.2464, 26.2464, 26.2464, 26.2464, 26.295, 26.2464
4.50872, 44, 29.5004, 26.3656, 6.78233, 14.4996, 0, 26.3656, 26.3656, 29.4512, 26.3714, 26.3656, 26.3656, 26.3656, 26.3656, 26.3656, 26.3656, 26.3656, 26.3656, 26.3656, 26.3656, 26.3656, 26.3656, 26.4089, 26.3656
4.51661, 34, 30.2793, 26.485, 6, 3.72071, 0, 26.485, 26.485, 30.2349, 26.491, 26.485, 26.485, 26.485, 26.485, 26.485, 26.485, 26.485, 26.485, 26.485, 26.485, 26.485, 26.485, 26.5233, 26.485
4.52449, 32, 31.1693, 26.6047, 5.83095, 0.830679, 0, 26.6047, 26.6047, 31.1295, 26.611, 26.6047, 26.6047, 26.6047, 26.6047, 26.6047, 26.6047, 26.6047, 26.6047, 26.6047, 26.6047, 26.6047, 26.6047, 26.6382, 26.6047
4.53238, 34, 32.1764, 26.7245, 6, 1.82361, 0, 26.7246, 26.7246, 32.1407, 26.7312, 26.7245, 26.7245, 26.7245, 26.7245, 26.7245, 26.7245, 26.7245, 26.7245, 26.7245, 26.7245, 26.7245, 26.7245, 26.7536, 26.7245
4.54026, 48, 33.3032, 26.8446, 7.07107, 14.6968, 0, 26.8446, 26.8446, 33.2711, 26.8517, 26.8446, 26.8446, 26.8446, 26.8446, 26.8446, 26.8446, 26.8446, 26.8446, 26.8446, 26.8446, 26.8446, 26.8446, 26.8696, 26.8446
4.54814, 32, 34.5484, 26.9649, 5.83095, -2.54842, 0, 26.9649, 26.9649, 34.5195, 26.9725, 26.9649, 26.9649, 26.9649, 26.9649, 26.9649, 26.9649, 26.9649, 26.9649, 26.9649, 26.9649, 26.9649, 26.9649, 26.9862, 26.9649
4.55603, 56, 35.9057, 27.0854, 7.61577, 20.0943, 0, 27.0854, 27.0854, 35.8794, 27.0936, 27.0854, 27.0854, 27.0854, 27.0854, 27.0854, 27.0854, 27.0854, 27.0854, 27.0854, 27.0854, 27.0854, 27.0854, 27.1034, 27.0854
4.56391, 48, 37.3627, 27.206, 7.07107, 10.6373, 0, 27.2061, 27.2061, 37.3385, 27.215, 27.206, 27.206, 27.206, 27.206, 27.206, 27.206, 27.206, 27.206, 27.206, 27.206, 27.206, 27.206, 27.2213, 27.206
4.5718, 50, 38.9017, 27.3269, 7.2111, 11.0983, 0, 27.3269, 27.3269, 38.879, 27.3367, 27.3269, 27.3269, 27.3269, 27.3269, 27.3269, 27.3269, 27.3269, 27.3269, 27.3269, 27.3269, 27.3269, 27.3269, 27.3397, 27.3269
4.57968, 40, 40.4983, 27.4479, 6.48074, -0.498314, 0, 27.4479, 27.448, 40.4766, 27.4589, 27.4479, 27.4479, 27.4479, 27.4479, 27.4479, 27.4479, 27.4479, 27.4479, 27.4479, 27.4479, 27.4479, 27.4479, 27.4586, 27.4479
4.58756, 48, 42.1228, 27.5691, 7.07107, 5.87719, 0, 27.5691, 27.5692, 42.1015, 27.5814, 27.5691, 27.5691, 27.5691, 27.5691, 27.5691, 27.5691, 27.5691, 27.5691, 27.5691, 27.5691, 27.5691, 27.5691, 27.5781, 27.5691
4.59545, 40, 43.7403, 27.6905, 6.48074, -3.7403, 0, 27.6905, 27.6906, 43.7189, 27.7044, 27.6905, 27.6905, 27.6905, 27.6905, 27.6905, 27.6905, 27.6905, 27.6905, 27.6905, 27.6905, 27.6905, 27.6905, 27.698, 27.6905
4.60333, 54, 45.312, 27.8121, 7.48331, 8.68796, 0, 27.8121, 27.8121, 45.29, 27.8278, 27.8121, 27.8121, 27.8121, 27.8121, 27.8121, 27.8121, 27.8121, 27.8121, 27.8121, 27.8121, 27.8121, 27.8121, 27.8184, 27.8121
4.61121, 48, 46.7972, 27.9338, 7.07107, 1.2028, 0, 27.9338, 27.9338, 46.774, 27.9516, 27.9338, 27.9338, 27.9338, 27.9338, 27.9338, 27.9338, 27.9338, 27.9338, 27.9338, 27.9338, 27.9338, 27.9338, 27.9392, 27.9338
4.6191, 48, 48.1542, 28.0557, 7.07107, -0.15419, 0, 28.0557, 28.0557, 48.1293, 28.076, 28.0557, 28.0557, 28.0557, 28.0557, 28.0557, 28.0557, 28.0557, 28.0557, 28.0557, 28.0557, 28.0557, 28.0557, 28.0603, 28.0557
4.62698, 52, 49.3436, 28.1778, 7.34847, 2.6564, 0, 28.1778, 28.1778, 49.3165, 28.2009, 28.1778, 28.1778, 28.1778, 28.1778, 28.1778, 28.1778, 28.1778, 28.1778, 28.1778, 28.1778, 28.1778, 28.1778, 28.1817, 28.1778
4.63487, 42, 50.3295, 28.3, 6.63325, -8.32948, 0, 28.3, 28.3, 50.2998, 28.3263, 28.3, 28.3, 28.3, 28.3, 28.3, 28.3, 28.3, 28.3, 28.3, 28.3, 28.3, 28.3, 28.3034, 28.3
4.64275, 58, 51.0816, 28.4224, 7.74597, 6.91836, 0, 28.4224, 28.4224, 51.0489, 28.4522, 28.4224, 28.4224, 28.4224, 28.4224, 28.4224, 28.4224, 28.4224, 28.4224, 28.4224, 28.4224, 28.4224, 28.4224, 28.4253, 28.4224
4.65063, 52, 51.5776, 28.5449, 7.34847, 0.422379, 0, 28.5449, 28.5449, 51.5414, 28.5786, 28.5449, 28.5449, 28.5449, 28.5449, 28.5449, 28.5449, 28.5449, 28.5449, 28.5449, 28.5449, 28.5449, 28.5449, 28.5474, 28.5449
4.65852, 48, 51.8037, 28.6676, 7.07107, -3.80368, 0, 28.6676, 28.6676, 51.7636, 28.7054, 28.6676, 28.6676, 28.6676, 28.6676, 28.6676, 28.6676, 28.6676, 28.6676, 28.6676, 28.6676, 28.6676, 28.6676, 28.6698, 28.6676
4.6664, 62, 51.7558, 28.7904, 8, 10.2442, 0, 28.7904, 28.7904, 51.7117, 28.8325, 28.7904, 28.7904, 28.7904, 28.7904, 28.7904, 28.7904, 28.7904, 28.7904, 28.7904, 28.7904, 28.7904, 28.7904, 28.7923, 28.7904
4.67428, 44, 51.44, 28.9134, 6.78233, -7.43999, 0, 28.9134, 28.9134, 51.3916, 28.96, 28.9134, 28.9134, 28.9134, 28.9134, 28.9134, 28.9134, 28.9134, 28.9134, 28.9134, 28.9134, 28.9134, 28.9134, 28.915, 28.9134
4.68217, 60, 50.8717, 29.0365, 7.87401, 9.12834, 0, 29.0365, 29.0365, 50.8189, 29.0877, 29.0365, 29.0365, 29.0365, 29.0365, 29.0365, 29.0365, 29.0365, 29.0365, 29.0365, 29.0365, 29.0365, 29.0365, 29.0379, 29.0365
4.69005, 40, 50.0749, 29.1597, 6.48074, -10.0749, 0, 29.1597, 29.1597, 50.0178, 29.2155, 29.1597, 29.1597, 29.1597, 29.1597, 29.1597, 29.1597, 29.1597, 29.1597, 29.1597, 29.1597, 29.1597, 29.1597, 29.161, 29.1597
4.69794, 44, 49.0812, 29.283, 6.78233, -5.08117, 0, 29.283, 29.2831, 49.0199, 29.3432, 29.283, 29.283, 29.283, 29.283, 29.283, 29.283, 29.283, 29.283, 29.283, 29.283, 29.283, 29.283, 29.2841, 29.283
4.70582, 42, 47.9273, 29.4065, 6.63325, -5.92727, 0, 29.4065, 29.4065, 47.862, 29.4708, 29.4065, 29.4065, 29.4065, 29.4065, 29.4065, 29.4065, 29.4065, 29.4065, 29.4065, 29.4065, 29.4065, 29.4065, 29.4074, 29.4065
4.7137, 46, 46.6532, 29.53, 6.9282, -0.653183, 0, 29.53, 29.5301, 46.5843, 29.5981, 29.53, 29.53, 29.53, 29.53, 29.53, 29.53, 29.53, 29.53, 29.53, 29.53, 29.53, 29.53, 29.5308, 29.53
4.72159, 36, 45.3004, 29.6537, 6.16441, -9.30039, 0, 29.6537, 29.6537, 45.2284, 29.725, 29.6537, 29.6537, 29.6537, 29.6537, 29.6537, 29.6537, 29.6537, 29.6537, 29.6537, 29.6537, 29.6537, 29.6537, 29.6544, 29.6537
4.72947, 34, 43.9098, 29.7775, 6, -9.90978, 0, 29.7775, 29.7775, 43.8352, 29.8513, 29.7775, 29.7775, 29.7775, 29.7775, 29.7775, 29.7775, 29.7775, 29.7775, 29.7775, 29.7775, 29.7775, 29.7775, 29.7781, 29.7775
4.73736, 32, 42.5195, 29.9013, 5.83095, -10.5195, 0, 29.9013, 29.9013, 42.4431, 29.9771, 29.9013, 29.9013, 29.9013, 29.9013, 29.9013, 29.9013, 29.9013, 29.9013, 29.9013, 29.9013, 29.9013, 29.9013, 29.9018, 29.9013
4.74524, 36, 41.1637, 30.0252, 6.16441, -5.1637, 0, 30.0252, 30.0252, 41.0862, 30.1022, 30.0252, 30.0252, 30.0252, 30.0252, 30.0252, 30.0252, 30.0252, 30.0252, 30.0252, 30.0252, 30.0252, 30.0252, 30.0257, 30.0252
4.75312, 34, 39.8715, 30.1492, 6, -5.8715, 0, 30.1492, 30.1492, 39.7936, 30.2265, 30.1492, 30.1492, 30.1492, 30.1492, 30.1492, 30.1492, 30.1492, 30.1492, 30.1492, 30.1492, 30.1492, 30.1492, 30.1497, 30.1492
4.76101, 22, 38.6661, 30.2732, 4.89898, -16.6661, 0, 30.2732, 30.2733, 38.5886, 30.3502, 30.2732, 30.2732, 30.2732, 30.2732, 30.2732, 30.2732, 30.2732, 30.2732, 30.2732, 30.2732, 30.2732, 30.2732, 30.2738, 30.2732
4.76889, 22, 37.5648, 30.3973, 4.89898, -15.5648, 0, 30.3973, 30.3974, 37.4884, 30.4731, 30.3973, 30.3973, 30.3973, 30.3973, 30.3973, 30.3973, 30.3973, 30.3973, 30.3973, 30.3973, 30.3973, 30.3973, 30.3979, 30.3973
4.77678, 22, 36.5787, 30.5215, 4.89898, -14.5787, 0, 30.5215, 30.5215, 36.5041, 30.5953, 30.5215, 30.5215, 30.5215, 30.5215, 30.5215, 30.5215, 30.5215, 30.5215, 30.5215, 30.5215, 30.5215, 30.5215, 30.5222, 30.5215
4.78466, 30, 35.7136, 30.6457, 5.65685, -5.71357, 0, 30.6457, 30.6457, 35.6415, 30.7169, 30.6457, 30.6457, 30.6457, 30.6457, 30.6457, 30.6457, 30.6457, 30.6457, 30.6457, 30.6457, 30.6457, 30.6457, 30.6465, 30.6457
4.79254, 36, 34.9701, 30.7699, 6.16441, 1.02991, 0, 30.7699, 30.77, 34.901, 30.838, 30.7699, 30.7699, 30.7699, 30.7699, 30.7699, 30.7699, 30.7699, 30.7699, 30.7699, 30.7699, 30.7699, 30.7699, 30.7709, 30.7699
4.80043, 14, 34.3449, 30.8942, 4, -20.3449, 0, 30.8942, 30.8943, 34.2792, 30.9587, 30.8942, 30.8942, 30.8942, 30.8942, 30.8942, 30.8942, 30.8942, 30.8942, 30.8942, 30.8942, 30.8942, 30.8942, 30.8954, 30.8942
4.80831, 24, 33.8316, 31.0185, 5.09902, -9.83165, 0, 31.0185, 31.0186, 33.7697, 31.0791, 31.0185, 31.0185, 31.0185, 31.0185, 31.0185, 31.0185, 31.0185, 31.0185, 31.0185, 31.0185, 31.0185, 31.0185, 31.0199, 31.0185
4.81619, 28, 33.4214, 31.1429, 5.47723, -5.42144, 0, 31.1429, 31.1429, 33.3633, 31.1993, 31.1429, 31.1429, 31.1429, 31.1429, 31.1429, 31.1429, 31.1429, 31.1429, 31.1429, 31.1429, 31.1429, 31.1429, 31.1446, 31.1429
4.82408, 16, 33.104, 31.2673, 4.24264, -17.104, 0, 31.2673, 31.2673, 33.0498, 31.3194, 31.2673, 31.2673, 31.2673, 31.2673, 31.2673, 31.2673, 31.2673, 31.2673, 31.2673, 31.2673, 31.2673, 31.2673, 31.2693, 31.2673
4.83196, 24, 32.8684, 31.3917, 5.09902, -8.86842, 0, 31.3917, 31.3917, 32.8181, 31.4395, 31.3917, 31.3917, 31.3917, 31.3917, 31.3917, 31.3917, 31.3917, 31.3917, 31.3917, 31.3917, 31.3917, 31.3917, 31.3941, 31.3917
4.83985, 26, 32.7035, 31.5161, 5.2915, -6.70353, 0, 31.5161, 31.5161, 32.6569, 31.5598, 31.5161, 31.5161, 31.5161, 31.5161, 31.5161, 31.5161, 31.5161, 31.5161, 31.5161, 31.5161, 31.5161, 31.5161, 31.5189, 31.5161
4.84773, 26, 32.5987, 31.6405, 5.2915, -6.59871, 0, 31.6405, 31.6405, 32.5556, 31.6802, 31.6405, 31.6405, 31.6405, 31.6405, 31.6405, 31.6405, 31.6405, 31.6405, 31.6405, 31.6405, 31.6405, 31.6405, 31.6438, 31.6405
4.85561, 26, 32.544, 31.7649, 5.2915, -6.54398, 0, 31.7649, 31.7649, 32.504, 31.801, 31.7649, 31.7649, 31.7649, 31.7649, 31.7649, 31.7649, 31.7649, 31.7649, 31.7649, 31.7649, 31.7649, 31.7649, 31.7687, 31.7649
4.8635, 20, 32.5304, 31.8893, 4.69042, -12.5304, 0, 31.8893, 31.8893, 32.4933, 31.922, 31.8893, 31.8893, 31.8893, 31.8893, 31.8893, 31.8893, 31.8893, 31.8893, 31.8893, 31.8893, 31.8893, 31.8893, 31.8937, 31.8893
4.87138, 30, 32.5499, 32.0137, 5.65685, -2.54995, 0, 32.0137, 32.0137, 32.5153, 32.0434, 32.0137, 32.0137, 32.0137, 32.0137, 32.0137, 32.0137, 32.0137, 32.0137, 32.0137, 32.0137, 32.0137, 32.0137, 32.0186, 32.0137
4.87926, 18, 32.596, 32.1381, 4.47214, -14.596, 0, 32.1381, 32.1381, 32.5634, 32.1651, 32.1381, 32.1381, 32.1381, 32.1381, 32.1381, 32.1381, 32.1381, 32.1381, 32.1381, 32.1381, 32.1381, 32.1381, 32.1436, 32.1381
4.88715, 24, 32.6627, 32.2625, 5.09902, -8.6627, 0, 32.2625, 32.2625, 32.6319, 32.2872, 32.2625, 32.2625, 32.2625, 32.2625, 32.2625, 32.2625, 32.2625, 32.2625, 32.2625, 32.2625, 32.2625, 32.2625, 32.2686, 32.2625
4.89503, 16, 32.7455, 32.3869, 4.24264, -16.7455, 0, 32.3869, 32.3869, 32.7161, 32.4096, 32.3869, 32.3869, 32.3869, 32.3869, 32.3869, 32.3869, 32.3869, 32.3869, 32.3869, 32.3869, 32.3869, 32.3869, 32.3936, 32.3869
4.90292, 26, 32.8405, 32.5112, 5.2915, -6.84045, 0, 32.5112, 32.5112, 32.8121, 32.5322, 32.5112, 32.5112, 32.5112, 32.5112, 32.5112, 32.5112, 32.5112, 32.5112, 32.5112, 32.5112, 32.5112, 32.5112, 32.5185, 32.5112
4.9108, 22, 32.9447, 32.6355, 4.89898, -10.9447, 0, 32.6355, 32.6356, 32.9171, 32.6552, 32.6355, 32.6355, 32.6355, 32.6355, 32.6355, 32.6355, 32.6355, 32.6355, 32.6355, 32.6355, 32.6355, 32.6355, 32.6433, 32.6355
4.91868, 26, 33.0557, 32.7598, 5.2915, -7.05571, 0, 32.7598, 32.7598, 33.0287, 32.7785, 32.7598, 32.7598, 32.7598, 32.7598, 32.7598, 32.7598, 32.7598, 32.7598, 32.7598, 32.7598, 32.7598, 32.7598, 32.7681, 32.7598
4.92657, 16, 33.1718, 32.884, 4.24264, -17.1718, 0, 32.884, 32.8841, 33.1451, 32.9018, 32.884, 32.884, 32.884, 32.884, 32.884, 32.884, 32.884, 32.884, 32.884, 32.884, 32.884, 32.884, 32.8928, 32.884
4.93445, 24, 33.2915, 33.0082, 5.09902, -9.29153, 0, 33.0082, 33.0083, 33.2651, 33.0254, 33.0082, 33.0082, 33.0082, 33.0082, 33.0082, 33.0082, 33.0082, 33.0082, 33.0082, 33.0082, 33.0082, 33.0082, 33.0175, 33.0082
4.94234, 30, 33.4139, 33.1324, 5.65685, -3.4139, 0, 33.1324, 33.1324, 33.3875, 33.1491, 33.1324, 33.1324, 33.1324, 33.1324, 33.1324, 33.1324, 33.1324, 33.1324, 33.1324, 33.1324, 33.1324, 33.1324, 33.142, 33.1324
4.95022, 20, 33.5381, 33.2565, 4.69042, -13.5381, 0, 33.2565, 33.2565, 33.5118, 33.2729, 33.2565, 33.2565, 33.2565, 33.2565, 33.2565, 33.2565, 33.2565, 33.2565, 33.2565, 33.2565, 33.2565, 33.2565, 33.2663, 33.2565
4.9581, 38, 33.6637, 33.3805, 6.32456, 4.33633, 0, 33.3805, 33.3805, 33.6373, 33.3968, 33.3805, 33.3805, 33.3805, 33.3805, 33.3805, 33.3805, 33.3805, 33.3805, 33.3805, 33.3805, 33.3805, 33.3805, 33.3906, 33.3805
4.96599, 36, 33.7901, 33.5045, 6.16441, 2.20985, 0, 33.5045, 33.5045, 33.7637, 33.5207, 33.5045, 33.5045, 33.5045, 33.5045, 33.5045, 33.5045, 33.5045, 33.5045, 33.5045, 33.5045, 33.5045, 33.5045, 33.5147, 33.5045
4.97387, 24, 33.9172, 33.6283, 5.09902, -9.91723, 0, 33.6284, 33.6284, 33.8907, 33.6446, 33.6283, 33.6283, 33.6283, 33.6283, 33.6283, 33.6283, 33.6283, 33.6283, 33.6283, 33.6283, 33.6283, 33.6283, 33.6386, 33.6283
4.98175, 32, 34.0448, 33.7522, 5.83095, -2.04476, 0, 33.7522, 33.7522, 34.0182, 33.7685, 33.7522, 33.7522, 33.7522, 33.7522, 33.7522, 33.7522, 33.7522, 33.7522, 33.7522, 33.7522, 33.7522, 33.7522, 33.7624, 33.7522
4.98964, 20, 34.1726, 33.8759, 4.69042, -14.1726, 0, 33.8759, 33.8759, 34.146, 33.8923, 33.8759, 33.8759, 33.8759, 33.8759, 33.8759, 33.8759, 33.8759, 33.8759, 33.8759, 33.8759, 33.8759, 33.8759, 33.886, 33.8759
4.99752, 26, 34.3006, 33.9995, 5.2915, -8.30064, 0, 33.9995, 33.9995, 34.2741, 34.0161, 33.9995, 33.9995, 33.9995, 33.9995, 33.9995, 33.9995, 33.9995, 33.9995, 33.9995, 33.9995, 33.9995, 33.9995, 34.0094, 33.9995
5.00541, 26, 34.4289, 34.123, 5.2915, -8.42887, 0, 34.123, 34.1231, 34.4024, 34.1398, 34.123, 34.123, 34.123, 34.123, 34.123, 34.123, 34.123, 34.123, 34.123, 34.123, 34.123, 34.123, 34.1327, 34.123
5.01329, 16, 34.5573, 34.2464, 4.24264, -18.5573, 0, 34.2464, 34.2465, 34.531, 34.2634, 34.2464, 34.2464, 34.2464, 34.2464, 34.2464, 34.2464, 34.2464, 34.2464, 34.2464, 34.2464, 34.2464, 34.2464, 34.2557, 34.2464
5.02117, 34, 34.6858, 34.3697, 6, -0.685825, 0, 34.3697, 34.3698, 34.6597, 34.3869, 34.3697, 34.3697, 34.3697, 34.3697, 34.3697, 34.3697, 34.3697, 34.3697, 34.3697, 34.3697, 34.3697, 34.3697, 34.3786, 34.3697
5.02906, 32, 34.8146, 34.4929, 5.83095, -2.81462, 0, 34.4929, 34.4929, 34.7887, 34.5103, 34.4929, 34.4929, 34.4929, 34.4929, 34.4929, 34.4929, 34.4929, 34.4929, 34.4929, 34.4929, 34.4929, 34.4929, 34.5013, 34.4929
5.03694, 34, 34.9437, 34.6159, 6, -0.943699, 0, 34.6159, 34.616, 34.9181, 34.6336, 34.6159, 34.6159, 34.6159, 34.6159, 34.6159, 34.6159, 34.6159, 34.6159, 34.6159, 34.6159, 34.6159, 34.6159, 34.6238, 34.6159
5.04483, 24, 35.0732, 34.7388, 5.09902, -11.0732, 0, 34.7388, 34.7388, 35.0478, 34.7567, 34.7388, 34.7388, 34.7388, 34.7388, 34.7388, 34.7388, 34.7388, 34.7388, 34.7388, 34.7388, 34.7388, 34.7388, 34.7462, 34.7388
5.05271, 28, 35.2031, 34.8615, 5.47723, -7.20315, 0, 34.8615, 34.8615, 35.1781, 34.8797, 34.8615, 34.8615, 34.8615, 34.8615, 34.8615, 34.8615, 34.8615, 34.8615, 34.8615, 34.8615, 34.8615, 34.8615, 34.8683, 34.8615
5.06059, 26, 35.3338, 34.984, 5.2915, -9.3338, 0, 34.9841, 34.9841, 35.3091, 35.0025, 34.984, 34.984, 34.984, 34.984, 34.984, 34.984, 34.984, 34.984, 34.984, 34.984, 34.984, 34.984, 34.9903, 34.984
5.06848, 30, 35.4654, 35.1064, 5.65685, -5.46537, 0, 35.1064, 35.1064, 35.4409, 35.1251, 35.1064, 35.1064, 35.1064, 35.1064, 35.1064, 35.1064, 35.1064, 35.1064, 35.1064, 35.1064, 35.1064, 35.1064, 35.1121, 35.1064
5.07636, 26, 35.5981, 35.2286, 5.2915, -9.59813, 0, 35.2286, 35.2286, 35.5739, 35.2475, 35.2286, 35.2286, 35.2286, 35.2286, 35.2286, 35.2286, 35.2286, 35.2286, 35.2286, 35.2286, 35.2286, 35.2286, 35.2338, 35.2286
5.08424, 36, 35.7324, 35.3505, 6.16441, 0.267605, 0, 35.3505, 35.3506, 35.7084, 35.3698, 35.3505, 35.3505, 35.3505, 35.3505, 35.3505, 35.3505, 35.3505, 35.3505, 35.3505, 35.3505, 35.3505, 35.3505, 35.3552, 35.3505
5.09213, 18, 35.8686, 35.4723, 4.47214, -17.8686, 0, 35.4723, 35.4723, 35.8448, 35.4918, 35.4723, 35.4723, 35.4723, 35.4723, 35.4723, 35.4723, 35.4723, 35.4723, 35.4723, 35.4723, 35.4723, 35.4723, 35.4765, 35.4723
5.10001, 24, 36.0072, 35.5938, 5.09902, -12.0072, 0, 35.5938, 35.5938, 35.9836, 35.6136, 35.5938, 35.5938, 35.5938, 35.5938, 35.5938, 35.5938, 35.5938, 35.5938, 35.5938, 35.5938, 35.5938, 35.5938, 35.5976, 35.5938
5.1079, 24, 36.1489, 35.7151, 5.09902, -12.1489, 0, 35.7151, 35.7151, 36.1253, 35.7351, 35.7151, 35.7151, 35.7151, 35.7151, 35.7151, 35.7151, 35.7151, 35.7151, 35.7151, 35.7151, 35.7151, 35.7151, 35.7186, 35.7151
5.11578, 30, 36.2944, 35.8361, 5.65685, -6.29438, 0, 35.8361, 35.8361, 36.2708, 35.8564, 35.8361, 35.8361, 35.8361, 35.8361, 35.8361, 35.8361, 35.8361, 35.8361, 35.8361, 35.8361, 35.8361, 35.8361, 35.8393, 35.8361
5.12366, 26, 36.4444, 35.9568, 5.2915, -10.4444, 0, 35.9569, 35.9569, 36.4207, 35.9775, 35.9568, 35.9568, 35.9568, 35.9568, 35.9568, 35.9568, 35.9568, 35.9568, 35.9568, 35.9568, 35.9568, 35.9568, 35.9599, 35.9568
5.13155, 12, 36.5999, 36.0773, 3.74166, -24.5999, 0, 36.0773, 36.0774, 36.576, 36.0982, 36.0773, 36.0773, 36.0773, 36.0773, 36.0773, 36.0773, 36.0773, 36.0773, 36.0773, 36.0773, 36.0773, 36.0773, 36.0803, 36.0773
5.13943, 20, 36.7619, 36.1975, 4.69042, -16.7619, 0, 36.1975, 36.1976, 36.7377, 36.2187, 36.1975, 36.1975, 36.1975, 36.1975, 36.1975, 36.1975, 36.1975, 36.1975, 36.1975, 36.1975, 36.1975, 36.1975, 36.2005, 36.1975
5.14732, 22, 36.9315, 36.3174, 4.89898, -14.9315, 0, 36.3174, 36.3175, 36.907, 36.3389, 36.3174, 36.3174, 36.3174, 36.3174, 36.3174, 36.3174, 36.3174, 36.3174, 36.3174, 36.3174, 36.3174, 36.3174, 36.3205, 36.3174
5.1552, 16, 37.1099, 36.437, 4.24264, -21.1099, 0, 36.437, 36.437, 37.0849, 36.4588, 36.437, 36.437, 36.437, 36.437, 36.437, 36.437, 36.437, 36.437, 36.437, 36.437, 36.437, 36.437, 36.4403, 36.437
5.16308, 30, 37.2982, 36.5563, 5.65685, -7.29819, 0, 36.5563, 36.5563, 37.2726, 36.5783, 36.5563, 36.5563, 36.5563, 36.5563, 36.5563, 36.5563, 36.5563, 36.5563, 36.5563, 36.5563, 36.5563, 36.5563, 36.5598, 36.5563
5.17097, 38, 37.4974, 36.6752, 6.32456, 0.502552, 0, 36.6752, 36.6752, 37.4712, 36.6975, 36.6752, 36.6752, 36.6752, 36.6752, 36.6752, 36.6752, 36.6752, 36.6752, 36.6752, 36.6752, 36.6752, 36.6752, 36.6791, 36.6752
5.17885, 30, 37.7086, 36.7938, 5.65685, -7.70863, 0, 36.7938, 36.7938, 37.6817, 36.8164, 36.7938, 36.7938, 36.7938, 36.7938, 36.7938, 36.7938, 36.7938, 36.7938, 36.7938, 36.7938, 36.7938, 36.7938, 36.7981, 36.7938
5.18673, 38, 37.9325, 36.912, 6.32456, 0.0675201, 0, 36.912, 36.9121, 37.9047, 36.9349, 36.912, 36.912, 36.912, 36.912, 36.912, 36.912, 36.912, 36.912, 36.912, 36.912, 36.912, 36.912, 36.9168, 36.912
5.19462, 26, 38.1694, 37.0299, 5.2915, -12.1694, 0, 37.0299, 37.0299, 38.1407, 37.0531, 37.0299, 37.0299, 37.0299, 37.0299, 37.0299, 37.0299, 37.0299, 37.0299, 37.0299, 37.0299, 37.0299, 37.0299, 37.0353, 37.0299
5.2025, 26, 38.4194, 37.1474, 5.2915, -12.4194, 0, 37.1474, 37.1474, 38.3898, 37.1709, 37.1474, 37.1474, 37.1474, 37.1474, 37.1474, 37.1474, 37.1474, 37.1474, 37.1474, 37.1474, 37.1474, 37.1474, 37.1534, 37.1474
5.21039, 26, 38.6821, 37.2645, 5.2915, -12.6821, 0, 37.2645, 37.2646, 38.6514, 37.2883, 37.2645, 37.2645, 37.2645, 37.2645, 37.2645, 37.2645, 37.2645, 37.2645, 37.2645, 37.2645, 37.2645, 37.2645, 37.2713, 37.2645
5.21827, 16, 38.9563, 37.3813, 4.24264, -22.9563, 0, 37.3813, 37.3813, 38.9246, 37.4054, 37.3813, 37.3813, 37.3813, 37.3813, 37.3813, 37.3813, 37.3813, 37.3813, 37.3813, 37.3813, 37.3813, 37.3813, 37.3888, 37.3813
5.22615, 24, 39.2405, 37.4976, 5.09902, -15.2405, 0, 37.4976, 37.4976, 39.2077, 37.522, 37.4976, 37.4976, 37.4976, 37.4976, 37.4976, 37.4976, 37.4976, 37.4976, 37.4976, 37.4976, 37.4976, 37.4976, 37.506, 37.4976
5.23404, 22, 39.5323, 37.6135, 4.89898, -17.5323, 0, 37.6135, 37.6136, 39.4983, 37.6382, 37.6135, 37.6135, 37.6135, 37.6135, 37.6135, 37.6135, 37.6135, 37.6135, 37.6135, 37.6135, 37.6135, 37.6135, 37.6228, 37.6135
5.24192, 36, 39.8289, 37.7291, 6.16441, -3.82887, 0, 37.7291, 37.7291, 39.7937, 37.7541, 37.7291, 37.7291, 37.7291, 37.7291, 37.7291, 37.7291, 37.7291, 37.7291, 37.7291, 37.7291, 37.7291, 37.7291, 37.7392, 37.7291
5.2498, 36, 40.1266, 37.8442, 6.16441, -4.12663, 0, 37.8442, 37.8442, 40.0902, 37.8695, 37.8442, 37.8442, 37.8442, 37.8442, 37.8442, 37.8442, 37.8442, 37.8442, 37.8442, 37.8442, 37.8442, 37.8442, 37.8553, 37.8442
5.25769, 28, 40.4216, 37.9589, 5.47723, -12.4216, 0, 37.9589, 37.9589, 40.3839, 37.9845, 37.9589, 37.9589, 37.9589, 37.9589, 37.9589, 37.9589, 37.9589, 37.9589, 37.9589, 37.9589, 37.9589, 37.9589, 37.971, 37.9589
5.26557, 32, 40.7095, 38.0732, 5.83095, -8.70952, 0, 38.0732, 38.0732, 40.6705, 38.0991, 38.0732, 38.0732, 38.0732, 38.0732, 38.0732, 38.0732, 38.0732, 38.0732, 38.0732, 38.0732, 38.0732, 38.0732, 38.0863, 38.0732
5.27346, 42, 40.9858, 38.187, 6.63325, 1.01422, 0, 38.187, 38.187, 40.9453, 38.2132, 38.187, 38.187, 38.187, 38.187, 38.187, 38.187, 38.187, 38.187, 38.187, 38.187, 38.187, 38.187, 38.2012, 38.187
5.28134, 34, 41.246, 38.3004, 6, -7.24597, 0, 38.3004, 38.3004, 41.2041, 38.327, 38.3004, 38.3004, 38.3004, 38.3004, 38.3004, 38.3004, 38.3004, 38.3004, 38.3004, 38.3004, 38.3004, 38.3004, 38.3157, 38.3004
5.28922, 30, 41.4858, 38.4133, 5.65685, -11.4858, 0, 38.4133, 38.4134, 41.4425, 38.4402, 38.4133, 38.4133, 38.4133, 38.4133, 38.4133, 38.4133, 38.4133, 38.4133, 38.4133, 38.4133, 38.4133, 38.4133, 38.4298, 38.4133
5.29711, 16, 41.7016, 38.5258, 4.24264, -25.7016, 0, 38.5258, 38.5259, 41.6568, 38.553, 38.5258, 38.5258, 38.5258, 38.5258, 38.5258, 38.5258, 38.5258, 38.5258, 38.5258, 38.5258, 38.5258, 38.5258, 38.5435, 38.5258
5.30499, 38, 41.8901, 38.6378, 6.32456, -3.89013, 0, 38.6378, 38.6379, 41.8437, 38.6653, 38.6378, 38.6378, 38.6378, 38.6378, 38.6378, 38.6378, 38.6378, 38.6378, 38.6378, 38.6378, 38.6378, 38.6378, 38.6567, 38.6378
5.31288, 28, 42.0492, 38.7494, 5.47723, -14.0492, 0, 38.7494, 38.7494, 42.0011, 38.7772, 38.7494, 38.7494, 38.7494, 38.7494, 38.7494, 38.7494, 38.7494, 38.7494, 38.7494, 38.7494, 38.7494, 38.7494, 38.7696, 38.7494
5.32076, 26, 42.1774, 38.8604, 5.2915, -16.1774, 0, 38.8604, 38.8604, 42.1276, 38.8885, 38.8604, 38.8604, 38.8604, 38.8604, 38.8604, 38.8604, 38.8604, 38.8604, 38.8604, 38.8604, 38.8604, 38.8604, 38.882, 38.8604
5.32864, 36, 42.2744, 38.9709, 6.16441, -6.27437, 0, 38.9709, 38.971, 42.2228, 38.9994, 38.9709, 38.9709, 38.9709, 38.9709, 38.9709, 38.9709, 38.9709, 38.9709, 38.9709, 38.9709, 38.9709, 38.9709, 38.994, 38.9709
5.33653, 40, 42.341, 39.081, 6.48074, -2.34097, 0, 39.081, 39.081, 42.2876, 39.1097, 39.081, 39.081, 39.081, 39.081, 39.081, 39.081, 39.081, 39.081, 39.081, 39.081, 39.081, 39.081, 39.1055, 39.081
5.34441, 38, 42.3789, 39.1904, 6.32456, -4.37888, 0, 39.1905, 39.1905, 42.3236, 39.2195, 39.1904, 39.1904, 39.1904, 39.1904, 39.1904, 39.1904, 39.1904, 39.1904, 39.1904, 39.1904, 39.1904, 39.1904, 39.2166, 39.1904
5.3523, 30, 42.3907, 39.2994, 5.65685, -12.3907, 0, 39.2994, 39.2994, 42.3336, 39.3288, 39.2994, 39.2994, 39.2994, 39.2994, 39.2994, 39.2994, 39.2994, 39.2994, 39.2994, 39.2994, 39.2994, 39.2994, 39.3271, 39.2994
5.36018, 36, 42.3799, 39.4078, 6.16441, -6.37994, 0, 39.4078, 39.4078, 42.3209, 39.4375, 39.4078, 39.4078, 39.4078, 39.4078, 39.4078, 39.4078, 39.4078, 39.4078, 39.4078, 39.4078, 39.4078, 39.4078, 39.4371, 39.4078
5.36806, 40, 42.3504, 39.5157, 6.48074, -2.35044, 0, 39.5157, 39.5157, 42.2896, 39.5457, 39.5157, 39.5157, 39.5157, 39.5157, 39.5157, 39.5157, 39.5157, 39.5157, 39.5157, 39.5157, 39.5157, 39.5157, 39.5464, 39.5157
5.37595, 28, 42.3066, 39.6229, 5.47723, -14.3066, 0, 39.6229, 39.623, 42.2439, 39.6533, 39.6229, 39.6229, 39.6229, 39.6229, 39.6229, 39.6229, 39.6229, 39.6229, 39.6229, 39.6229, 39.6229, 39.6229, 39.6552, 39.6229
5.38383, 28, 42.2528, 39.7296, 5.47723, -14.2528, 0, 39.7296, 39.7297, 42.1885, 39.7603, 39.7296, 39.7296, 39.7296, 39.7296, 39.7296, 39.7296, 39.7296, 39.7296, 39.7296, 39.7296, 39.7296, 39.7296, 39.7632, 39.7296
5.39171, 26, 42.1935, 39.8358, 5.2915, -16.1935, 0, 39.8358, 39.8358, 42.1278, 39.8668, 39.8358, 39.8358, 39.8358, 39.8358, 39.8358, 39.8358, 39.8358, 39.8358, 39.8358, 39.8358, 39.8358, 39.8358, 39.8704, 39.8358
5.3996, 44, 42.1329, 39.9413, 6.78233, 1.86715, 0, 39.9413, 39.9413, 42.0659, 39.9726, 39.9413, 39.9413, 39.9413, 39.9413, 39.9413, 39.9413, 39.9413, 39.9413, 39.9413, 39.9413, 39.9413, 39.9413, 39.9769, 39.9413
5.40748, 44, 42.0746, 40.0462, 6.78233, 1.92535, 0, 40.0462, 40.0462, 42.0067, 40.0778, 40.0462, 40.0462, 40.0462, 40.0462, 40.0462, 40.0462, 40.0462, 40.0462, 40.0462, 40.0462, 40.0462, 40.0462, 40.0824, 40.0462
5.41537, 26, 42.0222, 40.1504, 5.2915, -16.0222, 0, 40.1505, 40.1505, 41.9535, 40.1824, 40.1504, 40.1504, 40.1504, 40.1504, 40.1504, 40.1504, 40.1504, 40.1504, 40.1504, 40.1504, 40.1504, 40.1504, 40.1871, 40.1504
5.42325, 32, 41.978, 40.2541, 5.83095, -9.97795, 0, 40.2541, 40.2541, 41.9089, 40.2864, 40.2541, 40.2541, 40.2541, 40.2541, 40.2541, 40.2541, 40.2541, 40.2541, 40.2541, 40.2541, 40.2541, 40.2541, 40.2908, 40.2541
5.43113, 30, 41.9441, 40.3571, 5.65685, -11.9441, 0, 40.3571, 40.3571, 41.875, 40.3898, 40.3571, 40.3571, 40.3571, 40.3571, 40.3571, 40.3571, 40.3571, 40.3571, 40.3571, 40.3571, 40.3571, 40.3571, 40.3935, 40.3571
5.43902, 22, 41.922, 40.4595, 4.89898, -19.922, 0, 40.4595, 40.4595, 41.8532, 40.4925, 40.4595, 40.4595, 40.4595, 40.4595, 40.4595, 40.4595, 40.4595, 40.4595, 40.4595, 40.4595, 40.4595, 40.4595, 40.4953, 40.4595
5.4469, 22, 41.9125, 40.5612, 4.89898, -19.9125, 0, 40.5612, 40.5612, 41.8442, 40.5945, 40.5612, 40.5612, 40.5612, 40.5612, 40.5612, 40.5612, 40.5612, 40.5612, 40.5612, 40.5612, 40.5612, 40.5612, 40.596, 40.5612
5.45479, 34, 41.9157, 40.6622, 6, -7.91574, 0, 40.6622, 40.6622, 41.8484, 40.6959, 40.6622, 40.6622, 40.6622, 40.6622, 40.6622, 40.6622, 40.6622, 40.6622, 40.6622, 40.6622, 40.6622, 40.6622, 40.6958, 40.6622
5.46267, 38, 41.9316, 40.7626, 6.32456, -3.93163, 0, 40.7626, 40.7626, 41.8655, 40.7966, 40.7626, 40.7626, 40.7626, 40.7626, 40.7626, 40.7626, 40.7626, 40.7626, 40.7626, 40.7626, 40.7626, 40.7626, 40.7946, 40.7626
5.47055, 28, 41.9595, 40.8622, 5.47723, -13.9595, 0, 40.8623, 40.8623, 41.8949, 40.8966, 40.8622, 40.8622, 40.8622, 40.8622, 40.8622, 40.8622, 40.8622, 40.8622, 40.8622, 40.8622, 40.8622, 40.8622, 40.8925, 40.8622
5.47844, 28, 41.9987, 40.9612, 5.47723, -13.9987, 0, 40.9612, 40.9612, 41.9357, 40.996, 40.9612, 40.9612, 40.9612, 40.9612, 40.9612, 40.9612, 40.9612, 40.9612, 40.9612, 40.9612, 40.9612, 40.9612, 40.9894, 40.9612
5.48632, 30, 42.0481, 41.0595, 5.65685, -12.0481, 0, 41.0595, 41.0595, 41.9868, 41.0946, 41.0595, 41.0595, 41.0595, 41.0595, 41.0595, 41.0595, 41.0595, 41.0595, 41.0595, 41.0595, 41.0595, 41.0595, 41.0855, 41.0595
5.4942, 30, 42.1065, 41.157, 5.65685, -12.1065, 0, 41.157, 41.157, 42.0471, 41.1924, 41.157, 41.157, 41.157, 41.157, 41.157, 41.157, 41.157, 41.157, 41.157, 41.157, 41.157, 41.157, 41.1808, 41.157
5.50209, 50, 42.1728, 41.2537, 7.2111, 7.82721, 0, 41.2537, 41.2538, 42.1154, 41.2896, 41.2537, 41.2537, 41.2537, 41.2537, 41.2537, 41.2537, 41.2537, 41.2537, 41.2537, 41.2537, 41.2537, 41.2537, 41.2753, 41.2537
5.50997, 32, 42.2459, 41.3498, 5.83095, -10.2459, 0, 41.3498, 41.3498, 42.1903, 41.3861, 41.3498, 41.3498, 41.3498, 41.3498, 41.3498, 41.3498, 41.3498, 41.3498, 41.3498, 41.3498, 41.3498, 41.3498, 41.369, 41.3498
5.51786, 38, 42.3246, 41.445, 6.32456, -4.3246, 0, 41.445, 41.4451, 42.2708, 41.4818, 41.445, 41.445, 41.445, 41.445, 41.445, 41.445, 41.445, 41.445, 41.445, 41.445, 41.445, 41.445, 41.462, 41.445
5.52574, 22, 42.408, 41.5395, 4.89898, -20.408, 0, 41.5395, 41.5396, 42.3559, 41.5768, 41.5395, 41.5395, 41.5395, 41.5395, 41.5395, 41.5395, 41.5395, 41.5395, 41.5395, 41.5395, 41.5395, 41.5395, 41.5544, 41.5395
5.53362, 24, 42.4951, 41.6332, 5.09902, -18.4951, 0, 41.6332, 41.6333, 42.4444, 41.6711, 41.6332, 41.6332, 41.6332, 41.6332, 41.6332, 41.6332, 41.6332, 41.6332, 41.6332, 41.6332, 41.6332, 41.6332, 41.6461, 41.6332
5.54151, 12, 42.5853, 41.7261, 3.74166, -30.5853, 0, 41.7261, 41.7262, 42.5357, 41.7648, 41.7261, 41.7261, 41.7261, 41.7261, 41.7261, 41.7261, 41.7261, 41.7261, 41.7261, 41.7261, 41.7261, 41.7261, 41.7371, 41.7261
5.54939, 16, 42.6779, 41.8182, 4.24264, -26.6779, 0, 41.8182, 41.8183, 42.6289, 41.8579, 41.8182, 41.8182, 41.8182, 41.8182, 41.8182, 41.8182, 41.8182, 41.8182, 41.8182, 41.8182, 41.8182, 41.8182, 41.8275, 41.8182
5.55727, 28, 42.7724, 41.9095, 5.47723, -14.7724, 0, 41.9095, 41.9095, 42.7236, 41.9506, 41.9095, 41.9095, 41.9095, 41.9095, 41.9095, 41.9095, 41.9095, 41.9095, 41.9095, 41.9095, 41.9095, 41.9095, 41.9172, 41.9095
5.56516, 20, 42.8687, 42, 4.69042, -22.8687, 0, 42, 42, 42.8191, 42.0431, 42, 42, 42, 42, 42, 42, 42, 42, 42, 42, 42, 42, 42.0063, 42
5.57304, 26, 42.9665, 42.0896, 5.2915, -16.9665, 0, 42.0896, 42.0896, 42.9151, 42.1358, 42.0896, 42.0896, 42.0896, 42.0896, 42.0896, 42.0896, 42.0896, 42.0896, 42.0896, 42.0896, 42.0896, 42.0896, 42.0948, 42.0896
5.58093, 22, 43.0663, 42.1783, 4.89898, -21.0663, 0, 42.1784, 42.1784, 43.0113, 42.2291, 42.1783, 42.1783, 42.1783, 42.1783, 42.1783, 42.1783, 42.1783, 42.1783, 42.1783, 42.1783, 42.1783, 42.1783, 42.1825, 42.1783
5.58881, 26, 43.1683, 42.2663, 5.2915, -17.1683, 0, 42.2663, 42.2663, 43.1074, 42.3238, 42.2663, 42.2663, 42.2663, 42.2663, 42.2663, 42.2663, 42.2663, 42.2663, 42.2663, 42.2663, 42.2663, 42.2663, 42.2696, 42.2663
5.59669, 20, 43.2737, 42.3533, 4.69042, -23.2737, 0, 42.3533, 42.3534, 43.2032, 42.4211, 42.3533, 42.3533, 42.3533, 42.3533, 42.3533, 42.3533, 42.3533, 42.3533, 42.3533, 42.3533, 42.3533, 42.3533, 42.356, 42.3533
5.60458, 28, 43.3839, 42.4395, 5.47723, -15.3839, 0, 42.4395, 42.4395, 43.2986, 42.5227, 42.4395, 42.4395, 42.4395, 42.4395, 42.4395, 42.4395, 42.4395, 42.4395, 42.4395, 42.4395, 42.4395, 42.4395, 42.4416, 42.4395
5.61246, 34, 43.501, 42.5248, 6, -9.50104, 0, 42.5248, 42.5249, 43.3934, 42.6308, 42.5248, 42.5248, 42.5248, 42.5248, 42.5248, 42.5248, 42.5248, 42.5248, 42.5248, 42.5248, 42.5248, 42.5248, 42.5264, 42.5248
5.62035, 22, 43.6284, 42.6092, 4.89898, -21.6284, 0, 42.6092, 42.6093, 43.4876, 42.7488, 42.6092, 42.6092, 42.6092, 42.6092, 42.6092, 42.6092, 42.6092, 42.6092, 42.6092, 42.6092, 42.6092, 42.6092, 42.6104, 42.6092
5.62823, 18, 43.7706, 42.6928, 4.47214, -25.7706, 0, 42.6928, 42.6928, 43.5811, 42.8814, 42.6928, 42.6928, 42.6928, 42.6928, 42.6928, 42.6928, 42.6928, 42.6928, 42.6928, 42.6928, 42.6928, 42.6928, 42.6937, 42.6928
5.63611, 26, 43.9338, 42.7754, 5.2915, -17.9338, 0, 42.7754, 42.7754, 43.6738, 43.0346, 42.7754, 42.7754, 42.7754, 42.7754, 42.7754, 42.7754, 42.7754, 42.7754, 42.7754, 42.7754, 42.7754, 42.7754, 42.776, 42.7754
5.644, 28, 44.1262, 42.8571, 5.47723, -16.1262, 0, 42.8571, 42.8571, 43.7657, 43.2171, 42.8571, 42.8571, 42.8571, 42.8571, 42.8571, 42.8571, 42.8571, 42.8571, 42.8571, 42.8571, 42.8571, 42.8571, 42.8576, 42.8571
5.65188, 24, 44.359, 42.9378, 5.09902, -20.359, 0, 42.9378, 42.9378, 43.8568, 43.4397, 42.9378, 42.9378, 42.9378, 42.9378, 42.9378, 42.9378, 42.9378, 42.9378, 42.9378, 42.9378, 42.9378, 42.9378, 42.9382, 42.9378
5.65977, 26, 44.6464, 43.0176, 5.2915, -18.6464, 0, 43.0176, 43.0177, 43.947, 43.7168, 43.0176, 43.0176, 43.0176, 43.0176, 43.0176, 43.0176, 43.0176, 43.0176, 43.0176, 43.0176, 43.0176, 43.0176, 43.0179, 43.0176
5.66765, 30, 45.0067, 43.0965, 5.65685, -15.0067, 0, 43.0965, 43.0965, 44.0363, 44.0667, 43.0965, 43.0965, 43.0965, 43.0965, 43.0965, 43.0965, 43.0965, 43.0965, 43.0965, 43.0965, 43.0965, 43.0965, 43.0967, 43.0965
5.67553, 12, 45.4626, 43.1744, 3.74166, -33.4626, 0, 43.1744, 43.1744, 44.1247, 44.5121, 43.1744, 43.1744, 43.1744, 43.1744, 43.1744, 43.1744, 43.1744, 43.1744, 43.1744, 43.1744, 43.1744, 43.1744, 43.1745, 43.1744
5.68342, 22, 46.0421, 43.2513, 4.89898, -24.0421, 0, 43.2513, 43.2513, 44.2122, 45.081, 43.2513, 43.2513, 43.2513, 43.2513, 43.2513, 43.2513, 43.2513, 43.2513, 43.2513, 43.2513, 43.2513, 43.2513, 43.2514, 43.2513
5.6913, 32, 46.7786, 43.3272, 5.83095, -14.7786, 0, 43.3272, 43.3273, 44.2988, 45.8069, 43.3272, 43.3272, 43.3272, 43.3272, 43.3272, 43.3272, 43.3272, 43.3272, 43.3272, 43.3272, 43.3272, 43.3272, 43.3273, 43.3272
5.69918, 44, 47.7115, 43.4021, 6.78233, -3.71152, 0, 43.4021, 43.4022, 44.3844, 46.7292, 43.4021, 43.4021, 43.4021, 43.4021, 43.4021, 43.4021, 43.4021, 43.4021, 43.4021, 43.4021, 43.4021, 43.4021, 43.4022, 43.4021
5.70707, 38, 48.8861, 43.476, 6.32456, -10.8861, 0, 43.476, 43.4761, 44.469, 47.893, 43.476, 43.476, 43.476, 43.476, 43.476, 43.476, 43.476, 43.476, 43.476, 43.476, 43.476, 43.476, 43.4761, 43.476
5.71495, 34, 50.3529, 43.5489, 6, -16.3529, 0, 43.5489, 43.5489, 44.5527, 49.349, 43.5489, 43.5489, 43.5489, 43.5489, 43.5489, 43.5489, 43.5489, 43.5489, 43.5489, 43.5489, 43.5489, 43.5489, 43.5489, 43.5489
5.72284, 36, 52.1667, 43.6207, 6.16441, -16.1667, 0, 43.6207, 43.6208, 44.6354, 51.152, 43.6207, 43.6207, 43.6207, 43.6207, 43.6207, 43.6207, 43.6207, 43.6207, 43.6207, 43.6207, 43.6207, 43.6207, 43.6208, 43.6207
5.73072, 36, 54.3855, 43.6915, 6.16441, -18.3855, 0, 43.6915, 43.6915, 44.717, 53.36, 43.6915, 43.6915, 43.6915, 43.6915, 43.6915, 43.6915, 43.6915, 43.6915, 43.6915, 43.6915, 43.6915, 43.6915, 43.6915, 43.6915
5.7386, 50, 57.0673, 43.7612, 7.2111, -7.06729, 0, 43.7612, 43.7612, 44.7976, 56.0308, 43.7612, 43.7612, 43.7612, 43.7612, 43.7612, 43.7612, 43.7612, 43.7612, 43.7612, 43.7612, 43.7612, 43.7612, 43.7612, 43.7612
5.74649, 46, 60.2678, 43.8298, 6.9282, -14.2678, 0, 43.8298, 43.8299, 44.8772, 59.2204, 43.8298, 43.8298, 43.8298, 43.8298, 43.8298, 43.8298, 43.8298, 43.8298, 43.8298, 43.8298, 43.8298, 43.8298, 43.8298, 43.8298
5.75437, 48, 64.0374, 43.8974, 7.07107, -16.0374, 0, 43.8974, 43.8974, 44.9557, 62.979, 43.8974, 43.8974, 43.8974, 43.8974, 43.8974, 43.8974, 43.8974, 43.8974, 43.8974, 43.8974, 43.8974, 43.8974, 43.8974, 43.8974
5.76225, 42, 68.4163, 43.9639, 6.63325, -26.4163, 0, 43.9639, 43.9639, 45.0332, 67.3468, 43.9639, 43.9639, 43.9639, 43.9639, 43.9639, 43.9639, 43.9639, 43.9639, 43.9639, 43.9639, 43.9639, 43.9639, 43.9639, 43.9639
5.77014, 64, 73.4293, 44.0292, 8.12404, -9.42933, 0, 44.0292, 44.0292, 45.1096, 72.3488, 44.0292, 44.0292, 44.0292, 44.0292, 44.0292, 44.0292, 44.0292, 44.0292, 44.0292, 44.0292, 44.0292, 44.0292, 44.0292, 44.0292
5.77802, 52, 79.0836, 44.0934, 7.34847, -27.0836, 0, 44.0935, 44.0935, 45.185, 77.992, 44.0934, 44.0934, 44.0934, 44.0934, 44.0934, 44.0934, 44.0934, 44.0934, 44.0934, 44.0934, 44.0934, 44.0934, 44.0935, 44.0934
5.78591, 78, 85.3625, 44.1566, 8.94427, -7.36246, 0, 44.1566, 44.1566, 45.2592, 84.2597, 44.1566, 44.1566, 44.1566, 44.1566, 44.1566, 44.1566, 44.1566, 44.1566, 44.1566, 44.1566, 44.1566, 44.1566, 44.1566, 44.1566
5.79379, 110, 92.2228, 44.2186, 10.583, 17.7772, 0, 44.2186, 44.2186, 45.3324, 91.109, 44.2186, 44.2186, 44.2186, 44.2186, 44.2186, 44.2186, 44.2186, 44.2186, 44.2186, 44.2186, 44.2186, 44.2186, 44.2187, 44.2186
5.80167, 90, 99.5922, 44.2796, 9.59166, -9.59222, 0, 44.2796, 44.2796, 45.4045, 98.4671, 44.2796, 44.2796, 44.2796, 44.2796, 44.2796, 44.2796, 44.2796, 44.2796, 44.2796, 44.2796, 44.2796, 44.2796, 44.2796, 44.2796
5.80956, 114, 107.367, 44.3394, 10.7703, 6.63252, 0, 44.3394, 44.3394, 45.4756, 106.231, 44.3394, 44.3394, 44.3394, 44.3394, 44.3394, 44.3394, 44.3394, 44.3394, 44.3394, 44.3394, 44.3394, 44.3394, 44.3395, 44.3394
5.81744, 108, 115.416, 44.3982, 10.4881, -7.41605, 0, 44.3982, 44.3982, 45.5456, 114.268, 44.3982, 44.3982, 44.3982, 44.3982, 44.3982, 44.3982, 44.3982, 44.3982, 44.3982, 44.3982, 44.3982, 44.3982, 44.3983, 44.3982
5.82533, 130, 123.576, 44.4559, 11.4891, 6.42376, 0, 44.4559, 44.4559, 45.6146, 122.417, 44.4559, 44.4559, 44.4559, 44.4559, 44.4559, 44.4559, 44.4559, 44.4559, 44.4559, 44.4559, 44.4559, 44.4559, 44.456, 44.4559
5.83321, 120, 131.664, 44.5126, 11.0454, -11.6641, 0, 44.5126, 44.5126, 45.6826, 130.494, 44.5126, 44.5126, 44.5126, 44.5126, 44.5126, 44.5126, 44.5126, 44.5126, 44.5126, 44.5126, 44.5126, 44.5126, 44.5128, 44.5126
5.84109, 160, 139.48, 44.5683, 12.7279, 20.5197, 0, 44.5683, 44.5683, 45.7496, 138.299, 44.5683, 44.5683, 44.5683, 44.5683, 44.5683, 44.5683, 44.5683, 44.5683, 44.5683, 44.5683, 44.5683, 44.5683, 44.5685, 44.5683
5.84898, 128, 146.814, 44.623, 11.4018, -18.8138, 0, 44.623, 44.6231, 45.8158, 145.621, 44.623, 44.623, 44.623, 44.623, 44.623, 44.623, 44.623, 44.623, 44.623, 44.623, 44.623, 44.623, 44.6234, 44.623
5.85686, 224, 153.456, 44.677, 15.0333, 70.5442, 0, 44.677, 44.677, 45.8811, 152.251, 44.677, 44.677, 44.677, 44.677, 44.677, 44.677, 44.677, 44.677, 44.677, 44.677, 44.677, 44.677, 44.6774, 44.677
5.86474, 150, 159.207, 44.7301, 12.3288, -9.20717, 0, 44.7301, 44.7301, 45.9457, 157.991, 44.7301, 44.7301, 44.7301, 44.7301, 44.7301, 44.7301, 44.7301, 44.7301, 44.7301, 44.7301, 44.7301, 44.7301, 44.7306, 44.7301
5.87263, 184, 163.89, 44.7825, 13.6382, 20.1105, 0, 44.7825, 44.7826, 46.0097, 162.662, 44.7825, 44.7825, 44.7825, 44.7825, 44.7825, 44.7825, 44.7825, 44.7825, 44.7825, 44.7825, 44.7825, 44.7825, 44.7832, 44.7825
5.88051, 190, 167.354, 44.8344, 13.8564, 22.6463, 0, 44.8344, 44.8344, 46.0731, 166.114, 44.8344, 44.8344, 44.8344, 44.8344, 44.8344, 44.8344, 44.8344, 44.8344, 44.8344, 44.8344, 44.8344, 44.8344, 44.8352, 44.8344
5.8884, 184, 169.489, 44.8858, 13.6382, 14.5113, 0, 44.8858, 44.8858, 46.1361, 168.237, 44.8858, 44.8858, 44.8858, 44.8858, 44.8858, 44.8858, 44.8858, 44.8858, 44.8858, 44.8858, 44.8858, 44.8858, 44.8867, 44.8858
5.89628, 162, 170.227, 44.9369, 12.8062, -8.22684, 0, 44.9369, 44.937, 46.1989, 168.964, 44.9369, 44.9369, 44.9369, 44.9369, 44.9369, 44.9369, 44.9369, 44.9369, 44.9369, 44.9369, 44.9369, 44.9369, 44.938, 44.9369
5.90416, 186, 169.548, 44.9879, 13.7113, 16.4521, 0, 44.9879, 44.9879, 46.2616, 168.273, 44.9879, 44.9879, 44.9879, 44.9879, 44.9879, 44.9879, 44.9879, 44.9879, 44.9879, 44.9879, 44.9879, 44.9879, 44.9892, 44.9879
5.91205, 168, 167.481, 45.0388, 13.0384, 0.51947, 0, 45.0389, 45.0389, 46.3244, 166.193, 45.0388, 45.0388, 45.0388, 45.0388, 45.0388, 45.0388, 45.0388, 45.0388, 45.0388, 45.0388, 45.0388, 45.0388, 45.0403, 45.0388
5.91993, 174, 164.099, 45.09, 13.2665, 9.90094, 0, 45.09, 45.0901, 46.3875, 162.8, 45.09, 45.09, 45.09, 45.09, 45.09, 45.09, 45.09, 45.09, 45.09, 45.09, 45.09, 45.09, 45.0917, 45.09
5.92782, 164, 159.521, 45.1416, 12.8841, 4.47873, 0, 45.1416, 45.1417, 46.451, 158.21, 45.1416, 45.1416, 45.1416, 45.1416, 45.1416, 45.1416, 45.1416, 45.1416, 45.1416, 45.1416, 45.1416, 45.1416, 45.1435, 45.1416
5.9357, 148, 153.9, 45.1938, 12.2474, -5.89986, 0, 45.1938, 45.1938, 46.5152, 152.576, 45.1938, 45.1938, 45.1938, 45.1938, 45.1938, 45.1938, 45.1938, 45.1938, 45.1938, 45.1938, 45.1938, 45.1938, 45.1959, 45.1938
5.94358, 150, 147.415, 45.2467, 12.3288, 2.58479, 0, 45.2467, 45.2468, 46.5802, 146.079, 45.2467, 45.2467, 45.2467, 45.2467, 45.2467, 45.2467, 45.2467, 45.2467, 45.2467, 45.2467, 45.2467, 45.2467, 45.2491, 45.2467
5.95147, 134, 140.265, 45.3007, 11.6619, -6.26514, 0, 45.3007, 45.3007, 46.6464, 138.917, 45.3007, 45.3007, 45.3007, 45.3007, 45.3007, 45.3007, 45.3007, 45.3007, 45.3007, 45.3007, 45.3007, 45.3007, 45.3032, 45.3007
5.95935, 144, 132.657, 45.3557, 12.083, 11.3425, 0, 45.3557, 45.3558, 46.7138, 131.297, 45.3557, 45.3557, 45.3557, 45.3557, 45.3557, 45.3557, 45.3557, 45.3557, 45.3557, 45.3557, 45.3557, 45.3557, 45.3584, 45.3557
5.96723, 124, 124.796, 45.4121, 11.225, -0.795914, 0, 45.4121, 45.4121, 46.7827, 123.422, 45.4121, 45.4121, 45.4121, 45.4121, 45.4121, 45.4121, 45.4121, 45.4121, 45.4121, 45.4121, 45.4121, 45.4121, 45.415, 45.4121
5.97512, 144, 116.875, 45.4699, 12.083, 27.1246, 0, 45.47, 45.47, 46.8533, 115.489, 45.4699, 45.4699, 45.4699, 45.4699, 45.4699, 45.4699, 45.4699, 45.4699, 45.4699, 45.4699, 45.4699, 45.4699, 45.473, 45.4699
5.983, 124, 109.074, 45.5294, 11.225, 14.9257, 0, 45.5294, 45.5294, 46.926, 107.675, 45.5294, 45.5294, 45.5294, 45.5294, 45.5294, 45.5294, 45.5294, 45.5294, 45.5294, 45.5294, 45.5294, 45.5294, 45.5325, 45.5294
5.99089, 116, 101.546, 45.5904, 10.8628, 14.4536, 0, 45.5904, 45.5904, 47.0007, 100.133, 45.5904, 45.5904, 45.5904, 45.5904, 45.5904, 45.5904, 45.5904, 45.5904, 45.5904, 45.5904, 45.5904, 45.5904, 45.5936, 45.5904
5.99877, 92, 94.4193, 45.6532, 9.69536, -2.41935, 0, 45.6532, 45.6532, 47.0781, 92.9912, 45.6532, 45.6532, 45.6532, 45.6532, 45.6532, 45.6532, 45.6532, 45.6532, 45.6532, 45.6532, 45.6532, 45.6532, 45.6565, 45.6532
6.00665, 114, 87.7904, 45.7177, 10.7703, 26.2096, 0, 45.7177, 45.7178, 47.1584, 86.3465, 45.7177, 45.7177, 45.7177, 45.7177, 45.7177, 45.7177, 45.7177, 45.7177, 45.7177, 45.7177, 45.7177, 45.7177, 45.721, 45.7177
6.01454, 50, 81.7305, 45.784, 7.2111, -31.7305, 0, 45.784, 45.7841, 47.2425, 80.2687, 45.784, 45.784, 45.784, 45.784, 45.784, 45.784, 45.784, 45.784, 45.784, 45.784, 45.784, 45.784, 45.7873, 45.784
6.02242, 74, 76.2812, 45.852, 8.7178, -2.28121, 0, 45.852, 45.852, 47.3315, 74.7984, 45.852, 45.852, 45.852, 45.852, 45.852, 45.852, 45.852, 45.852, 45.852, 45.852, 45.852, 45.852, 45.8552, 45.852
6.03031, 64, 71.4599, 45.9215, 8.12404, -7.45985, 0, 45.9215, 45.9216, 47.4272, 69.9511, 45.9215, 45.9215, 45.9215, 45.9215, 45.9215, 45.9215, 45.9215, 45.9215, 45.9215, 45.9215, 45.9215, 45.9215, 45.9246, 45.9215
6.03819, 56, 67.2642, 45.9926, 7.61577, -11.2642, 0, 45.9926, 45.9927, 47.5323, 65.7216, 45.9926, 45.9926, 45.9926, 45.9926, 45.9926, 45.9926, 45.9926, 45.9926, 45.9926, 45.9926, 45.9926, 45.9926, 45.9956, 45.9926
6.04607, 64, 63.6741, 46.0651, 8.12404, 0.325897, 0, 46.0651, 46.0651, 47.6512, 62.0851, 46.0651, 46.0651, 46.0651, 46.0651, 46.0651, 46.0651, 46.0651, 46.0651, 46.0651, 46.0651, 46.0651, 46.0651, 46.0679, 46.0651
6.05396, 52, 60.6594, 46.1387, 7.34847, -8.6594, 0, 46.1387, 46.1388, 47.7907, 59.0048, 46.1387, 46.1387, 46.1387, 46.1387, 46.1387, 46.1387, 46.1387, 46.1387, 46.1387, 46.1387, 46.1387, 46.1387, 46.1414, 46.1387
6.06184, 56, 58.1837, 46.2134, 7.61577, -2.18373, 0, 46.2135, 46.2135, 47.9613, 56.4334, 46.2134, 46.2134, 46.2134, 46.2134, 46.2134, 46.2134, 46.2134, 46.2134, 46.2134, 46.2134, 46.2134, 46.2134, 46.2159, 46.2134
6.06972, 56, 56.2109, 46.289, 7.61577, -0.210861, 0, 46.2891, 46.2891, 48.1788, 54.3189, 46.289, 46.289, 46.289, 46.289, 46.289, 46.289, 46.289, 46.289, 46.289, 46.289, 46.289, 46.289, 46.2913, 46.289
6.07761, 36, 54.7095, 46.3653, 6.16441, -18.7095, 0, 46.3653, 46.3653, 48.4668, 52.6059, 46.3653, 46.3653, 46.3653, 46.3653, 46.3653, 46.3653, 46.3653, 46.3653, 46.3653, 46.3653, 46.3653, 46.3653, 46.3673, 46.3653
6.08549, 42, 53.6601, 46.4421, 6.63325, -11.6601, 0, 46.4421, 46.4421, 48.8607, 51.2395, 46.4421, 46.4421, 46.4421, 46.4421, 46.4421, 46.4421, 46.4421, 46.4421, 46.4421, 46.4421, 46.4421, 46.4421, 46.4439, 46.4421
6.09338, 48, 53.0617, 46.5191, 7.07107, -5.06166, 0, 46.5191, 46.5192, 49.4116, 50.1674, 46.5191, 46.5191, 46.5191, 46.5191, 46.5191, 46.5191, 46.5191, 46.5191, 46.5191, 46.5191, 46.5191, 46.5191, 46.5208, 46.5191
6.10126, 40, 52.9396, 46.5963, 6.48074, -12.9396, 0, 46.5963, 46.5963, 50.1934, 49.341, 46.5963, 46.5963, 46.5963, 46.5963, 46.5963, 46.5963, 46.5963, 46.5963, 46.5963, 46.5963, 46.5963, 46.5963, 46.5978, 46.5963
6.10914, 64, 53.3549, 46.6734, 8.12404, 10.6451, 0, 46.6734, 46.6735, 51.3107, 48.7163, 46.6734, 46.6734, 46.6734, 46.6734, 46.6734, 46.6734, 46.6734, 46.6734, 46.6734, 46.6734, 46.6734, 46.6734, 46.6748, 46.6734
6.11703, 58, 54.416, 46.7503, 7.74597, 3.58405, 0, 46.7503, 46.7504, 52.9103, 48.2547, 46.7503, 46.7503, 46.7503, 46.7503, 46.7503, 46.7503, 46.7503, 46.7503, 46.7503, 46.7503, 46.7503, 46.7503, 46.7515, 46.7503
6.12491, 38, 56.2915, 46.8269, 6.32456, -18.2915, 0, 46.8269, 46.8269, 55.194, 47.9232, 46.8269, 46.8269, 46.8269, 46.8269, 46.8269, 46.8269, 46.8269, 46.8269, 46.8269, 46.8269, 46.8269, 46.8269, 46.828, 46.8269
6.13279, 38, 59.2287, 46.9029, 6.32456, -21.2287, 0, 46.9029, 46.903, 58.4368, 47.6937, 46.9029, 46.9029, 46.9029, 46.9029, 46.9029, 46.9029, 46.9029, 46.9029, 46.9029, 46.9029, 46.9029, 46.9029, 46.9039, 46.9029
6.14068, 64, 63.5721, 46.9783, 8.12404, 0.427925, 0, 46.9784, 46.9784, 63.0063, 47.5431, 46.9783, 46.9783, 46.9783, 46.9783, 46.9783, 46.9783, 46.9783, 46.9783, 46.9783, 46.9783, 46.9783, 46.9783, 46.9793, 46.9783
6.14856, 64, 69.7863, 47.053, 8.12404, -5.78627, 0, 47.053, 47.0531, 69.3857, 47.4526, 47.053, 47.053, 47.053, 47.053, 47.053, 47.053, 47.053, 47.053, 47.053, 47.053, 47.053, 47.053, 47.054, 47.053
6.15645, 66, 78.4834, 47.1269, 8.24621, -12.4834, 0, 47.1269, 47.127, 78.202, 47.4073, 47.1269, 47.1269, 47.1269, 47.1269, 47.1269, 47.1269, 47.1269, 47.1269, 47.1269, 47.1269, 47.1269, 47.1269, 47.1279, 47.1269
6.16433, 84, 90.4495, 47.1999, 9.27362, -6.44954, 0, 47.1999, 47.1999, 90.253, 47.3954, 47.1999, 47.1999, 47.1999, 47.1999, 47.1999, 47.1999, 47.1999, 47.1999, 47.1999, 47.1999, 47.1999, 47.1999, 47.201, 47.1999
6.17221, 112, 106.678, 47.2719, 10.6771, 5.32204, 0, 47.2719, 47.272, 106.541, 47.4078, 47.2719, 47.2719, 47.2719, 47.2719, 47.2719, 47.2719, 47.2719, 47.2719, 47.2719, 47.2719, 47.2719, 47.2719, 47.2731, 47.2719
6.1801, 182, 128.389, 47.343, 13.5647, 53.6115, 0, 47.343, 47.343, 128.292, 47.4379, 47.343, 47.343, 47.343, 47.343, 47.343, 47.343, 47.343, 47.343, 47.343, 47.343, 47.343, 47.343, 47.3443, 47.343
6.18798, 148, 157.06, 47.413, 12.2474, -9.05975, 0, 47.413, 47.413, 156.991, 47.4806, 47.413, 47.413, 47.413, 47.413, 47.413, 47.413, 47.413, 47.413, 47.413, 47.413, 47.413, 47.413, 47.4145, 47.413
6.19587, 236, 194.443, 47.4819, 15.4272, 41.557, 0, 47.4819, 47.4819, 194.391, 47.5323, 47.4819, 47.4819, 47.4819, 47.4819, 47.4819, 47.4819, 47.4819, 47.4819, 47.4819, 47.4819, 47.4819, 47.4819, 47.4836, 47.4819
6.20375, 264, 242.555, 47.5497, 16.3095, 21.4449, 0, 47.5497, 47.5497, 242.512, 47.5905, 47.5497, 47.5497, 47.5497, 47.5497, 47.5497, 47.5497, 47.5497, 47.5497, 47.5497, 47.5497, 47.5497, 47.5497, 47.5517, 47.5497
6.21163, 354, 303.693, 47.6163, 18.868, 50.3075, 0, 47.6163, 47.6164, 303.653, 47.6539, 47.6163, 47.6163, 47.6163, 47.6163, 47.6163, 47.6163, 47.6163, 47.6163, 47.6163, 47.6163, 47.6163, 47.6163, 47.6186, 47.6163
6.21952, 380, 380.373, 47.6818, 19.5448, -0.372986, 0, 47.6818, 47.6819, 380.331, 47.7216, 47.6818, 47.6818, 47.6818, 47.6818, 47.6818, 47.6818, 47.6818, 47.6818, 47.6818, 47.6818, 47.6818, 47.6818, 47.6844, 47.6818
6.2274, 514, 475.298, 47.7462, 22.7156, 38.7023, 0, 47.7462, 47.7463, 475.247, 47.7938, 47.7462, 47.7462, 47.7462, 47.7462, 47.7462, 47.7462, 47.7462, 47.7462, 47.7462, 47.7462, 47.7462, 47.7462, 47.7492, 47.7462
6.23529, 626, 591.238, 47.8094, 25.0599, 34.7623, 0, 47.8094, 47.8094, 591.173, 47.8709, 47.8094, 47.8094, 47.8094, 47.8094, 47.8094, 47.8094, 47.8094, 47.8094, 47.8094, 47.8094, 47.8094, 47.8094, 47.8128, 47.8094
6.24317, 736, 730.953, 47.8714, 27.1662, 5.04675, 0, 47.8714, 47.8715, 730.867, 47.9543, 47.8714, 47.8714, 47.8714, 47.8714, 47.8714, 47.8714, 47.8714, 47.8714, 47.8714, 47.8714, 47.8714, 47.8714, 47.8752, 47.8714
6.25105, 970, 897.026, 47.9323, 31.1769, 72.9739, 0, 47.9323, 47.9323, 896.908, 48.0458, 47.9323, 47.9323, 47.9323, 47.9323, 47.9323, 47.9323, 47.9323, 47.9323, 47.9323, 47.9323, 47.9323, 47.9323, 47.9364, 47.9323
6.25894, 1132, 1091.69, 47.9919, 33.6749, 40.3074, 0, 47.9919, 47.9919, 1091.53, 48.1479, 47.9919, 47.9919, 47.9919, 47.9919, 47.9919, 47.9919, 47.9919, 47.9919, 47.9919, 47.9919, 47.9919, 47.9919, 47.9965, 47.9919
6.26682, 1406, 1316.65, 48.0504, 37.5233, 89.3514, 0, 48.0504, 48.0504, 1316.43, 48.2639, 48.0504, 48.0504, 48.0504, 48.0504, 48.0504, 48.0504, 48.0504, 48.0504, 48.0504, 48.0504, 48.0504, 48.0504, 48.0554, 48.0504
6.2747, 1544, 1572.85, 48.1076, 39.3192, -28.8483, 0, 48.1076, 48.1076, 1572.55, 48.3979, 48.1076, 48.1076, 48.1076, 48.1076, 48.1076, 48.1076, 48.1076, 48.1076, 48.1076, 48.1076, 48.1076, 48.1076, 48.113, 48.1076
6.28259, 2054, 1860.32, 48.1636, 45.3431, 193.685, 0, 48.1636, 48.1636, 1859.92, 48.5548, 48.1636, 48.1636, 48.1636, 48.1636, 48.1636, 48.1636, 48.1636, 48.1636, 48.1636, 48.1636, 48.1636, 48.1636, 48.1695, 48.1636
6.29047, 2256, 2177.87, 48.2184, 47.5184, 78.1328, 0, 48.2184, 48.2184, 2177.34, 48.7403, 48.2184, 48.2184, 48.2184, 48.2184, 48.2184, 48.2184, 48.2184, 48.2184, 48.2184, 48.2184, 48.2184, 48.2184, 48.2247, 48.2184
6.29836, 2588, 2523.15, 48.2719, 50.892, 64.8535, 0, 48.2719, 48.272, 2522.45, 48.9609, 48.2719, 48.2719, 48.2719, 48.2719, 48.2719, 48.2719, 48.2719, 48.2719, 48.2719, 48.2719, 48.2719, 48.2719, 48.2786, 48.2719
6.30624, 2960, 2892.35, 48.3242, 54.4243, 67.6477, 0, 48.3242, 48.3242, 2891.45, 49.224, 48.3242, 48.3242, 48.3242, 48.3242, 48.3242, 48.3242, 48.3242, 48.3242, 48.3242, 48.3242, 48.3242, 48.3242, 48.3312, 48.3242
6.31412, 3214, 3280.2, 48.3751, 56.7098, -66.2039, 0, 48.3751, 48.3751, 3279.03, 49.5376, 48.3751, 48.3751, 48.3751, 48.3751, 48.3751, 48.3751, 48.3751, 48.3751, 48.3751, 48.3751, 48.3751, 48.3751, 48.3824, 48.3751
6.32201, 3678, 3680.1, 48.4247, 60.663, -2.10303, 0, 48.4247, 48.4247, 3678.61, 49.9098, 48.4247, 48.4247, 48.4247, 48.4247, 48.4247, 48.4247, 48.4247, 48.4247, 48.4247, 48.4247, 48.4247, 48.4247, 48.4322, 48.4247
6.32989, 3970, 4084.14, 48.4729, 63.0238, -114.143, 0, 48.4729, 48.4729, 4082.26, 50.3492, 48.4729, 48.4729, 48.4729, 48.4729, 48.4729, 48.4729, 48.4729, 48.4729, 48.4729, 48.4729, 48.4729, 48.4729, 48.4806, 48.4729
6.33777, 4738, 4483.47, 48.5195, 68.8477, 254.526, 0, 48.5195, 48.5196, 4481.12, 50.8637, 48.5195, 48.5195, 48.5195, 48.5195, 48.5195, 48.5195, 48.5195, 48.5195, 48.5195, 48.5195, 48.5195, 48.5195, 48.5274, 48.5195
6.34566, 4856, 4868.35, 48.5646, 69.6994, -12.354, 0, 48.5646, 48.5646, 4865.45, 51.4608, 48.5646, 48.5646, 48.5646, 48.5646, 48.5646, 48.5646, 48.5646, 48.5646, 48.5646, 48.5646, 48.5646, 48.5646, 48.5725, 48.5646
6.35354, 5222, 5228.78, 48.608, 72.2772, -6.78076, 0, 48.608, 48.608, 5225.23, 52.1461, 48.608, 48.608, 48.608, 48.608, 48.608, 48.608, 48.608, 48.608, 48.608, 48.608, 48.608, 48.608, 48.6159, 48.608
6.36143, 5568, 5554.8, 48.6495, 74.6324, 13.2026, 0, 48.6495, 48.6495, 5550.52, 52.9238, 48.6495, 48.6495, 48.6495, 48.6495, 48.6495, 48.6495, 48.6495, 48.6495, 48.6495, 48.6495, 48.6495, 48.6495, 48.6574, 48.6495
6.36931, 5624, 5836.91, 48.689, 75.0067, -212.909, 0, 48.689, 48.689, 5831.8, 53.795, 48.689, 48.689, 48.689, 48.689, 48.689, 48.689, 48.689, 48.689, 48.689, 48.689, 48.689, 48.689, 48.6968, 48.689
6.37719, 6120, 6066.64, 48.7263, 78.2432, 53.3584, 0, 48.7263, 48.7263, 6060.6, 54.7578, 48.7263, 48.7263, 48.7263, 48.7263, 48.7263, 48.7263, 48.7263, 48.7263, 48.7263, 48.7263, 48.7263, 48.7263, 48.7339, 48.7263
6.38508, 6228, 6236.95, 48.7612, 78.9304, -8.9502, 0, 48.7612, 48.7613, 6229.9, 55.8068, 48.7612, 48.7612, 48.7612, 48.7612, 48.7612, 48.7612, 48.7612, 48.7612, 48.7612, 48.7612, 48.7612, 48.7612, 48.7686, 48.7612
6.39296, 6242, 6342.47, 48.7935, 79.019, -100.472, 0, 48.7935, 48.7935, 6334.33, 56.9322, 48.7935, 48.7935, 48.7935, 48.7935, 48.7935, 48.7935, 48.7935, 48.7935, 48.7935, 48.7935, 48.7935, 48.7935, 48.8006, 48.7935
6.40085, 6440, 6379.94, 48.8228, 80.2621, 60.0645, 0, 48.8228, 48.8228, 6370.63, 58.1199, 48.8228, 48.8228, 48.8228, 48.8228, 48.8228, 48.8228, 48.8228, 48.8228, 48.8228, 48.8228, 48.8228, 48.8228, 48.8296, 48.8228
6.40873, 6420, 6348.27, 48.8489, 80.1374, 71.7339, 0, 48.8489, 48.849, 6337.76, 59.3517, 48.8489, 48.8489, 48.8489, 48.8489, 48.8489, 48.8489, 48.8489, 48.8489, 48.8489, 48.8489, 48.8489, 48.8489, 48.8554, 48.8489
6.41661, 6252, 6248.65, 48.8716, 79.0822, 3.35498, 0, 48.8716, 48.8717, 6236.91, 60.6052, 48.8716, 48.8716, 48.8716, 48.8716, 48.8716, 48.8716, 48.8716, 48.8716, 48.8716, 48.8716, 48.8716, 48.8716, 48.8777, 48.8716
6.4245, 6080, 6084.45, 48.8905, 77.9872, -4.44678, 0, 48.8905, 48.8906, 6071.48, 61.8545, 48.8905, 48.8905, 48.8905, 48.8905, 48.8905, 48.8905, 48.8905, 48.8905, 48.8905, 48.8905, 48.8905, 48.8905, 48.8962, 48.8905
6.43238, 5912, 5861.04, 48.9055, 76.9025, 50.9629, 0, 48.9055, 48.9055, 5846.87, 63.0709, 48.9055, 48.9055, 48.9055, 48.9055, 48.9055, 48.9055, 48.9055, 48.9055, 48.9055, 48.9055, 48.9055, 48.9055, 48.9107, 48.9055
6.44027, 5514, 5585.47, 48.9161, 74.2698, -71.4746, 0, 48.9161, 48.9161, 5570.16, 64.2243, 48.9161, 48.9161, 48.9161, 48.9161, 48.9161, 48.9161, 48.9161, 48.9161, 48.9161, 48.9161, 48.9161, 48.9161, 48.9209, 48.9161
6.44815, 5322, 5266.21, 48.9223, 72.9657, 55.7905, 0, 48.9223, 48.9223, 5249.84, 65.2836, 48.9223, 48.9223, 48.9223, 48.9223, 48.9223, 48.9223, 48.9223, 48.9223, 48.9223, 48.9223, 48.9223, 48.9223, 48.9266, 48.9223
6.45603, 4928, 4912.57, 48.9238, 70.214, 15.4263, 0, 48.9238, 48.9238, 4895.27, 66.2191, 48.9238, 48.9238, 48.9238, 48.9238, 48.9238, 48.9238, 48.9238, 48.9238, 48.9238, 48.9238, 48.9238, 48.9238, 48.9277, 48.9238
6.46392, 4484, 4534.32, 48.9205, 66.9776, -50.3174, 0, 48.9205, 48.9205, 4516.23, 67.0033, 48.9205, 48.9205, 48.9205, 48.9205, 48.9205, 48.9205, 48.9205, 48.9205, 48.9205, 48.9205, 48.9205, 48.9205, 48.924, 48.9205
6.4718, 4102, 4141.25, 48.9125, 64.0625, -39.2539, 0, 48.9125, 48.9126, 4122.55, 67.6122, 48.9125, 48.9125, 48.9125, 48.9125, 48.9125, 48.9125, 48.9125, 48.9125, 48.9125, 48.9125, 48.9125, 48.9125, 48.9156, 48.9125
6.47968, 3728, 3742.86, 48.8998, 61.0737, -14.8643, 0, 48.8998, 48.8998, 3723.73, 68.0267, 48.8998, 48.8998, 48.8998, 48.8998, 48.8998, 48.8998, 48.8998, 48.8998, 48.8998, 48.8998, 48.8998, 48.8998, 48.9025, 48.8998
6.48757, 3496, 3347.82, 48.8825, 59.1439, 148.177, 0, 48.8825, 48.8825, 3328.47, 68.2338, 48.8825, 48.8825, 48.8825, 48.8825, 48.8825, 48.8825, 48.8825, 48.8825, 48.8825, 48.8825, 48.8825, 48.8825, 48.8848, 48.8825
6.49545, 2932, 2963.81, 48.8608, 54.1664, -31.8081, 0, 48.8608, 48.8608, 2944.44, 68.2267, 48.8608, 48.8608, 48.8608, 48.8608, 48.8608, 48.8608, 48.8608, 48.8608, 48.8608, 48.8608, 48.8608, 48.8608, 48.8628, 48.8608
6.50334, 2632, 2597.28, 48.8352, 51.3225, 34.7178, 0, 48.8352, 48.8352, 2578.11, 68.0057, 48.8352, 48.8352, 48.8352, 48.8352, 48.8352, 48.8352, 48.8352, 48.8352, 48.8352, 48.8352, 48.8352, 48.8352, 48.8369, 48.8352
6.51122, 2374, 2253.38, 48.8059, 48.7442, 120.624, 0, 48.8059, 48.8059, 2234.6, 67.578, 48.8059, 48.8059, 48.8059, 48.8059, 48.8059, 48.8059, 48.8059, 48.8059, 48.8059, 48.8059, 48.8059, 48.8059, 48.8074, 48.8059
6.5191, 1960, 1935.86, 48.7736, 44.2945, 24.1405, 0, 48.7736, 48.7736, 1917.67, 66.9573, 48.7736, 48.7736, 48.7736, 48.7736, 48.7736, 48.7736, 48.7736, 48.7736, 48.7736, 48.7736, 48.7736, 48.7736, 48.7748, 48.7736
6.52699, 1654, 1647.16, 48.7386, 40.694, 6.84387, 0, 48.7387, 48.7387, 1629.73, 66.1628, 48.7386, 48.7386, 48.7386, 48.7386, 48.7386, 48.7386, 48.7386, 48.7386, 48.7386, 48.7386, 48.7386, 48.7386, 48.7396, 48.7386
6.53487, 1488, 1388.52, 48.7018, 38.6005, 99.479, 0, 48.7018, 48.7018, 1372, 65.2188, 48.7018, 48.7018, 48.7018, 48.7018, 48.7018, 48.7018, 48.7018, 48.7018, 48.7018, 48.7018, 48.7018, 48.7018, 48.7026, 48.7018
6.54275, 1228, 1160.09, 48.6637, 35.0714, 67.9148, 0, 48.6637, 48.6637, 1144.6, 64.1529, 48.6637, 48.6637, 48.6637, 48.6637, 48.6637, 48.6637, 48.6637, 48.6637, 48.6637, 48.6637, 48.6637, 48.6637, 48.6643, 48.6637
6.55064, 1022, 961.04, 48.6248, 32, 60.9602, 0, 48.6248, 48.6249, 946.669, 62.9949, 48.6248, 48.6248, 48.6248, 48.6248, 48.6248, 48.6248, 48.6248, 48.6248, 48.6248, 48.6248, 48.6248, 48.6248, 48.6254, 48.6248
6.55852, 780, 789.937, 48.586, 27.9643, -9.93665, 0, 48.586, 48.586, 776.747, 61.7754, 48.586, 48.586, 48.586, 48.586, 48.586, 48.586, 48.586, 48.586, 48.586, 48.586, 48.586, 48.586, 48.5864, 48.586
6.56641, 716, 644.746, 48.5477, 26.7955, 71.2545, 0, 48.5477, 48.5477, 632.768, 60.5245, 48.5477, 48.5477, 48.5477, 48.5477, 48.5477, 48.5477, 48.5477, 48.5477, 48.5477, 48.5477, 48.5477, 48.5477, 48.548, 48.5477
6.57429, 572, 523.099, 48.5105, 23.9583, 48.9012, 0, 48.5105, 48.5105, 512.338, 59.2707, 48.5105, 48.5105, 48.5105, 48.5105, 48.5105, 48.5105, 48.5105, 48.5105, 48.5105, 48.5105, 48.5105, 48.5105, 48.5108, 48.5105
6.58217, 482, 422.44, 48.4749, 22, 59.5599, 0, 48.4749, 48.4749, 412.875, 58.0394, 48.4749, 48.4749, 48.4749, 48.4749, 48.4749, 48.4749, 48.4749, 48.4749, 48.4749, 48.4749, 48.4749, 48.4749, 48.4751, 48.4749
6.59006, 332, 340.159, 48.4413, 18.2757, -8.15869, 0, 48.4413, 48.4413, 331.747, 56.8531, 48.4413, 48.4413, 48.4413, 48.4413, 48.4413, 48.4413, 48.4413, 48.4413, 48.4413, 48.4413, 48.4413, 48.4413, 48.4414, 48.4413
6.59794, 274, 273.701, 48.41, 16.6132, 0.298798, 0, 48.41, 48.41, 266.381, 55.7298, 48.41, 48.41, 48.41, 48.41, 48.41, 48.41, 48.41, 48.41, 48.41, 48.41, 48.41, 48.41, 48.4101, 48.41
6.60583, 236, 220.65, 48.3812, 15.4272, 15.3499, 0, 48.3812, 48.3813, 214.348, 54.6837, 48.3812, 48.3812, 48.3812, 48.3812, 48.3812, 48.3812, 48.3812, 48.3812, 48.3812, 48.3812, 48.3812, 48.3812, 48.3813, 48.3812
6.61371, 210, 178.794, 48.3552, 14.5602, 31.2061, 0, 48.3552, 48.3552, 173.424, 53.7246, 48.3552, 48.3552, 48.3552, 48.3552, 48.3552, 48.3552, 48.3552, 48.3552, 48.3552, 48.3552, 48.3552, 48.3552, 48.3552, 48.3552
6.62159, 140, 146.144, 48.3318, 11.9164, -6.14435, 0, 48.3318, 48.3319, 141.618, 52.8585, 48.3318, 48.3318, 48.3318, 48.3318, 48.3318, 48.3318, 48.3318, 48.3318, 48.3318, 48.3318, 48.3318, 48.3318, 48.3319, 48.3318
6.62948, 144, 120.957, 48.3112, 12.083, 23.0426, 0, 48.3112, 48.3112, 117.181, 52.0873, 48.3112, 48.3112, 48.3112, 48.3112, 48.3112, 48.3112, 48.3112, 48.3112, 48.3112, 48.3112, 48.3112, 48.3112, 48.3112, 48.3112
6.63736, 98, 101.741, 48.2931, 10, -3.74132, 0, 48.2931, 48.2932, 98.6241, 51.4102, 48.2931, 48.2931, 48.2931, 48.2931, 48.2931, 48.2931, 48.2931, 48.2931, 48.2931, 48.2931, 48.2931, 48.2931, 48.2931, 48.2931
6.64524, 108, 87.241, 48.2775, 10.4881, 20.759, 0, 48.2775, 48.2775, 84.6946, 50.8238, 48.2775, 48.2775, 48.2775, 48.2775, 48.2775, 48.2775, 48.2775, 48.2775, 48.2775, 48.2775, 48.2775, 48.2775, 48.2775, 48.2775
6.65313, 68, 76.4151, 48.2641, 8.3666, -8.41512, 0, 48.2641, 48.2642, 74.3566, 50.3225, 48.2641, 48.2641, 48.2641, 48.2641, 48.2641, 48.2641, 48.2641, 48.2641, 48.2641, 48.2641, 48.2641, 48.2641, 48.2641, 48.2641
6.66101, 54, 68.4168, 48.2527, 7.48331, -14.4168, 0, 48.2527, 48.2528, 66.77, 49.8994, 48.2527, 48.2527, 48.2527, 48.2527, 48.2527, 48.2527, 48.2527, 48.2527, 48.2527, 48.2527, 48.2527, 48.2527, 48.2527, 48.2527
6.6689, 74, 62.5699, 48.243, 8.7178, 11.4301, 0, 48.243, 48.2432, 61.2659, 49.5468, 48.243, 48.243, 48.243, 48.243, 48.243, 48.243, 48.243, 48.243, 48.243, 48.243, 48.243, 48.243, 48.243, 48.243
6.67678, 66, 58.3383, 48.2349, 8.24621, 7.66165, 0, 48.2349, 48.235, 57.3166, 49.2564, 48.2349, 48.2349, 48.2349, 48.2349, 48.2349, 48.2349, 48.2349, 48.2349, 48.2349, 48.2349, 48.2349, 48.2349, 48.2349, 48.2349
6.68466, 48, 55.3072, 48.2279, 7.07107, -7.30724, 0, 48.2279, 48.2281, 54.5148, 49.0201, 48.2279, 48.2279, 48.2279, 48.2279, 48.2279, 48.2279, 48.2279, 48.2279, 48.2279, 48.2279, 48.2279, 48.2279, 48.2279, 48.2279
6.69255, 48, 53.1581, 48.2219, 7.07107, -5.15806, 0, 48.2219, 48.2221, 52.5498, 48.8299, 48.2219, 48.2219, 48.2219, 48.2219, 48.2219, 48.2219, 48.2219, 48.2219, 48.2219, 48.2219, 48.2219, 48.2219, 48.2219, 48.2219
6.70043, 46, 51.6506, 48.2165, 6.9282, -5.65056, 0, 48.2165, 48.2168, 51.1884, 48.6784, 48.2165, 48.2165, 48.2165, 48.2165, 48.2165, 48.2165, 48.2165, 48.2165, 48.2165, 48.2165, 48.2165, 48.2165, 48.2165, 48.2165
6.70831, 44, 50.6057, 48.2116, 6.78233, -6.60572, 0, 48.2116, 48.212, 50.2581, 48.5589, 48.2116, 48.2116, 48.2116, 48.2116, 48.2116, 48.2116, 48.2116, 48.2116, 48.2116, 48.2116, 48.2116, 48.2116, 48.2116, 48.2116
6.7162, 58, 49.8923, 48.207, 7.74597, 8.10771, 0, 48.207, 48.2074, 49.6334, 48.4655, 48.207, 48.207, 48.207, 48.207, 48.207, 48.207, 48.207, 48.207, 48.207, 48.207, 48.207, 48.207, 48.207, 48.207
6.72408, 52, 49.4163, 48.2025, 7.34847, 2.58366, 0, 48.2025, 48.2029, 49.2255, 48.3928, 48.2025, 48.2025, 48.2025, 48.2025, 48.2025, 48.2025, 48.2025, 48.2025, 48.2025, 48.2025, 48.2025, 48.2025, 48.2025, 48.2025
6.73197, 42, 49.1122, 48.1978, 6.63325, -7.11222, 0, 48.1978, 48.1984, 48.9728, 48.3366, 48.1978, 48.1978, 48.1978, 48.1978, 48.1978, 48.1978, 48.1978, 48.1978, 48.1978, 48.1978, 48.1978, 48.1978, 48.1978, 48.1978
6.73985, 60, 48.9363, 48.193, 7.87401, 11.0637, 0, 48.193, 48.1936, 48.8354, 48.2932, 48.193, 48.193, 48.193, 48.193, 48.193, 48.193, 48.193, 48.193, 48.193, 48.193, 48.193, 48.193, 48.193, 48.193
6.74773, 48, 48.8622, 48.1878, 7.07107, -0.86216, 0, 48.1878, 48.1886, 48.7898, 48.2594, 48.1878, 48.1878, 48.1878, 48.1878, 48.1878, 48.1878, 48.1878, 48.1878, 48.1878, 48.1878, 48.1878, 48.1878, 48.1878, 48.1878
6.75562, 64, 48.8779, 48.1821, 8.12404, 15.1221, 0, 48.1821, 48.183, 48.8263, 48.2328, 48.1821, 48.1821, 48.1821, 48.1821, 48.1821, 48.1821, 48.1821, 48.1821, 48.1821, 48.1821, 48.1821, 48.1821, 48.1821, 48.1821
6.7635, 58, 48.9838, 48.176, 7.74597, 9.01615, 0, 48.176, 48.177, 48.9473, 48.2114, 48.176, 48.176, 48.176, 48.176, 48.176, 48.176, 48.176, 48.176, 48.176, 48.176, 48.176, 48.176, 48.176, 48.176
6.77139, 50, 49.1925, 48.1693, 7.2111, 0.807472, 0, 48.1693, 48.1705, 49.1667, 48.1938, 48.1693, 48.1693, 48.1693, 48.1693, 48.1693, 48.1693, 48.1693, 48.1693, 48.1693, 48.1693, 48.1693, 48.1693, 48.1693, 48.1693
6.77927, 56, 49.5285, 48.1619, 7.61577, 6.47149, 0, 48.1619, 48.1633, 49.5103, 48.1788, 48.1619, 48.1619, 48.1619, 48.1619, 48.1619, 48.1619, 48.1619, 48.1619, 48.1619, 48.1619, 48.1619, 48.1619, 48.1619, 48.1619
6.78715, 64, 50.0301, 48.1538, 8.12404, 13.9699, 0, 48.1538, 48.1554, 50.017, 48.1653, 48.1538, 48.1538, 48.1538, 48.1538, 48.1538, 48.1538, 48.1538, 48.1538, 48.1538, 48.1538, 48.1538, 48.1538, 48.1538, 48.1538
6.79504, 78, 50.7512, 48.145, 8.94427, 27.2488, 0, 48.1451, 48.1468, 50.7417, 48.1528, 48.145, 48.145, 48.145, 48.145, 48.145, 48.145, 48.145, 48.145, 48.145, 48.145, 48.145, 48.145, 48.145, 48.145
6.80292, 48, 51.7644, 48.1355, 7.07107, -3.76438, 0, 48.1355, 48.1375, 51.7573, 48.1406, 48.1355, 48.1355, 48.1355, 48.1355, 48.1355, 48.1355, 48.1355, 48.1355, 48.1355, 48.1355, 48.1355, 48.1355, 48.1355, 48.1355
6.81081, 60, 53.1635, 48.1251, 7.87401, 6.83649, 0, 48.1251, 48.1273, 53.158, 48.1285, 48.1251, 48.1251, 48.1251, 48.1251, 48.1251, 48.1251, 48.1251, 48.1251, 48.1251, 48.1251, 48.1251, 48.1251, 48.1251, 48.1251
6.81869, 78, 55.068, 48.1138, 8.94427, 22.932, 0, 48.1138, 48.1162, 55.0634, 48.116, 48.1138, 48.1138, 48.1138, 48.1138, 48.1138, 48.1138, 48.1138, 48.1138, 48.1138, 48.1138, 48.1138, 48.1138, 48.1138, 48.1138
6.82657, 58, 57.6264, 48.1015, 7.74597, 0.373566, 0, 48.1016, 48.1041, 57.6224, 48.103, 48.1015, 48.1015, 48.1015, 48.1015, 48.1015, 48.1015, 48.1015, 48.1015, 48.1015, 48.1015, 48.1015, 48.1015, 48.1015, 48.1015
6.83446, 84, 61.019, 48.0881, 9.27362, 22.981, 0, 48.0881, 48.0909, 61.0154, 48.089, 48.0881, 48.0881, 48.0881, 48.0881, 48.0881, 48.0881, 48.0881, 48.0881, 48.0881, 48.0881, 48.0881, 48.0881, 48.0881, 48.0881
6.84234, 86, 65.4626, 48.0734, 9.38083, 20.5374, 0, 48.0734, 48.0763, 65.4591, 48.074, 48.0734, 48.0734, 48.0734, 48.0734, 48.0734, 48.0734, 48.0734, 48.0734, 48.0734, 48.0734, 48.0734, 48.0734, 48.0734, 48.0734
6.85022, 104, 71.2103, 48.0572, 10.2956, 32.7897, 0, 48.0572, 48.0603, 71.2068, 48.0576, 48.0572, 48.0572, 48.0572, 48.0572, 48.0572, 48.0572, 48.0572, 48.0572, 48.0572, 48.0572, 48.0572, 48.0572, 48.0572, 48.0572
6.85811, 98, 78.5533, 48.0391, 10, 19.4467, 0, 48.0391, 48.0423, 78.5499, 48.0393, 48.0391, 48.0391, 48.0391, 48.0391, 48.0391, 48.0391, 48.0391, 48.0391, 48.0391, 48.0391, 48.0391, 48.0391, 48.0391, 48.0391
6.86599, 114, 87.8168, 48.0187, 10.7703, 26.1832, 0, 48.0187, 48.022, 87.8134, 48.0188, 48.0187, 48.0187, 48.0187, 48.0187, 48.0187, 48.0187, 48.0187, 48.0187, 48.0187, 48.0187, 48.0187, 48.0187, 48.0187, 48.0187
6.87388, 104, 99.3568, 47.9954, 10.2956, 4.64317, 0, 47.9954, 47.9987, 99.3533, 47.9955, 47.9954, 47.9954, 47.9954, 47.9954, 47.9954, 47.9954, 47.9954, 47.9954, 47.9954, 47.9954, 47.9954, 47.9954, 47.9954, 47.9954
6.88176, 124, 113.554, 47.9684, 11.225, 10.4457, 0, 47.9684, 47.9718, 113.551, 47.9684, 47.9684, 47.9684, 47.9684, 47.9684, 47.9684, 47.9684, 47.9684, 47.9684, 47.9684, 47.9684, 47.9684, 47.9684, 47.9684, 47.9684
6.88964, 168, 130.796, 47.9368, 13.0384, 37.204, 0, 47.9368, 47.9402, 130.793, 47.9368, 47.9368, 47.9368, 47.9368, 47.9368, 47.9368, 47.9368, 47.9368, 47.9368, 47.9368, 47.9368, 47.9368, 47.9368, 47.9368, 47.9368
6.89753, 184, 151.466, 47.8993, 13.6382, 32.5337, 0, 47.8993, 47.9027, 151.463, 47.8993, 47.8993, 47.8993, 47.8993, 47.8993, 47.8993, 47.8993, 47.8993, 47.8993, 47.8993, 47.8993, 47.8993, 47.8993, 47.8993, 47.8993
6.90541, 220, 175.926, 47.8544, 14.8997, 44.0745, 0, 47.8544, 47.8577, 175.922, 47.8544, 47.8544, 47.8544, 47.8544, 47.8544, 47.8544, 47.8544, 47.8544, 47.8544, 47.8544, 47.8544, 47.8544, 47.8544, 47.8544, 47.8544
6.91329, 268, 204.479, 47.8001, 16.4317, 63.5209, 0, 47.8001, 47.8033, 204.476, 47.8001, 47.8001, 47.8001, 47.8001, 47.8001, 47.8001, 47.8001, 47.8001, 47.8001, 47.8001, 47.8001, 47.8001, 47.8001, 47.8001, 47.8001
6.92118, 244, 237.368, 47.734, 15.6844, 6.6315, 0, 47.734, 47.7372, 237.365, 47.734, 47.734, 47.734, 47.734, 47.734, 47.734, 47.734, 47.734, 47.734, 47.734, 47.734, 47.734, 47.734, 47.734, 47.734
6.92906, 326, 274.728, 47.6534, 18.1108, 51.2724, 0, 47.6534, 47.6564, 274.725, 47.6534, 47.6534, 47.6534, 47.6534, 47.6534, 47.6534, 47.6534, 47.6534, 47.6534, 47.6534, 47.6534, 47.6534, 47.6534, 47.6534, 47.6534
6.93695, 336, 316.566, 47.5549, 18.3848, 19.4337, 0, 47.5549, 47.5578, 316.563, 47.5549, 47.5549, 47.5549, 47.5549, 47.5549, 47.5549, 47.5549, 47.5549, 47.5549, 47.5549, 47.5549, 47.5549, 47.5549, 47.5549, 47.5549
6.94483, 352, 362.734, 47.4348, 18.8149, -10.7337, 0, 47.4349, 47.4375, 362.731, 47.4348, 47.4348, 47.4348, 47.4348, 47.4348, 47.4348, 47.4348, 47.4348, 47.4348, 47.4348, 47.4348, 47.4348, 47.4348, 47.4348, 47.4348
6.95271, 442, 412.912, 47.2888, 21.0713, 29.0882, 0, 47.2888, 47.2913, 412.909, 47.2888, 47.2888, 47.2888, 47.2888, 47.2888, 47.2888, 47.2888, 47.2888, 47.2888, 47.2888, 47.2888, 47.2888, 47.2888, 47.2888, 47.2888
6.9606, 466, 466.592, 47.1118, 21.6333, -0.591736, 0, 47.1118, 47.1141, 466.589, 47.1118, 47.1118, 47.1118, 47.1118, 47.1118, 47.1118, 47.1118, 47.1118, 47.1118, 47.1118, 47.1118, 47.1118, 47.1118, 47.1118, 47.1118
6.96848, 542, 523.069, 46.8988, 23.3238, 18.9308, 0, 46.8988, 46.9009, 523.067, 46.8988, 46.8988, 46.8988, 46.8988, 46.8988, 46.8988, 46.8988, 46.8988, 46.8988, 46.8988, 46.8988, 46.8988, 46.8988, 46.8988, 46.8988
6.97637, 538, 581.448, 46.644, 23.2379, -43.4481, 0, 46.644, 46.6459, 581.446, 46.644, 46.644, 46.644, 46.644, 46.644, 46.644, 46.644, 46.644, 46.644, 46.644, 46.644, 46.644, 46.644, 46.644, 46.644
6.98425, 648, 640.656, 46.3415, 25.4951, 7.34436, 0, 46.3415, 46.3432, 640.654, 46.3415, 46.3415, 46.3415, 46.3415, 46.3415, 46.3415, 46.3415, 46.3415, 46.3415, 46.3415, 46.3415, 46.3415, 46.3415, 46.3415, 46.3415
6.99213, 682, 699.472, 45.9853, 26.1534, -17.4725, 0, 45.9853, 45.9868, 699.471, 45.9853, 45.9853, 45.9853, 45.9853, 45.9853, 45.9853, 45.9853, 45.9853, 45.9853, 45.9853, 45.9853, 45.9853, 45.9853, 45.9853, 45.9853
7.00002, 694, 757.172, 46.1901, 26.3818, -63.1722, 0, 46.1901, 46.1914, 757.171, 46.1901, 46.1901, 46.1901, 46.1901, 46.1901, 46.1901, 46.1901, 46.1901, 46.1901, 46.1901, 46.1901, 46.1901, 46.1901, 46.1901, 46.1901
7.0079, 736, 810.582, 45.1682, 27.1662, -74.582, 0, 45.1682, 45.1693, 810.581, 45.1682, 45.1682, 45.1682, 45.1682, 45.1682, 45.1682, 45.1682, 45.1682, 45.1682, 45.1682, 45.1682, 45.1682, 45.1682, 45.1682, 45.1682
7.01579, 832, 859.466, 44.0898, 28.8791, -27.4655, 0, 44.0898, 44.0908, 859.464, 44.0898, 44.0898, 44.0898, 44.0898, 44.0898, 44.0898, 44.0898, 44.0898, 44.0898, 44.0898, 44.0898, 44.0898, 44.0898, 44.0898, 44.0898
7.02367, 804, 902.462, 42.9578, 28.3901, -98.4624, 0, 42.9578, 42.9587, 902.462, 42.9578, 42.9578, 42.9578, 42.9578, 42.9578, 42.9578, 42.9578, 42.9578, 42.9578, 42.9578, 42.9578, 42.9578, 42.9578, 42.9578, 42.9578
7.03155, 924, 938.331, 41.7742, 30.4302, -14.3314, 0, 41.7743, 41.775, 938.331, 41.7742, 41.7742, 41.7742, 41.7742, 41.7742, 41.7742, 41.7742, 41.7742, 41.7742, 41.7742, 41.7742, 41.7742, 41.7742, 41.7742, 41.7742
7.03944, 916, 965.998, 40.5437, 30.2985, -49.998, 0, 40.5437, 40.5443, 965.997, 40.5437, 40.5437, 40.5437, 40.5437, 40.5437, 40.5437, 40.5437, 40.5437, 40.5437, 40.5437, 40.5437, 40.5437, 40.5437, 40.5437, 40.5437
7.04732, 1020, 984.617, 39.2721, 31.9687, 35.3828, 0, 39.2721, 39.2727, 984.617, 39.2721, 39.2721, 39.2721, 39.2721, 39.2721, 39.2721, 39.2721, 39.2721, 39.2721, 39.2721, 39.2721, 39.2721, 39.2721, 39.2721, 39.2721
7.0552, 1002, 993.599, 37.9672, 31.686, 8.40125, 0, 37.9672, 37.9677, 993.598, 37.9672, 37.9672, 37.9672, 37.9672, 37.9672, 37.9672, 37.9672, 37.9672, 37.9672, 37.9672, 37.9672, 37.9672, 37.9672, 37.9672, 37.9672
7.06309, 924, 992.653, 36.6375, 30.4302, -68.6531, 0, 36.6375, 36.6378, 992.653, 36.6375, 36.6375, 36.6375, 36.6375, 36.6375, 36.6375, 36.6375, 36.6375, 36.6375, 36.6375, 36.6375, 36.6375, 36.6375, 36.6375, 36.6375
7.07097, 896, 981.796, 35.2923, 29.9666, -85.7961, 0, 35.2923, 35.2926, 981.796, 35.2923, 35.2923, 35.2923, 35.2923, 35.2923, 35.2923, 35.2923, 35.2923, 35.2923, 35.2923, 35.2923, 35.2923, 35.2923, 35.2923, 35.2923
7.07886, 848, 961.355, 33.9427, 29.1548, -113.355, 0, 33.9427, 33.9429, 961.355, 33.9427, 33.9427, 33.9427, 33.9427, 33.9427, 33.9427, 33.9427, 33.9427, 33.9427, 33.9427, 33.9427, 33.9427, 33.9427, 33.9427, 33.9427
7.08674, 848, 931.94, 32.6, 29.1548, -83.9402, 0, 32.6, 32.6002, 931.94, 32.6, 32.6, 32.6, 32.6, 32.6, 32.6, 32.6, 32.6, 32.6, 32.6, 32.6, 32.6, 32.6, 32.6, 32.6
7.09462, 882, 894.424, 31.2762, 29.7321, -12.4241, 0, 31.2763, 31.2764, 894.424, 31.2762, 31.2762, 31.2762, 31.2762, 31.2762, 31.2762, 31.2762, 31.2762, 31.2762, 31.2762, 31.2762, 31.2762, 31.2762, 31.2762, 31.2762
7.10251, 760, 849.891, 29.9855, 27.6043, -89.8914, 0, 29.9855, 29.9857, 849.891, 29.9855, 29.9855, 29.9855, 29.9855, 29.9855, 29.9855, 29.9855, 29.9855, 29.9855, 29.9855, 29.9855, 29.9855, 29.9855, 29.9855, 29.9855
7.11039, 768, 799.589, 28.7347, 27.7489, -31.5891, 0, 28.7347, 28.7349, 799.589, 28.7347, 28.7347, 28.7347, 28.7347, 28.7347, 28.7347, 28.7347, 28.7347, 28.7347, 28.7347, 28.7347, 28.7347, 28.7347, 28.7347, 28.7347
7.11827, 650, 744.862, 27.5332, 25.5343, -94.8618, 0, 27.5332, 27.5333, 744.862, 27.5332, 27.5332, 27.5332, 27.5332, 27.5332, 27.5332, 27.5332, 27.5332, 27.5332, 27.5332, 27.5332, 27.5332, 27.5332, 27.5332, 27.5332
7.12616, 660, 687.099, 26.3898, 25.7294, -27.0991, 0, 26.3898, 26.3899, 687.099, 26.3898, 26.3898, 26.3898, 26.3898, 26.3898, 26.3898, 26.3898, 26.3898, 26.3898, 26.3898, 26.3898, 26.3898, 26.3898, 26.3898, 26.3898
7.13404, 608, 627.675, 25.3118, 24.6982, -19.6748, 0, 25.3119, 25.3119, 627.675, 25.3118, 25.3118, 25.3118, 25.3118, 25.3118, 25.3118, 25.3118, 25.3118, 25.3118, 25.3118, 25.3118, 25.3118, 25.3118, 25.3119, 25.3118
7.14193, 552, 567.905, 24.3147, 23.5372, -15.9047, 0, 24.3147, 24.3148, 567.905, 24.3147, 24.3147, 24.3147, 24.3147, 24.3147, 24.3147, 24.3147, 24.3147, 24.3147, 24.3147, 24.3147, 24.3147, 24.3147, 24.3147, 24.3147
7.14981, 504, 508.967, 23.3899, 22.4944, -4.96747, 0, 23.3899, 23.39, 508.967, 23.3899, 23.3899, 23.3899, 23.3899, 23.3899, 23.3899, 23.3899, 23.3899, 23.3899, 23.3899, 23.3899, 23.3899, 23.3899, 23.3899, 23.3899
7.15769, 416, 451.903, 22.5383, 20.445, -35.9029, 0, 22.5384, 22.5384, 451.903, 22.5383, 22.5383, 22.5383, 22.5383, 22.5383, 22.5383, 22.5383, 22.5383, 22.5383, 22.5383, 22.5383, 22.5383, 22.5383, 22.5384, 22.5383
7.16558, 326, 397.59, 21.7577, 18.1108, -71.5898, 0, 21.7578, 21.7578, 397.59, 21.7577, 21.7577, 21.7577, 21.7577, 21.7577, 21.7577, 21.7577, 21.7577, 21.7577, 21.7577, 21.7577, 21.7577, 21.7577, 21.7578, 21.7577
7.17346, 332, 346.702, 21.0448, 18.2757, -14.7019, 0, 21.0448, 21.0449, 346.702, 21.0448, 21.0448, 21.0448, 21.0448, 21.0448, 21.0448, 21.0448, 21.0448, 21.0448, 21.0448, 21.0448, 21.0448, 21.0448, 21.0448, 21.0448
7.18135, 276, 299.737, 20.3957, 16.6733, -23.7371, 0, 20.3957, 20.3958, 299.737, 20.3957, 20.3957, 20.3957, 20.3957, 20.3957, 20.3957, 20.3957, 20.3957, 20.3957, 20.3957, 20.3957, 20.3957, 20.3957, 20.3958, 20.3957
7.18923, 230, 257.017, 19.8051, 15.2315, -27.0167, 0, 19.8051, 19.8052, 257.017, 19.8051, 19.8051, 19.8051, 19.8051, 19.8051, 19.8051, 19.8051, 19.8051, 19.8051, 19.8051, 19.8051, 19.8051, 19.8051, 19.8052, 19.8051
7.19711, 220, 218.687, 19.2674, 14.8997, 1.31305, 0, 19.2674, 19.2675, 218.687, 19.2674, 19.2674, 19.2674, 19.2674, 19.2674, 19.2674, 19.2674, 19.2674, 19.2674, 19.2674, 19.2674, 19.2674, 19.2674, 19.2675, 19.2674
7.205, 184, 184.753, 18.7762, 13.6382, -0.752548, 0, 18.7763, 18.7763, 184.752, 18.7762, 18.7762, 18.7762, 18.7762, 18.7762, 18.7762, 18.7762, 18.7762, 18.7762, 18.7762, 18.7762, 18.7762, 18.7762, 18.7763, 18.7762
7.21288, 150, 155.087, 18.3254, 12.3288, -5.08734, 0, 18.3254, 18.3254, 155.087, 18.3254, 18.3254, 18.3254, 18.3254, 18.3254, 18.3254, 18.3254, 18.3254, 18.3254, 18.3254, 18.3254, 18.3254, 18.3254, 18.3255, 18.3254
7.22076, 108, 129.48, 17.9091, 10.4881, -21.4801, 0, 17.9092, 17.9092, 129.48, 17.9091, 17.9091, 17.9091, 17.9091, 17.9091, 17.9091, 17.9091, 17.9091, 17.9091, 17.9091, 17.9091, 17.9091, 17.9091, 17.9093, 17.9091
7.22865, 106, 107.639, 17.5219, 10.3923, -1.63911, 0, 17.5219, 17.5219, 107.639, 17.5219, 17.5219, 17.5219, 17.5219, 17.5219, 17.5219, 17.5219, 17.5219, 17.5219, 17.5219, 17.5219, 17.5219, 17.5219, 17.522, 17.5219
7.23653, 84, 89.2241, 17.1565, 9.27362, -5.22412, 0, 17.1565, 17.1566, 89.2238, 17.1565, 17.1565, 17.1565, 17.1565, 17.1565, 17.1565, 17.1565, 17.1565, 17.1565, 17.1565, 17.1565, 17.1565, 17.1565, 17.1567, 17.1565
7.24442, 98, 73.8726, 16.8076, 10, 24.1274, 0, 16.8077, 16.8077, 73.8723, 16.8076, 16.8076, 16.8076, 16.8076, 16.8076, 16.8076, 16.8076, 16.8076, 16.8076, 16.8076, 16.8076, 16.8076, 16.8076, 16.8079, 16.8076
7.2523, 86, 61.2123, 16.471, 9.38083, 24.7877, 0, 16.471, 16.4711, 61.2119, 16.471, 16.471, 16.471, 16.471, 16.471, 16.471, 16.471, 16.471, 16.471, 16.471, 16.471, 16.471, 16.471, 16.4713, 16.471
7.26018, 46, 50.8749, 16.141, 6.9282, -4.87487, 0, 16.1411, 16.1411, 50.8744, 16.141, 16.141, 16.141, 16.141, 16.141, 16.141, 16.141, 16.141, 16.141, 16.141, 16.141, 16.141, 16.141, 16.1414, 16.141
7.26807, 26, 42.5138, 15.8136, 5.2915, -16.5138, 0, 15.8136, 15.8137, 42.5133, 15.8136, 15.8136, 15.8136, 15.8136, 15.8136, 15.8136, 15.8136, 15.8136, 15.8136, 15.8136, 15.8136, 15.8136, 15.8136, 15.8141, 15.8136
7.27595, 32, 35.8106, 15.4863, 5.83095, -3.81059, 0, 15.4863, 15.4863, 35.81, 15.4863, 15.4863, 15.4863, 15.4863, 15.4863, 15.4863, 15.4863, 15.4863, 15.4863, 15.4863, 15.4863, 15.4863, 15.4863, 15.4867, 15.4863
7.28384, 20, 30.4772, 15.157, 4.69042, -10.4772, 0, 15.157, 15.1571, 30.4766, 15.157, 15.157, 15.157, 15.157, 15.157, 15.157, 15.157, 15.157, 15.157, 15.157, 15.157, 15.157, 15.157, 15.1576, 15.157
7.29172, 30, 26.2596, 14.8237, 5.65685, 3.74035, 0, 14.8237, 14.8238, 26.2589, 14.8237, 14.8237, 14.8237, 14.8237, 14.8237, 14.8237, 14.8237, 14.8237, 14.8237, 14.8237, 14.8237, 14.8237, 14.8237, 14.8244, 14.8237
7.2996, 16, 22.6109, 14.1572, 4.24264, -6.61091, 0, 14.1572, 14.1573, 22.6101, 14.1572, 14.1572, 14.1572, 14.1572, 14.1572, 14.1572, 14.1572, 14.1572, 14.1572, 14.1572, 14.1572, 14.1572, 14.1572, 14.1579, 14.1572
7.30749, 26, 20.0367, 13.8478, 5.2915, 5.96333, 0, 13.8478, 13.8479, 20.0358, 13.8478, 13.8478, 13.8478, 13.8478, 13.8478, 13.8478, 13.8478, 13.8478, 13.8478, 13.8478, 13.8478, 13.8478, 13.8478, 13.8486, 13.8478
7.31537, 4, 18.0505, 13.5633, 2.44949, -14.0505, 0, 13.5633, 13.5634, 18.0495, 13.5633, 13.5633, 13.5633, 13.5633, 13.5633, 13.5633, 13.5633, 13.5633, 13.5633, 13.5633, 13.5633, 13.5633, 13.5633, 13.5642, 13.5633
7.32326, 6, 16.503, 13.2809, 2.82843, -10.503, 0, 13.2809, 13.281, 16.502, 13.2809, 13.2809, 13.2809, 13.2809, 13.2809, 13.2809, 13.2809, 13.2809, 13.2809, 13.2809, 13.2809, 13.2809, 13.2809, 13.2819, 13.2809
7.33114, 14, 15.2932, 13.0015, 4, -1.29317, 0, 13.0015, 13.0016, 15.2921, 13.0015, 13.0015, 13.0015, 13.0015, 13.0015, 13.0015, 13.0015, 13.0015, 13.0015, 13.0015, 13.0015, 13.0015, 13.0015, 13.0025, 13.0015
7.33902, 14, 14.3404, 12.726, 4, -0.340431, 0, 12.726, 12.7261, 14.3393, 12.726, 12.726, 12.726, 12.726, 12.726, 12.726, 12.726, 12.726, 12.726, 12.726, 12.726, 12.726, 12.726, 12.7271, 12.726
7.34691, 12, 13.579, 12.4524, 3.74166, -1.57903, 0, 12.4524, 12.4525, 13.5778, 12.4524, 12.4524, 12.4524, 12.4524, 12.4524, 12.4524, 12.4524, 12.4524, 12.4524, 12.4524, 12.4524, 12.4524, 12.4524, 12.4536, 12.4524
7.35479, 8, 12.9607, 12.1818, 3.16228, -4.9607, 0, 12.1818, 12.1819, 12.9594, 12.1818, 12.1818, 12.1818, 12.1818, 12.1818, 12.1818, 12.1818, 12.1818, 12.1818, 12.1818, 12.1818, 12.1818, 12.1818, 12.183, 12.1818
7.36267, 14, 12.5667, 12.0331, 4, 1.43333, 0, 12.0331, 12.0332, 12.5653, 12.0331, 12.0331, 12.0331, 12.0331, 12.0331, 12.0331, 12.0331, 12.0331, 12.0331, 12.0331, 12.0331, 12.0331, 12.0331, 12.0344, 12.0331
7.37056, 16, 12.2467, 11.8846, 4.24264, 3.75328, 0, 11.8846, 11.8846, 12.2453, 11.8846, 11.8846, 11.8846, 11.8846, 11.8846, 11.8846, 11.8846, 11.8846, 11.8846, 11.8846, 11.8846, 11.8846, 11.8846, 11.8859, 11.8846
7.37844, 22, 11.9806, 11.7369, 4.89898, 10.0194, 0, 11.7369, 11.737, 11.9791, 11.7369, 11.7369, 11.7369, 11.7369, 11.7369, 11.7369, 11.7369, 11.7369, 11.7369, 11.7369, 11.7369, 11.7369, 11.7369, 11.7382, 11.7369
7.38633, 8, 11.7512, 11.5886, 3.16228, -3.75123, 0, 11.5886, 11.5887, 11.7497, 11.5886, 11.5886, 11.5886, 11.5886, 11.5886, 11.5886, 11.5886, 11.5886, 11.5886, 11.5886, 11.5886, 11.5886, 11.5886, 11.59, 11.5886
7.39421, 16, 11.5444, 11.4366, 4.24264, 4.4556, 0, 11.4366, 11.4367, 11.5428, 11.4366, 11.4366, 11.4366, 11.4366, 11.4366, 11.4366, 11.4366, 11.4366, 11.4366, 11.4366, 11.4366, 11.4366, 11.4366, 11.4381, 11.4366
7.40209, 16, 11.3511, 11.2802, 4.24264, 4.64889, 0, 11.2802, 11.2802, 11.3495, 11.2802, 11.2802, 11.2802, 11.2802, 11.2802, 11.2802, 11.2802, 11.2802, 11.2802, 11.2802, 11.2802, 11.2802, 11.2802, 11.2817, 11.2802
7.40998, 16, 11.1656, 11.119, 4.24264, 4.83444, 0, 11.119, 11.1191, 11.1638, 11.119, 11.119, 11.119, 11.119, 11.119, 11.119, 11.119, 11.119, 11.119, 11.119, 11.119, 11.119, 11.119, 11.1206, 11.119
7.41786, 20, 10.9845, 10.954, 4.69042, 9.01546, 0, 10.954, 10.9541, 10.9827, 10.954, 10.954, 10.954, 10.954, 10.954, 10.954, 10.954, 10.954, 10.954, 10.954, 10.954, 10.954, 10.954, 10.9557, 10.954
7.42574, 12, 10.8065, 10.7863, 3.74166, 1.19353, 0, 10.7863, 10.7863, 10.8045, 10.7863, 10.7863, 10.7863, 10.7863, 10.7863, 10.7863, 10.7863, 10.7863, 10.7863, 10.7863, 10.7863, 10.7863, 10.7863, 10.7881, 10.7863
7.43363, 18, 10.6256, 10.6119, 4.47214, 7.37441, 0, 10.6119, 10.612, 10.6234, 10.6119, 10.6119, 10.6119, 10.6119, 10.6119, 10.6119, 10.6119, 10.6119, 10.6119, 10.6119, 10.6119, 10.6119, 10.6119, 10.614, 10.6119
7.44151, 12, 10.4392, 10.4296, 3.74166, 1.56077, 0, 10.4296, 10.4297, 10.4368, 10.4296, 10.4296, 10.4296, 10.4296, 10.4296, 10.4296, 10.4296, 10.4296, 10.4296, 10.4296, 10.4296, 10.4296, 10.4296, 10.432, 10.4296
7.4494, 2, 10.2474, 10.2402, 2, -8.24743, 0, 10.2402, 10.2403, 10.2446, 10.2402, 10.2402, 10.2402, 10.2402, 10.2402, 10.2402, 10.2402, 10.2402, 10.2402, 10.2402, 10.2402, 10.2402, 10.2402, 10.2429, 10.2402
7.45728, 10, 10.0516, 10.0456, 3.4641, -0.0515785, 0, 10.0456, 10.0457, 10.0483, 10.0456, 10.0456, 10.0456, 10.0456, 10.0456, 10.0456, 10.0456, 10.0456, 10.0456, 10.0456, 10.0456, 10.0456, 10.0456, 10.0488, 10.0456
7.46516, 12, 9.85364, 9.84818, 3.74166, 2.14636, 0, 9.84819, 9.84828, 9.84982, 9.84818, 9.84818, 9.84818, 9.84818, 9.84818, 9.84818, 9.84818, 9.84818, 9.84818, 9.84818, 9.84818, 9.84818, 9.84818, 9.8519, 9.84818
7.47305, 10, 9.65586, 9.65036, 3.4641, 0.344135, 0, 9.65037, 9.65045, 9.65134, 9.65036, 9.65036, 9.65036, 9.65036, 9.65036, 9.65036, 9.65036, 9.65036, 9.65036, 9.65036, 9.65036, 9.65036, 9.65036, 9.65478, 9.65036
7.48093, 12, 9.46051, 9.45455, 3.74166, 2.53949, 0, 9.45455, 9.45464, 9.45513, 9.45455, 9.45455, 9.45455, 9.45455, 9.45455, 9.45455, 9.45455, 9.45455, 9.45455, 9.45455, 9.45455, 9.45455, 9.45455, 9.45982, 9.45455
7.48882, 12, 9.41545, 9.4087, 3.74166, 2.58455, 0, 9.40871, 9.4088, 9.40905, 9.4087, 9.4087, 9.4087, 9.4087, 9.4087, 9.4087, 9.4087, 9.4087, 9.4087, 9.4087, 9.4087, 9.4087, 9.4087, 9.41499, 9.4087
7.4967, 10, 9.37078, 9.36297, 3.4641, 0.629222, 0, 9.36298, 9.36306, 9.36317, 9.36297, 9.36297, 9.36297, 9.36297, 9.36297, 9.36297, 9.36297, 9.36297, 9.36297, 9.36297, 9.36297, 9.36297, 9.36297, 9.37047, 9.36297
7.50458, 10, 9.32647, 9.31734, 3.4641, 0.673526, 0, 9.31735, 9.31744, 9.31746, 9.31734, 9.31734, 9.31734, 9.31734, 9.31734, 9.31734, 9.31734, 9.31734, 9.31734, 9.31734, 9.31735, 9.31734, 9.31734, 9.32625, 9.31734
7.51247, 6, 9.28252, 9.27184, 2.82843, -3.28252, 0, 9.27184, 9.27193, 9.2719, 9.27184, 9.27184, 9.27184, 9.27184, 9.27184, 9.27184, 9.27184, 9.27184, 9.27184, 9.27184, 9.27184, 9.27184, 9.27184, 9.28234, 9.27184
7.52035, 8, 9.23889, 9.22644, 3.16228, -1.23889, 0, 9.22645, 9.22654, 9.22647, 9.22644, 9.22644, 9.22644, 9.22644, 9.22644, 9.22644, 9.22644, 9.22644, 9.22644, 9.22644, 9.22644, 9.22644, 9.22644, 9.23875, 9.22644
7.52823, 12, 9.19558, 9.18115, 3.74166, 2.80442, 0, 9.18116, 9.18125, 9.18116, 9.18115, 9.18115, 9.18115, 9.18115, 9.18115, 9.18115, 9.18115, 9.18115, 9.18115, 9.18115, 9.18115, 9.18115, 9.18115, 9.19547, 9.18115
7.53612, 4, 9.15259, 9.13597, 2.44949, -5.15259, 0, 9.13598, 9.13608, 9.13598, 9.13597, 9.13597, 9.13597, 9.13597, 9.13597, 9.13597, 9.13597, 9.13597, 9.13597, 9.13597, 9.13597, 9.13597, 9.13597, 9.15247, 9.13597
7.544, 10, 9.10987, 9.09091, 3.4641, 0.890125, 0, 9.09092, 9.09101, 9.09091, 9.09091, 9.09091, 9.09091, 9.09091, 9.09091, 9.09091, 9.09091, 9.09091, 9.09091, 9.09091, 9.09091, 9.09091, 9.09091, 9.10976, 9.09091
7.55189, 16, 9.09189, 9.07045, 4.24264, 6.90811, 0, 9.07045, 9.07055, 9.07045, 9.07045, 9.07045, 9.07045, 9.07045, 9.07045, 9.07045, 9.07045, 9.07045, 9.07045, 9.07045, 9.07045, 9.07045, 9.07045, 9.09178, 9.07045
7.55977, 6, 9.07381, 9.04978, 2.82843, -3.07381, 0, 9.04979, 9.04989, 9.04978, 9.04978, 9.04978, 9.04978, 9.04978, 9.04978, 9.04978, 9.04978, 9.04978, 9.04978, 9.04978, 9.04979, 9.04978, 9.04978, 9.07369, 9.04978
7.56765, 10, 9.0558, 9.02915, 3.4641, 0.944201, 0, 9.02915, 9.02925, 9.02915, 9.02915, 9.02915, 9.02915, 9.02915, 9.02915, 9.02915, 9.02915, 9.02915, 9.02915, 9.02915, 9.02915, 9.02915, 9.02915, 9.05568, 9.02915
7.57554, 10, 9.03802, 9.00874, 3.4641, 0.961978, 0, 9.00875, 9.00885, 9.00874, 9.00874, 9.00874, 9.00874, 9.00874, 9.00874, 9.00874, 9.00874, 9.00874, 9.00874, 9.00874, 9.00874, 9.00874, 9.00874, 9.0379, 9.00874
7.58342, 8, 9.02001, 8.98816, 3.16228, -1.02001, 0, 8.98816, 8.98827, 8.98816, 8.98816, 8.98816, 8.98816, 8.98816, 8.98816, 8.98816, 8.98816, 8.98816, 8.98816, 8.98816, 8.98816, 8.98816, 8.98816, 9.01988, 8.98816
7.59131, 18, 9.00189, 8.96759, 4.47214, 8.99811, 0, 8.9676, 8.96771, 8.96759, 8.96759, 8.96759, 8.96759, 8.96759, 8.96759, 8.96759, 8.96759, 8.96759, 8.96759, 8.96759, 8.96759, 8.96759, 8.96759, 9.00177, 8.96759
7.59919, 4, 8.98382, 8.94725, 2.44949, -4.98382, 0, 8.94726, 8.94737, 8.94725, 8.94725, 8.94725, 8.94725, 8.94725, 8.94725, 8.94725, 8.94725, 8.94725, 8.94725, 8.94725, 8.94725, 8.94725, 8.94725, 8.98369, 8.94725
7.60707, 14, 8.96534, 8.92674, 4, 5.03466, 0, 8.92674, 8.92686, 8.92674, 8.92674, 8.92674, 8.92674, 8.92674, 8.92674, 8.92674, 8.92674, 8.92674, 8.92674, 8.92674, 8.92674, 8.92674, 8.92674, 8.96521, 8.92674
7.61496, 16, 8.9466, 8.90625, 4.24264, 7.0534, 0, 8.90626, 8.90638, 8.90625, 8.90625, 8.90625, 8.90625, 8.90625, 8.90625, 8.90625, 8.90625, 8.90625, 8.90625, 8.90625, 8.90625, 8.90625, 8.90625, 8.94646, 8.90625
7.62284, 14, 8.92771, 8.88596, 4, 5.07229, 0, 8.88597, 8.8861, 8.88596, 8.88596, 8.88596, 8.88596, 8.88596, 8.88596, 8.88596, 8.88596, 8.88596, 8.88596, 8.88596, 8.88597, 8.88596, 8.88596, 8.92757, 8.88596
7.63072, 12, 8.90829, 8.86553, 3.74166, 3.09171, 0, 8.86554, 8.86567, 8.86553, 8.86553, 8.86553, 8.86553, 8.86553, 8.86553, 8.86553, 8.86553, 8.86553, 8.86553, 8.86553, 8.86553, 8.86553, 8.86553, 8.90814, 8.86553
7.63861, 6, 8.88848, 8.84512, 2.82843, -2.88848, 0, 8.84513, 8.84526, 8.84512, 8.84512, 8.84512, 8.84512, 8.84512, 8.84512, 8.84512, 8.84512, 8.84512, 8.84512, 8.84512, 8.84512, 8.84512, 8.84512, 8.88833, 8.84512
7.64649, 6, 8.86843, 8.82489, 2.82843, -2.86843, 0, 8.8249, 8.82504, 8.82489, 8.82489, 8.82489, 8.82489, 8.82489, 8.82489, 8.82489, 8.82489, 8.82489, 8.82489, 8.82489, 8.82489, 8.82489, 8.82489, 8.86827, 8.82489
7.65438, 10, 8.84781, 8.80453, 3.4641, 1.15219, 0, 8.80454, 8.80469, 8.80453, 8.80453, 8.80453, 8.80453, 8.80453, 8.80453, 8.80453, 8.80453, 8.80453, 8.80453, 8.80453, 8.80453, 8.80453, 8.80453, 8.84764, 8.80453
7.66226, 8, 8.82679, 8.7842, 3.16228, -0.826793, 0, 8.7842, 8.78437, 8.7842, 8.7842, 8.7842, 8.7842, 8.7842, 8.7842, 8.7842, 8.7842, 8.7842, 8.7842, 8.7842, 8.7842, 8.7842, 8.7842, 8.82661, 8.7842
7.67014, 18, 8.80554, 8.76403, 4.47214, 9.19446, 0, 8.76404, 8.76421, 8.76403, 8.76403, 8.76403, 8.76403, 8.76403, 8.76403, 8.76403, 8.76403, 8.76403, 8.76403, 8.76403, 8.76403, 8.76403, 8.76403, 8.80534, 8.76403
7.67803, 6, 8.7838, 8.74374, 2.82843, -2.7838, 0, 8.74375, 8.74394, 8.74374, 8.74374, 8.74374, 8.74374, 8.74374, 8.74374, 8.74374, 8.74374, 8.74374, 8.74374, 8.74374, 8.74375, 8.74374, 8.74374, 8.78359, 8.74374
7.68591, 14, 8.76176, 8.72348, 4, 5.23824, 0, 8.72349, 8.7237, 8.72348, 8.72348, 8.72348, 8.72348, 8.72348, 8.72348, 8.72348, 8.72348, 8.72348, 8.72348, 8.72348, 8.72349, 8.72348, 8.72348, 8.76153, 8.72348
7.69379, 8, 8.73959, 8.70338, 3.16228, -0.739588, 0, 8.70339, 8.70361, 8.70338, 8.70338, 8.70338, 8.70338, 8.70338, 8.70338, 8.70338, 8.70338, 8.70338, 8.70338, 8.70338, 8.70338, 8.70338, 8.70338, 8.73935, 8.70338
7.70168, 10, 8.7171, 8.68317, 3.4641, 1.2829, 0, 8.68318, 8.68342, 8.68317, 8.68317, 8.68317, 8.68317, 8.68317, 8.68317, 8.68317, 8.68317, 8.68317, 8.68317, 8.68317, 8.68317, 8.68317, 8.68317, 8.71684, 8.68317
7.70956, 6, 8.69447, 8.66298, 2.82843, -2.69447, 0, 8.66299, 8.66325, 8.66298, 8.66298, 8.66298, 8.66298, 8.66298, 8.66298, 8.66298, 8.66298, 8.66298, 8.66298, 8.66298, 8.66298, 8.66298, 8.66298, 8.69419, 8.66298
7.71745, 10, 8.67188, 8.64295, 3.4641, 1.32812, 0, 8.64296, 8.64324, 8.64295, 8.64295, 8.64295, 8.64295, 8.64295, 8.64295, 8.64295, 8.64295, 8.64295, 8.64295, 8.64295, 8.64295, 8.64295, 8.64295, 8.67158, 8.64295
7.72533, 10, 8.64915, 8.62281, 3.4641, 1.35085, 0, 8.62282, 8.62312, 8.62281, 8.62281, 8.62281, 8.62281, 8.62281, 8.62281, 8.62281, 8.62281, 8.62281, 8.62281, 8.62281, 8.62281, 8.62281, 8.62281, 8.64883, 8.62281
7.73321, 16, 8.62645, 8.60269, 4.24264, 7.37355, 0, 8.6027, 8.60303, 8.60269, 8.60269, 8.60269, 8.60269, 8.60269, 8.60269, 8.60269, 8.60269, 8.60269, 8.60269, 8.60269, 8.60269, 8.60269, 8.60269, 8.6261, 8.60269
7.7411, 6, 8.60395, 8.58273, 2.82843, -2.60395, 0, 8.58273, 8.58309, 8.58273, 8.58273, 8.58273, 8.58273, 8.58273, 8.58273, 8.58273, 8.58273, 8.58273, 8.58273, 8.58273, 8.58273, 8.58273, 8.58273, 8.60358, 8.58273
7.74898, 6, 8.58146, 8.56266, 2.82843, -2.58146, 0, 8.56267, 8.56304, 8.56266, 8.56266, 8.56266, 8.56266, 8.56266, 8.56266, 8.56266, 8.56266, 8.56266, 8.56266, 8.56266, 8.56266, 8.56266, 8.56266, 8.58106, 8.56266
7.75687, 4, 8.55911, 8.54261, 2.44949, -4.55911, 0, 8.54262, 8.54303, 8.54261, 8.54261, 8.54261, 8.54261, 8.54261, 8.54261, 8.54261, 8.54261, 8.54261, 8.54261, 8.54261, 8.54261, 8.54261, 8.54261, 8.55869, 8.54261
7.76475, 18, 8.53708, 8.52272, 4.47214, 9.46292, 0, 8.52273, 8.52315, 8.52272, 8.52272, 8.52272, 8.52272, 8.52272, 8.52272, 8.52272, 8.52272, 8.52272, 8.52272, 8.52272, 8.52272, 8.52272, 8.52272, 8.53663, 8.52272
7.77263, 8, 8.51512, 8.50272, 3.16228, -0.515116, 0, 8.50273, 8.50318, 8.50272, 8.50272, 8.50272, 8.50272, 8.50272, 8.50272, 8.50272, 8.50272, 8.50272, 8.50272, 8.50272, 8.50272, 8.50272, 8.50272, 8.51465, 8.50272
7.78052, 10, 8.49337, 8.48274, 3.4641, 1.50663, 0, 8.48275, 8.48322, 8.48274, 8.48274, 8.48274, 8.48274, 8.48274, 8.48274, 8.48274, 8.48274, 8.48274, 8.48274, 8.48274, 8.48275, 8.48274, 8.48274, 8.49288, 8.48274
7.7884, 6, 8.47197, 8.46292, 2.82843, -2.47197, 0, 8.46293, 8.46341, 8.46292, 8.46292, 8.46292, 8.46292, 8.46292, 8.46292, 8.46292, 8.46292, 8.46292, 8.46292, 8.46292, 8.46292, 8.46292, 8.46292, 8.47146, 8.46292
7.79628, 6, 8.45067, 8.44299, 2.82843, -2.45067, 0, 8.443, 8.4435, 8.44299, 8.44299, 8.44299, 8.44299, 8.44299, 8.44299, 8.44299, 8.44299, 8.44299, 8.44299, 8.44299, 8.44299, 8.44299, 8.44299, 8.45014, 8.44299
7.80417, 10, 8.42959, 8.42308, 3.4641, 1.57041, 0, 8.42309, 8.42361, 8.42308, 8.42308, 8.42308, 8.42308, 8.42308, 8.42308, 8.42308, 8.42308, 8.42308, 8.42308, 8.42308, 8.42309, 8.42308, 8.42308, 8.42905, 8.42308
7.81205, 4, 8.40905, 8.40353, 2.44949, -4.40905, 0, 8.40354, 8.40407, 8.40353, 8.40353, 8.40353, 8.40353, 8.40353, 8.40353, 8.40353, 8.40353, 8.40353, 8.40353, 8.40353, 8.40353, 8.40353, 8.40353, 8.40851, 8.40353
7.81994, 20, 8.38832, 8.38357, 4.69042, 11.6117, 0, 8.38358, 8.38411, 8.38357, 8.38357, 8.38357, 8.38357, 8.38357, 8.38357, 8.38357, 8.38357, 8.38357, 8.38357, 8.38357, 8.38357, 8.38357, 8.38357, 8.38776, 8.38357
7.82782, 8, 8.36781, 8.36364, 3.16228, -0.367807, 0, 8.36364, 8.36418, 8.36364, 8.36364, 8.36364, 8.36364, 8.36364, 8.36364, 8.36364, 8.36364, 8.36364, 8.36364, 8.36364, 8.36364, 8.36364, 8.36364, 8.36725, 8.36364
7.8357, 6, 8.39574, 8.39193, 2.82843, -2.39574, 0, 8.39194, 8.39247, 8.39193, 8.39193, 8.39193, 8.39193, 8.39193, 8.39193, 8.39193, 8.39193, 8.39193, 8.39193, 8.39193, 8.39193, 8.39193, 8.39193, 8.39518, 8.39193
7.84359, 6, 8.42339, 8.41971, 2.82843, -2.42339, 0, 8.41971, 8.42025, 8.41971, 8.41971, 8.41971, 8.41971, 8.41971, 8.41971, 8.41971, 8.41971, 8.41971, 8.41971, 8.41971, 8.41971, 8.41971, 8.41971, 8.42284, 8.41971
7.85147, 14, 8.45135, 8.44753, 4, 5.54865, 0, 8.44754, 8.44806, 8.44753, 8.44753, 8.44753, 8.44753, 8.44753, 8.44753, 8.44753, 8.44753, 8.44753, 8.44753, 8.44753, 8.44753, 8.44753, 8.44753, 8.45081, 8.44753
7.85936, 6, 8.48023, 8.47595, 2.82843, -2.48023, 0, 8.47596, 8.47647, 8.47595, 8.47595, 8.47595, 8.47595, 8.47595, 8.47595, 8.47595, 8.47595, 8.47595, 8.47595, 8.47595, 8.47595, 8.47595, 8.47595, 8.4797, 8.47595
7.86724, 6, 8.50902, 8.50387, 2.82843, -2.50902, 0, 8.50388, 8.50438, 8.50387, 8.50387, 8.50387, 8.50387, 8.50387, 8.50387, 8.50387, 8.50387, 8.50387, 8.50387, 8.50387, 8.50387, 8.50387, 8.50387, 8.5085, 8.50387
7.87512, 12, 8.53835, 8.53184, 3.74166, 3.46165, 0, 8.53185, 8.53233, 8.53184, 8.53184, 8.53184, 8.53184, 8.53184, 8.53184, 8.53184, 8.53184, 8.53184, 8.53184, 8.53184, 8.53184, 8.53184, 8.53184, 8.53785, 8.53184
7.88301, 12, 8.5681, 8.55957, 3.74166, 3.4319, 0, 8.55958, 8.56004, 8.55957, 8.55957, 8.55957, 8.55957, 8.55957, 8.55957, 8.55957, 8.55957, 8.55957, 8.55957, 8.55957, 8.55957, 8.55957, 8.55957, 8.56761, 8.55957
7.89089, 6, 8.59817, 8.58681, 2.82843, -2.59817, 0, 8.58682, 8.58726, 8.58681, 8.58681, 8.58681, 8.58681, 8.58681, 8.58681, 8.58681, 8.58681, 8.58681, 8.58681, 8.58681, 8.58681, 8.58681, 8.58681, 8.59771, 8.58681
7.89878, 10, 8.62935, 8.61409, 3.4641, 1.37065, 0, 8.6141, 8.61452, 8.61409, 8.61409, 8.61409, 8.61409, 8.61409, 8.61409, 8.61409, 8.61409, 8.61409, 8.61409, 8.61409, 8.61409, 8.61409, 8.61409, 8.62891, 8.61409
7.90666, 12, 8.66246, 8.64194, 3.74166, 3.33754, 0, 8.64195, 8.64235, 8.64194, 8.64194, 8.64194, 8.64194, 8.64194, 8.64194, 8.64194, 8.64194, 8.64194, 8.64194, 8.64194, 8.64194, 8.64194, 8.64194, 8.66204, 8.64194
7.91454, 8, 8.69679, 8.66932, 3.16228, -0.69679, 0, 8.66932, 8.6697, 8.66932, 8.66932, 8.66932, 8.66932, 8.66932, 8.66932, 8.66932, 8.66932, 8.66932, 8.66932, 8.66932, 8.66932, 8.66932, 8.66932, 8.69639, 8.66932
7.92243, 8, 8.7333, 8.69673, 3.16228, -0.733296, 0, 8.69674, 8.6971, 8.69673, 8.69673, 8.69673, 8.69673, 8.69673, 8.69673, 8.69673, 8.69673, 8.69673, 8.69673, 8.69673, 8.69673, 8.69673, 8.69673, 8.73292, 8.69673
7.93031, 20, 8.77176, 8.72348, 4.69042, 11.2282, 0, 8.72349, 8.72382, 8.72348, 8.72348, 8.72348, 8.72348, 8.72348, 8.72348, 8.72348, 8.72348, 8.72348, 8.72348, 8.72348, 8.72348, 8.72348, 8.72348, 8.77141, 8.72348
7.93819, 6, 8.81297, 8.74976, 2.82843, -2.81297, 0, 8.74977, 8.75008, 8.74976, 8.74976, 8.74976, 8.74976, 8.74976, 8.74976, 8.74976, 8.74976, 8.74976, 8.74976, 8.74976, 8.74976, 8.74976, 8.74976, 8.81264, 8.74976
7.94608, 6, 8.85807, 8.77608, 2.82843, -2.85807, 0, 8.77609, 8.77638, 8.77608, 8.77608, 8.77608, 8.77608, 8.77608, 8.77608, 8.77608, 8.77608, 8.77608, 8.77608, 8.77608, 8.77608, 8.77608, 8.77608, 8.85776, 8.77608
7.95396, 10, 8.90829, 8.80294, 3.4641, 1.09171, 0, 8.80295, 8.80322, 8.80294, 8.80294, 8.80294, 8.80294, 8.80294, 8.80294, 8.80294, 8.80294, 8.80294, 8.80294, 8.80294, 8.80294, 8.80294, 8.80294, 8.908, 8.80294
7.96185, 6, 8.96338, 8.82935, 2.82843, -2.96338, 0, 8.82936, 8.82961, 8.82935, 8.82935, 8.82935, 8.82935, 8.82935, 8.82935, 8.82935, 8.82935, 8.82935, 8.82935, 8.82935, 8.82935, 8.82935, 8.82935, 8.96311, 8.82935
7.96973, 14, 9.02459, 8.85571, 4, 4.97541, 0, 8.85572, 8.85596, 8.85571, 8.85571, 8.85571, 8.85571, 8.85571, 8.85571, 8.85571, 8.85571, 8.85571, 8.85571, 8.85571, 8.85571, 8.85571, 8.85571, 9.02433, 8.85571
7.97761, 14, 9.09179, 8.88111, 4, 4.90821, 0, 8.88112, 8.88134, 8.88111, 8.88111, 8.88111, 8.88111, 8.88111, 8.88111, 8.88111, 8.88111, 8.88111, 8.88111, 8.88111, 8.88111, 8.88111, 8.88111, 9.09154, 8.88111
7.9855, 18, 9.16627, 8.90604, 4.47214, 8.83373, 0, 8.90605, 8.90626, 8.90604, 8.90604, 8.90604, 8.90604, 8.90604, 8.90604, 8.90604, 8.90604, 8.90604, 8.90604, 8.90604, 8.90604, 8.90604, 8.90604, 9.16603, 8.90604
7.99338, 16, 9.24925, 8.93101, 4.24264, 6.75075, 0, 8.93102, 8.93122, 8.93101, 8.93101, 8.93101, 8.93101, 8.93101, 8.93101, 8.93101, 8.93101, 8.93101, 8.93101, 8.93101, 8.93101, 8.93101, 8.93101, 9.24902, 8.93101
8.00126, 18, 9.34178, 8.95647, 4.47214, 8.65822, 0, 8.95648, 8.95667, 8.95647, 8.95647, 8.95647, 8.95647, 8.95647, 8.95647, 8.95647, 8.95647, 8.95647, 8.95647, 8.95647, 8.95647, 8.95647, 8.95647, 9.34157, 8.95647
8.00915, 14, 9.4434, 8.98149, 4, 4.5566, 0, 8.9815, 8.98168, 8.98149, 8.98149, 8.98149, 8.98149, 8.98149, 8.98149, 8.98149, 8.98149, 8.98149, 8.98149, 8.98149, 8.98149, 8.98149, 8.98149, 9.4432, 8.98149
8.01703, 14, 9.55448, 9.00623, 4, 4.44552, 0, 9.00624, 9.00642, 9.00623, 9.00623, 9.00623, 9.00623, 9.00623, 9.00623, 9.00623, 9.00623, 9.00623, 9.00623, 9.00623, 9.00623, 9.00623, 9.00623, 9.55428, 9.00623
8.02492, 14, 9.67423, 9.02996, 4, 4.32577, 0, 9.02997, 9.03014, 9.02996, 9.02996, 9.02996, 9.02996, 9.02996, 9.02996, 9.02996, 9.02996, 9.02996, 9.02996, 9.02996, 9.02996, 9.02996, 9.02996, 9.67403, 9.02996
8.0328, 18, 9.80282, 9.05319, 4.47214, 8.19718, 0, 9.0532, 9.05337, 9.05319, 9.05319, 9.05319, 9.05319, 9.05319, 9.05319, 9.05319, 9.05319, 9.05319, 9.05319, 9.05319, 9.05319, 9.05319, 9.05319, 9.80263, 9.05319
8.04068, 8, 9.94003, 9.07645, 3.16228, -1.94003, 0, 9.07646, 9.07662, 9.07645, 9.07645, 9.07645, 9.07645, 9.07645, 9.07645, 9.07645, 9.07645, 9.07645, 9.07645, 9.07645, 9.07645, 9.07645, 9.07645, 9.93985, 9.07645
8.04857, 6, 10.0852, 9.1001, 2.82843, -4.08517, 0, 9.10011, 9.10028, 9.1001, 9.1001, 9.1001, 9.1001, 9.1001, 9.1001, 9.1001, 9.1001, 9.1001, 9.1001, 9.1001, 9.1001, 9.1001, 9.1001, 10.085, 9.1001
8.05645, 12, 10.2359, 9.12335, 3.74166, 1.76408, 0, 9.12336, 9.12352, 9.12335, 9.12335, 9.12335, 9.12335, 9.12335, 9.12335, 9.12335, 9.12335, 9.12335, 9.12335, 9.12335, 9.12335, 9.12335, 9.12335, 10.2357, 9.12335
8.06434, 16, 10.3903, 9.14609, 4.24264, 5.60969, 0, 9.1461, 9.14626, 9.14609, 9.14609, 9.14609, 9.14609, 9.14609, 9.14609, 9.14609, 9.14609, 9.14609, 9.14609, 9.14609, 9.14609, 9.14609, 9.14609, 10.3901, 9.14609
8.07222, 8, 10.5455, 9.16776, 3.16228, -2.54555, 0, 9.16777, 9.16793, 9.16776, 9.16776, 9.16776, 9.16776, 9.16776, 9.16776, 9.16776, 9.16776, 9.16776, 9.16776, 9.16776, 9.16776, 9.16776, 9.16776, 10.5454, 9.16776
8.0801, 6, 10.6996, 9.18891, 2.82843, -4.69964, 0, 9.18892, 9.18908, 9.18891, 9.18891, 9.18891, 9.18891, 9.18891, 9.18891, 9.18891, 9.18891, 9.18891, 9.18891, 9.18891, 9.18891, 9.18891, 9.18891, 10.6995, 9.18891
8.08799, 10, 10.8504, 9.21008, 3.4641, -0.850398, 0, 9.21009, 9.21025, 9.21008, 9.21008, 9.21008, 9.21008, 9.21008, 9.21008, 9.21008, 9.21008, 9.21008, 9.21008, 9.21008, 9.21008, 9.21008, 9.21008, 10.8502, 9.21008
8.09587, 16, 10.9952, 9.23156, 4.24264, 5.00483, 0, 9.23157, 9.23173, 9.23156, 9.23156, 9.23156, 9.23156, 9.23156, 9.23156, 9.23156, 9.23156, 9.23156, 9.23156, 9.23156, 9.23156, 9.23156, 9.23156, 10.995, 9.23156
8.10375, 20, 11.1303, 9.25265, 4.69042, 8.86967, 0, 9.25266, 9.25282, 9.25265, 9.25265, 9.25265, 9.25265, 9.25265, 9.25265, 9.25265, 9.25265, 9.25265, 9.25265, 9.25265, 9.25265, 9.25265, 9.25265, 11.1302, 9.25265
8.11164, 26, 11.2527, 9.27302, 5.2915, 14.7473, 0, 9.27303, 9.27319, 9.27302, 9.27302, 9.27302, 9.27302, 9.27302, 9.27302, 9.27302, 9.27302, 9.27302, 9.27302, 9.27302, 9.27303, 9.27302, 9.27302, 11.2525, 9.27302
8.11952, 12, 11.3592, 9.29229, 3.74166, 0.640778, 0, 9.2923, 9.29246, 9.29229, 9.29229, 9.29229, 9.29229, 9.29229, 9.29229, 9.29229, 9.29229, 9.29229, 9.29229, 9.29229, 9.29229, 9.29229, 9.29229, 11.359, 9.29229
8.12741, 22, 11.4481, 9.31101, 4.89898, 10.5519, 0, 9.31102, 9.31118, 9.31101, 9.31101, 9.31101, 9.31101, 9.31101, 9.31101, 9.31101, 9.31101, 9.31101, 9.31101, 9.31101, 9.31101, 9.31101, 9.31101, 11.4479, 9.31101
8.13529, 10, 11.518, 9.32975, 3.4641, -1.51799, 0, 9.32975, 9.32992, 9.32975, 9.32975, 9.32975, 9.32975, 9.32975, 9.32975, 9.32975, 9.32975, 9.32975, 9.32975, 9.32975, 9.32975, 9.32975, 9.32975, 11.5178, 9.32975
8.14317, 22, 11.5677, 9.3487, 4.89898, 10.4323, 0, 9.34871, 9.34887, 9.3487, 9.3487, 9.3487, 9.3487, 9.3487, 9.3487, 9.3487, 9.3487, 9.3487, 9.3487, 9.3487, 9.3487, 9.3487, 9.3487, 11.5675, 9.3487
8.15106, 20, 11.5957, 9.36729, 4.69042, 8.40432, 0, 9.3673, 9.36746, 9.36729, 9.36729, 9.36729, 9.36729, 9.36729, 9.36729, 9.36729, 9.36729, 9.36729, 9.36729, 9.36729, 9.36729, 9.36729, 9.36729, 11.5955, 9.36729
8.15894, 24, 11.6013, 9.38497, 5.09902, 12.3987, 0, 9.38498, 9.38515, 9.38497, 9.38497, 9.38497, 9.38497, 9.38497, 9.38497, 9.38497, 9.38497, 9.38497, 9.38497, 9.38497, 9.38497, 9.38497, 9.38497, 11.6011, 9.38497
8.16683, 2, 11.5846, 9.40151, 2, -9.5846, 0, 9.40152, 9.40168, 9.40151, 9.40151, 9.40151, 9.40151, 9.40151, 9.40151, 9.40151, 9.40151, 9.40151, 9.40151, 9.40151, 9.40151, 9.40151, 9.40151, 11.5844, 9.40151
8.17471, 20, 11.5472, 9.41748, 4.69042, 8.4528, 0, 9.41749, 9.41766, 9.41748, 9.41748, 9.41748, 9.41748, 9.41748, 9.41748, 9.41748, 9.41748, 9.41748, 9.41748, 9.41748, 9.41748, 9.41748, 9.41748, 11.547, 9.41748
8.18259, 6, 11.4912, 9.43346, 2.82843, -5.49122, 0, 9.43347, 9.43364, 9.43346, 9.43346, 9.43346, 9.43346, 9.43346, 9.43346, 9.43346, 9.43346, 9.43346, 9.43346, 9.43346, 9.43346, 9.43346, 9.43346, 11.491, 9.43346
8.19048, 18, 11.4188, 9.44958, 4.47214, 6.5812, 0, 9.44959, 9.44976, 9.44958, 9.44958, 9.44958, 9.44958, 9.44958, 9.44958, 9.44958, 9.44958, 9.44958, 9.44958, 9.44958, 9.44958, 9.44958, 9.44958, 11.4186, 9.44958
8.19836, 16, 11.3318, 9.46536, 4.24264, 4.66816, 0, 9.46537, 9.46554, 9.46536, 9.46536, 9.46536, 9.46536, 9.46536, 9.46536, 9.46536, 9.46536, 9.46536, 9.46536, 9.46536, 9.46536, 9.46536, 9.46536, 11.3317, 9.46536
8.20624, 10, 11.2323, 9.48006, 3.4641, -1.23229, 0, 9.48006, 9.48024, 9.48006, 9.48006, 9.48006, 9.48006, 9.48006, 9.48006, 9.48006, 9.48006, 9.48006, 9.48006, 9.48006, 9.48006, 9.48006, 9.48006, 11.2321, 9.48006
8.21413, 10, 11.1229, 9.49358, 3.4641, -1.12292, 0, 9.49359, 9.49377, 9.49358, 9.49358, 9.49358, 9.49358, 9.49358, 9.49358, 9.49358, 9.49358, 9.49358, 9.49358, 9.49358, 9.49358, 9.49358, 9.49358, 11.1227, 9.49358
8.22201, 4, 11.0072, 9.50652, 2.44949, -7.0072, 0, 9.50653, 9.50672, 9.50652, 9.50652, 9.50652, 9.50652, 9.50652, 9.50652, 9.50652, 9.50652, 9.50652, 9.50652, 9.50652, 9.50652, 9.50652, 9.50652, 11.007, 9.50652
8.2299, 12, 10.8886, 9.51947, 3.74166, 1.11145, 0, 9.51948, 9.51968, 9.51947, 9.51947, 9.51947, 9.51947, 9.51947, 9.51947, 9.51947, 9.51947, 9.51947, 9.51947, 9.51947, 9.51947, 9.51947, 9.51947, 10.8883, 9.51947
8.23778, 14, 10.7697, 9.53248, 4, 3.23031, 0, 9.53249, 9.5327, 9.53248, 9.53248, 9.53248, 9.53248, 9.53248, 9.53248, 9.53248, 9.53248, 9.53248, 9.53248, 9.53248, 9.53248, 9.53248, 9.53248, 10.7695, 9.53248
8.24566, 12, 10.6527, 9.54517, 3.74166, 1.34734, 0, 9.54518, 9.54541, 9.54517, 9.54517, 9.54517, 9.54517, 9.54517, 9.54517, 9.54517, 9.54517, 9.54517, 9.54517, 9.54517, 9.54517, 9.54517, 9.54517, 10.6524, 9.54517
8.25355, 18, 10.5387, 9.55664, 4.47214, 7.46133, 0, 9.55665, 9.5569, 9.55664, 9.55664, 9.55664, 9.55664, 9.55664, 9.55664, 9.55664, 9.55664, 9.55664, 9.55664, 9.55664, 9.55664, 9.55664, 9.55664, 10.5384, 9.55664
8.26143, 8, 10.4295, 9.56691, 3.16228, -2.42951, 0, 9.56692, 9.5672, 9.56691, 9.56691, 9.56691, 9.56691, 9.56691, 9.56691, 9.56691, 9.56691, 9.56691, 9.56691, 9.56691, 9.56691, 9.56691, 9.56691, 10.4292, 9.56691
8.26931, 12, 10.3272, 9.57659, 3.74166, 1.67277, 0, 9.5766, 9.57693, 9.57659, 9.57659, 9.57659, 9.57659, 9.57659, 9.57659, 9.57659, 9.57659, 9.57659, 9.57659, 9.57659, 9.57659, 9.57659, 9.57659, 10.3269, 9.57659
8.2772, 14, 10.2334, 9.58627, 4, 3.76661, 0, 9.58628, 9.58668, 9.58627, 9.58627, 9.58627, 9.58627, 9.58627, 9.58627, 9.58627, 9.58627, 9.58627, 9.58627, 9.58627, 9.58627, 9.58627, 9.58627, 10.233, 9.58627
8.28508, 10, 10.1487, 9.59595, 3.4641, -0.148676, 0, 9.59596, 9.59645, 9.59595, 9.59595, 9.59595, 9.59595, 9.59595, 9.59595, 9.59595, 9.59595, 9.59595, 9.59595, 9.59595, 9.59595, 9.59595, 9.59595, 10.1482, 9.59595
8.29297, 14, 10.0731, 9.60526, 4, 3.92694, 0, 9.60527, 9.60591, 9.60526, 9.60526, 9.60526, 9.60526, 9.60526, 9.60526, 9.60526, 9.60526, 9.60526, 9.60526, 9.60526, 9.60526, 9.60526, 9.60526, 10.0724, 9.60526
8.30085, 10, 10.0057, 9.61329, 3.4641, -0.00566006, 0, 9.6133, 9.61415, 9.61329, 9.61329, 9.61329, 9.61329, 9.61329, 9.61329, 9.61329, 9.61329, 9.61329, 9.61329, 9.61329, 9.61329, 9.61329, 9.61329, 10.0048, 9.61329
8.30873, 12, 9.94638, 9.62013, 3.74166, 2.05362, 0, 9.62014, 9.62128, 9.62013, 9.62013, 9.62013, 9.62013, 9.62013, 9.62013, 9.62013, 9.62013, 9.62013, 9.62013, 9.62013, 9.62013, 9.62013, 9.62013, 9.94522, 9.62013
8.31662, 8, 9.89542, 9.62638, 3.16228, -1.89542, 0, 9.62639, 9.62794, 9.62638, 9.62638, 9.62638, 9.62638, 9.62638, 9.62638, 9.62638, 9.62638, 9.62638, 9.62638, 9.62638, 9.62638, 9.62638, 9.62638, 9.89385, 9.62638
8.3245, 6, 9.85285, 9.63263, 2.82843, -3.85285, 0, 9.63264, 9.63476, 9.63263, 9.63263, 9.63263, 9.63263, 9.63263, 9.63263, 9.63263, 9.63263, 9.63263, 9.63263, 9.63263, 9.63263, 9.63263, 9.63263, 9.8507, 9.63263
8.33239, 10, 9.81797, 9.6388, 3.4641, 0.182029, 0, 9.6388, 9.64174, 9.6388, 9.6388, 9.6388, 9.6388, 9.6388, 9.6388, 9.6388, 9.6388, 9.6388, 9.6388, 9.6388, 9.6388, 9.6388, 9.6388, 9.81502, 9.6388
8.34027, 10, 9.78975, 9.64452, 3.4641, 0.210252, 0, 9.64453, 9.64856, 9.64452, 9.64452, 9.64452, 9.64452, 9.64452, 9.64452, 9.64452, 9.64452, 9.64452, 9.64452, 9.64452, 9.64452, 9.64452, 9.64452, 9.78569, 9.64452
8.34815, 14, 9.76668, 9.64896, 4, 4.23332, 0, 9.64897, 9.65452, 9.64896, 9.64896, 9.64896, 9.64896, 9.64896, 9.64896, 9.64896, 9.64896, 9.64896, 9.64896, 9.64896, 9.64896, 9.64896, 9.64896, 9.76112, 9.64896
8.35604, 12, 9.74826, 9.65224, 3.74166, 2.25174, 0, 9.65225, 9.65983, 9.65224, 9.65224, 9.65224, 9.65224, 9.65224, 9.65224, 9.65224, 9.65224, 9.65224, 9.65224, 9.65224, 9.65224, 9.65224, 9.65224, 9.74066, 9.65224
8.36392, 6, 9.73449, 9.65493, 2.82843, -3.73449, 0, 9.65494, 9.66526, 9.65493, 9.65493, 9.65493, 9.65493, 9.65493, 9.65493, 9.65493, 9.65493, 9.65493, 9.65493, 9.65493, 9.65493, 9.65493, 9.65493, 9.72415, 9.65493
8.3718, 12, 9.72548, 9.65762, 3.74166, 2.27452, 0, 9.65763, 9.67158, 9.65762, 9.65762, 9.65762, 9.65762, 9.65762, 9.65762, 9.65762, 9.65762, 9.65762, 9.65762, 9.65762, 9.65762, 9.65762, 9.65762, 9.71151, 9.65762
8.37969, 20, 9.7207, 9.66015, 4.69042, 10.2793, 0, 9.66016, 9.67888, 9.66015, 9.66015, 9.66015, 9.66015, 9.66015, 9.66015, 9.66015, 9.66015, 9.66015, 9.66015, 9.66015, 9.66015, 9.66015, 9.66015, 9.70196, 9.66015
8.38757, 10, 9.71956, 9.66218, 3.4641, 0.280439, 0, 9.66219, 9.68712, 9.66218, 9.66218, 9.66218, 9.66218, 9.66218, 9.66218, 9.66218, 9.66218, 9.66218, 9.66218, 9.66218, 9.66218, 9.66218, 9.66218, 9.69461, 9.66218
8.39546, 16, 9.72115, 9.66294, 4.24264, 6.27885, 0, 9.66295, 9.69588, 9.66294, 9.66294, 9.66294, 9.66294, 9.66294, 9.66294, 9.66294, 9.66294, 9.66294, 9.66294, 9.66294, 9.66294, 9.66294, 9.66294, 9.68821, 9.66294
8.40334, 10, 9.72561, 9.66256, 3.4641, 0.274395, 0, 9.66256, 9.70569, 9.66256, 9.66256, 9.66256, 9.66256, 9.66256, 9.66256, 9.66256, 9.66256, 9.66256, 9.66256, 9.66256, 9.66256, 9.66256, 9.66256, 9.68246, 9.66256
8.41122, 10, 9.73361, 9.6616, 3.4641, 0.266393, 0, 9.66161, 9.71759, 9.6616, 9.6616, 9.6616, 9.6616, 9.6616, 9.6616, 9.6616, 9.6616, 9.6616, 9.6616, 9.6616, 9.6616, 9.6616, 9.6616, 9.6776, 9.6616
8.41911, 4, 9.74597, 9.66064, 2.44949, -5.74597, 0, 9.66065, 9.73269, 9.66064, 9.66064, 9.66064, 9.66064, 9.66064, 9.66064, 9.66064, 9.66064, 9.66064, 9.66064, 9.66064, 9.66064, 9.66064, 9.66064, 9.67392, 9.66064
8.42699, 6, 9.76284, 9.65946, 2.82843, -3.76284, 0, 9.65947, 9.75134, 9.65946, 9.65946, 9.65946, 9.65946, 9.65946, 9.65946, 9.65946, 9.65946, 9.65946, 9.65946, 9.65946, 9.65946, 9.65946, 9.65946, 9.67095, 9.65946
8.43487, 12, 9.78432, 9.65775, 3.74166, 2.21568, 0, 9.65775, 9.77384, 9.65775, 9.65775, 9.65775, 9.65775, 9.65775, 9.65775, 9.65775, 9.65775, 9.65775, 9.65775, 9.65775, 9.65775, 9.65775, 9.65775, 9.66821, 9.65775
8.44276, 10, 9.81021, 9.65478, 3.4641, 0.189788, 0, 9.65479, 9.80015, 9.65478, 9.65478, 9.65478, 9.65478, 9.65478, 9.65478, 9.65478, 9.65478, 9.65478, 9.65478, 9.65478, 9.65478, 9.65478, 9.65478, 9.66483, 9.65478
8.45064, 16, 9.84122, 9.65069, 4.24264, 6.15878, 0, 9.6507, 9.83104, 9.65069, 9.65069, 9.65069, 9.65069, 9.65069, 9.65069, 9.65069, 9.65069, 9.65069, 9.65069, 9.65069, 9.65069, 9.65069, 9.65069, 9.66087, 9.65069
8.45853, 10, 9.87849, 9.64605, 3.4641, 0.121511, 0, 9.64606, 9.86773, 9.64605, 9.64605, 9.64605, 9.64605, 9.64605, 9.64605, 9.64605, 9.64605, 9.64605, 9.64605, 9.64605, 9.64605, 9.64605, 9.64605, 9.6568, 9.64605
8.46641, 14, 9.92313, 9.64141, 4, 4.07687, 0, 9.64141, 9.91138, 9.64141, 9.64141, 9.64141, 9.64141, 9.64141, 9.64141, 9.64141, 9.64141, 9.64141, 9.64141, 9.64141, 9.64141, 9.64141, 9.64141, 9.65315, 9.64141
8.47429, 20, 9.97539, 9.6365, 4.69042, 10.0246, 0, 9.63651, 9.96224, 9.6365, 9.6365, 9.6365, 9.6365, 9.6365, 9.6365, 9.6365, 9.6365, 9.6365, 9.6365, 9.6365, 9.63651, 9.6365, 9.6365, 9.64965, 9.6365
8.48218, 12, 10.0354, 9.63104, 3.74166, 1.96461, 0, 9.63105, 10.0204, 9.63104, 9.63104, 9.63104, 9.63104, 9.63104, 9.63104, 9.63104, 9.63104, 9.63104, 9.63104, 9.63104, 9.63105, 9.63104, 9.63104, 9.646, 9.63104
8.49006, 16, 10.1027, 9.62436, 4.24264, 5.89728, 0, 9.62437, 10.0855, 9.62436, 9.62436, 9.62436, 9.62436, 9.62436, 9.62436, 9.62436, 9.62436, 9.62436, 9.62436, 9.62436, 9.62436, 9.62436, 9.62436, 9.64157, 9.62436
8.49795, 8, 10.1776, 9.61659, 3.16228, -2.17761, 0, 9.6166, 10.1576, 9.61659, 9.61659, 9.61659, 9.61659, 9.61659, 9.61659, 9.61659, 9.61659, 9.61659, 9.61659, 9.61659, 9.61659, 9.61659, 9.61659, 9.63655, 9.61659
8.50583, 16, 10.2605, 9.60828, 4.24264, 5.73954, 0, 9.60828, 10.2372, 9.60828, 9.60828, 9.60828, 9.60828, 9.60828, 9.60828, 9.60828, 9.60828, 9.60828, 9.60828, 9.60828, 9.60828, 9.60828, 9.60828, 9.63154, 9.60828
8.51371, 6, 10.3514, 9.59997, 2.82843, -4.35144, 0, 9.59998, 10.3242, 9.59997, 9.59997, 9.59997, 9.59997, 9.59997, 9.59997, 9.59997, 9.59997, 9.59997, 9.59997, 9.59997, 9.59997, 9.59997, 9.59997, 9.62716, 9.59997
8.5216, 8, 10.4496, 9.59138, 3.16228, -2.44956, 0, 9.59139, 10.4177, 9.59138, 9.59138, 9.59138, 9.59138, 9.59138, 9.59138, 9.59138, 9.59138, 9.59138, 9.59138, 9.59138, 9.59138, 9.59138, 9.59138, 9.62321, 9.59138
8.52948, 8, 10.5536, 9.58224, 3.16228, -2.5536, 0, 9.58224, 10.5163, 9.58224, 9.58224, 9.58224, 9.58224, 9.58224, 9.58224, 9.58224, 9.58224, 9.58224, 9.58224, 9.58224, 9.58224, 9.58224, 9.58224, 9.61952, 9.58224
8.53736, 8, 10.6616, 9.5719, 3.16228, -2.66165, 0, 9.57191, 10.618, 9.5719, 9.5719, 9.5719, 9.5719, 9.5719, 9.5719, 9.5719, 9.5719, 9.5719, 9.5719, 9.5719, 9.5719, 9.5719, 9.5719, 9.61554, 9.5719
8.54525, 16, 10.7722, 9.56051, 4.24264, 5.22776, 0, 9.56052, 10.7212, 9.56051, 9.56051, 9.56051, 9.56051, 9.56051, 9.56051, 9.56051, 9.56051, 9.56051, 9.56051, 9.56051, 9.56052, 9.56051, 9.56051, 9.61153, 9.56051
8.55313, 10, 10.8841, 9.54861, 3.4641, -0.884075, 0, 9.54862, 10.8246, 9.54861, 9.54861, 9.54861, 9.54861, 9.54861, 9.54861, 9.54861, 9.54861, 9.54861, 9.54861, 9.54861, 9.54861, 9.54861, 9.54861, 9.6081, 9.54861
8.56102, 16, 10.9956, 9.53671, 4.24264, 5.00438, 0, 9.53672, 10.9265, 9.53671, 9.53671, 9.53671, 9.53671, 9.53671, 9.53671, 9.53671, 9.53671, 9.53671, 9.53671, 9.53671, 9.53671, 9.53671, 9.53671, 9.60587, 9.53671
8.5689, 6, 11.1044, 9.52453, 2.82843, -5.10437, 0, 9.52453, 11.0242, 9.52453, 9.52453, 9.52453, 9.52453, 9.52453, 9.52453, 9.52453, 9.52453, 9.52453, 9.52453, 9.52453, 9.52453, 9.52453, 9.52453, 9.60464, 9.52453
8.57678, 20, 11.2077, 9.51181, 4.69042, 8.79226, 0, 9.51182, 11.1153, 9.51181, 9.51181, 9.51181, 9.51181, 9.51181, 9.51181, 9.51181, 9.51181, 9.51181, 9.51181, 9.51181, 9.51182, 9.51181, 9.51181, 9.60423, 9.51181
8.58467, 12, 11.3028, 9.49795, 3.74166, 0.697231, 0, 9.49796, 11.1967, 9.49795, 9.49795, 9.49795, 9.49795, 9.49795, 9.49795, 9.49795, 9.49795, 9.49795, 9.49795, 9.49795, 9.49795, 9.49795, 9.49795, 9.60404, 9.49795
8.59255, 12, 11.3873, 9.48307, 3.74166, 0.612666, 0, 9.48308, 11.2661, 9.48307, 9.48307, 9.48307, 9.48307, 9.48307, 9.48307, 9.48307, 9.48307, 9.48307, 9.48307, 9.48307, 9.48307, 9.48307, 9.48307, 9.60425, 9.48307
8.60044, 24, 11.4598, 9.46769, 5.09902, 12.5402, 0, 9.4677, 11.3221, 9.46769, 9.46769, 9.46769, 9.46769, 9.46769, 9.46769, 9.46769, 9.46769, 9.46769, 9.46769, 9.46769, 9.46769, 9.46769, 9.46769, 9.60535, 9.46769
8.60832, 6, 11.5188, 9.45233, 2.82843, -5.51884, 0, 9.45234, 11.3634, 9.45233, 9.45233, 9.45233, 9.45233, 9.45233, 9.45233, 9.45233, 9.45233, 9.45233, 9.45233, 9.45233, 9.45233, 9.45233, 9.45233, 9.6078, 9.45233
8.6162, 10, 11.5626, 9.4367, 3.4641, -1.56262, 0, 9.43671, 11.388, 9.4367, 9.4367, 9.4367, 9.4367, 9.4367, 9.4367, 9.4367, 9.4367, 9.4367, 9.4367, 9.4367, 9.4367, 9.4367, 9.4367, 9.61126, 9.4367
8.62409, 4, 11.5897, 9.42058, 2.44949, -7.58973, 0, 9.42059, 11.3949, 9.42058, 9.42058, 9.42058, 9.42058, 9.42058, 9.42058, 9.42058, 9.42058, 9.42058, 9.42058, 9.42058, 9.42058, 9.42058, 9.42058, 9.61539, 9.42058
8.63197, 20, 11.5988, 9.40336, 4.69042, 8.40119, 0, 9.40337, 11.3827, 9.40336, 9.40336, 9.40336, 9.40336, 9.40336, 9.40336, 9.40336, 9.40336, 9.40336, 9.40336, 9.40336, 9.40336, 9.40336, 9.40336, 9.61944, 9.40336
8.63985, 10, 11.5897, 9.38516, 3.4641, -1.58971, 0, 9.38517, 11.3515, 9.38516, 9.38516, 9.38516, 9.38516, 9.38516, 9.38516, 9.38516, 9.38516, 9.38516, 9.38516, 9.38516, 9.38516, 9.38516, 9.38516, 9.62334, 9.38516
8.64774, 16, 11.5631, 9.36649, 4.24264, 4.43691, 0, 9.3665, 11.3022, 9.36649, 9.36649, 9.36649, 9.36649, 9.36649, 9.36649, 9.36649, 9.36649, 9.36649, 9.36649, 9.36649, 9.36649, 9.36649, 9.36649, 9.6274, 9.36649
8.65562, 12, 11.5201, 9.34783, 3.74166, 0.479936, 0, 9.34784, 11.236, 9.34783, 9.34783, 9.34783, 9.34783, 9.34783, 9.34783, 9.34783, 9.34783, 9.34783, 9.34783, 9.34783, 9.34783, 9.34783, 9.34783, 9.63187, 9.34783
8.66351, 8, 11.4614, 9.32895, 3.16228, -3.46142, 0, 9.32896, 11.1541, 9.32895, 9.32895, 9.32895, 9.32895, 9.32895, 9.32895, 9.32895, 9.32895, 9.32895, 9.32895, 9.32895, 9.32895, 9.32895, 9.32895, 9.63625, 9.32895
8.67139, 16, 11.3883, 9.30964, 4.24264, 4.61165, 0, 9.30965, 11.0579, 9.30964, 9.30964, 9.30964, 9.30964, 9.30964, 9.30964, 9.30964, 9.30964, 9.30964, 9.30964, 9.30964, 9.30964, 9.30964, 9.30964, 9.64006, 9.30964
8.67927, 18, 11.3019, 9.28928, 4.47214, 6.69809, 0, 9.28929, 10.9488, 9.28928, 9.28928, 9.28928, 9.28928, 9.28928, 9.28928, 9.28928, 9.28928, 9.28928, 9.28928, 9.28928, 9.28928, 9.28928, 9.28928, 9.6424, 9.28928
8.68716, 12, 11.2041, 9.26798, 3.74166, 0.795879, 0, 9.26799, 10.829, 9.26798, 9.26798, 9.26798, 9.26798, 9.26798, 9.26798, 9.26798, 9.26798, 9.26798, 9.26798, 9.26798, 9.26798, 9.26798, 9.26798, 9.64309, 9.26798
8.69504, 14, 11.0975, 9.24623, 4, 2.90253, 0, 9.24624, 10.7014, 9.24623, 9.24623, 9.24623, 9.24623, 9.24623, 9.24623, 9.24623, 9.24623, 9.24623, 9.24623, 9.24623, 9.24623, 9.24623, 9.24623, 9.64231, 9.24623
8.70293, 20, 10.9845, 9.22451, 4.69042, 9.0155, 0, 9.22452, 10.5687, 9.22451, 9.22451, 9.22451, 9.22451, 9.22451, 9.22451, 9.22451, 9.22451, 9.22451, 9.22451, 9.22451, 9.22451, 9.22451, 9.22451, 9.64026, 9.22451
8.71081, 20, 10.8671, 9.20261, 4.69042, 9.13292, 0, 9.20262, 10.4332, 9.20261, 9.20261, 9.20261, 9.20261, 9.20261, 9.20261, 9.20261, 9.20261, 9.20261, 9.20261, 9.20261, 9.20262, 9.20261, 9.20261, 9.63644, 9.20261
8.71869, 22, 10.7469, 9.18037, 4.89898, 11.2531, 0, 9.18037, 10.2969, 9.18037, 9.18037, 9.18037, 9.18037, 9.18037, 9.18037, 9.18037, 9.18037, 9.18037, 9.18037, 9.18037, 9.18037, 9.18037, 9.18037, 9.63042, 9.18037
8.72658, 10, 10.6252, 9.15712, 3.4641, -0.625218, 0, 9.15713, 10.161, 9.15712, 9.15712, 9.15712, 9.15712, 9.15712, 9.15712, 9.15712, 9.15712, 9.15712, 9.15712, 9.15712, 9.15713, 9.15712, 9.15712, 9.62131, 9.15712
8.73446, 10, 10.5036, 9.13299, 3.4641, -0.503567, 0, 9.133, 10.0276, 9.13299, 9.13299, 9.13299, 9.13299, 9.13299, 9.13299, 9.13299, 9.13299, 9.13299, 9.13299, 9.13299, 9.13299, 9.13299, 9.13299, 9.60899, 9.13299
8.74234, 12, 10.3838, 9.10843, 3.74166, 1.61623, 0, 9.10844, 9.89846, 9.10843, 9.10843, 9.10843, 9.10843, 9.10843, 9.10843, 9.10843, 9.10843, 9.10843, 9.10843, 9.10843, 9.10843, 9.10843, 9.10843, 9.59373, 9.10843
8.75023, 6, 10.2673, 9.08391, 2.82843, -4.26733, 0, 9.08392, 9.77538, 9.08391, 9.08391, 9.08391, 9.08391, 9.08391, 9.08391, 9.08391, 9.08391, 9.08391, 9.08391, 9.08391, 9.08391, 9.08391, 9.08391, 9.57585, 9.08391
8.75811, 14, 10.1549, 9.05927, 4, 3.84507, 0, 9.05928, 9.65909, 9.05927, 9.05927, 9.05927, 9.05927, 9.05927, 9.05927, 9.05927, 9.05927, 9.05927, 9.05927, 9.05927, 9.05928, 9.05927, 9.05927, 9.55511, 9.05927
8.766, 12, 10.047, 9.03438, 3.74166, 1.95303, 0, 9.03439, 9.55006, 9.03438, 9.03438, 9.03438, 9.03438, 9.03438, 9.03438, 9.03438, 9.03438, 9.03438, 9.03438, 9.03438, 9.03438, 9.03438, 9.03438, 9.53128, 9.03438
8.77388, 10, 9.94315, 9.00856, 3.4641, 0.0568466, 0, 9.00857, 9.44798, 9.00856, 9.00856, 9.00856, 9.00856, 9.00856, 9.00856, 9.00856, 9.00856, 9.00856, 9.00856, 9.00856, 9.00856, 9.00856, 9.00856, 9.50372, 9.00856
8.78176, 12, 9.84368, 8.98189, 3.74166, 2.15632, 0, 8.9819, 9.353, 8.98189, 8.98189, 8.98189, 8.98189, 8.98189, 8.98189, 8.98189, 8.98189, 8.98189, 8.98189, 8.98189, 8.98189, 8.98189, 8.98189, 9.47256, 8.98189
8.78965, 10, 9.74903, 8.95482, 3.4641, 0.250971, 0, 8.95482, 9.26546, 8.95482, 8.95482, 8.95482, 8.95482, 8.95482, 8.95482, 8.95482, 8.95482, 8.95482, 8.95482, 8.95482, 8.95482, 8.95482, 8.95482, 9.43838, 8.95482
8.79753, 4, 9.65954, 8.92778, 2.44949, -5.65954, 0, 8.92779, 9.18551, 8.92778, 8.92778, 8.92778, 8.92778, 8.92778, 8.92778, 8.92778, 8.92778, 8.92778, 8.92778, 8.92778, 8.92779, 8.92778, 8.92778, 9.4018, 8.92778
8.80542, 18, 9.57499, 8.90073, 4.47214, 8.42501, 0, 8.90074, 9.11267, 8.90073, 8.90073, 8.90073, 8.90073, 8.90073, 8.90073, 8.90073, 8.90073, 8.90073, 8.90073, 8.90073, 8.90073, 8.90073, 8.90073, 9.36304, 8.90073
8.8133, 14, 9.49501, 8.87348, 4, 4.50499, 0, 8.87349, 9.04623, 8.87348, 8.87348, 8.87348, 8.87348, 8.87348, 8.87348, 8.87348, 8.87348, 8.87348, 8.87348, 8.87348, 8.87349, 8.87348, 8.87348, 9.32226, 8.87348
8.82118, 12, 9.41876, 8.84541, 3.74166, 2.58124, 0, 8.84542, 8.98497, 8.84541, 8.84541, 8.84541, 8.84541, 8.84541, 8.84541, 8.84541, 8.84541, 8.84541, 8.84541, 8.84541, 8.84541, 8.84541, 8.84541, 9.27919, 8.84541
8.82907, 4, 9.34609, 8.81653, 2.44949, -5.34609, 0, 8.81654, 8.92829, 8.81653, 8.81653, 8.81653, 8.81653, 8.81653, 8.81653, 8.81653, 8.81653, 8.81653, 8.81653, 8.81653, 8.81654, 8.81653, 8.81653, 9.23432, 8.81653
8.83695, 10, 9.2773, 8.78729, 3.4641, 0.722703, 0, 8.7873, 8.876, 8.78729, 8.78729, 8.78729, 8.78729, 8.78729, 8.78729, 8.78729, 8.78729, 8.78729, 8.78729, 8.78729, 8.78729, 8.78729, 8.78729, 9.18857, 8.78729
8.84484, 14, 9.2127, 8.75809, 4, 4.7873, 0, 8.7581, 8.82789, 8.75809, 8.75809, 8.75809, 8.75809, 8.75809, 8.75809, 8.75809, 8.75809, 8.75809, 8.75809, 8.75809, 8.75809, 8.75809, 8.75809, 9.14289, 8.75809
8.85272, 6, 9.15227, 8.72895, 2.82843, -3.15227, 0, 8.72896, 8.7834, 8.72895, 8.72895, 8.72895, 8.72895, 8.72895, 8.72895, 8.72895, 8.72895, 8.72895, 8.72895, 8.72895, 8.72895, 8.72895, 8.72895, 9.09782, 8.72895
8.8606, 16, 9.09576, 8.69962, 4.24264, 6.90424, 0, 8.69963, 8.74172, 8.69962, 8.69962, 8.69962, 8.69962, 8.69962, 8.69962, 8.69962, 8.69962, 8.69962, 8.69962, 8.69962, 8.69963, 8.69962, 8.69962, 9.05366, 8.69962
8.86849, 14, 9.04275, 8.66964, 4, 4.95725, 0, 8.66965, 8.7019, 8.66964, 8.66964, 8.66964, 8.66964, 8.66964, 8.66964, 8.66964, 8.66964, 8.66964, 8.66964, 8.66964, 8.66964, 8.66964, 8.66964, 9.01048, 8.66964
8.87637, 6, 8.99325, 8.63894, 2.82843, -2.99325, 0, 8.63895, 8.66345, 8.63894, 8.63894, 8.63894, 8.63894, 8.63894, 8.63894, 8.63894, 8.63894, 8.63894, 8.63894, 8.63894, 8.63894, 8.63894, 8.63894, 8.96873, 8.63894
8.88425, 6, 8.94772, 8.6079, 2.82843, -2.94772, 0, 8.60791, 8.62636, 8.6079, 8.6079, 8.6079, 8.6079, 8.6079, 8.6079, 8.6079, 8.6079, 8.6079, 8.6079, 8.6079, 8.6079, 8.6079, 8.6079, 8.92925, 8.6079
8.89214, 4, 8.90662, 8.57692, 2.44949, -4.90662, 0, 8.57693, 8.5907, 8.57692, 8.57692, 8.57692, 8.57692, 8.57692, 8.57692, 8.57692, 8.57692, 8.57692, 8.57692, 8.57692, 8.57692, 8.57692, 8.57692, 8.89283, 8.57692
8.90002, 12, 8.87005, 8.54605, 3.74166, 3.12995, 0, 8.54606, 8.55626, 8.54605, 8.54605, 8.54605, 8.54605, 8.54605, 8.54605, 8.54605, 8.54605, 8.54605, 8.54605, 8.54605, 8.54605, 8.54605, 8.54605, 8.85984, 8.54605
8.90791, 10, 8.83771, 8.515, 3.4641, 1.16229, 0, 8.51501, 8.52249, 8.515, 8.515, 8.515, 8.515, 8.515, 8.515, 8.515, 8.515, 8.515, 8.515, 8.515, 8.515, 8.515, 8.515, 8.83021, 8.515
8.91579, 8, 8.80925, 8.48348, 3.16228, -0.80925, 0, 8.48349, 8.48893, 8.48348, 8.48348, 8.48348, 8.48348, 8.48348, 8.48348, 8.48348, 8.48348, 8.48348, 8.48348, 8.48348, 8.48348, 8.48348, 8.48348, 8.80379, 8.48348
8.92367, 14, 8.78436, 8.45131, 4, 5.21564, 0, 8.45132, 8.45525, 8.45131, 8.45131, 8.45131, 8.45131, 8.45131, 8.45131, 8.45131, 8.45131, 8.45131, 8.45131, 8.45131, 8.45131, 8.45131, 8.45131, 8.78041, 8.45131
8.93156, 18, 8.76318, 8.41885, 4.47214, 9.23682, 0, 8.41886, 8.42167, 8.41885, 8.41885, 8.41885, 8.41885, 8.41885, 8.41885, 8.41885, 8.41885, 8.41885, 8.41885, 8.41885, 8.41885, 8.41885, 8.41885, 8.76035, 8.41885
8.93944, 12, 8.74576, 8.38645, 3.74166, 3.25424, 0, 8.38646, 8.38846, 8.38645, 8.38645, 8.38645, 8.38645, 8.38645, 8.38645, 8.38645, 8.38645, 8.38645, 8.38645, 8.38645, 8.38646, 8.38645, 8.38645, 8.74375, 8.38645
8.94732, 12, 8.73185, 8.35424, 3.74166, 3.26815, 0, 8.35425, 8.35565, 8.35424, 8.35424, 8.35424, 8.35424, 8.35424, 8.35424, 8.35424, 8.35424, 8.35424, 8.35424, 8.35424, 8.35424, 8.35424, 8.35424, 8.73043, 8.35424
8.95521, 10, 8.7206, 8.32183, 3.4641, 1.2794, 0, 8.32183, 8.32281, 8.32183, 8.32183, 8.32183, 8.32183, 8.32183, 8.32183, 8.32183, 8.32183, 8.32183, 8.32183, 8.32183, 8.32183, 8.32183, 8.32183, 8.7196, 8.32183
8.96309, 10, 8.71139, 8.28915, 3.4641, 1.28861, 0, 8.28916, 8.28984, 8.28915, 8.28915, 8.28915, 8.28915, 8.28915, 8.28915, 8.28915, 8.28915, 8.28915, 8.28915, 8.28915, 8.28915, 8.28915, 8.28915, 8.71069, 8.28915
8.97098, 6, 8.70331, 8.2559, 2.82843, -2.70331, 0, 8.25591, 8.25638, 8.2559, 8.2559, 8.2559, 8.2559, 8.2559, 8.2559, 8.2559, 8.2559, 8.2559, 8.2559, 8.2559, 8.2559, 8.2559, 8.2559, 8.70282, 8.2559
8.97886, 20, 8.696, 8.22239, 4.69042, 11.304, 0, 8.2224, 8.22272, 8.22239, 8.22239, 8.22239, 8.22239, 8.22239, 8.22239, 8.22239, 8.22239, 8.22239, 8.22239, 8.22239, 8.22239, 8.22239, 8.22239, 8.69566, 8.22239
8.98674, 6, 8.6891, 8.18896, 2.82843, -2.6891, 0, 8.18896, 8.18918, 8.18896, 8.18896, 8.18896, 8.18896, 8.18896, 8.18896, 8.18896, 8.18896, 8.18896, 8.18896, 8.18896, 8.18896, 8.18896, 8.18896, 8.68886, 8.18896
8.99463, 12, 8.68206, 8.15576, 3.74166, 3.31794, 0, 8.15577, 8.15592, 8.15576, 8.15576, 8.15576, 8.15576, 8.15576, 8.15576, 8.15576, 8.15576, 8.15576, 8.15576, 8.15576, 8.15576, 8.15576, 8.15576, 8.68189, 8.15576
9.00251, 8, 8.67373, 8.12237, 3.16228, -0.673728, 0, 8.12238, 8.12248, 8.12237, 8.12237, 8.12237, 8.12237, 8.12237, 8.12237, 8.12237, 8.12237, 8.12237, 8.12237, 8.12237, 8.12237, 8.12237, 8.12237, 8.67361, 8.12237
9.0104, 8, 8.66353, 8.08891, 3.16228, -0.663527, 0, 8.08891, 8.08899, 8.08891, 8.08891, 8.08891, 8.08891, 8.08891, 8.08891, 8.08891, 8.08891, 8.08891, 8.08891, 8.08891, 8.08891, 8.08891, 8.08891, 8.66344, 8.08891
9.01828, 16, 8.65038, 8.05495, 4.24264, 7.34962, 0, 8.05496, 8.05501, 8.05495, 8.05495, 8.05495, 8.05495, 8.05495, 8.05495, 8.05495, 8.05495, 8.05495, 8.05495, 8.05495, 8.05495, 8.05495, 8.05495, 8.65031, 8.05495
9.02616, 8, 8.63397, 8.02078, 3.16228, -0.633974, 0, 8.02079, 8.02083, 8.02078, 8.02078, 8.02078, 8.02078, 8.02078, 8.02078, 8.02078, 8.02078, 8.02078, 8.02078, 8.02078, 8.02078, 8.02078, 8.02078, 8.63392, 8.02078
9.03405, 14, 8.61407, 7.98669, 4, 5.38593, 0, 7.9867, 7.98672, 7.98669, 7.98669, 7.98669, 7.98669, 7.98669, 7.98669, 7.98669, 7.98669, 7.98669, 7.98669, 7.98669, 7.98669, 7.98669, 7.98669, 8.61403, 7.98669
9.04193, 6, 8.59046, 7.95288, 2.82843, -2.59046, 0, 7.95289, 7.95291, 7.95288, 7.95288, 7.95288, 7.95288, 7.95288, 7.95288, 7.95288, 7.95288, 7.95288, 7.95288, 7.95288, 7.95288, 7.95288, 7.95288, 8.59042, 7.95288
9.04981, 20, 8.56234, 7.91889, 4.69042, 11.4377, 0, 7.9189, 7.91892, 7.91889, 7.91889, 7.91889, 7.91889, 7.91889, 7.91889, 7.91889, 7.91889, 7.91889, 7.91889, 7.91889, 7.91889, 7.91889, 7.91889, 8.5623, 7.91889
9.0577, 12, 8.52975, 7.88498, 3.74166, 3.47025, 0, 7.88499, 7.885, 7.88498, 7.88498, 7.88498, 7.88498, 7.88498, 7.88498, 7.88498, 7.88498, 7.88498, 7.88498, 7.88498, 7.88498, 7.88498, 7.88498, 8.52972, 7.88498
9.06558, 4, 8.49215, 7.8507, 2.44949, -4.49215, 0, 7.85071, 7.85072, 7.8507, 7.8507, 7.8507, 7.8507, 7.8507, 7.8507, 7.8507, 7.8507, 7.8507, 7.8507, 7.8507, 7.8507, 7.8507, 7.8507, 8.49212, 7.8507
9.07347, 14, 8.44977, 7.81626, 4, 5.55023, 0, 7.81627, 7.81628, 7.81626, 7.81626, 7.81626, 7.81626, 7.81626, 7.81626, 7.81626, 7.81626, 7.81626, 7.81626, 7.81626, 7.81626, 7.81626, 7.81626, 8.44974, 7.81626
9.08135, 6, 8.40296, 7.78189, 2.82843, -2.40296, 0, 7.7819, 7.78191, 7.78189, 7.78189, 7.78189, 7.78189, 7.78189, 7.78189, 7.78189, 7.78189, 7.78189, 7.78189, 7.78189, 7.78189, 7.78189, 7.78189, 8.40293, 7.78189
9.08923, 12, 8.35219, 7.74783, 3.74166, 3.64781, 0, 7.74784, 7.74785, 7.74783, 7.74783, 7.74783, 7.74783, 7.74783, 7.74783, 7.74783, 7.74783, 7.74783, 7.74783, 7.74783, 7.74783, 7.74783, 7.74783, 8.35216, 7.74783
9.09712, 8, 8.29735, 7.71362, 3.16228, -0.29735, 0, 7.71363, 7.71364, 7.71362, 7.71362, 7.71362, 7.71362, 7.71362, 7.71362, 7.71362, 7.71362, 7.71362, 7.71362, 7.71362, 7.71362, 7.71362, 7.71362, 8.29732, 7.71362
9.105, 16, 8.23907, 7.67949, 4.24264, 7.76093, 0, 7.6795, 7.67951, 7.67949, 7.67949, 7.67949, 7.67949, 7.67949, 7.67949, 7.67949, 7.67949, 7.67949, 7.67949, 7.67949, 7.67949, 7.67949, 7.67949, 8.23904, 7.67949
9.11288, 10, 8.17773, 7.64531, 3.4641, 1.82227, 0, 7.64532, 7.64533, 7.64531, 7.64531, 7.64531, 7.64531, 7.64531, 7.64531, 7.64531, 7.64531, 7.64531, 7.64531, 7.64531, 7.64531, 7.64531, 7.64531, 8.1777, 7.64531
9.12077, 6, 8.11376, 7.611, 2.82843, -2.11376, 0, 7.61101, 7.61102, 7.611, 7.611, 7.611, 7.611, 7.611, 7.611, 7.611, 7.611, 7.611, 7.611, 7.611, 7.611, 7.611, 7.611, 8.11373, 7.611
9.12865, 8, 8.04794, 7.57676, 3.16228, -0.0479393, 0, 7.57677, 7.57678, 7.57676, 7.57676, 7.57676, 7.57676, 7.57676, 7.57676, 7.57676, 7.57676, 7.57676, 7.57676, 7.57676, 7.57676, 7.57676, 7.57676, 8.04791, 7.57676
9.13654, 16, 7.98106, 7.5428, 4.24264, 8.01894, 0, 7.54281, 7.54282, 7.5428, 7.5428, 7.5428, 7.5428, 7.5428, 7.5428, 7.5428, 7.5428, 7.5428, 7.5428, 7.5428, 7.5428, 7.5428, 7.5428, 7.98103, 7.5428
9.14442, 12, 7.91331, 7.50873, 3.74166, 4.08669, 0, 7.50873, 7.50875, 7.50873, 7.50873, 7.50873, 7.50873, 7.50873, 7.50873, 7.50873, 7.50873, 7.50873, 7.50873, 7.50873, 7.50873, 7.50873, 7.50873, 7.91328, 7.50873
9.1523, 6, 7.84544, 7.47472, 2.82843, -1.84544, 0, 7.47473, 7.47474, 7.47472, 7.47472, 7.47472, 7.47472, 7.47472, 7.47472, 7.47472, 7.47472, 7.47472, 7.47472, 7.47472, 7.47472, 7.47472, 7.47472, 7.84541, 7.47472
9.16019, 6, 7.77816, 7.44099, 2.82843, -1.77816, 0, 7.441, 7.44101, 7.44099, 7.44099, 7.44099, 7.44099, 7.44099, 7.44099, 7.44099, 7.44099, 7.44099, 7.44099, 7.44099, 7.44099, 7.44099, 7.44099, 7.77813, 7.44099
9.16807, 8, 7.71158, 7.40715, 3.16228, 0.288417, 0, 7.40716, 7.40717, 7.40715, 7.40715, 7.40715, 7.40715, 7.40715, 7.40715, 7.40715, 7.40715, 7.40715, 7.40715, 7.40715, 7.40715, 7.40715, 7.40715, 7.71155, 7.40715
9.17596, 4, 7.64631, 7.37338, 2.44949, -3.64631, 0, 7.37339, 7.3734, 7.37338, 7.37338, 7.37338, 7.37338, 7.37338, 7.37338, 7.37338, 7.37338, 7.37338, 7.37338, 7.37338, 7.37338, 7.37338, 7.37338, 7.64628, 7.37338
9.18384, 8, 7.58289, 7.33987, 3.16228, 0.417112, 0, 7.33988, 7.3399, 7.33987, 7.33987, 7.33987, 7.33987, 7.33987, 7.33987, 7.33987, 7.33987, 7.33987, 7.33987, 7.33987, 7.33987, 7.33987, 7.33987, 7.58285, 7.33987
9.19172, 8, 7.52124, 7.30626, 3.16228, 0.478762, 0, 7.30627, 7.30629, 7.30626, 7.30626, 7.30626, 7.30626, 7.30626, 7.30626, 7.30626, 7.30626, 7.30626, 7.30626, 7.30626, 7.30626, 7.30626, 7.30626, 7.5212, 7.30626
9.19961, 12, 7.46177, 7.27273, 3.74166, 4.53823, 0, 7.27274, 7.27277, 7.27273, 7.27273, 7.27273, 7.27273, 7.27273, 7.27273, 7.27273, 7.27273, 7.27273, 7.27273, 7.27273, 7.27273, 7.27273, 7.27273, 7.46172, 7.27273
9.20749, 2, 7.42057, 7.25521, 2, -5.42057, 0, 7.25522, 7.25526, 7.25521, 7.25521, 7.25521, 7.25521, 7.25521, 7.25521, 7.25521, 7.25521, 7.25521, 7.25521, 7.25521, 7.25522, 7.25521, 7.25521, 7.42051, 7.25521
9.21537, 6, 7.38127, 7.23725, 2.82843, -1.38127, 0, 7.23726, 7.23731, 7.23725, 7.23725, 7.23725, 7.23725, 7.23725, 7.23725, 7.23725, 7.23725, 7.23725, 7.23725, 7.23725, 7.23726, 7.23725, 7.23725, 7.3812, 7.23725
9.22326, 14, 7.34371, 7.21867, 4, 6.65629, 0, 7.21868, 7.21875, 7.21867, 7.21867, 7.21867, 7.21867, 7.21867, 7.21867, 7.21867, 7.21867, 7.21867, 7.21867, 7.21867, 7.21867, 7.21867, 7.21867, 7.34362, 7.21867
9.23114, 8, 7.30752, 7.1991, 3.16228, 0.692485, 0, 7.19911, 7.19921, 7.1991, 7.1991, 7.1991, 7.1991, 7.1991, 7.1991, 7.1991, 7.1991, 7.1991, 7.1991, 7.1991, 7.1991, 7.1991, 7.1991, 7.3074, 7.1991
9.23903, 4, 7.27255, 7.17849, 2.44949, -3.27255, 0, 7.1785, 7.17863, 7.17849, 7.17849, 7.17849, 7.17849, 7.17849, 7.17849, 7.17849, 7.17849, 7.17849, 7.17849, 7.17849, 7.17849, 7.17849, 7.17849, 7.2724, 7.17849
9.24691, 10, 7.23875, 7.15686, 3.4641, 2.76125, 0, 7.15687, 7.15706, 7.15686, 7.15686, 7.15686, 7.15686, 7.15686, 7.15686, 7.15686, 7.15686, 7.15686, 7.15686, 7.15686, 7.15686, 7.15686, 7.15686, 7.23853, 7.15686
9.2548, 10, 7.20585, 7.1341, 3.4641, 2.79415, 0, 7.13411, 7.13439, 7.1341, 7.1341, 7.1341, 7.1341, 7.1341, 7.1341, 7.1341, 7.1341, 7.1341, 7.1341, 7.1341, 7.13411, 7.1341, 7.1341, 7.20555, 7.1341
9.26268, 10, 7.17376, 7.11029, 3.4641, 2.82624, 0, 7.1103, 7.11069, 7.11029, 7.11029, 7.11029, 7.11029, 7.11029, 7.11029, 7.11029, 7.11029, 7.11029, 7.11029, 7.11029, 7.11029, 7.11029, 7.11029, 7.17335, 7.11029
9.27056, 10, 7.14196, 7.08506, 3.4641, 2.85804, 0, 7.08507, 7.08561, 7.08506, 7.08506, 7.08506, 7.08506, 7.08506, 7.08506, 7.08506, 7.08506, 7.08506, 7.08506, 7.08506, 7.08506, 7.08506, 7.08506, 7.14139, 7.08506
9.27845, 4, 7.11022, 7.05836, 2.44949, -3.11022, 0, 7.05837, 7.05913, 7.05836, 7.05836, 7.05836, 7.05836, 7.05836, 7.05836, 7.05836, 7.05836, 7.05836, 7.05836, 7.05836, 7.05837, 7.05836, 7.05836, 7.10944, 7.05836
9.28633, 10, 7.0784, 7.03025, 3.4641, 2.9216, 0, 7.03026, 7.03131, 7.03025, 7.03025, 7.03025, 7.03025, 7.03025, 7.03025, 7.03025, 7.03025, 7.03025, 7.03025, 7.03025, 7.03026, 7.03025, 7.03025, 7.07734, 7.03025
9.29421, 14, 7.04656, 7.00094, 4, 6.95344, 0, 7.00095, 7.00239, 7.00094, 7.00094, 7.00094, 7.00094, 7.00094, 7.00094, 7.00094, 7.00094, 7.00094, 7.00094, 7.00094, 7.00095, 7.00094, 7.00094, 7.04511, 7.00094
9.3021, 8, 7.01483, 6.97073, 3.16228, 0.985173, 0, 6.97074, 6.97268, 6.97073, 6.97073, 6.97073, 6.97073, 6.97073, 6.97073, 6.97073, 6.97073, 6.97073, 6.97073, 6.97073, 6.97073, 6.97073, 6.97073, 7.01286, 6.97073
9.30998, 16, 6.98266, 6.93921, 4.24264, 9.01734, 0, 6.93922, 6.94184, 6.93921, 6.93921, 6.93921, 6.93921, 6.93921, 6.93921, 6.93921, 6.93921, 6.93921, 6.93921, 6.93921, 6.93921, 6.93921, 6.93921, 6.98001, 6.93921
9.31787, 2, 6.94982, 6.90629, 2, -4.94982, 0, 6.9063, 6.9098, 6.90629, 6.90629, 6.90629, 6.90629, 6.90629, 6.90629, 6.90629, 6.90629, 6.90629, 6.90629, 6.90629, 6.90629, 6.90629, 6.90629, 6.9463, 6.90629
9.32575, 14, 6.91625, 6.872, 4, 7.08375, 0, 6.87201, 6.87664, 6.872, 6.872, 6.872, 6.872, 6.872, 6.872, 6.872, 6.872, 6.872, 6.872, 6.872, 6.872, 6.872, 6.872, 6.91159, 6.872
9.33363, 6, 6.88208, 6.83655, 2.82843, -0.882076, 0, 6.83656, 6.84264, 6.83655, 6.83655, 6.83655, 6.83655, 6.83655, 6.83655, 6.83655, 6.83655, 6.83655, 6.83655, 6.83655, 6.83655, 6.83655, 6.83655, 6.87597, 6.83655
9.34152, 8, 6.84762, 6.80032, 3.16228, 1.15238, 0, 6.80033, 6.80824, 6.80032, 6.80032, 6.80032, 6.80032, 6.80032, 6.80032, 6.80032, 6.80032, 6.80032, 6.80032, 6.80032, 6.80032, 6.80032, 6.80032, 6.83969, 6.80032
9.3494, 8, 6.81331, 6.76375, 3.16228, 1.18669, 0, 6.76376, 6.77395, 6.76375, 6.76375, 6.76375, 6.76375, 6.76375, 6.76375, 6.76375, 6.76375, 6.76375, 6.76375, 6.76375, 6.76375, 6.76375, 6.76375, 6.80309, 6.76375
9.35728, 6, 6.77957, 6.72727, 2.82843, -0.779571, 0, 6.72728, 6.7403, 6.72727, 6.72727, 6.72727, 6.72727, 6.72727, 6.72727, 6.72727, 6.72727, 6.72727, 6.72727, 6.72727, 6.72727, 6.72727, 6.72727, 6.76653, 6.72727
9.36517, 6, 6.77547, 6.71992, 2.82843, -0.775465, 0, 6.71994, 6.73642, 6.71992, 6.71992, 6.71992, 6.71992, 6.71992, 6.71992, 6.71992, 6.71992, 6.71992, 6.71992, 6.71992, 6.71993, 6.71992, 6.71992, 6.75896, 6.71992
9.37305, 2, 6.77172, 6.71238, 2, -4.77172, 0, 6.7124, 6.73307, 6.71238, 6.71238, 6.71238, 6.71238, 6.71238, 6.71238, 6.71238, 6.71238, 6.71238, 6.71238, 6.71238, 6.71239, 6.71238, 6.71238, 6.75103, 6.71238
9.38094, 12, 6.76861, 6.70485, 3.74166, 5.23139, 0, 6.70486, 6.73055, 6.70485, 6.70485, 6.70485, 6.70485, 6.70485, 6.70485, 6.70485, 6.70485, 6.70485, 6.70485, 6.70485, 6.70485, 6.70485, 6.70485, 6.74289, 6.70485
9.38882, 6, 6.76637, 6.69747, 2.82843, -0.766375, 0, 6.69748, 6.72914, 6.69747, 6.69747, 6.69747, 6.69747, 6.69747, 6.69747, 6.69747, 6.69747, 6.69747, 6.69747, 6.69747, 6.69747, 6.69747, 6.69747, 6.7347, 6.69747
9.3967, 4, 6.76482, 6.68997, 2.44949, -2.76482, 0, 6.68998, 6.72862, 6.68997, 6.68997, 6.68997, 6.68997, 6.68997, 6.68997, 6.68997, 6.68997, 6.68997, 6.68997, 6.68997, 6.68997, 6.68997, 6.68997, 6.72615, 6.68997
9.40459, 12, 6.76399, 6.68228, 3.74166, 5.23601, 0, 6.68229, 6.72904, 6.68228, 6.68228, 6.68228, 6.68228, 6.68228, 6.68228, 6.68228, 6.68228, 6.68228, 6.68228, 6.68228, 6.68228, 6.68228, 6.68228, 6.71722, 6.68228
9.41247, 14, 6.76386, 6.67428, 4, 7.23614, 0, 6.67429, 6.73034, 6.67428, 6.67428, 6.67428, 6.67428, 6.67428, 6.67428, 6.67428, 6.67428, 6.67428, 6.67428, 6.67428, 6.67428, 6.67428, 6.67428, 6.7078, 6.67428
9.42036, 10, 6.76454, 6.66599, 3.4641, 3.23546, 0, 6.666, 6.73259, 6.66599, 6.66599, 6.66599, 6.66599, 6.66599, 6.66599, 6.66599, 6.66599, 6.66599, 6.66599, 6.66599, 6.66599, 6.66599, 6.66599, 6.69792, 6.66599
9.42824, 2, 6.76574, 6.65706, 2, -4.76574, 0, 6.65707, 6.73548, 6.65706, 6.65706, 6.65706, 6.65706, 6.65706, 6.65706, 6.65706, 6.65706, 6.65706, 6.65706, 6.65706, 6.65706, 6.65706, 6.65706, 6.68731, 6.65706
9.43612, 8, 6.76738, 6.64737, 3.16228, 1.23262, 0, 6.64738, 6.73888, 6.64737, 6.64737, 6.64737, 6.64737, 6.64737, 6.64737, 6.64737, 6.64737, 6.64737, 6.64737, 6.64737, 6.64737, 6.64737, 6.64737, 6.67586, 6.64737
9.44401, 6, 6.76916, 6.63659, 2.82843, -0.769161, 0, 6.6366, 6.74243, 6.63659, 6.63659, 6.63659, 6.63659, 6.63659, 6.63659, 6.63659, 6.63659, 6.63659, 6.63659, 6.63659, 6.63659, 6.63659, 6.63659, 6.66331, 6.63659
9.45189, 8, 6.77099, 6.62468, 3.16228, 1.22901, 0, 6.62469, 6.746, 6.62468, 6.62468, 6.62468, 6.62468, 6.62468, 6.62468, 6.62468, 6.62468, 6.62468, 6.62468, 6.62468, 6.62468, 6.62468, 6.62468, 6.64966, 6.62468
9.45977, 10, 6.77278, 6.6116, 3.4641, 3.22722, 0, 6.61162, 6.74943, 6.6116, 6.6116, 6.6116, 6.6116, 6.6116, 6.6116, 6.6116, 6.6116, 6.6116, 6.6116, 6.6116, 6.61161, 6.6116, 6.6116, 6.63494, 6.6116
9.46766, 10, 6.77452, 6.59751, 3.4641, 3.22548, 0, 6.59752, 6.7527, 6.59751, 6.59751, 6.59751, 6.59751, 6.59751, 6.59751, 6.59751, 6.59751, 6.59751, 6.59751, 6.59751, 6.59751, 6.59751, 6.59751, 6.61932, 6.59751
9.47554, 6, 6.77627, 6.5826, 2.82843, -0.776275, 0, 6.58261, 6.75579, 6.5826, 6.5826, 6.5826, 6.5826, 6.5826, 6.5826, 6.5826, 6.5826, 6.5826, 6.5826, 6.5826, 6.58261, 6.5826, 6.5826, 6.60308, 6.5826
9.48343, 2, 6.77764, 6.56672, 2, -4.77764, 0, 6.56673, 6.75827, 6.56672, 6.56672, 6.56672, 6.56672, 6.56672, 6.56672, 6.56672, 6.56672, 6.56672, 6.56672, 6.56672, 6.56672, 6.56672, 6.56672, 6.58607, 6.56672
9.49131, 8, 6.77835, 6.54984, 3.16228, 1.22165, 0, 6.54985, 6.75984, 6.54984, 6.54984, 6.54984, 6.54984, 6.54984, 6.54984, 6.54984, 6.54984, 6.54984, 6.54984, 6.54984, 6.54984, 6.54984, 6.54984, 6.56833, 6.54984
9.49919, 6, 6.77803, 6.53189, 2.82843, -0.778032, 0, 6.5319, 6.76008, 6.53189, 6.53189, 6.53189, 6.53189, 6.53189, 6.53189, 6.53189, 6.53189, 6.53189, 6.53189, 6.53189, 6.53189, 6.53189, 6.53189, 6.54983, 6.53189
9.50708, 10, 6.77644, 6.51295, 3.4641, 3.22356, 0, 6.51296, 6.75872, 6.51295, 6.51295, 6.51295, 6.51295, 6.51295, 6.51295, 6.51295, 6.51295, 6.51295, 6.51295, 6.51295, 6.51295, 6.51295, 6.51295, 6.53065, 6.51295
9.51496, 10, 6.77341, 6.49319, 3.4641, 3.22659, 0, 6.4932, 6.75556, 6.49319, 6.49319, 6.49319, 6.49319, 6.49319, 6.49319, 6.49319, 6.49319, 6.49319, 6.49319, 6.49319, 6.49319, 6.49319, 6.49319, 6.51102, 6.49319
9.52284, 10, 6.76858, 6.47259, 3.4641, 3.23142, 0, 6.4726, 6.75023, 6.47259, 6.47259, 6.47259, 6.47259, 6.47259, 6.47259, 6.47259, 6.47259, 6.47259, 6.47259, 6.47259, 6.47259, 6.47259, 6.47259, 6.49092, 6.47259
9.53073, 16, 6.76169, 6.45123, 4.24264, 9.23831, 0, 6.45124, 6.74244, 6.45123, 6.45123, 6.45123, 6.45123, 6.45123, 6.45123, 6.45123, 6.45123, 6.45123, 6.45123, 6.45123, 6.45123, 6.45123, 6.45123, 6.47046, 6.45123
9.53861, 2, 6.75265, 6.42932, 2, -4.75265, 0, 6.42933, 6.7321, 6.42932, 6.42932, 6.42932, 6.42932, 6.42932, 6.42932, 6.42932, 6.42932, 6.42932, 6.42932, 6.42932, 6.42932, 6.42932, 6.42932, 6.44986, 6.42932
9.5465, 4, 6.74149, 6.40716, 2.44949, -2.74149, 0, 6.40718, 6.71921, 6.40716, 6.40716, 6.40716, 6.40716, 6.40716, 6.40716, 6.40716, 6.40716, 6.40716, 6.40716, 6.40716, 6.40717, 6.40716, 6.40716, 6.42943, 6.40716
9.55438, 14, 6.72804, 6.38482, 4, 7.27196, 0, 6.38484, 6.70362, 6.38482, 6.38482, 6.38482, 6.38482, 6.38482, 6.38482, 6.38482, 6.38482, 6.38482, 6.38482, 6.38482, 6.38483, 6.38482, 6.38482, 6.40923, 6.38482
9.56226, 20, 6.71209, 6.36226, 4.69042, 13.2879, 0, 6.36227, 6.68512, 6.36226, 6.36226, 6.36226, 6.36226, 6.36226, 6.36226, 6.36226, 6.36226, 6.36226, 6.36226, 6.36226, 6.36226, 6.36226, 6.36226, 6.38922, 6.36226
9.57015, 4, 6.69365, 6.3396, 2.44949, -2.69365, 0, 6.33962, 6.66372, 6.3396, 6.3396, 6.3396, 6.3396, 6.3396, 6.3396, 6.3396, 6.3396, 6.3396, 6.3396, 6.3396, 6.33961, 6.3396, 6.3396, 6.36952, 6.3396
9.57803, 14, 6.67247, 6.31663, 4, 7.32753, 0, 6.31664, 6.6392, 6.31663, 6.31663, 6.31663, 6.31663, 6.31663, 6.31663, 6.31663, 6.31663, 6.31663, 6.31663, 6.31663, 6.31663, 6.31663, 6.31663, 6.34989, 6.31663
9.58592, 4, 6.64857, 6.29335, 2.44949, -2.64857, 0, 6.29337, 6.61159, 6.29335, 6.29335, 6.29335, 6.29335, 6.29335, 6.29335, 6.29335, 6.29335, 6.29335, 6.29335, 6.29335, 6.29336, 6.29335, 6.29335, 6.33031, 6.29335
9.5938, 10, 6.62221, 6.26995, 3.4641, 3.37779, 0, 6.26997, 6.58121, 6.26995, 6.26995, 6.26995, 6.26995, 6.26995, 6.26995, 6.26995, 6.26995, 6.26995, 6.26995, 6.26995, 6.26996, 6.26995, 6.26995, 6.31094, 6.26995
9.60168, 12, 6.59371, 6.2466, 3.74166, 5.40629, 0, 6.24661, 6.54839, 6.2466, 6.2466, 6.2466, 6.2466, 6.2466, 6.2466, 6.2466, 6.2466, 6.2466, 6.2466, 6.2466, 6.2466, 6.2466, 6.2466, 6.2919, 6.2466
9.60957, 6, 6.56329, 6.2233, 2.82843, -0.563291, 0, 6.22332, 6.51341, 6.2233, 6.2233, 6.2233, 6.2233, 6.2233, 6.2233, 6.2233, 6.2233, 6.2233, 6.2233, 6.2233, 6.22331, 6.2233, 6.2233, 6.27317, 6.2233
9.61745, 12, 6.53102, 6.19993, 3.74166, 5.46898, 0, 6.19994, 6.4764, 6.19993, 6.19993, 6.19993, 6.19993, 6.19993, 6.19993, 6.19993, 6.19993, 6.19993, 6.19993, 6.19993, 6.19993, 6.19993, 6.19993, 6.25453, 6.19993
9.62533, 6, 6.49711, 6.17642, 2.82843, -0.497111, 0, 6.17643, 6.43764, 6.17642, 6.17642, 6.17642, 6.17642, 6.17642, 6.17642, 6.17642, 6.17642, 6.17642, 6.17642, 6.17642, 6.17642, 6.17642, 6.17642, 6.23588, 6.17642
9.63322, 14, 6.46167, 6.1526, 4, 7.53833, 0, 6.15261, 6.39729, 6.1526, 6.1526, 6.1526, 6.1526, 6.1526, 6.1526, 6.1526, 6.1526, 6.1526, 6.1526, 6.1526, 6.1526, 6.1526, 6.1526, 6.21696, 6.1526
9.6411, 6, 6.42515, 6.12864, 2.82843, -0.425148, 0, 6.12865, 6.3559, 6.12864, 6.12864, 6.12864, 6.12864, 6.12864, 6.12864, 6.12864, 6.12864, 6.12864, 6.12864, 6.12864, 6.12864, 6.12864, 6.12864, 6.19788, 6.12864
9.64899, 4, 6.38801, 6.10473, 2.44949, -2.38801, 0, 6.10475, 6.31399, 6.10473, 6.10473, 6.10473, 6.10473, 6.10473, 6.10473, 6.10473, 6.10473, 6.10473, 6.10473, 6.10473, 6.10473, 6.10473, 6.10473, 6.17873, 6.10473
9.65687, 12, 6.35062, 6.08099, 3.74166, 5.64938, 0, 6.081, 6.27204, 6.08099, 6.08099, 6.08099, 6.08099, 6.08099, 6.08099, 6.08099, 6.08099, 6.08099, 6.08099, 6.08099, 6.08099, 6.08099, 6.08099, 6.15956, 6.08099
9.66475, 4, 6.31294, 6.05711, 2.44949, -2.31294, 0, 6.05713, 6.23007, 6.05711, 6.05711, 6.05711, 6.05711, 6.05711, 6.05711, 6.05711, 6.05711, 6.05711, 6.05711, 6.05711, 6.05712, 6.05711, 6.05711, 6.13998, 6.05711
9.67264, 10, 6.27532, 6.03327, 3.4641, 3.72468, 0, 6.03328, 6.18851, 6.03327, 6.03327, 6.03327, 6.03327, 6.03327, 6.03327, 6.03327, 6.03327, 6.03327, 6.03327, 6.03327, 6.03327, 6.03327, 6.03327, 6.12006, 6.03327
9.68052, 14, 6.23757, 6.0091, 4, 7.76243, 0, 6.00911, 6.14726, 6.0091, 6.0091, 6.0091, 6.0091, 6.0091, 6.0091, 6.0091, 6.0091, 6.0091, 6.0091, 6.0091, 6.0091, 6.0091, 6.0091, 6.09939, 6.0091
9.68841, 8, 6.20002, 5.98479, 3.16228, 1.79998, 0, 5.9848, 6.10672, 5.98479, 5.98479, 5.98479, 5.98479, 5.98479, 5.98479, 5.98479, 5.98479, 5.98479, 5.98479, 5.98479, 5.98479, 5.98479, 5.98479, 6.07807, 5.98479
9.69629, 6, 6.16295, 5.96053, 2.82843, -0.162952, 0, 5.96054, 6.06723, 5.96053, 5.96053, 5.96053, 5.96053, 5.96053, 5.96053, 5.96053, 5.96053, 5.96053, 5.96053, 5.96053, 5.96053, 5.96053, 5.96053, 6.05623, 5.96053
9.70417, 12, 6.12663, 5.93651, 3.74166, 5.87337, 0, 5.93653, 6.02911, 5.93651, 5.93651, 5.93651, 5.93651, 5.93651, 5.93651, 5.93651, 5.93651, 5.93651, 5.93651, 5.93651, 5.93651, 5.93651, 5.93651, 6.03402, 5.93651
9.71206, 10, 6.09068, 5.91234, 3.4641, 3.90932, 0, 5.91235, 5.99202, 5.91234, 5.91234, 5.91234, 5.91234, 5.91234, 5.91234, 5.91234, 5.91234, 5.91234, 5.91234, 5.91234, 5.91234, 5.91234, 5.91234, 6.01098, 5.91234
9.71994, 8, 6.05532, 5.88821, 3.16228, 1.94468, 0, 5.88822, 5.95621, 5.88821, 5.88821, 5.88821, 5.88821, 5.88821, 5.88821, 5.88821, 5.88821, 5.88821, 5.88821, 5.88821, 5.88821, 5.88821, 5.88821, 5.98731, 5.88821
9.72782, 4, 6.02036, 5.86395, 2.44949, -2.02036, 0, 5.86396, 5.92149, 5.86395, 5.86395, 5.86395, 5.86395, 5.86395, 5.86395, 5.86395, 5.86395, 5.86395, 5.86395, 5.86395, 5.86395, 5.86395, 5.86395, 5.9628, 5.86395
9.73571, 4, 5.98575, 5.83953, 2.44949, -1.98575, 0, 5.83955, 5.88783, 5.83953, 5.83953, 5.83953, 5.83953, 5.83953, 5.83953, 5.83953, 5.83953, 5.83953, 5.83953, 5.83953, 5.83953, 5.83953, 5.83953, 5.93744, 5.83953
9.74359, 6, 5.95167, 5.81517, 2.82843, 0.0483303, 0, 5.81518, 5.85537, 5.81517, 5.81517, 5.81517, 5.81517, 5.81517, 5.81517, 5.81517, 5.81517, 5.81517, 5.81517, 5.81517, 5.81517, 5.81517, 5.81517, 5.91146, 5.81517
9.75148, 0, 5.91828, 5.79106, 1.41421, -5.91828, 0, 5.79107, 5.82424, 5.79106, 5.79106, 5.79106, 5.79106, 5.79106, 5.79106, 5.79106, 5.79106, 5.79106, 5.79106, 5.79106, 5.79106, 5.79106, 5.79106, 5.88509, 5.79106
9.75936, 10, 5.88515, 5.7668, 3.4641, 4.11485, 0, 5.76681, 5.79396, 5.7668, 5.7668, 5.7668, 5.7668, 5.7668, 5.7668, 5.7668, 5.7668, 5.7668, 5.7668, 5.7668, 5.7668, 5.7668, 5.7668, 5.85796, 5.7668
9.76724, 8, 5.85243, 5.74258, 3.16228, 2.14757, 0, 5.7426, 5.76465, 5.74258, 5.74258, 5.74258, 5.74258, 5.74258, 5.74258, 5.74258, 5.74258, 5.74258, 5.74258, 5.74258, 5.74258, 5.74258, 5.74258, 5.83035, 5.74258
9.77513, 10, 5.82013, 5.71843, 3.4641, 4.17987, 0, 5.71844, 5.7362, 5.71843, 5.71843, 5.71843, 5.71843, 5.71843, 5.71843, 5.71843, 5.71843, 5.71843, 5.71843, 5.71843, 5.71843, 5.71843, 5.71843, 5.80234, 5.71843
9.78301, 0, 5.788, 5.69413, 1.41421, -5.788, 0, 5.69414, 5.70833, 5.69413, 5.69413, 5.69413, 5.69413, 5.69413, 5.69413, 5.69413, 5.69413, 5.69413, 5.69413, 5.69413, 5.69413, 5.69413, 5.69413, 5.77379, 5.69413
9.79089, 14, 5.75625, 5.66988, 4, 8.24375, 0, 5.66989, 5.68113, 5.66988, 5.66988, 5.66988, 5.66988, 5.66988, 5.66988, 5.66988, 5.66988, 5.66988, 5.66988, 5.66988, 5.66988, 5.66988, 5.66988, 5.74498, 5.66988
9.79878, 8, 5.72507, 5.64588, 3.16228, 2.27493, 0, 5.6459, 5.65473, 5.64588, 5.64588, 5.64588, 5.64588, 5.64588, 5.64588, 5.64588, 5.64588, 5.64588, 5.64588, 5.64588, 5.64588, 5.64588, 5.64588, 5.71621, 5.64588
9.80666, 8, 5.69409, 5.62173, 3.16228, 2.30591, 0, 5.62175, 5.62863, 5.62173, 5.62173, 5.62173, 5.62173, 5.62173, 5.62173, 5.62173, 5.62173, 5.62173, 5.62173, 5.62173, 5.62174, 5.62173, 5.62173, 5.68717, 5.62173
9.81455, 10, 5.66351, 5.59764, 3.4641, 4.33649, 0, 5.59765, 5.60298, 5.59764, 5.59764, 5.59764, 5.59764, 5.59764, 5.59764, 5.59764, 5.59764, 5.59764, 5.59764, 5.59764, 5.59764, 5.59764, 5.59764, 5.65816, 5.59764
9.82243, 6, 5.63357, 5.57379, 2.82843, 0.366428, 0, 5.57381, 5.57789, 5.57379, 5.57379, 5.57379, 5.57379, 5.57379, 5.57379, 5.57379, 5.57379, 5.57379, 5.57379, 5.57379, 5.5738, 5.57379, 5.57379, 5.62946, 5.57379
9.83031, 8, 5.6039, 5.5498, 3.16228, 2.3961, 0, 5.54982, 5.55292, 5.5498, 5.5498, 5.5498, 5.5498, 5.5498, 5.5498, 5.5498, 5.5498, 5.5498, 5.5498, 5.5498, 5.5498, 5.5498, 5.5498, 5.60076, 5.5498
9.8382, 4, 5.57473, 5.52586, 2.44949, -1.57473, 0, 5.52588, 5.52822, 5.52586, 5.52586, 5.52586, 5.52586, 5.52586, 5.52586, 5.52586, 5.52586, 5.52586, 5.52586, 5.52586, 5.52586, 5.52586, 5.52586, 5.57236, 5.52586
9.84608, 8, 5.54636, 5.50222, 3.16228, 2.45364, 0, 5.50223, 5.50398, 5.50222, 5.50222, 5.50222, 5.50222, 5.50222, 5.50222, 5.50222, 5.50222, 5.50222, 5.50222, 5.50222, 5.50222, 5.50222, 5.50222, 5.54457, 5.50222
9.85397, 4, 5.5183, 5.47835, 2.44949, -1.5183, 0, 5.47837, 5.47967, 5.47835, 5.47835, 5.47835, 5.47835, 5.47835, 5.47835, 5.47835, 5.47835, 5.47835, 5.47835, 5.47835, 5.47836, 5.47835, 5.47835, 5.51696, 5.47835
9.86185, 2, 5.49087, 5.45455, 2, -3.49087, 0, 5.45456, 5.45552, 5.45455, 5.45455, 5.45455, 5.45455, 5.45455, 5.45455, 5.45455, 5.45455, 5.45455, 5.45455, 5.45455, 5.45455, 5.45455, 5.45455, 5.48988, 5.45455
9.86973, 0, 5.50318, 5.46985, 1.41421, -5.50318, 0, 5.46987, 5.47056, 5.46985, 5.46985, 5.46985, 5.46985, 5.46985, 5.46985, 5.46985, 5.46985, 5.46985, 5.46985, 5.46985, 5.46985, 5.46985, 5.46985, 5.50245, 5.46985
9.87762, 4, 5.51072, 5.47972, 2.44949, -1.51072, 0, 5.47975, 5.48024, 5.47972, 5.47972, 5.47972, 5.47972, 5.47972, 5.47972, 5.47972, 5.47972, 5.47972, 5.47972, 5.47972, 5.47973, 5.47972, 5.47972, 5.51018, 5.47972
9.8855, 14, 5.51399, 5.48461, 4, 8.48601, 0, 5.48464, 5.48499, 5.48461, 5.48461, 5.48461, 5.48461, 5.48461, 5.48461, 5.48461, 5.48461, 5.48461, 5.48461, 5.48461, 5.48461, 5.48461, 5.48461, 5.51359, 5.48461
9.89338, 2, 5.51369, 5.48518, 2, -3.51369, 0, 5.4852, 5.48544, 5.48518, 5.48518, 5.48518, 5.48518, 5.48518, 5.48518, 5.48518, 5.48518, 5.48518, 5.48518, 5.48518, 5.48518, 5.48518, 5.48518, 5.51339, 5.48518
9.90127, 8, 5.51109, 5.48266, 3.16228, 2.48891, 0, 5.48269, 5.48285, 5.48266, 5.48266, 5.48266, 5.48266, 5.48266, 5.48266, 5.48266, 5.48266, 5.48266, 5.48266, 5.48266, 5.48266, 5.48266, 5.48266, 5.51087, 5.48266
9.90915, 16, 5.50744, 5.47825, 4.24264, 10.4926, 0, 5.47828, 5.47839, 5.47825, 5.47825, 5.47825, 5.47825, 5.47825, 5.47825, 5.47825, 5.47825, 5.47825, 5.47825, 5.47825, 5.47825, 5.47825, 5.47825, 5.50728, 5.47825
9.91704, 8, 5.50313, 5.47232, 3.16228, 2.49687, 0, 5.47236, 5.47242, 5.47232, 5.47232, 5.47232, 5.47232, 5.47232, 5.47232, 5.47232, 5.47232, 5.47232, 5.47232, 5.47232, 5.47232, 5.47232, 5.47232, 5.503, 5.47232
9.92492, 10, 5.49867, 5.46534, 3.4641, 4.50133, 0, 5.46538, 5.46541, 5.46534, 5.46534, 5.46534, 5.46534, 5.46534, 5.46534, 5.46534, 5.46534, 5.46534, 5.46534, 5.46534, 5.46535, 5.46534, 5.46534, 5.49856, 5.46534
9.93281, 6, 5.49459, 5.45784, 2.82843, 0.505405, 0, 5.45789, 5.45789, 5.45784, 5.45784, 5.45784, 5.45784, 5.45784, 5.45784, 5.45784, 5.45784, 5.45784, 5.45784, 5.45784, 5.45785, 5.45784, 5.45784, 5.4945, 5.45784
9.94069, 2, 5.49145, 5.45035, 2, -3.49145, 0, 5.4504, 5.45038, 5.45035, 5.45035, 5.45035, 5.45035, 5.45035, 5.45035, 5.45035, 5.45035, 5.45035, 5.45035, 5.45035, 5.45035, 5.45035, 5.45035, 5.49137, 5.45035
9.94857, 10, 5.50023, 5.45385, 3.4641, 4.49977, 0, 5.45391, 5.45387, 5.45385, 5.45385, 5.45385, 5.45385, 5.45385, 5.45385, 5.45385, 5.45385, 5.45385, 5.45385, 5.45385, 5.45385, 5.45385, 5.45385, 5.50015, 5.45385
9.95646, 10, 5.50694, 5.45437, 3.4641, 4.49306, 0, 5.45444, 5.45439, 5.45437, 5.45437, 5.45437, 5.45437, 5.45437, 5.45437, 5.45437, 5.45437, 5.45437, 5.45437, 5.45437, 5.45437, 5.45437, 5.45437, 5.50685, 5.45437
9.96434, 4, 5.51182, 5.45219, 2.44949, -1.51182, 0, 5.45227, 5.4522, 5.45219, 5.45219, 5.45219, 5.45219, 5.45219, 5.45219, 5.45219, 5.45219, 5.45219, 5.45219, 5.45219, 5.45219, 5.45219, 5.45219, 5.51172, 5.45219
9.97222, 2, 5.51617, 5.44865, 2, -3.51617, 0, 5.44875, 5.44866, 5.44865, 5.44865, 5.44865, 5.44865, 5.44865, 5.44865, 5.44865, 5.44865, 5.44865, 5.44865, 5.44865, 5.44865, 5.44865, 5.44865, 5.51606, 5.44865
9.98011, 4, 5.52127, 5.44512, 2.44949, -1.52127, 0, 5.44523, 5.44512, 5.44512, 5.44512, 5.44512, 5.44512, 5.44512, 5.44512, 5.44512, 5.44512, 5.44512, 5.44512, 5.44512, 5.44512, 5.44512, 5.44512, 5.52115, 5.44512
9.98799, 10, 5.53362, 5.44819, 3.4641, 4.46638, 0, 5.44832, 5.4482, 5.44819, 5.44819, 5.44819, 5.44819, 5.44819, 5.44819, 5.44819, 5.44819, 5.44819, 5.44819, 5.44819, 5.44819, 5.44819, 5.44819, 5.53349, 5.44819
9.99588, 12, 5.54379, 5.44855, 3.74166, 6.45621, 0, 5.4487, 5.44855, 5.44855, 5.44855, 5.44855, 5.44855, 5.44855, 5.44855, 5.44855, 5.44855, 5.44855, 5.44855, 5.44855, 5.44855, 5.44855, 5.44855, 5.54364, 5.44855
10.0038, 2, 5.55191, 5.44647, 2, -3.55191, 0, 5.44664, 5.44647, 5.44647, 5.44647, 5.44647, 5.44647, 5.44647, 5.44647, 5.44647, 5.44647, 5.44647, 5.44647, 5.44647, 5.44647, 5.44647, 5.44647, 5.55174, 5.44647
10.0116, 8, 5.55903, 5.44318, 3.16228, 2.44097, 0, 5.44337, 5.44318, 5.44318, 5.44318, 5.44318, 5.44318, 5.44318, 5.44318, 5.44318, 5.44318, 5.44318, 5.44318, 5.44318, 5.44318, 5.44318, 5.44318, 5.55884, 5.44318
10.0195, 12, 5.56619, 5.43989, 3.74166, 6.43381, 0, 5.44011, 5.43989, 5.43989, 5.43989, 5.43989, 5.43989, 5.43989, 5.43989, 5.43989, 5.43989, 5.43989, 5.43989, 5.43989, 5.43989, 5.43989, 5.43989, 5.56597, 5.43989
10.0274, 6, 5.57858, 5.442, 2.82843, 0.421417, 0, 5.44224, 5.442, 5.442, 5.442, 5.442, 5.442, 5.442, 5.442, 5.442, 5.442, 5.442, 5.442, 5.442, 5.442, 5.442, 5.442, 5.57834, 5.442
10.0353, 16, 5.58794, 5.44144, 4.24264, 10.4121, 0, 5.44171, 5.44144, 5.44144, 5.44144, 5.44144, 5.44144, 5.44144, 5.44144, 5.44144, 5.44144, 5.44144, 5.44144, 5.44144, 5.44144, 5.44144, 5.44144, 5.58766, 5.44144
10.0432, 4, 5.59433, 5.4385, 2.44949, -1.59433, 0, 5.4388, 5.4385, 5.4385, 5.4385, 5.4385, 5.4385, 5.4385, 5.4385, 5.4385, 5.4385, 5.4385, 5.4385, 5.4385, 5.4385, 5.4385, 5.4385, 5.59402, 5.4385
10.0511, 6, 5.59874, 5.43437, 2.82843, 0.401255, 0, 5.43471, 5.43437, 5.43437, 5.43437, 5.43437, 5.43437, 5.43437, 5.43437, 5.43437, 5.43437, 5.43437, 5.43437, 5.43437, 5.43437, 5.43437, 5.43437, 5.5984, 5.43437
10.0589, 8, 5.60217, 5.43023, 3.16228, 2.39783, 0, 5.43061, 5.43023, 5.43023, 5.43023, 5.43023, 5.43023, 5.43023, 5.43023, 5.43023, 5.43023, 5.43023, 5.43023, 5.43023, 5.43024, 5.43023, 5.43023, 5.60179, 5.43023
10.0668, 18, 5.61074, 5.43241, 4.47214, 12.3893, 0, 5.43282, 5.43241, 5.43241, 5.43241, 5.43241, 5.43241, 5.43241, 5.43241, 5.43241, 5.43241, 5.43241, 5.43241, 5.43241, 5.43241, 5.43241, 5.43241, 5.61033, 5.43241
10.0747, 6, 5.61529, 5.43189, 2.82843, 0.384708, 0, 5.43234, 5.43189, 5.43189, 5.43189, 5.43189, 5.43189, 5.43189, 5.43189, 5.43189, 5.43189, 5.43189, 5.43189, 5.43189, 5.43189, 5.43189, 5.43189, 5.61484, 5.43189
10.0826, 6, 5.61596, 5.42893, 2.82843, 0.384038, 0, 5.42942, 5.42893, 5.42893, 5.42893, 5.42893, 5.42893, 5.42893, 5.42893, 5.42893, 5.42893, 5.42893, 5.42893, 5.42893, 5.42893, 5.42893, 5.42893, 5.61548, 5.42893
10.0905, 12, 5.61388, 5.42476, 3.74166, 6.38612, 0, 5.42528, 5.42476, 5.42476, 5.42476, 5.42476, 5.42476, 5.42476, 5.42476, 5.42476, 5.42476, 5.42476, 5.42476, 5.42476, 5.42476, 5.42476, 5.42476, 5.61336, 5.42476
10.0984, 12, 5.61021, 5.42059, 3.74166, 6.38979, 0, 5.42114, 5.42059, 5.42059, 5.42059, 5.42059, 5.42059, 5.42059, 5.42059, 5.42059, 5.42059, 5.42059, 5.42059, 5.42059, 5.42059, 5.42059, 5.42059, 5.60966, 5.42059
10.1062, 10, 5.60999, 5.42146, 3.4641, 4.39001, 0, 5.42205, 5.42146, 5.42146, 5.42146, 5.42146, 5.42146, 5.42146, 5.42146, 5.42146, 5.42146, 5.42146, 5.42146, 5.42146, 5.42146, 5.42146, 5.42146, 5.6094, 5.42146
10.1141, 4, 5.60564, 5.41977, 2.44949, -1.60564, 0, 5.42039, 5.41977, 5.41977, 5.41977, 5.41977, 5.41977, 5.41977, 5.41977, 5.41977, 5.41977, 5.41977, 5.41977, 5.41977, 5.41977, 5.41977, 5.41977, 5.60502, 5.41977
10.122, 4, 5.59749, 5.41578, 2.44949, -1.59749, 0, 5.41643, 5.41578, 5.41578, 5.41578, 5.41578, 5.41578, 5.41578, 5.41578, 5.41578, 5.41578, 5.41578, 5.41578, 5.41578, 5.41578, 5.41578, 5.41578, 5.59684, 5.41578
10.1299, 6, 5.58678, 5.41063, 2.82843, 0.413217, 0, 5.41131, 5.41063, 5.41063, 5.41063, 5.41063, 5.41063, 5.41063, 5.41063, 5.41063, 5.41063, 5.41063, 5.41063, 5.41063, 5.41063, 5.41063, 5.41063, 5.58611, 5.41063
10.1378, 10, 5.57482, 5.40549, 3.4641, 4.42518, 0, 5.40618, 5.40549, 5.40549, 5.40549, 5.40549, 5.40549, 5.40549, 5.40549, 5.40549, 5.40549, 5.40549, 5.40549, 5.40549, 5.40549, 5.40549, 5.40549, 5.57413, 5.40549
10.1457, 4, 5.5677, 5.40627, 2.44949, -1.5677, 0, 5.40698, 5.40627, 5.40627, 5.40627, 5.40627, 5.40627, 5.40627, 5.40627, 5.40627, 5.40627, 5.40627, 5.40627, 5.40627, 5.40628, 5.40627, 5.40627, 5.56699, 5.40627
10.1536, 8, 5.55718, 5.40458, 3.16228, 2.44282, 0, 5.4053, 5.40458, 5.40458, 5.40458, 5.40458, 5.40458, 5.40458, 5.40458, 5.40458, 5.40458, 5.40458, 5.40458, 5.40458, 5.40458, 5.40458, 5.40458, 5.55645, 5.40458
10.1614, 12, 5.54366, 5.40061, 3.74166, 6.45634, 0, 5.40134, 5.40061, 5.40061, 5.40061, 5.40061, 5.40061, 5.40061, 5.40061, 5.40061, 5.40061, 5.40061, 5.40061, 5.40061, 5.40061, 5.40061, 5.40061, 5.54294, 5.40061
10.1693, 10, 5.5285, 5.39551, 3.4641, 4.4715, 0, 5.39623, 5.39551, 5.39551, 5.39551, 5.39551, 5.39551, 5.39551, 5.39551, 5.39551, 5.39551, 5.39551, 5.39551, 5.39551, 5.39551, 5.39551, 5.39551, 5.52777, 5.39551
10.1772, 6, 5.51302, 5.39041, 2.82843, 0.486975, 0, 5.39113, 5.39041, 5.39041, 5.39041, 5.39041, 5.39041, 5.39041, 5.39041, 5.39041, 5.39041, 5.39041, 5.39041, 5.39041, 5.39041, 5.39041, 5.39041, 5.5123, 5.39041
10.1851, 4, 5.50139, 5.38928, 2.44949, -1.50139, 0, 5.38999, 5.38928, 5.38928, 5.38928, 5.38928, 5.38928, 5.38928, 5.38928, 5.38928, 5.38928, 5.38928, 5.38928, 5.38928, 5.38928, 5.38928, 5.38928, 5.50067, 5.38928
10.193, 14, 5.48778, 5.38612, 4, 8.51222, 0, 5.38682, 5.38612, 5.38612, 5.38612, 5.38612, 5.38612, 5.38612, 5.38612, 5.38612, 5.38612, 5.38612, 5.38612, 5.38612, 5.38612, 5.38612, 5.38612, 5.48708, 5.38612
10.2009, 2, 5.47251, 5.38108, 2, -3.47251, 0, 5.38176, 5.38108, 5.38108, 5.38108, 5.38108, 5.38108, 5.38108, 5.38108, 5.38108, 5.38108, 5.38108, 5.38108, 5.38108, 5.38108, 5.38108, 5.38108, 5.47182, 5.38108
10.2087, 6, 5.45666, 5.37511, 2.82843, 0.543344, 0, 5.37577, 5.37511, 5.37511, 5.37511, 5.37511, 5.37511, 5.37511, 5.37511, 5.37511, 5.37511, 5.37511, 5.37511, 5.37511, 5.37511, 5.37511, 5.37511, 5.456, 5.37511
10.2166, 8, 5.44128, 5.36915, 3.16228, 2.55872, 0, 5.36978, 5.36915, 5.36915, 5.36915, 5.36915, 5.36915, 5.36915, 5.36915, 5.36915, 5.36915, 5.36915, 5.36915, 5.36915, 5.36915, 5.36915, 5.36915, 5.44065, 5.36915
10.2245, 8, 5.43055, 5.36726, 3.16228, 2.56945, 0, 5.36786, 5.36726, 5.36726, 5.36726, 5.36726, 5.36726, 5.36726, 5.36726, 5.36726, 5.36726, 5.36726, 5.36726, 5.36726, 5.36726, 5.36726, 5.36726, 5.42994, 5.36726
10.2324, 6, 5.41892, 5.36385, 2.82843, 0.581083, 0, 5.36441, 5.36385, 5.36385, 5.36385, 5.36385, 5.36385, 5.36385, 5.36385, 5.36385, 5.36385, 5.36385, 5.36385, 5.36385, 5.36385, 5.36385, 5.36385, 5.41835, 5.36385
10.2403, 10, 5.40654, 5.35901, 3.4641, 4.59346, 0, 5.35954, 5.35901, 5.35901, 5.35901, 5.35901, 5.35901, 5.35901, 5.35901, 5.35901, 5.35901, 5.35901, 5.35901, 5.35901, 5.35901, 5.35901, 5.35901, 5.40601, 5.35901
10.2482, 16, 5.39416, 5.35347, 4.24264, 10.6058, 0, 5.35396, 5.35347, 5.35347, 5.35347, 5.35347, 5.35347, 5.35347, 5.35347, 5.35347, 5.35347, 5.35347, 5.35347, 5.35347, 5.35347, 5.35347, 5.35347, 5.39366, 5.35347
10.256, 4, 5.38248, 5.34793, 2.44949, -1.38248, 0, 5.34839, 5.34793, 5.34793, 5.34793, 5.34793, 5.34793, 5.34793, 5.34793, 5.34793, 5.34793, 5.34793, 5.34793, 5.34793, 5.34793, 5.34793, 5.34793, 5.38202, 5.34793
10.2639, 6, 5.3728, 5.34369, 2.82843, 0.627202, 0, 5.34412, 5.34369, 5.34369, 5.34369, 5.34369, 5.34369, 5.34369, 5.34369, 5.34369, 5.34369, 5.34369, 5.34369, 5.34369, 5.3437, 5.34369, 5.34369, 5.37237, 5.34369
10.2718, 10, 5.36291, 5.33859, 3.4641, 4.63709, 0, 5.33898, 5.33859, 5.33859, 5.33859, 5.33859, 5.33859, 5.33859, 5.33859, 5.33859, 5.33859, 5.33859, 5.33859, 5.33859, 5.3386, 5.33859, 5.33859, 5.36252, 5.33859
10.2797, 4, 5.35285, 5.3327, 2.44949, -1.35285, 0, 5.33305, 5.3327, 5.3327, 5.3327, 5.3327, 5.3327, 5.3327, 5.3327, 5.3327, 5.3327, 5.3327, 5.3327, 5.3327, 5.3327, 5.3327, 5.3327, 5.3525, 5.3327
10.2876, 16, 5.34297, 5.3264, 4.24264, 10.657, 0, 5.32672, 5.3264, 5.3264, 5.3264, 5.3264, 5.3264, 5.3264, 5.3264, 5.3264, 5.3264, 5.3264, 5.3264, 5.3264, 5.3264, 5.3264, 5.3264, 5.34266, 5.3264
10.2955, 2, 5.33363, 5.32011, 2, -3.33363, 0, 5.32039, 5.32011, 5.32011, 5.32011, 5.32011, 5.32011, 5.32011, 5.32011, 5.32011, 5.32011, 5.32011, 5.32011, 5.32011, 5.32011, 5.32011, 5.32011, 5.33334, 5.32011
10.3033, 10, 5.32484, 5.3139, 3.4641, 4.67516, 0, 5.31415, 5.3139, 5.3139, 5.3139, 5.3139, 5.3139, 5.3139, 5.3139, 5.3139, 5.3139, 5.3139, 5.3139, 5.3139, 5.3139, 5.3139, 5.3139, 5.32458, 5.3139
10.3112, 8, 5.31643, 5.30765, 3.16228, 2.68357, 0, 5.30787, 5.30765, 5.30765, 5.30765, 5.30765, 5.30765, 5.30765, 5.30765, 5.30765, 5.30765, 5.30765, 5.30765, 5.30765, 5.30765, 5.30765, 5.30765, 5.31621, 5.30765
10.3191, 4, 5.30837, 5.30137, 2.44949, -1.30837, 0, 5.30157, 5.30137, 5.30137, 5.30137, 5.30137, 5.30137, 5.30137, 5.30137, 5.30137, 5.30137, 5.30137, 5.30137, 5.30137, 5.30137, 5.30137, 5.30137, 5.30817, 5.30137
10.327, 18, 5.30018, 5.29465, 4.47214, 12.6998, 0, 5.29482, 5.29465, 5.29465, 5.29465, 5.29465, 5.29465, 5.29465, 5.29465, 5.29465, 5.29465, 5.29465, 5.29465, 5.29465, 5.29465, 5.29465, 5.29465, 5.30001, 5.29465
10.3349, 8, 5.2918, 5.28746, 3.16228, 2.7082, 0, 5.28761, 5.28746, 5.28746, 5.28746, 5.28746, 5.28746, 5.28746, 5.28746, 5.28746, 5.28746, 5.28746, 5.28746, 5.28746, 5.28746, 5.28746, 5.28746, 5.29165, 5.28746
10.3428, 4, 5.28306, 5.27968, 2.44949, -1.28306, 0, 5.27981, 5.27968, 5.27968, 5.27968, 5.27968, 5.27968, 5.27968, 5.27968, 5.27968, 5.27968, 5.27968, 5.27968, 5.27968, 5.27968, 5.27968, 5.27968, 5.28292, 5.27968
10.3506, 10, 5.27402, 5.27141, 3.4641, 4.72598, 0, 5.27152, 5.27141, 5.27141, 5.27141, 5.27141, 5.27141, 5.27141, 5.27141, 5.27141, 5.27141, 5.27141, 5.27141, 5.27141, 5.27141, 5.27141, 5.27141, 5.27391, 5.27141
10.3585, 10, 5.26472, 5.26272, 3.4641, 4.73528, 0, 5.26282, 5.26272, 5.26272, 5.26272, 5.26272, 5.26272, 5.26272, 5.26272, 5.26272, 5.26272, 5.26272, 5.26272, 5.26272, 5.26272, 5.26272, 5.26272, 5.26462, 5.26272
10.3664, 4, 5.25526, 5.25373, 2.44949, -1.25526, 0, 5.25381, 5.25373, 5.25373, 5.25373, 5.25373, 5.25373, 5.25373, 5.25373, 5.25373, 5.25373, 5.25373, 5.25373, 5.25373, 5.25373, 5.25373, 5.25373, 5.25517, 5.25373
10.3743, 14, 5.24571, 5.24455, 4, 8.75429, 0, 5.24462, 5.24455, 5.24455, 5.24455, 5.24455, 5.24455, 5.24455, 5.24455, 5.24455, 5.24455, 5.24455, 5.24455, 5.24455, 5.24455, 5.24455, 5.24455, 5.24563, 5.24455
10.3822, 6, 5.23613, 5.23526, 2.82843, 0.763869, 0, 5.23532, 5.23526, 5.23526, 5.23526, 5.23526, 5.23526, 5.23526, 5.23526, 5.23526, 5.23526, 5.23526, 5.23526, 5.23526, 5.23526, 5.23526, 5.23526, 5.23606, 5.23526
10.3901, 18, 5.22657, 5.22591, 4.47214, 12.7734, 0, 5.22597, 5.22591, 5.22591, 5.22591, 5.22591, 5.22591, 5.22591, 5.22591, 5.22591, 5.22591, 5.22591, 5.22591, 5.22591, 5.22591, 5.22591, 5.22591, 5.22651, 5.22591
10.398, 8, 5.21662, 5.21612, 3.16228, 2.78338, 0, 5.21617, 5.21612, 5.21612, 5.21612, 5.21612, 5.21612, 5.21612, 5.21612, 5.21612, 5.21612, 5.21612, 5.21612, 5.21612, 5.21613, 5.21612, 5.21612, 5.21657, 5.21612
10.4058, 10, 5.20628, 5.2059, 3.4641, 4.79372, 0, 5.20595, 5.2059, 5.2059, 5.2059, 5.2059, 5.2059, 5.2059, 5.2059, 5.2059, 5.2059, 5.2059, 5.2059, 5.2059, 5.2059, 5.2059, 5.2059, 5.20623, 5.2059
10.4137, 6, 5.19561, 5.19532, 2.82843, 0.80439, 0, 5.19536, 5.19532, 5.19532, 5.19532, 5.19532, 5.19532, 5.19532, 5.19532, 5.19532, 5.19532, 5.19532, 5.19532, 5.19532, 5.19532, 5.19532, 5.19532, 5.19557, 5.19532
10.4216, 6, 5.18472, 5.18449, 2.82843, 0.81528, 0, 5.18453, 5.18449, 5.18449, 5.18449, 5.18449, 5.18449, 5.18449, 5.18449, 5.18449, 5.18449, 5.18449, 5.18449, 5.18449, 5.1845, 5.18449, 5.18449, 5.18468, 5.18449
10.4295, 6, 5.17373, 5.17355, 2.82843, 0.826268, 0, 5.17358, 5.17355, 5.17355, 5.17355, 5.17355, 5.17355, 5.17355, 5.17355, 5.17355, 5.17355, 5.17355, 5.17355, 5.17355, 5.17355, 5.17355, 5.17355, 5.1737, 5.17355
10.4374, 4, 5.16271, 5.16255, 2.44949, -1.16271, 0, 5.16258, 5.16255, 5.16255, 5.16255, 5.16255, 5.16255, 5.16255, 5.16255, 5.16255, 5.16255, 5.16255, 5.16255, 5.16255, 5.16255, 5.16255, 5.16255, 5.16268, 5.16255
10.4453, 8, 5.15134, 5.15118, 3.16228, 2.84866, 0, 5.15121, 5.15118, 5.15118, 5.15118, 5.15118, 5.15118, 5.15118, 5.15118, 5.15118, 5.15118, 5.15118, 5.15118, 5.15118, 5.15118, 5.15118, 5.15118, 5.15131, 5.15118
10.4531, 10, 5.13944, 5.13928, 3.4641, 4.86056, 0, 5.13931, 5.13928, 5.13928, 5.13928, 5.13928, 5.13928, 5.13928, 5.13928, 5.13928, 5.13928, 5.13928, 5.13928, 5.13928, 5.13928, 5.13928, 5.13928, 5.13941, 5.13928
10.461, 10, 5.12713, 5.12695, 3.4641, 4.87287, 0, 5.12698, 5.12695, 5.12695, 5.12695, 5.12695, 5.12695, 5.12695, 5.12695, 5.12695, 5.12695, 5.12695, 5.12695, 5.12695, 5.12695, 5.12695, 5.12695, 5.1271, 5.12695
10.4689, 2, 5.11462, 5.11441, 2, -3.11462, 0, 5.11444, 5.11441, 5.11441, 5.11441, 5.11441, 5.11441, 5.11441, 5.11441, 5.11441, 5.11441, 5.11441, 5.11441, 5.11441, 5.11441, 5.11441, 5.11441, 5.1146, 5.11441
10.4768, 6, 5.10215, 5.10189, 2.82843, 0.89785, 0, 5.10191, 5.10189, 5.10189, 5.10189, 5.10189, 5.10189, 5.10189, 5.10189, 5.10189, 5.10189, 5.10189, 5.10189, 5.10189, 5.10189, 5.10189, 5.10189, 5.10213, 5.10189
10.4847, 8, 5.08989, 5.08956, 3.16228, 2.91011, 0, 5.08958, 5.08956, 5.08956, 5.08956, 5.08956, 5.08956, 5.08956, 5.08956, 5.08956, 5.08956, 5.08956, 5.08956, 5.08956, 5.08956, 5.08956, 5.08956, 5.08987, 5.08956
10.4926, 2, 5.07706, 5.07664, 2, -3.07706, 0, 5.07666, 5.07664, 5.07664, 5.07664, 5.07664, 5.07664, 5.07664, 5.07664, 5.07664, 5.07664, 5.07664, 5.07664, 5.07664, 5.07664, 5.07664, 5.07664, 5.07704, 5.07664
10.5004, 14, 5.06374, 5.0632, 4, 8.93626, 0, 5.06322, 5.0632, 5.0632, 5.0632, 5.0632, 5.0632, 5.0632, 5.0632, 5.0632, 5.0632, 5.0632, 5.0632, 5.0632, 5.0632, 5.0632, 5.0632, 5.06372, 5.0632
10.5083, 6, 5.0502, 5.04951, 2.82843, 0.949805, 0, 5.04953, 5.04951, 5.04951, 5.04951, 5.04951, 5.04951, 5.04951, 5.04951, 5.04951, 5.04951, 5.04951, 5.04951, 5.04951, 5.04951, 5.04951, 5.04951, 5.05017, 5.04951
10.5162, 8, 5.03671, 5.03583, 3.16228, 2.96329, 0, 5.03586, 5.03583, 5.03583, 5.03583, 5.03583, 5.03583, 5.03583, 5.03583, 5.03583, 5.03583, 5.03583, 5.03583, 5.03583, 5.03584, 5.03583, 5.03583, 5.03668, 5.03583
10.5241, 18, 5.02361, 5.02251, 4.47214, 12.9764, 0, 5.02253, 5.02251, 5.02251, 5.02251, 5.02251, 5.02251, 5.02251, 5.02251, 5.02251, 5.02251, 5.02251, 5.02251, 5.02251, 5.02251, 5.02251, 5.02251, 5.02359, 5.02251
10.532, 12, 5.01028, 5.0089, 3.74166, 6.98972, 0, 5.00893, 5.0089, 5.0089, 5.0089, 5.0089, 5.0089, 5.0089, 5.0089, 5.0089, 5.0089, 5.0089, 5.0089, 5.0089, 5.00891, 5.0089, 5.0089, 5.01026, 5.0089
10.5399, 6, 4.99676, 4.99504, 2.82843, 1.00324, 0, 4.99507, 4.99504, 4.99504, 4.99504, 4.99504, 4.99504, 4.99504, 4.99504, 4.99504, 4.99504, 4.99504, 4.99504, 4.99504, 4.99505, 4.99504, 4.99504, 4.99674, 4.99504
10.5477, 6, 4.98296, 4.98084, 2.82843, 1.01704, 0, 4.98087, 4.98084, 4.98084, 4.98084, 4.98084, 4.98084, 4.98084, 4.98084, 4.98084, 4.98084, 4.98084, 4.98084, 4.98084, 4.98085, 4.98084, 4.98084, 4.98294, 4.98084
10.5556, 10, 4.96897, 4.96637, 3.4641, 5.03103, 0, 4.96639, 4.96637, 4.96637, 4.96637, 4.96637, 4.96637, 4.96637, 4.96637, 4.96637, 4.96637, 4.96637, 4.96637, 4.96637, 4.96637, 4.96637, 4.96637, 4.96894, 4.96637
10.5635, 6, 4.95487, 4.95172, 2.82843, 1.04513, 0, 4.95174, 4.95172, 4.95172, 4.95172, 4.95172, 4.95172, 4.95172, 4.95172, 4.95172, 4.95172, 4.95172, 4.95172, 4.95172, 4.95172, 4.95172, 4.95172, 4.95485, 4.95172
10.5714, 2, 4.9406, 4.9368, 2, -2.9406, 0, 4.93683, 4.9368, 4.9368, 4.9368, 4.9368, 4.9368, 4.9368, 4.9368, 4.9368, 4.9368, 4.9368, 4.9368, 4.9368, 4.9368, 4.9368, 4.9368, 4.94058, 4.9368
10.5793, 8, 4.92621, 4.92167, 3.16228, 3.07379, 0, 4.92169, 4.92167, 4.92167, 4.92167, 4.92167, 4.92167, 4.92167, 4.92167, 4.92167, 4.92167, 4.92167, 4.92167, 4.92167, 4.92167, 4.92167, 4.92167, 4.92619, 4.92167
10.5872, 4, 4.91158, 4.90619, 2.44949, -0.911576, 0, 4.90621, 4.90619, 4.90619, 4.90619, 4.90619, 4.90619, 4.90619, 4.90619, 4.90619, 4.90619, 4.90619, 4.90619, 4.90619, 4.90619, 4.90619, 4.90619, 4.91155, 4.90619
10.595, 2, 4.89676, 4.89042, 2, -2.89676, 0, 4.89044, 4.89042, 4.89042, 4.89042, 4.89042, 4.89042, 4.89042, 4.89042, 4.89042, 4.89042, 4.89042, 4.89042, 4.89042, 4.89042, 4.89042, 4.89042, 4.89673, 4.89042
10.6029, 20, 4.88185, 4.87446, 4.69042, 15.1182, 0, 4.87448, 4.87446, 4.87446, 4.87446, 4.87446, 4.87446, 4.87446, 4.87446, 4.87446, 4.87446, 4.87446, 4.87446, 4.87446, 4.87446, 4.87446, 4.87446, 4.88182, 4.87446
10.6108, 10, 4.86682, 4.85828, 3.4641, 5.13318, 0, 4.8583, 4.85828, 4.85828, 4.85828, 4.85828, 4.85828, 4.85828, 4.85828, 4.85828, 4.85828, 4.85828, 4.85828, 4.85828, 4.85828, 4.85828, 4.85828, 4.8668, 4.85828
10.6187, 6, 4.85174, 4.84194, 2.82843, 1.14826, 0, 4.84196, 4.84194, 4.84194, 4.84194, 4.84194, 4.84194, 4.84194, 4.84194, 4.84194, 4.84194, 4.84194, 4.84194, 4.84194, 4.84194, 4.84194, 4.84194, 4.85172, 4.84194
10.6266, 4, 4.83648, 4.82532, 2.44949, -0.836477, 0, 4.82534, 4.82532, 4.82532, 4.82532, 4.82532, 4.82532, 4.82532, 4.82532, 4.82532, 4.82532, 4.82532, 4.82532, 4.82532, 4.82532, 4.82532, 4.82532, 4.83645, 4.82532
10.6345, 6, 4.82106, 4.80847, 2.82843, 1.17894, 0, 4.80849, 4.80847, 4.80847, 4.80847, 4.80847, 4.80847, 4.80847, 4.80847, 4.80847, 4.80847, 4.80847, 4.80847, 4.80847, 4.80847, 4.80847, 4.80847, 4.82104, 4.80847
10.6423, 0, 4.80562, 4.79152, 1.41421, -4.80562, 0, 4.79155, 4.79152, 4.79152, 4.79152, 4.79152, 4.79152, 4.79152, 4.79152, 4.79152, 4.79152, 4.79152, 4.79152, 4.79152, 4.79152, 4.79152, 4.79152, 4.80559, 4.79152
10.6502, 6, 4.79025, 4.77461, 2.82843, 1.20975, 0, 4.77463, 4.77461, 4.77461, 4.77461, 4.77461, 4.77461, 4.77461, 4.77461, 4.77461, 4.77461, 4.77461, 4.77461, 4.77461, 4.77461, 4.77461, 4.77461, 4.79023, 4.77461
10.6581, 8, 4.77535, 4.75813, 3.16228, 3.22465, 0, 4.75815, 4.75813, 4.75813, 4.75813, 4.75813, 4.75813, 4.75813, 4.75813, 4.75813, 4.75813, 4.75813, 4.75813, 4.75813, 4.75813, 4.75813, 4.75813, 4.77533, 4.75813
10.666, 4, 4.76027, 4.74146, 2.44949, -0.760271, 0, 4.74149, 4.74146, 4.74146, 4.74146, 4.74146, 4.74146, 4.74146, 4.74146, 4.74146, 4.74146, 4.74146, 4.74146, 4.74146, 4.74147, 4.74146, 4.74146, 4.76024, 4.74146
10.6739, 16, 4.745, 4.72463, 4.24264, 11.255, 0, 4.72466, 4.72463, 4.72463, 4.72463, 4.72463, 4.72463, 4.72463, 4.72463, 4.72463, 4.72463, 4.72463, 4.72463, 4.72463, 4.72463, 4.72463, 4.72463, 4.74497, 4.72463
10.6818, 4, 4.72944, 4.70757, 2.44949, -0.729441, 0, 4.70759, 4.70757, 4.70757, 4.70757, 4.70757, 4.70757, 4.70757, 4.70757, 4.70757, 4.70757, 4.70757, 4.70757, 4.70757, 4.70757, 4.70757, 4.70757, 4.72941, 4.70757
10.6897, 8, 4.71362, 4.69032, 3.16228, 3.28638, 0, 4.69034, 4.69032, 4.69032, 4.69032, 4.69032, 4.69032, 4.69032, 4.69032, 4.69032, 4.69032, 4.69032, 4.69032, 4.69032, 4.69032, 4.69032, 4.69032, 4.71359, 4.69032
10.6975, 4, 4.69757, 4.67296, 2.44949, -0.697571, 0, 4.67298, 4.67296, 4.67296, 4.67296, 4.67296, 4.67296, 4.67296, 4.67296, 4.67296, 4.67296, 4.67296, 4.67296, 4.67296, 4.67296, 4.67296, 4.67296, 4.69755, 4.67296
10.7054, 12, 4.68118, 4.65538, 3.74166, 7.31882, 0, 4.65541, 4.65538, 4.65538, 4.65538, 4.65538, 4.65538, 4.65538, 4.65538, 4.65538, 4.65538, 4.65538, 4.65538, 4.65538, 4.65539, 4.65538, 4.65538, 4.68115, 4.65538
10.7133, 8, 4.66445, 4.63764, 3.16228, 3.33555, 0, 4.63767, 4.63764, 4.63764, 4.63764, 4.63764, 4.63764, 4.63764, 4.63764, 4.63764, 4.63764, 4.63764, 4.63764, 4.63764, 4.63764, 4.63764, 4.63764, 4.66442, 4.63764
10.7212, 6, 4.64733, 4.6197, 2.82843, 1.35267, 0, 4.61972, 4.6197, 4.6197, 4.6197, 4.6197, 4.6197, 4.6197, 4.6197, 4.6197, 4.6197, 4.6197, 4.6197, 4.6197, 4.6197, 4.6197, 4.6197, 4.64731, 4.6197
10.7291, 10, 4.62986, 4.60161, 3.4641, 5.37014, 0, 4.60163, 4.60161, 4.60161, 4.60161, 4.60161, 4.60161, 4.60161, 4.60161, 4.60161, 4.60161, 4.60161, 4.60161, 4.60161, 4.60161, 4.60161, 4.60161, 4.62983, 4.60161
10.737, 10, 4.61208, 4.58342, 3.4641, 5.38792, 0, 4.58345, 4.58342, 4.58342, 4.58342, 4.58342, 4.58342, 4.58342, 4.58342, 4.58342, 4.58342, 4.58342, 4.58342, 4.58342, 4.58343, 4.58342, 4.58342, 4.61205, 4.58342
10.7448, 10, 4.594, 4.56517, 3.4641, 5.406, 0, 4.5652, 4.56517, 4.56517, 4.56517, 4.56517, 4.56517, 4.56517, 4.56517, 4.56517, 4.56517, 4.56517, 4.56517, 4.56517, 4.56518, 4.56517, 4.56517, 4.59397, 4.56517
10.7527, 8, 4.57564, 4.54688, 3.16228, 3.42436, 0, 4.54691, 4.54688, 4.54688, 4.54688, 4.54688, 4.54688, 4.54688, 4.54688, 4.54688, 4.54688, 4.54688, 4.54688, 4.54688, 4.54689, 4.54688, 4.54688, 4.57562, 4.54688
10.7606, 10, 4.55673, 4.52827, 3.4641, 5.44327, 0, 4.52829, 4.52827, 4.52827, 4.52827, 4.52827, 4.52827, 4.52827, 4.52827, 4.52827, 4.52827, 4.52827, 4.52827, 4.52827, 4.52827, 4.52827, 4.52827, 4.5567, 4.52827
10.7685, 6, 4.53728, 4.50934, 2.82843, 1.46272, 0, 4.50937, 4.50934, 4.50934, 4.50934, 4.50934, 4.50934, 4.50934, 4.50934, 4.50934, 4.50934, 4.50934, 4.50934, 4.50934, 4.50934, 4.50934, 4.50934, 4.53726, 4.50934
10.7764, 6, 4.51749, 4.49028, 2.82843, 1.48251, 0, 4.49031, 4.49028, 4.49028, 4.49028, 4.49028, 4.49028, 4.49028, 4.49028, 4.49028, 4.49028, 4.49028, 4.49028, 4.49028, 4.49029, 4.49028, 4.49028, 4.51747, 4.49028
10.7843, 8, 4.49755, 4.47127, 3.16228, 3.50245, 0, 4.47129, 4.47127, 4.47127, 4.47127, 4.47127, 4.47127, 4.47127, 4.47127, 4.47127, 4.47127, 4.47127, 4.47127, 4.47127, 4.47127, 4.47127, 4.47127, 4.49752, 4.47127
10.7921, 8, 4.47864, 4.45345, 3.16228, 3.52136, 0, 4.45348, 4.45345, 4.45345, 4.45345, 4.45345, 4.45345, 4.45345, 4.45345, 4.45345, 4.45345, 4.45345, 4.45345, 4.45345, 4.45345, 4.45345, 4.45345, 4.47861, 4.45345
10.8, 2, 4.45901, 4.43507, 2, -2.45901, 0, 4.43509, 4.43507, 4.43507, 4.43507, 4.43507, 4.43507, 4.43507, 4.43507, 4.43507, 4.43507, 4.43507, 4.43507, 4.43507, 4.43507, 4.43507, 4.43507, 4.45898, 4.43507
10.8079, 8, 4.43872, 4.41615, 3.16228, 3.56128, 0, 4.41618, 4.41615, 4.41615, 4.41615, 4.41615, 4.41615, 4.41615, 4.41615, 4.41615, 4.41615, 4.41615, 4.41615, 4.41615, 4.41615, 4.41615, 4.41615, 4.43869, 4.41615
10.8158, 4, 4.4181, 4.39699, 2.44949, -0.418097, 0, 4.39701, 4.39699, 4.39699, 4.39699, 4.39699, 4.39699, 4.39699, 4.39699, 4.39699, 4.39699, 4.39699, 4.39699, 4.39699, 4.39699, 4.39699, 4.39699, 4.41807, 4.39699
10.8237, 6, 4.39745, 4.37787, 2.82843, 1.60255, 0, 4.37789, 4.37787, 4.37787, 4.37787, 4.37787, 4.37787, 4.37787, 4.37787, 4.37787, 4.37787, 4.37787, 4.37787, 4.37787, 4.37787, 4.37787, 4.37787, 4.39743, 4.37787
10.8316, 6, 4.37809, 4.36006, 2.82843, 1.62191, 0, 4.36009, 4.36006, 4.36006, 4.36006, 4.36006, 4.36006, 4.36006, 4.36006, 4.36006, 4.36006, 4.36006, 4.36006, 4.36006, 4.36006, 4.36006, 4.36006, 4.37806, 4.36006
10.8394, 8, 4.35793, 4.34147, 3.16228, 3.64207, 0, 4.3415, 4.34147, 4.34147, 4.34147, 4.34147, 4.34147, 4.34147, 4.34147, 4.34147, 4.34147, 4.34147, 4.34147, 4.34147, 4.34147, 4.34147, 4.34147, 4.3579, 4.34147
10.8473, 8, 4.33704, 4.32213, 3.16228, 3.66296, 0, 4.32216, 4.32213, 4.32213, 4.32213, 4.32213, 4.32213, 4.32213, 4.32213, 4.32213, 4.32213, 4.32213, 4.32213, 4.32213, 4.32213, 4.32213, 4.32213, 4.33702, 4.32213
10.8552, 12, 4.31585, 4.30245, 3.74166, 7.68415, 0, 4.30248, 4.30245, 4.30245, 4.30245, 4.30245, 4.30245, 4.30245, 4.30245, 4.30245, 4.30245, 4.30245, 4.30245, 4.30245, 4.30245, 4.30245, 4.30245, 4.31582, 4.30245
10.8631, 2, 4.29476, 4.28281, 2, -2.29476, 0, 4.28284, 4.28281, 4.28281, 4.28281, 4.28281, 4.28281, 4.28281, 4.28281, 4.28281, 4.28281, 4.28281, 4.28281, 4.28281, 4.28281, 4.28281, 4.28281, 4.29473, 4.28281
10.871, 16, 4.27622, 4.26565, 4.24264, 11.7238, 0, 4.26568, 4.26565, 4.26565, 4.26565, 4.26565, 4.26565, 4.26565, 4.26565, 4.26565, 4.26565, 4.26565, 4.26565, 4.26565, 4.26565, 4.26565, 4.26565, 4.2762, 4.26565
10.8789, 2, 4.25669, 4.24742, 2, -2.25669, 0, 4.24745, 4.24742, 4.24742, 4.24742, 4.24742, 4.24742, 4.24742, 4.24742, 4.24742, 4.24742, 4.24742, 4.24742, 4.24742, 4.24742, 4.24742, 4.24742, 4.25667, 4.24742
10.8867, 4, 4.23626, 4.22818, 2.44949, -0.236256, 0, 4.22821, 4.22818, 4.22818, 4.22818, 4.22818, 4.22818, 4.22818, 4.22818, 4.22818, 4.22818, 4.22818, 4.22818, 4.22818, 4.22818, 4.22818, 4.22818, 4.23623, 4.22818
10.8946, 14, 4.21544, 4.20846, 4, 9.78456, 0, 4.20849, 4.20846, 4.20846, 4.20846, 4.20846, 4.20846, 4.20846, 4.20846, 4.20846, 4.20846, 4.20846, 4.20846, 4.20846, 4.20847, 4.20846, 4.20846, 4.21541, 4.20846
10.9025, 6, 4.19478, 4.1888, 2.82843, 1.80522, 0, 4.18882, 4.1888, 4.1888, 4.1888, 4.1888, 4.1888, 4.1888, 4.1888, 4.1888, 4.1888, 4.1888, 4.1888, 4.1888, 4.1888, 4.1888, 4.1888, 4.19475, 4.1888
10.9104, 0, 4.17704, 4.17195, 1.41421, -4.17704, 0, 4.17198, 4.17195, 4.17195, 4.17195, 4.17195, 4.17195, 4.17195, 4.17195, 4.17195, 4.17195, 4.17195, 4.17195, 4.17195, 4.17196, 4.17195, 4.17195, 4.17701, 4.17195
10.9183, 6, 4.15809, 4.1538, 2.82843, 1.84191, 0, 4.15383, 4.1538, 4.1538, 4.1538, 4.1538, 4.1538, 4.1538, 4.1538, 4.1538, 4.1538, 4.1538, 4.1538, 4.1538, 4.1538, 4.1538, 4.1538, 4.15807, 4.1538
10.9262, 12, 4.13802, 4.13442, 3.74166, 7.86198, 0, 4.13445, 4.13442, 4.13442, 4.13442, 4.13442, 4.13442, 4.13442, 4.13442, 4.13442, 4.13442, 4.13442, 4.13442, 4.13442, 4.13442, 4.13442, 4.13442, 4.13799, 4.13442
10.9341, 16, 4.11744, 4.11445, 4.24264, 11.8826, 0, 4.11448, 4.11445, 4.11445, 4.11445, 4.11445, 4.11445, 4.11445, 4.11445, 4.11445, 4.11445, 4.11445, 4.11445, 4.11445, 4.11445, 4.11445, 4.11445, 4.11741, 4.11445
10.9419, 12, 4.097, 4.09453, 3.74166, 7.903, 0, 4.09456, 4.09453, 4.09453, 4.09453, 4.09453, 4.09453, 4.09453, 4.09453, 4.09453, 4.09453, 4.09453, 4.09453, 4.09453, 4.09453, 4.09453, 4.09453, 4.09697, 4.09453
10.9498, 16, 4.08035, 4.07833, 4.24264, 11.9196, 0, 4.07836, 4.07833, 4.07833, 4.07833, 4.07833, 4.07833, 4.07833, 4.07833, 4.07833, 4.07833, 4.07833, 4.07833, 4.07833, 4.07833, 4.07833, 4.07833, 4.08032, 4.07833
10.9577, 10, 4.06218, 4.06053, 3.4641, 5.93782, 0, 4.06056, 4.06053, 4.06053, 4.06053, 4.06053, 4.06053, 4.06053, 4.06053, 4.06053, 4.06053, 4.06053, 4.06053, 4.06053, 4.06054, 4.06053, 4.06053, 4.06215, 4.06053
10.9656, 8, 4.04259, 4.04126, 3.16228, 3.95741, 0, 4.04129, 4.04126, 4.04126, 4.04126, 4.04126, 4.04126, 4.04126, 4.04126, 4.04126, 4.04126, 4.04126, 4.04126, 4.04126, 4.04126, 4.04126, 4.04126, 4.04256, 4.04126
10.9735, 12, 4.02234, 4.02128, 3.74166, 7.97766, 0, 4.02131, 4.02128, 4.02128, 4.02128, 4.02128, 4.02128, 4.02128, 4.02128, 4.02128, 4.02128, 4.02128, 4.02128, 4.02128, 4.02128, 4.02128, 4.02128, 4.02231, 4.02128
10.9814, 6, 4.00219, 4.00134, 2.82843, 1.99781, 0, 4.00137, 4.00134, 4.00134, 4.00134, 4.00134, 4.00134, 4.00134, 4.00134, 4.00134, 4.00134, 4.00134, 4.00134, 4.00134, 4.00134, 4.00134, 4.00134, 4.00216, 4.00134
10.9892, 2, 3.98673, 3.98605, 2, -1.98673, 0, 3.98608, 3.98605, 3.98605, 3.98605, 3.98605, 3.98605, 3.98605, 3.98605, 3.98605, 3.98605, 3.98605, 3.98605, 3.98605, 3.98605, 3.98605, 3.98605, 3.9867, 3.98605
10.9971, 12, 3.96926, 3.96873, 3.74166, 8.03074, 0, 3.96876, 3.96873, 3.96873, 3.96873, 3.96873, 3.96873, 3.96873, 3.96873, 3.96873, 3.96873, 3.96873, 3.96873, 3.96873, 3.96873, 3.96873, 3.96873, 3.96923, 3.96873
11.005, 6, 3.94991, 3.94949, 2.82843, 2.05009, 0, 3.94952, 3.94949, 3.94949, 3.94949, 3.94949, 3.94949, 3.94949, 3.94949, 3.94949, 3.94949, 3.94949, 3.94949, 3.94949, 3.9495, 3.94949, 3.94949, 3.94988, 3.94949
11.0129, 6, 3.92966, 3.92933, 2.82843, 2.07034, 0, 3.92936, 3.92933, 3.92933, 3.92933, 3.92933, 3.92933, 3.92933, 3.92933, 3.92933, 3.92933, 3.92933, 3.92933, 3.92933, 3.92934, 3.92933, 3.92933, 3.92963, 3.92933
11.0208, 2, 3.90948, 3.90923, 2, -1.90948, 0, 3.90925, 3.90923, 3.90923, 3.90923, 3.90923, 3.90923, 3.90923, 3.90923, 3.90923, 3.90923, 3.90923, 3.90923, 3.90923, 3.90923, 3.90923, 3.90923, 3.90945, 3.90923
11.0287, 0, 3.89668, 3.89647, 1.41421, -3.89668, 0, 3.8965, 3.89647, 3.89647, 3.89647, 3.89647, 3.89647, 3.89647, 3.89647, 3.89647, 3.89647, 3.89647, 3.89647, 3.89647, 3.89647, 3.89647, 3.89647, 3.89665, 3.89647
11.0365, 2, 3.88033, 3.88017, 2, -1.88033, 0, 3.8802, 3.88017, 3.88017, 3.88017, 3.88017, 3.88017, 3.88017, 3.88017, 3.88017, 3.88017, 3.88017, 3.88017, 3.88017, 3.88017, 3.88017, 3.88017, 3.8803, 3.88017
11.0444, 4, 3.86069, 3.86056, 2.44949, 0.139308, 0, 3.86059, 3.86056, 3.86056, 3.86056, 3.86056, 3.86056, 3.86056, 3.86056, 3.86056, 3.86056, 3.86056, 3.86056, 3.86056, 3.86057, 3.86056, 3.86056, 3.86066, 3.86056
11.0523, 6, 3.83945, 3.83934, 2.82843, 2.16055, 0, 3.83937, 3.83934, 3.83934, 3.83934, 3.83934, 3.83934, 3.83934, 3.83934, 3.83934, 3.83934, 3.83934, 3.83934, 3.83934, 3.83935, 3.83934, 3.83934, 3.83942, 3.83934
11.0602, 2, 3.81826, 3.81818, 2, -1.81826, 0, 3.81821, 3.81818, 3.81818, 3.81818, 3.81818, 3.81818, 3.81818, 3.81818, 3.81818, 3.81818, 3.81818, 3.81818, 3.81818, 3.81818, 3.81818, 3.81818, 3.81823, 3.81818
11.0681, 2, 3.81912, 3.81905, 2, -1.81912, 0, 3.81908, 3.81905, 3.81905, 3.81905, 3.81905, 3.81905, 3.81905, 3.81905, 3.81905, 3.81905, 3.81905, 3.81905, 3.81905, 3.81906, 3.81905, 3.81905, 3.81909, 3.81905
11.076, 12, 3.81601, 3.81595, 3.74166, 8.18399, 0, 3.81598, 3.81595, 3.81595, 3.81595, 3.81595, 3.81595, 3.81595, 3.81595, 3.81595, 3.81595, 3.81595, 3.81595, 3.81595, 3.81595, 3.81595, 3.81595, 3.81598, 3.81595
11.0838, 6, 3.80913, 3.80908, 2.82843, 2.19087, 0, 3.80911, 3.80908, 3.80908, 3.80908, 3.80908, 3.80908, 3.80908, 3.80908, 3.80908, 3.80908, 3.80908, 3.80908, 3.80908, 3.80908, 3.80908, 3.80908, 3.8091, 3.80908
11.0917, 4, 3.80039, 3.80034, 2.44949, 0.199611, 0, 3.80037, 3.80034, 3.80034, 3.80034, 3.80034, 3.80034, 3.80034, 3.80034, 3.80034, 3.80034, 3.80034, 3.80034, 3.80034, 3.80034, 3.80034, 3.80034, 3.80036, 3.80034
11.0996, 2, 3.79166, 3.79162, 2, -1.79166, 0, 3.79165, 3.79162, 3.79162, 3.79162, 3.79162, 3.79162, 3.79162, 3.79162, 3.79162, 3.79162, 3.79162, 3.79162, 3.79162, 3.79162, 3.79162, 3.79162, 3.79163, 3.79162
11.1075, 4, 3.78996, 3.78992, 2.44949, 0.210044, 0, 3.78995, 3.78992, 3.78992, 3.78992, 3.78992, 3.78992, 3.78992, 3.78992, 3.78992, 3.78992, 3.78992, 3.78992, 3.78992, 3.78992, 3.78992, 3.78992, 3.78992, 3.78992
11.1154, 8, 3.78593, 3.78589, 3.16228, 4.21407, 0, 3.78593, 3.78589, 3.78589, 3.78589, 3.78589, 3.78589, 3.78589, 3.78589, 3.78589, 3.78589, 3.78589, 3.78589, 3.78589, 3.7859, 3.78589, 3.78589, 3.7859, 3.78589
11.1233, 6, 3.77973, 3.7797, 2.82843, 2.22027, 0, 3.77973, 3.7797, 3.7797, 3.7797, 3.7797, 3.7797, 3.7797, 3.7797, 3.7797, 3.7797, 3.7797, 3.7797, 3.7797, 3.7797, 3.7797, 3.7797, 3.7797, 3.7797
11.1311, 12, 3.77245, 3.77242, 3.74166, 8.22755, 0, 3.77245, 3.77242, 3.77242, 3.77242, 3.77242, 3.77242, 3.77242, 3.77242, 3.77242, 3.77242, 3.77242, 3.77242, 3.77242, 3.77242, 3.77242, 3.77242, 3.77242, 3.77242
11.139, 8, 3.76518, 3.76514, 3.16228, 4.23482, 0, 3.76517, 3.76514, 3.76514, 3.76514, 3.76514, 3.76514, 3.76514, 3.76514, 3.76514, 3.76514, 3.76514, 3.76514, 3.76514, 3.76514, 3.76514, 3.76514, 3.76514, 3.76514
11.1469, 4, 3.7626, 3.76257, 2.44949, 0.237395, 0, 3.7626, 3.76257, 3.76257, 3.76257, 3.76257, 3.76257, 3.76257, 3.76257, 3.76257, 3.76257, 3.76257, 3.76257, 3.76257, 3.76257, 3.76257, 3.76257, 3.76257, 3.76257
11.1548, 8, 3.75829, 3.75825, 3.16228, 4.24171, 0, 3.75828, 3.75825, 3.75825, 3.75825, 3.75825, 3.75825, 3.75825, 3.75825, 3.75825, 3.75825, 3.75825, 3.75825, 3.75825, 3.75825, 3.75825, 3.75825, 3.75825, 3.75825
11.1627, 10, 3.75233, 3.7523, 3.4641, 6.24767, 0, 3.75233, 3.7523, 3.7523, 3.7523, 3.7523, 3.7523, 3.7523, 3.7523, 3.7523, 3.7523, 3.7523, 3.7523, 3.7523, 3.7523, 3.7523, 3.7523, 3.7523, 3.7523
11.1706, 2, 3.74556, 3.74552, 2, -1.74556, 0, 3.74555, 3.74552, 3.74552, 3.74552, 3.74552, 3.74552, 3.74552, 3.74552, 3.74552, 3.74552, 3.74552, 3.74552, 3.74552, 3.74552, 3.74552, 3.74552, 3.74552, 3.74552
11.1785, 2, 3.73879, 3.73876, 2, -1.73879, 0, 3.73879, 3.73876, 3.73876, 3.73876, 3.73876, 3.73876, 3.73876, 3.73876, 3.73876, 3.73876, 3.73876, 3.73876, 3.73876, 3.73876, 3.73876, 3.73876, 3.73876, 3.73876
11.1863, 6, 3.73538, 3.73535, 2.82843, 2.26462, 0, 3.73538, 3.73535, 3.73535, 3.73535, 3.73535, 3.73535, 3.73535, 3.73535, 3.73535, 3.73535, 3.73535, 3.73535, 3.73535, 3.73535, 3.73535, 3.73535, 3.73535, 3.73535
11.1942, 8, 3.73079, 3.73075, 3.16228, 4.26921, 0, 3.73078, 3.73075, 3.73075, 3.73075, 3.73075, 3.73075, 3.73075, 3.73075, 3.73075, 3.73075, 3.73075, 3.73075, 3.73075, 3.73075, 3.73075, 3.73075, 3.73075, 3.73075
11.2021, 8, 3.72506, 3.72503, 3.16228, 4.27494, 0, 3.72506, 3.72503, 3.72503, 3.72503, 3.72503, 3.72503, 3.72503, 3.72503, 3.72503, 3.72503, 3.72503, 3.72503, 3.72503, 3.72503, 3.72503, 3.72503, 3.72503, 3.72503
11.21, 6, 3.71878, 3.71874, 2.82843, 2.28122, 0, 3.71878, 3.71874, 3.71874, 3.71874, 3.71874, 3.71874, 3.71874, 3.71874, 3.71874, 3.71874, 3.71874, 3.71874, 3.71874, 3.71874, 3.71874, 3.71874, 3.71874, 3.71874
11.2179, 4, 3.7125, 3.71246, 2.44949, 0.287502, 0, 3.7125, 3.71246, 3.71246, 3.71246, 3.71246, 3.71246, 3.71246, 3.71246, 3.71246, 3.71246, 3.71246, 3.71246, 3.71246, 3.71247, 3.71246, 3.71246, 3.71246, 3.71246
11.2258, 2, 3.70705, 3.70702, 2, -1.70705, 0, 3.70705, 3.70702, 3.70702, 3.70702, 3.70702, 3.70702, 3.70702, 3.70702, 3.70702, 3.70702, 3.70702, 3.70702, 3.70702, 3.70702, 3.70702, 3.70702, 3.70702, 3.70702
11.2336, 4, 3.7015, 3.70147, 2.44949, 0.298496, 0, 3.7015, 3.70147, 3.70147, 3.70147, 3.70147, 3.70147, 3.70147, 3.70147, 3.70147, 3.70147, 3.70147, 3.70147, 3.70147, 3.70147, 3.70147, 3.70147, 3.70147, 3.70147
11.2415, 6, 3.69533, 3.6953, 2.82843, 2.30467, 0, 3.69533, 3.6953, 3.6953, 3.6953, 3.6953, 3.6953, 3.6953, 3.6953, 3.6953, 3.6953, 3.6953, 3.6953, 3.6953, 3.6953, 3.6953, 3.6953, 3.6953, 3.6953
11.2494, 14, 3.68848, 3.68845, 4, 10.3115, 0, 3.68848, 3.68845, 3.68845, 3.68845, 3.68845, 3.68845, 3.68845, 3.68845, 3.68845, 3.68845, 3.68845, 3.68845, 3.68845, 3.68845, 3.68845, 3.68845, 3.68845, 3.68845
11.2573, 10, 3.68101, 3.68097, 3.4641, 6.31899, 0, 3.68101, 3.68097, 3.68097, 3.68097, 3.68097, 3.68097, 3.68097, 3.68097, 3.68097, 3.68097, 3.68097, 3.68097, 3.68097, 3.68097, 3.68097, 3.68097, 3.68097, 3.68097
11.2652, 8, 3.67307, 3.67303, 3.16228, 4.32693, 0, 3.67307, 3.67303, 3.67303, 3.67303, 3.67303, 3.67303, 3.67303, 3.67303, 3.67303, 3.67303, 3.67303, 3.67303, 3.67303, 3.67303, 3.67303, 3.67303, 3.67303, 3.67303
11.2731, 4, 3.66491, 3.66487, 2.44949, 0.335094, 0, 3.6649, 3.66487, 3.66487, 3.66487, 3.66487, 3.66487, 3.66487, 3.66487, 3.66487, 3.66487, 3.66487, 3.66487, 3.66487, 3.66487, 3.66487, 3.66487, 3.66487, 3.66487
11.2809, 2, 3.65611, 3.65607, 2, -1.65611, 0, 3.65611, 3.65607, 3.65607, 3.65607, 3.65607, 3.65607, 3.65607, 3.65607, 3.65607, 3.65607, 3.65607, 3.65607, 3.65607, 3.65608, 3.65607, 3.65607, 3.65607, 3.65607
11.2888, 6, 3.64671, 3.64667, 2.82843, 2.35329, 0, 3.64671, 3.64667, 3.64667, 3.64667, 3.64667, 3.64667, 3.64667, 3.64667, 3.64667, 3.64667, 3.64667, 3.64667, 3.64667, 3.64667, 3.64667, 3.64667, 3.64667, 3.64667
11.2967, 10, 3.63701, 3.63697, 3.4641, 6.36299, 0, 3.63701, 3.63697, 3.63697, 3.63697, 3.63697, 3.63697, 3.63697, 3.63697, 3.63697, 3.63697, 3.63697, 3.63697, 3.63697, 3.63698, 3.63697, 3.63697, 3.63697, 3.63697
11.3046, 8, 3.62733, 3.62729, 3.16228, 4.37267, 0, 3.62733, 3.62729, 3.62729, 3.62729, 3.62729, 3.62729, 3.62729, 3.62729, 3.62729, 3.62729, 3.62729, 3.62729, 3.62729, 3.62729, 3.62729, 3.62729, 3.62729, 3.62729
11.3125, 2, 3.61841, 3.61837, 2, -1.61841, 0, 3.61841, 3.61837, 3.61837, 3.61837, 3.61837, 3.61837, 3.61837, 3.61837, 3.61837, 3.61837, 3.61837, 3.61837, 3.61837, 3.61837, 3.61837, 3.61837, 3.61837, 3.61837
11.3204, 14, 3.60849, 3.60845, 4, 10.3915, 0, 3.60849, 3.60845, 3.60845, 3.60845, 3.60845, 3.60845, 3.60845, 3.60845, 3.60845, 3.60845, 3.60845, 3.60845, 3.60845, 3.60845, 3.60845, 3.60845, 3.60845, 3.60845
11.3282, 10, 3.59777, 3.59773, 3.4641, 6.40223, 0, 3.59777, 3.59773, 3.59773, 3.59773, 3.59773, 3.59773, 3.59773, 3.59773, 3.59773, 3.59773, 3.59773, 3.59773, 3.59773, 3.59773, 3.59773, 3.59773, 3.59773, 3.59773
11.3361, 6, 3.58666, 3.58662, 2.82843, 2.41334, 0, 3.58666, 3.58662, 3.58662, 3.58662, 3.58662, 3.58662, 3.58662, 3.58662, 3.58662, 3.58662, 3.58662, 3.58662, 3.58662, 3.58662, 3.58662, 3.58662, 3.58662, 3.58662
11.344, 10, 3.57557, 3.57553, 3.4641, 6.42443, 0, 3.57557, 3.57553, 3.57553, 3.57553, 3.57553, 3.57553, 3.57553, 3.57553, 3.57553, 3.57553, 3.57553, 3.57553, 3.57553, 3.57553, 3.57553, 3.57553, 3.57553, 3.57553
11.3519, 2, 3.56785, 3.56781, 2, -1.56785, 0, 3.56785, 3.56781, 3.56781, 3.56781, 3.56781, 3.56781, 3.56781, 3.56781, 3.56781, 3.56781, 3.56781, 3.56781, 3.56781, 3.56781, 3.56781, 3.56781, 3.56781, 3.56781
11.3598, 0, 3.5584, 3.55835, 1.41421, -3.5584, 0, 3.5584, 3.55835, 3.55835, 3.55835, 3.55835, 3.55835, 3.55835, 3.55835, 3.55835, 3.55835, 3.55835, 3.55835, 3.55835, 3.55835, 3.55835, 3.55835, 3.55835, 3.55835
11.3677, 4, 3.54747, 3.54742, 2.44949, 0.452529, 0, 3.54747, 3.54742, 3.54742, 3.54742, 3.54742, 3.54742, 3.54742, 3.54742, 3.54742, 3.54742, 3.54742, 3.54742, 3.54742, 3.54742, 3.54742, 3.54742, 3.54742, 3.54742
11.3755, 4, 3.53582, 3.53577, 2.44949, 0.46418, 0, 3.53582, 3.53577, 3.53577, 3.53577, 3.53577, 3.53577, 3.53577, 3.53577, 3.53577, 3.53577, 3.53577, 3.53577, 3.53577, 3.53577, 3.53577, 3.53577, 3.53577, 3.53577
11.3834, 0, 3.52419, 3.52413, 1.41421, -3.52419, 0, 3.52419, 3.52413, 3.52413, 3.52413, 3.52413, 3.52413, 3.52413, 3.52413, 3.52413, 3.52413, 3.52413, 3.52413, 3.52413, 3.52413, 3.52413, 3.52413, 3.52413, 3.52413
11.3913, 4, 3.51736, 3.5173, 2.44949, 0.482635, 0, 3.51736, 3.5173, 3.5173, 3.5173, 3.5173, 3.5173, 3.5173, 3.5173, 3.5173, 3.5173, 3.5173, 3.5173, 3.5173, 3.51731, 3.5173, 3.5173, 3.5173, 3.5173
11.3992, 8, 3.50825, 3.50819, 3.16228, 4.49175, 0, 3.50825, 3.50819, 3.50819, 3.50819, 3.50819, 3.50819, 3.50819, 3.50819, 3.50819, 3.50819, 3.50819, 3.50819, 3.50819, 3.50819, 3.50819, 3.50819, 3.50819, 3.50819
11.4071, 4, 3.4972, 3.49713, 2.44949, 0.502803, 0, 3.4972, 3.49713, 3.49713, 3.49713, 3.49713, 3.49713, 3.49713, 3.49713, 3.49713, 3.49713, 3.49713, 3.49713, 3.49713, 3.49713, 3.49713, 3.49713, 3.49713, 3.49713
11.415, 14, 3.48518, 3.48511, 4, 10.5148, 0, 3.48518, 3.48511, 3.48511, 3.48511, 3.48511, 3.48511, 3.48511, 3.48511, 3.48511, 3.48511, 3.48511, 3.48511, 3.48511, 3.48511, 3.48511, 3.48511, 3.48511, 3.48511
11.4228, 4, 3.47319, 3.47311, 2.44949, 0.526814, 0, 3.47318, 3.47311, 3.47311, 3.47311, 3.47311, 3.47311, 3.47311, 3.47311, 3.47311, 3.47311, 3.47311, 3.47311, 3.47311, 3.47311, 3.47311, 3.47311, 3.47311, 3.47311
11.4307, 10, 3.46725, 3.46716, 3.4641, 6.53275, 0, 3.46725, 3.46716, 3.46716, 3.46716, 3.46716, 3.46716, 3.46716, 3.46716, 3.46716, 3.46716, 3.46716, 3.46716, 3.46716, 3.46716, 3.46716, 3.46716, 3.46716, 3.46716
11.4386, 4, 3.45848, 3.45839, 2.44949, 0.541522, 0, 3.45848, 3.45839, 3.45839, 3.45839, 3.45839, 3.45839, 3.45839, 3.45839, 3.45839, 3.45839, 3.45839, 3.45839, 3.45839, 3.45839, 3.45839, 3.45839, 3.45839, 3.45839
11.4465, 6, 3.4473, 3.4472, 2.82843, 2.5527, 0, 3.44729, 3.4472, 3.4472, 3.4472, 3.4472, 3.4472, 3.4472, 3.4472, 3.4472, 3.4472, 3.4472, 3.4472, 3.4472, 3.4472, 3.4472, 3.4472, 3.4472, 3.4472
11.4544, 2, 3.43493, 3.43481, 2, -1.43493, 0, 3.43492, 3.43481, 3.43481, 3.43481, 3.43481, 3.43481, 3.43481, 3.43481, 3.43481, 3.43481, 3.43481, 3.43481, 3.43481, 3.43482, 3.43481, 3.43481, 3.43482, 3.43481
11.4623, 6, 3.42258, 3.42245, 2.82843, 2.57742, 0, 3.42257, 3.42245, 3.42245, 3.42245, 3.42245, 3.42245, 3.42245, 3.42245, 3.42245, 3.42245, 3.42245, 3.42245, 3.42245, 3.42246, 3.42245, 3.42245, 3.42246, 3.42245
11.4702, 2, 3.41645, 3.41631, 2, -1.41645, 0, 3.41644, 3.41631, 3.41631, 3.41631, 3.41631, 3.41631, 3.41631, 3.41631, 3.41631, 3.41631, 3.41631, 3.41631, 3.41631, 3.41631, 3.41631, 3.41631, 3.41632, 3.41631
11.478, 4, 3.40778, 3.40762, 2.44949, 0.592223, 0, 3.40777, 3.40762, 3.40762, 3.40762, 3.40762, 3.40762, 3.40762, 3.40762, 3.40762, 3.40762, 3.40762, 3.40762, 3.40762, 3.40762, 3.40762, 3.40762, 3.40763, 3.40762
11.4859, 6, 3.39675, 3.39657, 2.82843, 2.60325, 0, 3.39674, 3.39657, 3.39657, 3.39657, 3.39657, 3.39657, 3.39657, 3.39657, 3.39657, 3.39657, 3.39657, 3.39657, 3.39657, 3.39658, 3.39657, 3.39657, 3.39658, 3.39657
11.4938, 4, 3.38457, 3.38436, 2.44949, 0.615433, 0, 3.38455, 3.38436, 3.38436, 3.38436, 3.38436, 3.38436, 3.38436, 3.38436, 3.38436, 3.38436, 3.38436, 3.38436, 3.38436, 3.38436, 3.38436, 3.38436, 3.38438, 3.38436
11.5017, 2, 3.37241, 3.37217, 2, -1.37241, 0, 3.37239, 3.37217, 3.37217, 3.37217, 3.37217, 3.37217, 3.37217, 3.37217, 3.37217, 3.37217, 3.37217, 3.37217, 3.37217, 3.37217, 3.37217, 3.37217, 3.37219, 3.37217
11.5096, 10, 3.36436, 3.36407, 3.4641, 6.63564, 0, 3.36433, 3.36407, 3.36407, 3.36407, 3.36407, 3.36407, 3.36407, 3.36407, 3.36407, 3.36407, 3.36407, 3.36407, 3.36407, 3.36407, 3.36407, 3.36407, 3.3641, 3.36407
11.5175, 2, 3.35506, 3.35472, 2, -1.35506, 0, 3.35503, 3.35472, 3.35472, 3.35472, 3.35472, 3.35472, 3.35472, 3.35472, 3.35472, 3.35472, 3.35472, 3.35472, 3.35472, 3.35472, 3.35472, 3.35472, 3.35475, 3.35472
11.5253, 8, 3.34468, 3.34425, 3.16228, 4.65532, 0, 3.34464, 3.34425, 3.34425, 3.34425, 3.34425, 3.34425, 3.34425, 3.34425, 3.34425, 3.34425, 3.34425, 3.34425, 3.34425, 3.34425, 3.34425, 3.34425, 3.34429, 3.34425
11.5332, 2, 3.33356, 3.33303, 2, -1.33356, 0, 3.33351, 3.33303, 3.33303, 3.33303, 3.33303, 3.33303, 3.33303, 3.33303, 3.33303, 3.33303, 3.33303, 3.33303, 3.33303, 3.33303, 3.33303, 3.33303, 3.33308, 3.33303
11.5411, 0, 3.32199, 3.32131, 1.41421, -3.32199, 0, 3.32192, 3.32131, 3.32131, 3.32131, 3.32131, 3.32131, 3.32131, 3.32131, 3.32131, 3.32131, 3.32131, 3.32131, 3.32131, 3.32131, 3.32131, 3.32131, 3.32138, 3.32131
11.549, 2, 3.31017, 3.30931, 2, -1.31017, 0, 3.31009, 3.30931, 3.30931, 3.30931, 3.30931, 3.30931, 3.30931, 3.30931, 3.30931, 3.30931, 3.30931, 3.30931, 3.30931, 3.30932, 3.30931, 3.30931, 3.3094, 3.30931
11.5569, 2, 3.29826, 3.29716, 2, -1.29826, 0, 3.29816, 3.29716, 3.29716, 3.29716, 3.29716, 3.29716, 3.29716, 3.29716, 3.29716, 3.29716, 3.29716, 3.29716, 3.29716, 3.29716, 3.29716, 3.29716, 3.29726, 3.29716
11.5648, 10, 3.28636, 3.28493, 3.4641, 6.71364, 0, 3.28623, 3.28493, 3.28493, 3.28493, 3.28493, 3.28493, 3.28493, 3.28493, 3.28493, 3.28493, 3.28493, 3.28493, 3.28493, 3.28493, 3.28493, 3.28493, 3.28506, 3.28493
11.5726, 4, 3.27459, 3.27273, 2.44949, 0.725414, 0, 3.27442, 3.27273, 3.27273, 3.27273, 3.27273, 3.27273, 3.27273, 3.27273, 3.27273, 3.27273, 3.27273, 3.27273, 3.27273, 3.27273, 3.27273, 3.27273, 3.27289, 3.27273
11.5805, 4, 3.2745, 3.27208, 2.44949, 0.725504, 0, 3.2743, 3.27208, 3.27208, 3.27208, 3.27208, 3.27208, 3.27208, 3.27208, 3.27208, 3.27208, 3.27208, 3.27208, 3.27208, 3.27208, 3.27208, 3.27208, 3.27228, 3.27208
11.5884, 4, 3.27445, 3.2713, 2.44949, 0.725554, 0, 3.2742, 3.2713, 3.2713, 3.2713, 3.2713, 3.2713, 3.2713, 3.2713, 3.2713, 3.2713, 3.2713, 3.2713, 3.2713, 3.2713, 3.2713, 3.2713, 3.27154, 3.2713
11.5963, 2, 3.27451, 3.27042, 2, -1.27451, 0, 3.27422, 3.27042, 3.27042, 3.27042, 3.27042, 3.27042, 3.27042, 3.27042, 3.27042, 3.27042, 3.27042, 3.27042, 3.27042, 3.27042, 3.27042, 3.27042, 3.27071, 3.27042
11.6042, 4, 3.2748, 3.2695, 2.44949, 0.725196, 0, 3.27445, 3.2695, 3.2695, 3.2695, 3.2695, 3.2695, 3.2695, 3.2695, 3.2695, 3.2695, 3.2695, 3.2695, 3.2695, 3.2695, 3.2695, 3.2695, 3.26985, 3.2695
11.6121, 2, 3.27543, 3.26857, 2, -1.27543, 0, 3.27501, 3.26857, 3.26857, 3.26857, 3.26857, 3.26857, 3.26857, 3.26857, 3.26857, 3.26857, 3.26857, 3.26857, 3.26857, 3.26857, 3.26857, 3.26857, 3.26899, 3.26857
11.6199, 2, 3.27821, 3.26938, 2, -1.27821, 0, 3.27772, 3.26938, 3.26938, 3.26938, 3.26938, 3.26938, 3.26938, 3.26938, 3.26938, 3.26938, 3.26938, 3.26938, 3.26938, 3.26938, 3.26938, 3.26938, 3.26987, 3.26938
11.6278, 4, 3.28034, 3.26902, 2.44949, 0.719656, 0, 3.27976, 3.26902, 3.26902, 3.26902, 3.26902, 3.26902, 3.26902, 3.26902, 3.26902, 3.26902, 3.26902, 3.26902, 3.26902, 3.26902, 3.26902, 3.26902, 3.2696, 3.26902
11.6357, 0, 3.28222, 3.26778, 1.41421, -3.28222, 0, 3.28154, 3.26778, 3.26778, 3.26778, 3.26778, 3.26778, 3.26778, 3.26778, 3.26778, 3.26778, 3.26778, 3.26778, 3.26778, 3.26778, 3.26778, 3.26778, 3.26846, 3.26778
11.6436, 6, 3.2844, 3.2661, 2.82843, 2.7156, 0, 3.28362, 3.2661, 3.2661, 3.2661, 3.2661, 3.2661, 3.2661, 3.2661, 3.2661, 3.2661, 3.2661, 3.2661, 3.2661, 3.2661, 3.2661, 3.2661, 3.26688, 3.2661
11.6515, 6, 3.28749, 3.26441, 2.82843, 2.71251, 0, 3.28659, 3.26441, 3.26441, 3.26441, 3.26441, 3.26441, 3.26441, 3.26441, 3.26441, 3.26441, 3.26441, 3.26441, 3.26441, 3.26442, 3.26441, 3.26441, 3.26531, 3.26441
11.6594, 4, 3.29467, 3.26575, 2.44949, 0.70533, 0, 3.29365, 3.26575, 3.26575, 3.26575, 3.26575, 3.26575, 3.26575, 3.26575, 3.26575, 3.26575, 3.26575, 3.26575, 3.26575, 3.26575, 3.26575, 3.26575, 3.26677, 3.26575
11.6672, 14, 3.30149, 3.26548, 4, 10.6985, 0, 3.30033, 3.26548, 3.26548, 3.26548, 3.26548, 3.26548, 3.26548, 3.26548, 3.26548, 3.26548, 3.26548, 3.26548, 3.26548, 3.26548, 3.26548, 3.26548, 3.26663, 3.26548
11.6751, 2, 3.30838, 3.26384, 2, -1.30838, 0, 3.30709, 3.26384, 3.26384, 3.26384, 3.26384, 3.26384, 3.26384, 3.26384, 3.26384, 3.26384, 3.26384, 3.26384, 3.26384, 3.26385, 3.26384, 3.26384, 3.26513, 3.26384
11.683, 6, 3.31625, 3.26152, 2.82843, 2.68375, 0, 3.31482, 3.26152, 3.26152, 3.26152, 3.26152, 3.26152, 3.26152, 3.26152, 3.26152, 3.26152, 3.26152, 3.26152, 3.26152, 3.26152, 3.26152, 3.26152, 3.26295, 3.26152
11.6909, 2, 3.326, 3.2592, 2, -1.326, 0, 3.32443, 3.2592, 3.2592, 3.2592, 3.2592, 3.2592, 3.2592, 3.2592, 3.2592, 3.2592, 3.2592, 3.2592, 3.2592, 3.2592, 3.2592, 3.2592, 3.26077, 3.2592
11.6988, 4, 3.34207, 3.26108, 2.44949, 0.657929, 0, 3.34035, 3.26108, 3.26108, 3.26108, 3.26108, 3.26108, 3.26108, 3.26108, 3.26108, 3.26108, 3.26108, 3.26108, 3.26108, 3.26108, 3.26108, 3.26108, 3.2628, 3.26108
11.7067, 2, 3.35852, 3.26099, 2, -1.35852, 0, 3.35665, 3.26099, 3.26099, 3.26099, 3.26099, 3.26099, 3.26099, 3.26099, 3.26099, 3.26099, 3.26099, 3.26099, 3.26099, 3.261, 3.26099, 3.26099, 3.26286, 3.26099
11.7146, 10, 3.37584, 3.25922, 3.4641, 6.62416, 0, 3.37383, 3.25922, 3.25922, 3.25922, 3.25922, 3.25922, 3.25922, 3.25922, 3.25922, 3.25922, 3.25922, 3.25922, 3.25922, 3.25922, 3.25922, 3.25922, 3.26123, 3.25922
11.7224, 8, 3.39509, 3.25661, 3.16228, 4.60491, 0, 3.39294, 3.25661, 3.25661, 3.25661, 3.25661, 3.25661, 3.25661, 3.25661, 3.25661, 3.25661, 3.25661, 3.25661, 3.25661, 3.25661, 3.25661, 3.25661, 3.25875, 3.25661
11.7303, 0, 3.41729, 3.25399, 1.41421, -3.41729, 0, 3.41501, 3.25399, 3.25399, 3.25399, 3.25399, 3.25399, 3.25399, 3.25399, 3.25399, 3.25399, 3.25399, 3.25399, 3.25399, 3.25399, 3.25399, 3.25399, 3.25626, 3.25399
11.7382, 10, 3.44705, 3.25584, 3.4641, 6.55295, 0, 3.44466, 3.25584, 3.25584, 3.25584, 3.25584, 3.25584, 3.25584, 3.25584, 3.25584, 3.25584, 3.25584, 3.25584, 3.25584, 3.25584, 3.25584, 3.25584, 3.25823, 3.25584
11.7461, 10, 3.47785, 3.25554, 3.4641, 6.52215, 0, 3.47536, 3.25554, 3.25554, 3.25554, 3.25554, 3.25554, 3.25554, 3.25554, 3.25554, 3.25554, 3.25554, 3.25554, 3.25554, 3.25554, 3.25554, 3.25554, 3.25803, 3.25554
11.754, 4, 3.51003, 3.25337, 2.44949, 0.489972, 0, 3.50745, 3.25337, 3.25337, 3.25337, 3.25337, 3.25337, 3.25337, 3.25337, 3.25337, 3.25337, 3.25337, 3.25337, 3.25337, 3.25337, 3.25337, 3.25337, 3.25595, 3.25337
11.7619, 6, 3.54448, 3.25027, 2.82843, 2.45552, 0, 3.54183, 3.25027, 3.25027, 3.25027, 3.25027, 3.25027, 3.25027, 3.25027, 3.25027, 3.25027, 3.25027, 3.25027, 3.25027, 3.25027, 3.25027, 3.25027, 3.25292, 3.25027
11.7697, 2, 3.58205, 3.24717, 2, -1.58205, 0, 3.57935, 3.24717, 3.24717, 3.24717, 3.24717, 3.24717, 3.24717, 3.24717, 3.24717, 3.24717, 3.24717, 3.24717, 3.24717, 3.24717, 3.24717, 3.24717, 3.24987, 3.24717
11.7776, 6, 3.62752, 3.24906, 2.82843, 2.37248, 0, 3.62478, 3.24906, 3.24906, 3.24906, 3.24906, 3.24906, 3.24906, 3.24906, 3.24906, 3.24906, 3.24906, 3.24906, 3.24906, 3.24906, 3.24906, 3.24906, 3.25179, 3.24906
11.7855, 6, 3.67346, 3.24878, 2.82843, 2.32654, 0, 3.67071, 3.24878, 3.24878, 3.24878, 3.24878, 3.24878, 3.24878, 3.24878, 3.24878, 3.24878, 3.24878, 3.24878, 3.24878, 3.24878, 3.24878, 3.24878, 3.25152, 3.24878
11.7934, 4, 3.71977, 3.2466, 2.44949, 0.280235, 0, 3.71703, 3.2466, 3.2466, 3.2466, 3.2466, 3.2466, 3.2466, 3.2466, 3.2466, 3.2466, 3.2466, 3.2466, 3.2466, 3.2466, 3.2466, 3.2466, 3.24934, 3.2466
11.8013, 4, 3.76691, 3.24348, 2.44949, 0.233089, 0, 3.7642, 3.24348, 3.24348, 3.24348, 3.24348, 3.24348, 3.24348, 3.24348, 3.24348, 3.24348, 3.24348, 3.24348, 3.24348, 3.24348, 3.24348, 3.24348, 3.24618, 3.24348
11.8092, 4, 3.81528, 3.24035, 2.44949, 0.184716, 0, 3.81263, 3.24035, 3.24035, 3.24035, 3.24035, 3.24035, 3.24035, 3.24035, 3.24035, 3.24035, 3.24035, 3.24035, 3.24035, 3.24035, 3.24035, 3.24035, 3.24301, 3.24035
11.817, 4, 3.86863, 3.24162, 2.44949, 0.131375, 0, 3.86604, 3.24162, 3.24162, 3.24162, 3.24162, 3.24162, 3.24162, 3.24162, 3.24162, 3.24162, 3.24162, 3.24162, 3.24162, 3.24162, 3.24162, 3.24162, 3.2442, 3.24162
11.8249, 10, 3.9198, 3.24086, 3.4641, 6.0802, 0, 3.9173, 3.24086, 3.24086, 3.24086, 3.24086, 3.24086, 3.24086, 3.24086, 3.24086, 3.24086, 3.24086, 3.24086, 3.24086, 3.24086, 3.24086, 3.24086, 3.24336, 3.24086
11.8328, 6, 3.96824, 3.2383, 2.82843, 2.03176, 0, 3.96585, 3.2383, 3.2383, 3.2383, 3.2383, 3.2383, 3.2383, 3.2383, 3.2383, 3.2383, 3.2383, 3.2383, 3.2383, 3.2383, 3.2383, 3.2383, 3.24069, 3.2383
11.8407, 0, 4.01404, 3.23483, 1.41421, -4.01404, 0, 4.01175, 3.23483, 3.23483, 3.23483, 3.23483, 3.23483, 3.23483, 3.23483, 3.23483, 3.23483, 3.23483, 3.23483, 3.23483, 3.23483, 3.23483, 3.23483, 3.23711, 3.23483
11.8486, 6, 4.05724, 3.23137, 2.82843, 1.94276, 0, 4.05509, 3.23137, 3.23137, 3.23137, 3.23137, 3.23137, 3.23137, 3.23137, 3.23137, 3.23137, 3.23137, 3.23137, 3.23137, 3.23137, 3.23137, 3.23137, 3.23352, 3.23137
11.8565, 6, 4.10145, 3.23233, 2.82843, 1.89855, 0, 4.09943, 3.23233, 3.23233, 3.23233, 3.23233, 3.23233, 3.23233, 3.23233, 3.23233, 3.23233, 3.23233, 3.23233, 3.23233, 3.23233, 3.23233, 3.23233, 3.23435, 3.23233
11.8643, 2, 4.13961, 3.23148, 2, -2.13961, 0, 4.13773, 3.23148, 3.23148, 3.23148, 3.23148, 3.23148, 3.23148, 3.23148, 3.23148, 3.23148, 3.23148, 3.23148, 3.23148, 3.23148, 3.23148, 3.23148, 3.23337, 3.23148
11.8722, 6, 4.17115, 3.229, 2.82843, 1.82885, 0, 4.16941, 3.229, 3.229, 3.229, 3.229, 3.229, 3.229, 3.229, 3.229, 3.229, 3.229, 3.229, 3.229, 3.229, 3.229, 3.229, 3.23074, 3.229
11.8801, 12, 4.1962, 3.22569, 3.74166, 7.8038, 0, 4.1946, 3.22569, 3.22569, 3.22569, 3.22569, 3.22569, 3.22569, 3.22569, 3.22569, 3.22569, 3.22569, 3.22569, 3.22569, 3.22569, 3.22569, 3.22569, 3.22729, 3.22569
11.888, 10, 4.21501, 3.22239, 3.4641, 5.78499, 0, 4.21355, 3.22239, 3.22239, 3.22239, 3.22239, 3.22239, 3.22239, 3.22239, 3.22239, 3.22239, 3.22239, 3.22239, 3.22239, 3.22239, 3.22239, 3.22239, 3.22385, 3.22239
11.8959, 6, 4.23008, 3.22205, 2.82843, 1.76992, 0, 4.22875, 3.22205, 3.22205, 3.22205, 3.22205, 3.22205, 3.22205, 3.22205, 3.22205, 3.22205, 3.22205, 3.22205, 3.22205, 3.22205, 3.22205, 3.22205, 3.22338, 3.22205
11.9038, 10, 4.23684, 3.22043, 3.4641, 5.76316, 0, 4.23564, 3.22043, 3.22043, 3.22043, 3.22043, 3.22043, 3.22043, 3.22043, 3.22043, 3.22043, 3.22043, 3.22043, 3.22043, 3.22043, 3.22043, 3.22043, 3.22163, 3.22043
11.9116, 2, 4.23518, 3.21759, 2, -2.23518, 0, 4.2341, 3.21759, 3.21759, 3.21759, 3.21759, 3.21759, 3.21759, 3.21759, 3.21759, 3.21759, 3.21759, 3.21759, 3.21759, 3.21759, 3.21759, 3.21759, 3.21867, 3.21759
11.9195, 6, 4.2257, 3.21414, 2.82843, 1.7743, 0, 4.22472, 3.21414, 3.21414, 3.21414, 3.21414, 3.21414, 3.21414, 3.21414, 3.21414, 3.21414, 3.21414, 3.21414, 3.21414, 3.21414, 3.21414, 3.21414, 3.21512, 3.21414
11.9274, 4, 4.20905, 3.21061, 2.44949, -0.209045, 0, 4.20815, 3.21061, 3.21061, 3.21061, 3.21061, 3.21061, 3.21061, 3.21061, 3.21061, 3.21061, 3.21061, 3.21061, 3.21061, 3.21062, 3.21061, 3.21061, 3.21151, 3.21061
11.9353, 4, 4.18554, 3.20704, 2.44949, -0.185541, 0, 4.18471, 3.20704, 3.20704, 3.20704, 3.20704, 3.20704, 3.20704, 3.20704, 3.20704, 3.20704, 3.20704, 3.20704, 3.20704, 3.20705, 3.20704, 3.20704, 3.20787, 3.20704
11.9432, 0, 4.15493, 3.20275, 1.41421, -4.15493, 0, 4.15415, 3.20275, 3.20275, 3.20275, 3.20275, 3.20275, 3.20275, 3.20275, 3.20275, 3.20275, 3.20275, 3.20275, 3.20275, 3.20275, 3.20275, 3.20275, 3.20353, 3.20275
11.9511, 4, 4.11776, 3.19774, 2.44949, -0.117762, 0, 4.117, 3.19774, 3.19774, 3.19774, 3.19774, 3.19774, 3.19774, 3.19774, 3.19774, 3.19774, 3.19774, 3.19774, 3.19774, 3.19774, 3.19774, 3.19774, 3.1985, 3.19774
11.959, 8, 4.07469, 3.19201, 3.16228, 3.92531, 0, 4.07391, 3.19201, 3.19201, 3.19201, 3.19201, 3.19201, 3.19201, 3.19201, 3.19201, 3.19201, 3.19201, 3.19201, 3.19201, 3.19201, 3.19201, 3.19201, 3.19279, 3.19201
11.9668, 12, 4.02665, 3.18574, 3.74166, 7.97335, 0, 4.0258, 3.18574, 3.18574, 3.18574, 3.18574, 3.18574, 3.18574, 3.18574, 3.18574, 3.18574, 3.18574, 3.18574, 3.18574, 3.18574, 3.18574, 3.18574, 3.18659, 3.18574
11.9747, 6, 3.9747, 3.17921, 2.82843, 2.0253, 0, 3.97374, 3.17921, 3.17921, 3.17921, 3.17921, 3.17921, 3.17921, 3.17921, 3.17921, 3.17921, 3.17921, 3.17921, 3.17921, 3.17921, 3.17921, 3.17921, 3.18017, 3.17921
11.9826, 12, 3.91952, 3.17225, 3.74166, 8.08048, 0, 3.91838, 3.17225, 3.17225, 3.17225, 3.17225, 3.17225, 3.17225, 3.17225, 3.17225, 3.17225, 3.17225, 3.17225, 3.17225, 3.17225, 3.17225, 3.17225, 3.17339, 3.17225
11.9905, 10, 3.86173, 3.16463, 3.4641, 6.13827, 0, 3.86035, 3.16463, 3.16463, 3.16463, 3.16463, 3.16463, 3.16463, 3.16463, 3.16463, 3.16463, 3.16463, 3.16463, 3.16463, 3.16463, 3.16463, 3.16463, 3.16602, 3.16463
11.9984, 6, 3.802, 3.15614, 2.82843, 2.198, 0, 3.80026, 3.15614, 3.15614, 3.15614, 3.15614, 3.15614, 3.15614, 3.15614, 3.15614, 3.15614, 3.15614, 3.15614, 3.15614, 3.15614, 3.15614, 3.15614, 3.15788, 3.15614
12.0063, 8, 3.7413, 3.14697, 3.16228, 4.2587, 0, 3.73909, 3.14697, 3.14697, 3.14697, 3.14697, 3.14697, 3.14697, 3.14697, 3.14697, 3.14697, 3.14697, 3.14697, 3.14697, 3.14697, 3.14697, 3.14697, 3.14918, 3.14697
12.0141, 2, 3.68075, 3.13746, 2, -1.68075, 0, 3.67792, 3.13746, 3.13746, 3.13746, 3.13746, 3.13746, 3.13746, 3.13746, 3.13746, 3.13746, 3.13746, 3.13746, 3.13746, 3.13746, 3.13746, 3.13746, 3.14029, 3.13746
12.022, 2, 3.62141, 3.12797, 2, -1.62141, 0, 3.61779, 3.12797, 3.12797, 3.12797, 3.12797, 3.12797, 3.12797, 3.12797, 3.12797, 3.12797, 3.12797, 3.12797, 3.12797, 3.12797, 3.12797, 3.12797, 3.13158, 3.12797
12.0299, 4, 3.56693, 3.12152, 2.44949, 0.433074, 0, 3.5623, 3.12152, 3.12152, 3.12152, 3.12152, 3.12152, 3.12152, 3.12152, 3.12152, 3.12152, 3.12152, 3.12152, 3.12152, 3.12152, 3.12152, 3.12152, 3.12615, 3.12152
12.0378, 2, 3.51321, 3.11348, 2, -1.51321, 0, 3.50732, 3.11348, 3.11348, 3.11348, 3.11348, 3.11348, 3.11348, 3.11348, 3.11348, 3.11348, 3.11348, 3.11348, 3.11348, 3.11348, 3.11348, 3.11348, 3.11937, 3.11348
12.0457, 6, 3.46085, 3.10399, 2.82843, 2.53915, 0, 3.45339, 3.10399, 3.10399, 3.10399, 3.10399, 3.10399, 3.10399, 3.10399, 3.10399, 3.10399, 3.10399, 3.10399, 3.10399, 3.10399, 3.10399, 3.10399, 3.11144, 3.10399
12.0536, 4, 3.41095, 3.09377, 2.44949, 0.589051, 0, 3.40156, 3.09377, 3.09377, 3.09377, 3.09377, 3.09377, 3.09377, 3.09377, 3.09377, 3.09377, 3.09377, 3.09377, 3.09377, 3.09377, 3.09377, 3.09377, 3.10315, 3.09377
12.0614, 6, 3.36452, 3.08357, 2.82843, 2.63548, 0, 3.35279, 3.08357, 3.08357, 3.08357, 3.08357, 3.08357, 3.08357, 3.08357, 3.08357, 3.08357, 3.08357, 3.08357, 3.08357, 3.08357, 3.08357, 3.08357, 3.0953, 3.08357
12.0693, 2, 3.32622, 3.07785, 2, -1.32622, 0, 3.31167, 3.07785, 3.07785, 3.07785, 3.07785, 3.07785, 3.07785, 3.07785, 3.07785, 3.07785, 3.07785, 3.07785, 3.07785, 3.07785, 3.07785, 3.07785, 3.0924, 3.07785
12.0772, 6, 3.28967, 3.0701, 2.82843, 2.71033, 0, 3.27174, 3.0701, 3.0701, 3.0701, 3.0701, 3.0701, 3.0701, 3.0701, 3.0701, 3.0701, 3.0701, 3.0701, 3.0701, 3.0701, 3.0701, 3.0701, 3.08803, 3.0701
12.0851, 6, 3.25507, 3.06049, 2.82843, 2.74493, 0, 3.23315, 3.06049, 3.06049, 3.06049, 3.06049, 3.06049, 3.06049, 3.06049, 3.06049, 3.06049, 3.06049, 3.06049, 3.06049, 3.0605, 3.06049, 3.06049, 3.08241, 3.06049
12.093, 4, 3.22336, 3.04997, 2.44949, 0.776636, 0, 3.19677, 3.04997, 3.04997, 3.04997, 3.04997, 3.04997, 3.04997, 3.04997, 3.04997, 3.04997, 3.04997, 3.04997, 3.04997, 3.04997, 3.04997, 3.04997, 3.07657, 3.04997
12.1009, 0, 3.19542, 3.03947, 1.41421, -3.19542, 0, 3.1634, 3.03947, 3.03947, 3.03947, 3.03947, 3.03947, 3.03947, 3.03947, 3.03947, 3.03947, 3.03947, 3.03947, 3.03947, 3.03947, 3.03947, 3.03947, 3.0715, 3.03947
12.1087, 2, 3.17653, 3.03438, 2, -1.17653, 0, 3.13826, 3.03438, 3.03438, 3.03438, 3.03438, 3.03438, 3.03438, 3.03438, 3.03438, 3.03438, 3.03438, 3.03438, 3.03438, 3.03438, 3.03438, 3.03438, 3.07265, 3.03438
12.1166, 0, 3.15875, 3.0269, 1.41421, -3.15875, 0, 3.11337, 3.0269, 3.0269, 3.0269, 3.0269, 3.0269, 3.0269, 3.0269, 3.0269, 3.0269, 3.0269, 3.0269, 3.0269, 3.0269, 3.0269, 3.0269, 3.07228, 3.0269
12.1245, 2, 3.14209, 3.01722, 2, -1.14209, 0, 3.08868, 3.01722, 3.01722, 3.01722, 3.01722, 3.01722, 3.01722, 3.01722, 3.01722, 3.01722, 3.01722, 3.01722, 3.01722, 3.01722, 3.01722, 3.01722, 3.07062, 3.01722
12.1324, 6, 3.12746, 3.00645, 2.82843, 2.87254, 0, 3.06509, 3.00645, 3.00645, 3.00645, 3.00645, 3.00645, 3.00645, 3.00645, 3.00645, 3.00645, 3.00645, 3.00645, 3.00645, 3.00645, 3.00645, 3.00645, 3.06882, 3.00645
12.1403, 12, 3.11577, 2.99569, 3.74166, 8.88423, 0, 3.04348, 2.99569, 2.99569, 2.99569, 2.99569, 2.99569, 2.99569, 2.99569, 2.99569, 2.99569, 2.99569, 2.99569, 2.99569, 2.99569, 2.99569, 2.99569, 3.06798, 2.99569
12.1482, 6, 3.11298, 2.99117, 2.82843, 2.88702, 0, 3.02983, 2.99117, 2.99117, 2.99117, 2.99117, 2.99117, 2.99117, 2.99117, 2.99117, 2.99117, 2.99117, 2.99117, 2.99117, 2.99117, 2.99117, 2.99117, 3.07431, 2.99117
12.156, 2, 3.10991, 2.98394, 2, -1.10991, 0, 3.01501, 2.98394, 2.98394, 2.98394, 2.98394, 2.98394, 2.98394, 2.98394, 2.98394, 2.98394, 2.98394, 2.98394, 2.98394, 2.98394, 2.98394, 2.98394, 3.07884, 2.98394
12.1639, 0, 3.10648, 2.97419, 1.41421, -3.10648, 0, 2.99898, 2.97419, 2.97419, 2.97419, 2.97419, 2.97419, 2.97419, 2.97419, 2.97419, 2.97419, 2.97419, 2.97419, 2.97419, 2.97419, 2.97419, 2.97419, 3.08169, 2.97419
12.1718, 6, 3.10369, 2.9632, 2.82843, 2.89631, 0, 2.98284, 2.9632, 2.9632, 2.9632, 2.9632, 2.9632, 2.9632, 2.9632, 2.9632, 2.9632, 2.9632, 2.9632, 2.9632, 2.9632, 2.9632, 2.9632, 3.08405, 2.9632
12.1797, 2, 3.10251, 2.95223, 2, -1.10251, 0, 2.96768, 2.95223, 2.95223, 2.95223, 2.95223, 2.95223, 2.95223, 2.95223, 2.95223, 2.95223, 2.95223, 2.95223, 2.95223, 2.95223, 2.95223, 2.95223, 3.08706, 2.95223
12.1876, 4, 3.10998, 2.94863, 2.44949, 0.890019, 0, 2.96069, 2.94863, 2.94863, 2.94863, 2.94863, 2.94863, 2.94863, 2.94863, 2.94863, 2.94863, 2.94863, 2.94863, 2.94863, 2.94863, 2.94863, 2.94863, 3.09792, 2.94863
12.1955, 2, 3.11517, 2.94176, 2, -1.11517, 0, 2.95112, 2.94176, 2.94176, 2.94176, 2.94176, 2.94176, 2.94176, 2.94176, 2.94176, 2.94176, 2.94176, 2.94176, 2.94176, 2.94176, 2.94176, 2.94176, 3.10581, 2.94176
12.2034, 0, 3.11799, 2.93186, 1.41421, -3.11799, 0, 2.93907, 2.93186, 2.93186, 2.93186, 2.93186, 2.93186, 2.93186, 2.93186, 2.93186, 2.93186, 2.93186, 2.93186, 2.93186, 2.93186, 2.93186, 2.93186, 3.11078, 2.93186
12.2112, 4, 3.11964, 2.92047, 2.44949, 0.880358, 0, 2.92598, 2.92047, 2.92047, 2.92047, 2.92047, 2.92047, 2.92047, 2.92047, 2.92047, 2.92047, 2.92047, 2.92047, 2.92047, 2.92047, 2.92047, 2.92047, 3.11413, 2.92047
12.2191, 4, 3.12133, 2.90909, 2.44949, 0.878675, 0, 2.91328, 2.90909, 2.90909, 2.90909, 2.90909, 2.90909, 2.90909, 2.90909, 2.90909, 2.90909, 2.90909, 2.90909, 2.90909, 2.90909, 2.90909, 2.90909, 3.11714, 2.90909
12.227, 4, 3.13427, 2.90929, 2.44949, 0.865731, 0, 2.91245, 2.90929, 2.90929, 2.90929, 2.90929, 2.90929, 2.90929, 2.90929, 2.90929, 2.90929, 2.90929, 2.90929, 2.90929, 2.90929, 2.90929, 2.90929, 3.13111, 2.90929
12.2349, 6, 3.14296, 2.90586, 2.82843, 2.85704, 0, 2.90822, 2.90586, 2.90586, 2.90586, 2.90586, 2.90586, 2.90586, 2.90586, 2.90586, 2.90586, 2.90586, 2.90586, 2.90586, 2.90586, 2.90586, 2.90586, 3.14059, 2.90586
12.2428, 4, 3.14734, 2.89904, 2.44949, 0.852659, 0, 2.9008, 2.89904, 2.89904, 2.89904, 2.89904, 2.89904, 2.89904, 2.89904, 2.89904, 2.89904, 2.89904, 2.89904, 2.89904, 2.89904, 2.89904, 2.89904, 3.14558, 2.89904
12.2507, 2, 3.14884, 2.89054, 2, -1.14884, 0, 2.89184, 2.89054, 2.89054, 2.89054, 2.89054, 2.89054, 2.89054, 2.89054, 2.89054, 2.89054, 2.89054, 2.89054, 2.89054, 2.89054, 2.89054, 2.89054, 3.14754, 2.89054
12.2585, 0, 3.14891, 2.88205, 1.41421, -3.14891, 0, 2.883, 2.88205, 2.88205, 2.88205, 2.88205, 2.88205, 2.88205, 2.88205, 2.88205, 2.88205, 2.88205, 2.88205, 2.88205, 2.88205, 2.88205, 2.88205, 3.14796, 2.88205
12.2664, 4, 3.15552, 2.88175, 2.44949, 0.84448, 0, 2.88244, 2.88175, 2.88175, 2.88175, 2.88175, 2.88175, 2.88175, 2.88175, 2.88175, 2.88175, 2.88175, 2.88175, 2.88175, 2.88175, 2.88175, 2.88175, 3.15482, 2.88175
12.2743, 10, 3.15699, 2.87814, 3.4641, 6.84301, 0, 2.87864, 2.87814, 2.87814, 2.87814, 2.87814, 2.87814, 2.87814, 2.87814, 2.87814, 2.87814, 2.87814, 2.87814, 2.87814, 2.87814, 2.87814, 2.87814, 3.15648, 2.87814
12.2822, 4, 3.15344, 2.87147, 2.44949, 0.846557, 0, 2.87184, 2.87147, 2.87147, 2.87147, 2.87147, 2.87147, 2.87147, 2.87147, 2.87147, 2.87147, 2.87147, 2.87147, 2.87147, 2.87148, 2.87147, 2.87147, 3.15308, 2.87147
12.2901, 6, 3.14634, 2.8633, 2.82843, 2.85366, 0, 2.86356, 2.8633, 2.8633, 2.8633, 2.8633, 2.8633, 2.8633, 2.8633, 2.8633, 2.8633, 2.8633, 2.8633, 2.8633, 2.8633, 2.8633, 2.8633, 3.14608, 2.8633
12.298, 4, 3.13718, 2.85513, 2.44949, 0.862816, 0, 2.85531, 2.85513, 2.85513, 2.85513, 2.85513, 2.85513, 2.85513, 2.85513, 2.85513, 2.85513, 2.85513, 2.85513, 2.85513, 2.85513, 2.85513, 2.85513, 3.137, 2.85513
12.3058, 8, 3.13343, 2.85442, 3.16228, 4.86657, 0, 2.85456, 2.85442, 2.85442, 2.85442, 2.85442, 2.85442, 2.85442, 2.85442, 2.85442, 2.85442, 2.85442, 2.85442, 2.85442, 2.85443, 2.85442, 2.85442, 3.1333, 2.85442
12.3137, 4, 3.12441, 2.85045, 2.44949, 0.875589, 0, 2.85054, 2.85045, 2.85045, 2.85045, 2.85045, 2.85045, 2.85045, 2.85045, 2.85045, 2.85045, 2.85045, 2.85045, 2.85045, 2.85045, 2.85045, 2.85045, 3.12432, 2.85045
12.3216, 0, 3.1105, 2.84347, 1.41421, -3.1105, 0, 2.84353, 2.84347, 2.84347, 2.84347, 2.84347, 2.84347, 2.84347, 2.84347, 2.84347, 2.84347, 2.84347, 2.84347, 2.84347, 2.84347, 2.84347, 2.84347, 3.11044, 2.84347
12.3295, 8, 3.09337, 2.83499, 3.16228, 4.90663, 0, 2.83504, 2.83499, 2.83499, 2.83499, 2.83499, 2.83499, 2.83499, 2.83499, 2.83499, 2.83499, 2.83499, 2.83499, 2.83499, 2.835, 2.83499, 2.83499, 3.09332, 2.83499
12.3374, 4, 3.07469, 2.82653, 2.44949, 0.925309, 0, 2.82657, 2.82653, 2.82653, 2.82653, 2.82653, 2.82653, 2.82653, 2.82653, 2.82653, 2.82653, 2.82653, 2.82653, 2.82653, 2.82654, 2.82653, 2.82653, 3.07466, 2.82653
12.3453, 0, 3.06241, 2.82581, 1.41421, -3.06241, 0, 2.82583, 2.82581, 2.82581, 2.82581, 2.82581, 2.82581, 2.82581, 2.82581, 2.82581, 2.82581, 2.82581, 2.82581, 2.82581, 2.82581, 2.82581, 2.82581, 3.06239, 2.82581
12.3531, 0, 3.04579, 2.82185, 1.41421, -3.04579, 0, 2.82187, 2.82185, 2.82185, 2.82185, 2.82185, 2.82185, 2.82185, 2.82185, 2.82185, 2.82185, 2.82185, 2.82185, 2.82185, 2.82186, 2.82185, 2.82185, 3.04577, 2.82185
12.361, 2, 3.02532, 2.81491, 2, -1.02532, 0, 2.81493, 2.81491, 2.81491, 2.81491, 2.81491, 2.81491, 2.81491, 2.81491, 2.81491, 2.81491, 2.81491, 2.81491, 2.81491, 2.81492, 2.81491, 2.81491, 3.02531, 2.81491
12.3689, 8, 3.00276, 2.80649, 3.16228, 4.99724, 0, 2.8065, 2.80649, 2.80649, 2.80649, 2.80649, 2.80649, 2.80649, 2.80649, 2.80649, 2.80649, 2.80649, 2.80649, 2.80649, 2.80649, 2.80649, 2.80649, 3.00275, 2.80649
12.3768, 0, 2.97986, 2.79808, 1.41421, -2.97986, 0, 2.79809, 2.79808, 2.79808, 2.79808, 2.79808, 2.79808, 2.79808, 2.79808, 2.79808, 2.79808, 2.79808, 2.79808, 2.79808, 2.79809, 2.79808, 2.79808, 2.97985, 2.79808
12.3847, 6, 2.96373, 2.79657, 2.82843, 3.03627, 0, 2.79657, 2.79657, 2.79657, 2.79657, 2.79657, 2.79657, 2.79657, 2.79657, 2.79657, 2.79657, 2.79657, 2.79657, 2.79657, 2.79657, 2.79657, 2.79657, 2.96372, 2.79657
12.3926, 6, 2.9447, 2.79203, 2.82843, 3.0553, 0, 2.79204, 2.79203, 2.79203, 2.79203, 2.79203, 2.79203, 2.79203, 2.79203, 2.79203, 2.79203, 2.79203, 2.79203, 2.79203, 2.79203, 2.79203, 2.79203, 2.9447, 2.79203
12.4004, 6, 2.9232, 2.78469, 2.82843, 3.0768, 0, 2.78469, 2.78469, 2.78469, 2.78469, 2.78469, 2.78469, 2.78469, 2.78469, 2.78469, 2.78469, 2.78469, 2.78469, 2.78469, 2.78469, 2.78469, 2.78469, 2.9232, 2.78469
12.4083, 0, 2.90084, 2.77594, 1.41421, -2.90084, 0, 2.77595, 2.77594, 2.77594, 2.77594, 2.77594, 2.77594, 2.77594, 2.77594, 2.77594, 2.77594, 2.77594, 2.77594, 2.77594, 2.77595, 2.77594, 2.77594, 2.90084, 2.77594
12.4162, 4, 2.87922, 2.76722, 2.44949, 1.12078, 0, 2.76722, 2.76722, 2.76722, 2.76722, 2.76722, 2.76722, 2.76722, 2.76722, 2.76722, 2.76722, 2.76722, 2.76722, 2.76722, 2.76722, 2.76722, 2.76722, 2.87921, 2.76722
12.4241, 2, 2.86537, 2.76538, 2, -0.865371, 0, 2.76538, 2.76538, 2.76538, 2.76538, 2.76538, 2.76538, 2.76538, 2.76538, 2.76538, 2.76538, 2.76538, 2.76538, 2.76538, 2.76538, 2.76538, 2.76538, 2.86537, 2.76538
12.432, 4, 2.84979, 2.76077, 2.44949, 1.15021, 0, 2.76077, 2.76077, 2.76077, 2.76077, 2.76077, 2.76077, 2.76077, 2.76077, 2.76077, 2.76077, 2.76077, 2.76077, 2.76077, 2.76077, 2.76077, 2.76077, 2.84979, 2.76077
12.4399, 8, 2.8328, 2.75354, 3.16228, 5.1672, 0, 2.75355, 2.75354, 2.75354, 2.75354, 2.75354, 2.75354, 2.75354, 2.75354, 2.75354, 2.75354, 2.75354, 2.75354, 2.75354, 2.75354, 2.75354, 2.75354, 2.83279, 2.75354
12.4477, 2, 2.81584, 2.74503, 2, -0.815835, 0, 2.74503, 2.74503, 2.74503, 2.74503, 2.74503, 2.74503, 2.74503, 2.74503, 2.74503, 2.74503, 2.74503, 2.74503, 2.74503, 2.74503, 2.74503, 2.74503, 2.81583, 2.74503
12.4556, 0, 2.80038, 2.73652, 1.41421, -2.80038, 0, 2.73653, 2.73652, 2.73652, 2.73652, 2.73652, 2.73652, 2.73652, 2.73652, 2.73652, 2.73652, 2.73652, 2.73652, 2.73652, 2.73652, 2.73652, 2.73652, 2.80037, 2.73652
12.4635, 6, 2.79198, 2.73343, 2.82843, 3.20802, 0, 2.73343, 2.73343, 2.73343, 2.73343, 2.73343, 2.73343, 2.73343, 2.73343, 2.73343, 2.73343, 2.73343, 2.73343, 2.73343, 2.73343, 2.73343, 2.73343, 2.79198, 2.73343
12.4714, 2, 2.78311, 2.728, 2, -0.783115, 0, 2.728, 2.728, 2.728, 2.728, 2.728, 2.728, 2.728, 2.728, 2.728, 2.728, 2.728, 2.728, 2.728, 2.728, 2.728, 2.728, 2.78311, 2.728
12.4793, 10, 2.77411, 2.72034, 3.4641, 7.22589, 0, 2.72034, 2.72034, 2.72034, 2.72034, 2.72034, 2.72034, 2.72034, 2.72034, 2.72034, 2.72034, 2.72034, 2.72034, 2.72034, 2.72034, 2.72034, 2.72034, 2.7741, 2.72034
12.4872, 10, 2.76639, 2.71156, 3.4641, 7.23361, 0, 2.71156, 2.71156, 2.71156, 2.71156, 2.71156, 2.71156, 2.71156, 2.71156, 2.71156, 2.71156, 2.71156, 2.71156, 2.71156, 2.71156, 2.71156, 2.71156, 2.76638, 2.71156
12.4951, 2, 2.76144, 2.7028, 2, -0.761441, 0, 2.7028, 2.7028, 2.7028, 2.7028, 2.7028, 2.7028, 2.7028, 2.7028, 2.7028, 2.7028, 2.7028, 2.7028, 2.7028, 2.7028, 2.7028, 2.7028, 2.76144, 2.7028
12.5029, 6, 2.76428, 2.69861, 2.82843, 3.23572, 0, 2.69861, 2.69861, 2.69861, 2.69861, 2.69861, 2.69861, 2.69861, 2.69861, 2.69861, 2.69861, 2.69861, 2.69861, 2.69861, 2.69861, 2.69861, 2.69861, 2.76428, 2.69861
12.5108, 4, 2.76926, 2.69279, 2.44949, 1.23074, 0, 2.69279, 2.69279, 2.69279, 2.69279, 2.69279, 2.69279, 2.69279, 2.69279, 2.69279, 2.69279, 2.69279, 2.69279, 2.69279, 2.69279, 2.69279, 2.69279, 2.76926, 2.69279
12.5187, 4, 2.77716, 2.68545, 2.44949, 1.22284, 0, 2.68546, 2.68545, 2.68545, 2.68545, 2.68545, 2.68545, 2.68545, 2.68545, 2.68545, 2.68545, 2.68545, 2.68545, 2.68545, 2.68545, 2.68545, 2.68545, 2.77715, 2.68545
12.5266, 0, 2.78952, 2.67736, 1.41421, -2.78952, 0, 2.67737, 2.67736, 2.67736, 2.67736, 2.67736, 2.67736, 2.67736, 2.67736, 2.67736, 2.67736, 2.67736, 2.67736, 2.67736, 2.67736, 2.67736, 2.67736, 2.78951, 2.67736
12.5345, 6, 2.80804, 2.66929, 2.82843, 3.19196, 0, 2.66929, 2.66929, 2.66929, 2.66929, 2.66929, 2.66929, 2.66929, 2.66929, 2.66929, 2.66929, 2.66929, 2.66929, 2.66929, 2.66929, 2.66929, 2.66929, 2.80803, 2.66929
12.5424, 4, 2.83534, 2.66279, 2.44949, 1.16466, 0, 2.66279, 2.66279, 2.66279, 2.66279, 2.66279, 2.66279, 2.66279, 2.66279, 2.66279, 2.66279, 2.66279, 2.66279, 2.66279, 2.66279, 2.66279, 2.66279, 2.83534, 2.66279
12.5502, 4, 2.87049, 2.65572, 2.44949, 1.12951, 0, 2.65572, 2.65572, 2.65572, 2.65572, 2.65572, 2.65572, 2.65572, 2.65572, 2.65572, 2.65572, 2.65572, 2.65572, 2.65572, 2.65572, 2.65572, 2.65572, 2.87049, 2.65572
12.5581, 2, 2.91483, 2.64809, 2, -0.914834, 0, 2.64809, 2.64809, 2.64809, 2.64809, 2.64809, 2.64809, 2.64809, 2.64809, 2.64809, 2.64809, 2.64809, 2.64809, 2.64809, 2.64809, 2.64809, 2.64809, 2.91483, 2.64809
12.566, 0, 2.96999, 2.64004, 1.41421, -2.96999, 0, 2.64005, 2.64004, 2.64004, 2.64004, 2.64004, 2.64004, 2.64004, 2.64004, 2.64004, 2.64004, 2.64004, 2.64004, 2.64004, 2.64005, 2.64004, 2.64004, 2.96998, 2.64004
12.5739, 6, 3.03766, 2.63173, 2.82843, 2.96234, 0, 2.63174, 2.63173, 2.63173, 2.63173, 2.63173, 2.63173, 2.63173, 2.63173, 2.63173, 2.63173, 2.63173, 2.63173, 2.63173, 2.63173, 2.63173, 2.63173, 3.03766, 2.63173
12.5818, 8, 3.11963, 2.62326, 3.16228, 4.88037, 0, 2.62327, 2.62326, 2.62326, 2.62326, 2.62326, 2.62326, 2.62326, 2.62326, 2.62326, 2.62326, 2.62326, 2.62326, 2.62326, 2.62326, 2.62326, 2.62326, 3.11962, 2.62326
12.5897, 4, 3.21764, 2.6147, 2.44949, 0.782357, 0, 2.61471, 2.6147, 2.6147, 2.6147, 2.6147, 2.6147, 2.6147, 2.6147, 2.6147, 2.6147, 2.6147, 2.6147, 2.6147, 2.6147, 2.6147, 2.6147, 3.21764, 2.6147
12.5975, 4, 3.33341, 2.60609, 2.44949, 0.666593, 0, 2.6061, 2.60609, 2.60609, 2.60609, 2.60609, 2.60609, 2.60609, 2.60609, 2.60609, 2.60609, 2.60609, 2.60609, 2.60609, 2.6061, 2.60609, 2.60609, 3.3334, 2.60609
12.6054, 2, 3.46847, 2.59738, 2, -1.46847, 0, 2.59738, 2.59738, 2.59738, 2.59738, 2.59738, 2.59738, 2.59738, 2.59738, 2.59738, 2.59738, 2.59738, 2.59738, 2.59738, 2.59738, 2.59738, 2.59738, 3.46847, 2.59738
12.6133, 6, 3.62415, 2.58841, 2.82843, 2.37585, 0, 2.58841, 2.58841, 2.58841, 2.58841, 2.58841, 2.58841, 2.58841, 2.58841, 2.58841, 2.58841, 2.58841, 2.58841, 2.58841, 2.58841, 2.58841, 2.58841, 3.62414, 2.58841
12.6212, 8, 3.80172, 2.57918, 3.16228, 4.19828, 0, 2.57918, 2.57918, 2.57918, 2.57918, 2.57918, 2.57918, 2.57918, 2.57918, 2.57918, 2.57918, 2.57918, 2.57918, 2.57918, 2.57918, 2.57918, 2.57918, 3.80171, 2.57918
12.6291, 6, 4.0022, 2.56975, 2.82843, 1.9978, 0, 2.56975, 2.56975, 2.56975, 2.56975, 2.56975, 2.56975, 2.56975, 2.56975, 2.56975, 2.56975, 2.56975, 2.56975, 2.56975, 2.56975, 2.56975, 2.56975, 4.00219, 2.56975
12.637, 14, 4.22588, 2.55985, 4, 9.77412, 0, 2.55985, 2.55985, 2.55985, 2.55985, 2.55985, 2.55985, 2.55985, 2.55985, 2.55985, 2.55985, 2.55985, 2.55985, 2.55985, 2.55985, 2.55985, 2.55985, 4.22588, 2.55985
12.6448, 12, 4.47299, 2.54952, 3.74166, 7.52701, 0, 2.54952, 2.54952, 2.54952, 2.54952, 2.54952, 2.54952, 2.54952, 2.54952, 2.54952, 2.54952, 2.54952, 2.54952, 2.54952, 2.54952, 2.54952, 2.54952, 4.47299, 2.54952
12.6527, 8, 4.74318, 2.53889, 3.16228, 3.25682, 0, 2.5389, 2.53889, 2.53889, 2.53889, 2.53889, 2.53889, 2.53889, 2.53889, 2.53889, 2.53889, 2.53889, 2.53889, 2.53889, 2.5389, 2.53889, 2.53889, 4.74318, 2.53889
12.6606, 10, 5.03557, 2.52809, 3.4641, 4.96443, 0, 2.52809, 2.52809, 2.52809, 2.52809, 2.52809, 2.52809, 2.52809, 2.52809, 2.52809, 2.52809, 2.52809, 2.52809, 2.52809, 2.52809, 2.52809, 2.52809, 5.03556, 2.52809
12.6685, 6, 5.34857, 2.5172, 2.82843, 0.651428, 0, 2.5172, 2.5172, 2.5172, 2.5172, 2.5172, 2.5172, 2.5172, 2.5172, 2.5172, 2.5172, 2.5172, 2.5172, 2.5172, 2.5172, 2.5172, 2.5172, 5.34857, 2.5172
12.6764, 6, 5.67992, 2.50633, 2.82843, 0.320079, 0, 2.50633, 2.50633, 2.50633, 2.50633, 2.50633, 2.50633, 2.50633, 2.50633, 2.50633, 2.50633, 2.50633, 2.50633, 2.50633, 2.50633, 2.50633, 2.50633, 5.67992, 2.50633
12.6843, 8, 6.02723, 2.49619, 3.16228, 1.97277, 0, 2.4962, 2.49619, 2.49619, 2.49619, 2.49619, 2.49619, 2.49619, 2.49619, 2.49619, 2.49619, 2.49619, 2.49619, 2.49619, 2.49619, 2.49619, 2.49619, 6.02722, 2.49619
12.6921, 12, 6.38516, 2.48531, 3.74166, 5.61484, 0, 2.48532, 2.48531, 2.48531, 2.48531, 2.48531, 2.48531, 2.48531, 2.48531, 2.48531, 2.48531, 2.48531, 2.48531, 2.48531, 2.48532, 2.48531, 2.48531, 6.38516, 2.48531
12.7, 6, 6.74955, 2.47383, 2.82843, -0.749546, 0, 2.47383, 2.47383, 2.47383, 2.47383, 2.47383, 2.47383, 2.47383, 2.47383, 2.47383, 2.47383, 2.47383, 2.47383, 2.47383, 2.47383, 2.47383, 2.47383, 6.74954, 2.47383
12.7079, 10, 7.1155, 2.46205, 3.4641, 2.8845, 0, 2.46206, 2.46205, 2.46205, 2.46205, 2.46205, 2.46205, 2.46205, 2.46205, 2.46205, 2.46205, 2.46205, 2.46205, 2.46205, 2.46206, 2.46205, 2.46205, 7.11549, 2.46205
12.7158, 8, 7.47782, 2.45031, 3.16228, 0.522178, 0, 2.45031, 2.45031, 2.45031, 2.45031, 2.45031, 2.45031, 2.45031, 2.45031, 2.45031, 2.45031, 2.45031, 2.45031, 2.45031, 2.45031, 2.45031, 2.45031, 7.47782, 2.45031
12.7237, 8, 7.83281, 2.44081, 3.16228, 0.167186, 0, 2.44082, 2.44081, 2.44081, 2.44081, 2.44081, 2.44081, 2.44081, 2.44081, 2.44081, 2.44081, 2.44081, 2.44081, 2.44081, 2.44082, 2.44081, 2.44081, 7.83281, 2.44081
12.7316, 18, 8.17072, 2.42996, 4.47214, 9.82928, 0, 2.42997, 2.42996, 2.42996, 2.42996, 2.42996, 2.42996, 2.42996, 2.42996, 2.42996, 2.42996, 2.42996, 2.42996, 2.42996, 2.42996, 2.42996, 2.42996, 8.17071, 2.42996
12.7395, 12, 8.48554, 2.41796, 3.74166, 3.51446, 0, 2.41797, 2.41796, 2.41796, 2.41796, 2.41796, 2.41796, 2.41796, 2.41796, 2.41796, 2.41796, 2.41796, 2.41796, 2.41796, 2.41797, 2.41796, 2.41796, 8.48554, 2.41796
12.7473, 12, 8.7718, 2.40541, 3.74166, 3.2282, 0, 2.40542, 2.40541, 2.40541, 2.40541, 2.40541, 2.40541, 2.40541, 2.40541, 2.40541, 2.40541, 2.40541, 2.40541, 2.40541, 2.40541, 2.40541, 2.40541, 8.7718, 2.40541
12.7552, 2, 9.02436, 2.39289, 2, -7.02436, 0, 2.3929, 2.39289, 2.39289, 2.39289, 2.39289, 2.39289, 2.39289, 2.39289, 2.39289, 2.39289, 2.39289, 2.39289, 2.39289, 2.39289, 2.39289, 2.39289, 9.02435, 2.39289
12.7631, 4, 9.24192, 2.38443, 2.44949, -5.24192, 0, 2.38444, 2.38443, 2.38443, 2.38443, 2.38443, 2.38443, 2.38443, 2.38443, 2.38443, 2.38443, 2.38443, 2.38443, 2.38443, 2.38443, 2.38443, 2.38443, 9.24191, 2.38443
12.771, 12, 9.41391, 2.374, 3.74166, 2.58609, 0, 2.37401, 2.374, 2.374, 2.374, 2.374, 2.374, 2.374, 2.374, 2.374, 2.374, 2.374, 2.374, 2.374, 2.374, 2.374, 2.374, 9.4139, 2.374
12.7789, 10, 9.53687, 2.36191, 3.4641, 0.463127, 0, 2.36192, 2.36191, 2.36191, 2.36191, 2.36191, 2.36191, 2.36191, 2.36191, 2.36191, 2.36191, 2.36191, 2.36191, 2.36191, 2.36192, 2.36191, 2.36191, 9.53687, 2.36191
12.7868, 18, 9.60891, 2.34902, 4.47214, 8.39109, 0, 2.34902, 2.34902, 2.34902, 2.34902, 2.34902, 2.34902, 2.34902, 2.34902, 2.34902, 2.34902, 2.34902, 2.34902, 2.34902, 2.34902, 2.34902, 2.34902, 9.6089, 2.34902
12.7946, 8, 9.6291, 2.33616, 3.16228, -1.6291, 0, 2.33616, 2.33616, 2.33616, 2.33616, 2.33616, 2.33616, 2.33616, 2.33616, 2.33616, 2.33616, 2.33616, 2.33616, 2.33616, 2.33616, 2.33616, 2.33616, 9.6291, 2.33616
12.8025, 12, 9.60181, 2.32831, 3.74166, 2.39819, 0, 2.32831, 2.32831, 2.32831, 2.32831, 2.32831, 2.32831, 2.32831, 2.32831, 2.32831, 2.32831, 2.32831, 2.32831, 2.32831, 2.32831, 2.32831, 2.32831, 9.60181, 2.32831
12.8104, 16, 9.52009, 2.31799, 4.24264, 6.47991, 0, 2.318, 2.31799, 2.31799, 2.31799, 2.31799, 2.31799, 2.31799, 2.31799, 2.31799, 2.31799, 2.31799, 2.31799, 2.31799, 2.31799, 2.31799, 2.31799, 9.52008, 2.31799
12.8183, 10, 9.38592, 2.30558, 3.4641, 0.614077, 0, 2.30559, 2.30558, 2.30558, 2.30558, 2.30558, 2.30558, 2.30558, 2.30558, 2.30558, 2.30558, 2.30558, 2.30558, 2.30558, 2.30559, 2.30558, 2.30558, 9.38592, 2.30558
12.8262, 4, 9.20308, 2.29215, 2.44949, -5.20308, 0, 2.29216, 2.29215, 2.29215, 2.29215, 2.29215, 2.29215, 2.29215, 2.29215, 2.29215, 2.29215, 2.29215, 2.29215, 2.29215, 2.29216, 2.29215, 2.29215, 9.20308, 2.29215
12.8341, 8, 8.97626, 2.27876, 3.16228, -0.976259, 0, 2.27877, 2.27876, 2.27876, 2.27876, 2.27876, 2.27876, 2.27876, 2.27876, 2.27876, 2.27876, 2.27876, 2.27876, 2.27876, 2.27876, 2.27876, 2.27876, 8.97625, 2.27876
12.8419, 12, 8.71625, 2.27173, 3.74166, 3.28375, 0, 2.27174, 2.27173, 2.27173, 2.27173, 2.27173, 2.27173, 2.27173, 2.27173, 2.27173, 2.27173, 2.27173, 2.27173, 2.27173, 2.27173, 2.27173, 2.27173, 8.71624, 2.27173
12.8498, 8, 8.41889, 2.26178, 3.16228, -0.418892, 0, 2.26178, 2.26178, 2.26178, 2.26178, 2.26178, 2.26178, 2.26178, 2.26178, 2.26178, 2.26178, 2.26178, 2.26178, 2.26178, 2.26178, 2.26178, 2.26178, 8.41888, 2.26178
12.8577, 4, 8.09028, 2.24934, 2.44949, -4.09028, 0, 2.24935, 2.24934, 2.24934, 2.24934, 2.24934, 2.24934, 2.24934, 2.24934, 2.24934, 2.24934, 2.24934, 2.24934, 2.24934, 2.24934, 2.24934, 2.24934, 8.09027, 2.24934
12.8656, 10, 7.73762, 2.23569, 3.4641, 2.26238, 0, 2.2357, 2.23569, 2.23569, 2.23569, 2.23569, 2.23569, 2.23569, 2.23569, 2.23569, 2.23569, 2.23569, 2.23569, 2.23569, 2.23569, 2.23569, 2.23569, 7.73761, 2.23569
12.8735, 12, 7.36827, 2.22208, 3.74166, 4.63173, 0, 2.2221, 2.22208, 2.22208, 2.22208, 2.22208, 2.22208, 2.22208, 2.22208, 2.22208, 2.22208, 2.22208, 2.22208, 2.22208, 2.22209, 2.22208, 2.22208, 7.36825, 2.22208
12.8814, 12, 6.99531, 2.21558, 3.74166, 5.00469, 0, 2.21559, 2.21558, 2.21558, 2.21558, 2.21558, 2.21558, 2.21558, 2.21558, 2.21558, 2.21558, 2.21558, 2.21558, 2.21558, 2.21558, 2.21558, 2.21558, 6.99529, 2.21558
12.8892, 16, 6.61423, 2.20581, 4.24264, 9.38577, 0, 2.20583, 2.20581, 2.20581, 2.20581, 2.20581, 2.20581, 2.20581, 2.20581, 2.20581, 2.20581, 2.20581, 2.20581, 2.20581, 2.20581, 2.20581, 2.20581, 6.61421, 2.20581
12.8971, 10, 6.23098, 2.19326, 3.4641, 3.76902, 0, 2.19329, 2.19326, 2.19326, 2.19326, 2.19326, 2.19326, 2.19326, 2.19326, 2.19326, 2.19326, 2.19326, 2.19326, 2.19326, 2.19326, 2.19326, 2.19326, 6.23095, 2.19326
12.905, 8, 5.85198, 2.17934, 3.16228, 2.14802, 0, 2.17938, 2.17934, 2.17934, 2.17934, 2.17934, 2.17934, 2.17934, 2.17934, 2.17934, 2.17934, 2.17934, 2.17934, 2.17934, 2.17934, 2.17934, 2.17934, 5.85194, 2.17934
12.9129, 6, 5.48304, 2.16547, 2.82843, 0.516958, 0, 2.16552, 2.16547, 2.16547, 2.16547, 2.16547, 2.16547, 2.16547, 2.16547, 2.16547, 2.16547, 2.16547, 2.16547, 2.16547, 2.16547, 2.16547, 2.16547, 5.48299, 2.16547
12.9208, 4, 5.13572, 2.15932, 2.44949, -1.13572, 0, 2.15939, 2.15932, 2.15932, 2.15932, 2.15932, 2.15932, 2.15932, 2.15932, 2.15932, 2.15932, 2.15932, 2.15932, 2.15932, 2.15932, 2.15932, 2.15932, 5.13565, 2.15932
12.9287, 6, 4.802, 2.14979, 2.82843, 1.198, 0, 2.14989, 2.14979, 2.14979, 2.14979, 2.14979, 2.14979, 2.14979, 2.14979, 2.14979, 2.14979, 2.14979, 2.14979, 2.14979, 2.14979, 2.14979, 2.14979, 4.8019, 2.14979
12.9365, 2, 4.48476, 2.13733, 2, -2.48476, 0, 2.13747, 2.13733, 2.13733, 2.13733, 2.13733, 2.13733, 2.13733, 2.13733, 2.13733, 2.13733, 2.13733, 2.13733, 2.13733, 2.13733, 2.13733, 2.13733, 4.48462, 2.13733
12.9444, 4, 4.18729, 2.12343, 2.44949, -0.187293, 0, 2.12362, 2.12343, 2.12343, 2.12343, 2.12343, 2.12343, 2.12343, 2.12343, 2.12343, 2.12343, 2.12343, 2.12343, 2.12343, 2.12343, 2.12343, 2.12343, 4.1871, 2.12343
12.9523, 2, 3.91213, 2.10958, 2, -1.91213, 0, 2.10984, 2.10958, 2.10958, 2.10958, 2.10958, 2.10958, 2.10958, 2.10958, 2.10958, 2.10958, 2.10958, 2.10958, 2.10958, 2.10958, 2.10958, 2.10958, 3.91187, 2.10958
12.9602, 8, 3.66773, 2.10365, 3.16228, 4.33227, 0, 2.104, 2.10365, 2.10365, 2.10365, 2.10365, 2.10365, 2.10365, 2.10365, 2.10365, 2.10365, 2.10365, 2.10365, 2.10365, 2.10365, 2.10365, 2.10365, 3.66737, 2.10365
12.9681, 6, 3.44272, 2.0943, 2.82843, 2.55728, 0, 2.09477, 2.0943, 2.0943, 2.0943, 2.0943, 2.0943, 2.0943, 2.0943, 2.0943, 2.0943, 2.0943, 2.0943, 2.0943, 2.0943, 2.0943, 2.0943, 3.44224, 2.0943
12.976, 4, 3.23716, 2.08197, 2.44949, 0.762842, 0, 2.0826, 2.08197, 2.08197, 2.08197, 2.08197, 2.08197, 2.08197, 2.08197, 2.08197, 2.08197, 2.08197, 2.08197, 2.08197, 2.08197, 2.08197, 2.08197, 3.23653, 2.08197
12.9838, 10, 3.05173, 2.06817, 3.4641, 6.94827, 0, 2.06901, 2.06817, 2.06817, 2.06817, 2.06817, 2.06817, 2.06817, 2.06817, 2.06817, 2.06817, 2.06817, 2.06817, 2.06817, 2.06817, 2.06817, 2.06817, 3.05089, 2.06817
12.9917, 0, 2.88683, 2.05443, 1.41421, -2.88683, 0, 2.05552, 2.05443, 2.05443, 2.05443, 2.05443, 2.05443, 2.05443, 2.05443, 2.05443, 2.05443, 2.05443, 2.05443, 2.05443, 2.05443, 2.05443, 2.05443, 2.88574, 2.05443
12.9996, 2, 2.74952, 2.04909, 2, -0.749515, 0, 2.05052, 2.04909, 2.04909, 2.04909, 2.04909, 2.04909, 2.04909, 2.04909, 2.04909, 2.04909, 2.04909, 2.04909, 2.04909, 2.04909, 2.04909, 2.04909, 2.74808, 2.04909
13.0075, 2, 2.62618, 2.04005, 2, -0.62618, 0, 2.04191, 2.04005, 2.04005, 2.04005, 2.04005, 2.04005, 2.04005, 2.04005, 2.04005, 2.04005, 2.04005, 2.04005, 2.04005, 2.04005, 2.04005, 2.04005, 2.62432, 2.04005
13.0154, 2, 2.51572, 2.02775, 2, -0.515723, 0, 2.03014, 2.02775, 2.02775, 2.02775, 2.02775, 2.02775, 2.02775, 2.02775, 2.02775, 2.02775, 2.02775, 2.02775, 2.02775, 2.02775, 2.02775, 2.02775, 2.51334, 2.02775
13.0233, 8, 2.41823, 2.01385, 3.16228, 5.58177, 0, 2.0169, 2.01385, 2.01385, 2.01385, 2.01385, 2.01385, 2.01385, 2.01385, 2.01385, 2.01385, 2.01385, 2.01385, 2.01385, 2.01385, 2.01385, 2.01385, 2.41518, 2.01385
13.0312, 0, 2.33379, 2, 1.41421, -2.33379, 0, 2.00386, 2, 2, 2, 2, 2, 2, 2, 2, 2, 2, 2, 2, 2, 2, 2, 2.32992, 2
13.039, 0, 2.27276, 1.99806, 1.41421, -2.27276, 0, 2.00292, 1.99806, 1.99806, 1.99806, 1.99806, 1.99806, 1.99806, 1.99806, 1.99806, 1.99806, 1.99806, 1.99806, 1.99806, 1.99806, 1.99806, 1.99806, 2.2679, 1.99806
13.0469, 0, 2.2183, 1.99261, 1.41421, -2.2183, 0, 1.99868, 1.99261, 1.99261, 1.99261, 1.99261, 1.99261, 1.99261, 1.99261, 1.99261, 1.99261, 1.99261, 1.99261, 1.99261, 1.99261, 1.99261, 1.99261, 2.21222, 1.99261
13.0548, 0, 2.16944, 1.98396, 1.41421, -2.16944, 0, 1.9915, 1.98396, 1.98396, 1.98396, 1.98396, 1.98396, 1.98396, 1.98396, 1.98396, 1.98396, 1.98396, 1.98396, 1.98396, 1.98396, 1.98396, 1.98396, 2.1619, 1.98396
13.0627, 4, 2.12661, 1.97374, 2.44949, 1.87339, 0, 1.98303, 1.97374, 1.97374, 1.97374, 1.97374, 1.97374, 1.97374, 1.97374, 1.97374, 1.97374, 1.97374, 1.97374, 1.97374, 1.97374, 1.97374, 1.97374, 2.11732, 1.97374
13.0706, 4, 2.09034, 1.96355, 2.44949, 1.90966, 0, 1.9749, 1.96355, 1.96355, 1.96355, 1.96355, 1.96355, 1.96355, 1.96355, 1.96355, 1.96355, 1.96355, 1.96355, 1.96355, 1.96355, 1.96355, 1.96355, 2.07898, 1.96355
13.0785, 6, 2.06645, 1.96013, 2.82843, 3.93355, 0, 1.97392, 1.96013, 1.96013, 1.96013, 1.96013, 1.96013, 1.96013, 1.96013, 1.96013, 1.96013, 1.96013, 1.96013, 1.96013, 1.96013, 1.96013, 1.96013, 2.05267, 1.96013
13.0863, 4, 2.04486, 1.9542, 2.44949, 1.95514, 0, 1.97081, 1.9542, 1.9542, 1.9542, 1.9542, 1.9542, 1.9542, 1.9542, 1.9542, 1.9542, 1.9542, 1.9542, 1.9542, 1.9542, 1.9542, 1.9542, 2.02825, 1.9542
13.0942, 2, 2.02514, 1.94601, 2, -0.0251384, 0, 1.96589, 1.94601, 1.94601, 1.94601, 1.94601, 1.94601, 1.94601, 1.94601, 1.94601, 1.94601, 1.94601, 1.94601, 1.94601, 1.94601, 1.94601, 1.94601, 2.00526, 1.94601
13.1021, 2, 2.00784, 1.93671, 2, -0.00784087, 0, 1.96033, 1.93671, 1.93671, 1.93671, 1.93671, 1.93671, 1.93671, 1.93671, 1.93671, 1.93671, 1.93671, 1.93671, 1.93671, 1.93671, 1.93671, 1.93671, 1.98422, 1.93671
13.11, 2, 1.99363, 1.92744, 2, 0.00636911, 0, 1.95529, 1.92744, 1.92744, 1.92744, 1.92744, 1.92744, 1.92744, 1.92744, 1.92744, 1.92744, 1.92744, 1.92744, 1.92744, 1.92744, 1.92744, 1.92744, 1.96577, 1.92744
13.1179, 2, 1.98689, 1.92295, 2, 0.0131099, 0, 1.95557, 1.92295, 1.92295, 1.92295, 1.92295, 1.92295, 1.92295, 1.92295, 1.92295, 1.92295, 1.92295, 1.92295, 1.92295, 1.92295, 1.92295, 1.92295, 1.95427, 1.92295
13.1258, 0, 1.98077, 1.91671, 1.41421, -1.98077, 0, 1.95464, 1.91671, 1.91671, 1.91671, 1.91671, 1.91671, 1.91671, 1.91671, 1.91671, 1.91671, 1.91671, 1.91671, 1.91671, 1.91672, 1.91671, 1.91671, 1.94284, 1.91671
13.1336, 8, 1.97518, 1.90887, 3.16228, 6.02482, 0, 1.95265, 1.90887, 1.90887, 1.90887, 1.90887, 1.90887, 1.90887, 1.90887, 1.90887, 1.90887, 1.90887, 1.90887, 1.90887, 1.90887, 1.90887, 1.90887, 1.9314, 1.90887
13.1415, 0, 1.97075, 1.90023, 1.41421, -1.97075, 0, 1.9504, 1.90023, 1.90023, 1.90023, 1.90023, 1.90023, 1.90023, 1.90023, 1.90023, 1.90023, 1.90023, 1.90023, 1.90023, 1.90023, 1.90023, 1.90023, 1.92058, 1.90023
13.1494, 4, 1.96819, 1.8916, 2.44949, 2.03181, 0, 1.9487, 1.8916, 1.8916, 1.8916, 1.8916, 1.8916, 1.8916, 1.8916, 1.8916, 1.8916, 1.8916, 1.8916, 1.8916, 1.89161, 1.8916, 1.8916, 1.9111, 1.8916
13.1573, 4, 1.96971, 1.88529, 2.44949, 2.03029, 0, 1.94979, 1.88529, 1.88529, 1.88529, 1.88529, 1.88529, 1.88529, 1.88529, 1.88529, 1.88529, 1.88529, 1.88529, 1.88529, 1.88529, 1.88529, 1.88529, 1.90521, 1.88529
13.1652, 0, 1.97221, 1.87822, 1.41421, -1.97221, 0, 1.95057, 1.87822, 1.87822, 1.87822, 1.87822, 1.87822, 1.87822, 1.87822, 1.87822, 1.87822, 1.87822, 1.87822, 1.87822, 1.87822, 1.87822, 1.87822, 1.89986, 1.87822
13.1731, 10, 1.97574, 1.87041, 3.4641, 8.02426, 0, 1.951, 1.87041, 1.87041, 1.87041, 1.87041, 1.87041, 1.87041, 1.87041, 1.87041, 1.87041, 1.87041, 1.87041, 1.87041, 1.87041, 1.87041, 1.87041, 1.89516, 1.87041
13.1809, 2, 1.98042, 1.86193, 2, 0.019582, 0, 1.95105, 1.86193, 1.86193, 1.86193, 1.86193, 1.86193, 1.86193, 1.86193, 1.86193, 1.86193, 1.86193, 1.86193, 1.86193, 1.86193, 1.86193, 1.86193, 1.8913, 1.86193
13.1888, 2, 1.98652, 1.85297, 2, 0.0134819, 0, 1.95082, 1.85297, 1.85297, 1.85297, 1.85297, 1.85297, 1.85297, 1.85297, 1.85297, 1.85297, 1.85297, 1.85297, 1.85297, 1.85297, 1.85297, 1.85297, 1.88866, 1.85297
13.1967, 0, 1.99434, 1.84369, 1.41421, -1.99434, 0, 1.95038, 1.84369, 1.84369, 1.84369, 1.84369, 1.84369, 1.84369, 1.84369, 1.84369, 1.84369, 1.84369, 1.84369, 1.84369, 1.84369, 1.84369, 1.84369, 1.88766, 1.84369
13.2046, 0, 2.00381, 1.83384, 1.41421, -2.00381, 0, 1.94934, 1.83384, 1.83384, 1.83384, 1.83384, 1.83384, 1.83384, 1.83384, 1.83384, 1.83384, 1.83384, 1.83384, 1.83384, 1.83384, 1.83384, 1.83384, 1.88831, 1.83384
13.2125, 2, 2.01521, 1.82351, 2, -0.0152068, 0, 1.94767, 1.82351, 1.82351, 1.82351, 1.82351, 1.82351, 1.82351, 1.82351, 1.82351, 1.82351, 1.82351, 1.82351, 1.82351, 1.82351, 1.82351, 1.82351, 1.89104, 1.82351
13.2204, 6, 2.02856, 1.81246, 2.82843, 3.97144, 0, 1.94501, 1.81246, 1.81246, 1.81246, 1.81246, 1.81246, 1.81246, 1.81246, 1.81246, 1.81246, 1.81246, 1.81246, 1.81246, 1.81246, 1.81246, 1.81246, 1.89601, 1.81246
13.2282, 0, 2.04428, 1.80084, 1.41421, -2.04428, 0, 1.94134, 1.80084, 1.80084, 1.80084, 1.80084, 1.80084, 1.80084, 1.80084, 1.80084, 1.80084, 1.80084, 1.80084, 1.80084, 1.80084, 1.80084, 1.80084, 1.90378, 1.80084
13.2361, 8, 2.063, 1.78896, 3.16228, 5.937, 0, 1.93685, 1.78896, 1.78896, 1.78896, 1.78896, 1.78896, 1.78896, 1.78896, 1.78896, 1.78896, 1.78896, 1.78896, 1.78896, 1.78896, 1.78896, 1.78896, 1.9151, 1.78896
13.244, 4, 2.08536, 1.77711, 2.44949, 1.91464, 0, 1.93171, 1.77711, 1.77711, 1.77711, 1.77711, 1.77711, 1.77711, 1.77711, 1.77711, 1.77711, 1.77711, 1.77711, 1.77711, 1.77711, 1.77711, 1.77711, 1.93076, 1.77711
13.2519, 6, 2.11302, 1.76659, 2.82843, 3.88698, 0, 1.92709, 1.76659, 1.76659, 1.76659, 1.76659, 1.76659, 1.76659, 1.76659, 1.76659, 1.76659, 1.76659, 1.76659, 1.76659, 1.76659, 1.76659, 1.76659, 1.95252, 1.76659
13.2598, 4, 2.14402, 1.75507, 2.44949, 1.85598, 0, 1.92054, 1.75507, 1.75507, 1.75507, 1.75507, 1.75507, 1.75507, 1.75507, 1.75507, 1.75507, 1.75507, 1.75507, 1.75507, 1.75507, 1.75507, 1.75507, 1.97855, 1.75507
13.2677, 8, 2.17883, 1.74264, 3.16228, 5.82117, 0, 1.91207, 1.74264, 1.74264, 1.74264, 1.74264, 1.74264, 1.74264, 1.74264, 1.74264, 1.74264, 1.74264, 1.74264, 1.74264, 1.74264, 1.74264, 1.74264, 2.0094, 1.74264
13.2756, 6, 2.21827, 1.72978, 2.82843, 3.78173, 0, 1.90209, 1.72978, 1.72978, 1.72978, 1.72978, 1.72978, 1.72978, 1.72978, 1.72978, 1.72978, 1.72978, 1.72978, 1.72978, 1.72979, 1.72978, 1.72978, 2.04596, 1.72978
13.2834, 0, 2.26313, 1.71698, 1.41421, -2.26313, 0, 1.89102, 1.71698, 1.71698, 1.71698, 1.71698, 1.71698, 1.71698, 1.71698, 1.71698, 1.71698, 1.71698, 1.71698, 1.71698, 1.71698, 1.71698, 1.71698, 2.08909, 1.71698
13.2913, 0, 2.3167, 1.70724, 1.41421, -2.3167, 0, 1.88186, 1.70724, 1.70724, 1.70724, 1.70724, 1.70724, 1.70724, 1.70724, 1.70724, 1.70724, 1.70724, 1.70724, 1.70724, 1.70724, 1.70724, 1.70724, 2.14208, 1.70724
13.2992, 4, 2.37471, 1.69613, 2.44949, 1.62529, 0, 1.87017, 1.69613, 1.69613, 1.69613, 1.69613, 1.69613, 1.69613, 1.69613, 1.69613, 1.69613, 1.69613, 1.69613, 1.69613, 1.69613, 1.69613, 1.69613, 2.20068, 1.69613
13.3071, 4, 2.43732, 1.68377, 2.44949, 1.56268, 0, 1.85607, 1.68377, 1.68377, 1.68377, 1.68377, 1.68377, 1.68377, 1.68377, 1.68377, 1.68377, 1.68377, 1.68377, 1.68377, 1.68377, 1.68377, 1.68377, 2.26501, 1.68377
13.315, 6, 2.50513, 1.6708, 2.82843, 3.49487, 0, 1.84029, 1.6708, 1.6708, 1.6708, 1.6708, 1.6708, 1.6708, 1.6708, 1.6708, 1.6708, 1.6708, 1.6708, 1.6708, 1.6708, 1.6708, 1.6708, 2.33564, 1.6708
13.3229, 2, 2.57859, 1.65788, 2, -0.578589, 0, 1.82352, 1.65788, 1.65788, 1.65788, 1.65788, 1.65788, 1.65788, 1.65788, 1.65788, 1.65788, 1.65788, 1.65788, 1.65788, 1.65788, 1.65788, 1.65788, 2.41295, 1.65788
13.3307, 2, 2.66054, 1.64825, 2, -0.660545, 0, 1.8091, 1.64825, 1.64825, 1.64825, 1.64825, 1.64825, 1.64825, 1.64825, 1.64825, 1.64825, 1.64825, 1.64825, 1.64825, 1.64825, 1.64825, 1.64825, 2.49968, 1.64825
13.3386, 0, 2.7456, 1.63706, 1.41421, -2.7456, 0, 1.7923, 1.63706, 1.63706, 1.63706, 1.63706, 1.63706, 1.63706, 1.63706, 1.63706, 1.63706, 1.63706, 1.63706, 1.63706, 1.63706, 1.63706, 1.63706, 2.59036, 1.63706
13.3465, 0, 2.83313, 1.62443, 1.41421, -2.83313, 0, 1.77334, 1.62443, 1.62443, 1.62443, 1.62443, 1.62443, 1.62443, 1.62443, 1.62443, 1.62443, 1.62443, 1.62443, 1.62443, 1.62443, 1.62443, 1.62443, 2.68422, 1.62443
13.3544, 2, 2.92294, 1.61112, 2, -0.922936, 0, 1.7531, 1.61112, 1.61112, 1.61112, 1.61112, 1.61112, 1.61112, 1.61112, 1.61112, 1.61112, 1.61112, 1.61112, 1.61112, 1.61112, 1.61112, 1.61112, 2.78095, 1.61112
13.3623, 6, 3.01461, 1.59786, 2.82843, 2.98539, 0, 1.73245, 1.59786, 1.59786, 1.59786, 1.59786, 1.59786, 1.59786, 1.59786, 1.59786, 1.59786, 1.59786, 1.59786, 1.59786, 1.59786, 1.59786, 1.59786, 2.88001, 1.59786
13.3702, 14, 3.11094, 1.58873, 4, 10.8891, 0, 1.7156, 1.58873, 1.58873, 1.58873, 1.58873, 1.58873, 1.58873, 1.58873, 1.58873, 1.58873, 1.58873, 1.58873, 1.58873, 1.58873, 1.58873, 1.58873, 2.98407, 1.58873
13.378, 2, 3.20461, 1.57786, 2, -1.20461, 0, 1.6968, 1.57786, 1.57786, 1.57786, 1.57786, 1.57786, 1.57786, 1.57786, 1.57786, 1.57786, 1.57786, 1.57786, 1.57786, 1.57786, 1.57786, 1.57786, 3.08567, 1.57786
13.3859, 8, 3.29418, 1.56538, 3.16228, 4.70582, 0, 1.67631, 1.56538, 1.56538, 1.56538, 1.56538, 1.56538, 1.56538, 1.56538, 1.56538, 1.56538, 1.56538, 1.56538, 1.56538, 1.56538, 1.56538, 1.56538, 3.18325, 1.56538
13.3938, 8, 3.37883, 1.55214, 3.16228, 4.62117, 0, 1.65509, 1.55214, 1.55214, 1.55214, 1.55214, 1.55214, 1.55214, 1.55214, 1.55214, 1.55214, 1.55214, 1.55214, 1.55214, 1.55214, 1.55214, 1.55214, 3.27587, 1.55214
13.4017, 6, 3.45768, 1.53895, 2.82843, 2.54232, 0, 1.63405, 1.53895, 1.53895, 1.53895, 1.53895, 1.53895, 1.53895, 1.53895, 1.53895, 1.53895, 1.53895, 1.53895, 1.53895, 1.53895, 1.53895, 1.53895, 3.36257, 1.53895
13.4096, 2, 3.53308, 1.52984, 2, -1.53308, 0, 1.61731, 1.52984, 1.52984, 1.52984, 1.52984, 1.52984, 1.52984, 1.52984, 1.52984, 1.52984, 1.52984, 1.52984, 1.52984, 1.52984, 1.52984, 1.52984, 3.44561, 1.52984
13.4175, 4, 3.59749, 1.51893, 2.44949, 0.402509, 0, 1.59905, 1.51893, 1.51893, 1.51893, 1.51893, 1.51893, 1.51893, 1.51893, 1.51893, 1.51893, 1.51893, 1.51893, 1.51893, 1.51893, 1.51893, 1.51893, 3.51737, 1.51893
13.4253, 6, 3.64957, 1.50636, 2.82843, 2.35043, 0, 1.57948, 1.50636, 1.50636, 1.50636, 1.50636, 1.50636, 1.50636, 1.50636, 1.50636, 1.50636, 1.50636, 1.50636, 1.50636, 1.50636, 1.50636, 1.50636, 3.57645, 1.50636
13.4332, 8, 3.68881, 1.493, 3.16228, 4.31119, 0, 1.55951, 1.493, 1.493, 1.493, 1.493, 1.493, 1.493, 1.493, 1.493, 1.493, 1.493, 1.493, 1.493, 1.493, 1.493, 1.493, 3.6223, 1.493
13.4411, 4, 3.71493, 1.4797, 2.44949, 0.28507, 0, 1.54003, 1.4797, 1.4797, 1.4797, 1.4797, 1.4797, 1.4797, 1.4797, 1.4797, 1.4797, 1.4797, 1.4797, 1.4797, 1.4797, 1.4797, 1.4797, 3.65461, 1.4797
13.449, 4, 3.73129, 1.47073, 2.44949, 0.268708, 0, 1.5253, 1.47073, 1.47073, 1.47073, 1.47073, 1.47073, 1.47073, 1.47073, 1.47073, 1.47073, 1.47073, 1.47073, 1.47073, 1.47073, 1.47073, 1.47073, 3.67672, 1.47073
13.4569, 4, 3.73121, 1.46002, 2.44949, 0.26879, 0, 1.50928, 1.46002, 1.46002, 1.46002, 1.46002, 1.46002, 1.46002, 1.46002, 1.46002, 1.46002, 1.46002, 1.46002, 1.46002, 1.46002, 1.46002, 1.46002, 3.68195, 1.46002
13.4648, 6, 3.7145, 1.44771, 2.82843, 2.2855, 0, 1.4921, 1.44771, 1.44771, 1.44771, 1.44771, 1.44771, 1.44771, 1.44771, 1.44771, 1.44771, 1.44771, 1.44771, 1.44771, 1.44771, 1.44771, 1.44771, 3.67011, 1.44771
13.4726, 0, 3.682, 1.43464, 1.41421, -3.682, 0, 1.47458, 1.43464, 1.43464, 1.43464, 1.43464, 1.43464, 1.43464, 1.43464, 1.43464, 1.43464, 1.43464, 1.43464, 1.43464, 1.43464, 1.43464, 1.43464, 3.64206, 1.43464
13.4805, 4, 3.63484, 1.42162, 2.44949, 0.365156, 0, 1.45752, 1.42162, 1.42162, 1.42162, 1.42162, 1.42162, 1.42162, 1.42162, 1.42162, 1.42162, 1.42162, 1.42162, 1.42162, 1.42162, 1.42162, 1.42162, 3.59895, 1.42162
13.4884, 8, 3.57737, 1.41239, 3.16228, 4.42263, 0, 1.44463, 1.41239, 1.41239, 1.41239, 1.41239, 1.41239, 1.41239, 1.41239, 1.41239, 1.41239, 1.41239, 1.41239, 1.41239, 1.4124, 1.41239, 1.41239, 3.54514, 1.41239
13.4963, 6, 3.50518, 1.40165, 2.82843, 2.49482, 0, 1.43057, 1.40165, 1.40165, 1.40165, 1.40165, 1.40165, 1.40165, 1.40165, 1.40165, 1.40165, 1.40165, 1.40165, 1.40165, 1.40165, 1.40165, 1.40165, 3.47626, 1.40165
13.5042, 4, 3.41949, 1.38946, 2.44949, 0.580506, 0, 1.4154, 1.38946, 1.38946, 1.38946, 1.38946, 1.38946, 1.38946, 1.38946, 1.38946, 1.38946, 1.38946, 1.38946, 1.38946, 1.38946, 1.38946, 1.38946, 3.39356, 1.38946
13.5121, 4, 3.32244, 1.37659, 2.44949, 0.677559, 0, 1.39984, 1.37659, 1.37659, 1.37659, 1.37659, 1.37659, 1.37659, 1.37659, 1.37659, 1.37659, 1.37659, 1.37659, 1.37659, 1.37659, 1.37659, 1.37659, 3.29919, 1.37659
13.52, 4, 3.21629, 1.36378, 2.44949, 0.783711, 0, 1.3846, 1.36378, 1.36378, 1.36378, 1.36378, 1.36378, 1.36378, 1.36378, 1.36378, 1.36378, 1.36378, 1.36378, 1.36378, 1.36378, 1.36378, 1.36378, 3.19546, 1.36378
13.5278, 2, 3.106, 1.35429, 2, -1.106, 0, 1.37293, 1.35429, 1.35429, 1.35429, 1.35429, 1.35429, 1.35429, 1.35429, 1.35429, 1.35429, 1.35429, 1.35429, 1.35429, 1.3543, 1.35429, 1.35429, 3.08736, 1.35429
13.5357, 4, 2.98874, 1.34361, 2.44949, 1.01126, 0, 1.36028, 1.34361, 1.34361, 1.34361, 1.34361, 1.34361, 1.34361, 1.34361, 1.34361, 1.34361, 1.34361, 1.34361, 1.34361, 1.34361, 1.34361, 1.34361, 2.97207, 1.34361
13.5436, 10, 2.86633, 1.33179, 3.4641, 7.13367, 0, 1.34668, 1.33179, 1.33179, 1.33179, 1.33179, 1.33179, 1.33179, 1.33179, 1.33179, 1.33179, 1.33179, 1.33179, 1.33179, 1.33179, 1.33179, 1.33179, 2.85144, 1.33179
13.5515, 10, 2.74108, 1.31943, 3.4641, 7.25892, 0, 1.33272, 1.31943, 1.31943, 1.31943, 1.31943, 1.31943, 1.31943, 1.31943, 1.31943, 1.31943, 1.31943, 1.31943, 1.31943, 1.31943, 1.31943, 1.31943, 2.7278, 1.31943
13.5594, 2, 2.61524, 1.30713, 2, -0.615243, 0, 1.31896, 1.30713, 1.30713, 1.30713, 1.30713, 1.30713, 1.30713, 1.30713, 1.30713, 1.30713, 1.30713, 1.30713, 1.30713, 1.30713, 1.30713, 1.30713, 2.60341, 1.30713
13.5673, 6, 2.49227, 1.29681, 2.82843, 3.50773, 0, 1.30732, 1.29681, 1.29681, 1.29681, 1.29681, 1.29681, 1.29681, 1.29681, 1.29681, 1.29681, 1.29681, 1.29681, 1.29681, 1.29681, 1.29681, 1.29681, 2.48176, 1.29681
13.5751, 4, 2.371, 1.28594, 2.44949, 1.629, 0, 1.29525, 1.28594, 1.28594, 1.28594, 1.28594, 1.28594, 1.28594, 1.28594, 1.28594, 1.28594, 1.28594, 1.28594, 1.28594, 1.28594, 1.28594, 1.28594, 2.36169, 1.28594
13.583, 2, 2.25271, 1.27452, 2, -0.252706, 0, 1.28275, 1.27452, 1.27452, 1.27452, 1.27452, 1.27452, 1.27452, 1.27452, 1.27452, 1.27452, 1.27452, 1.27452, 1.27452, 1.27452, 1.27452, 1.27452, 2.24447, 1.27452
13.5909, 4, 2.1387, 1.26285, 2.44949, 1.8613, 0, 1.27011, 1.26285, 1.26285, 1.26285, 1.26285, 1.26285, 1.26285, 1.26285, 1.26285, 1.26285, 1.26285, 1.26285, 1.26285, 1.26285, 1.26285, 1.26285, 2.13145, 1.26285
13.5988, 2, 2.03014, 1.25124, 2, -0.0301375, 0, 1.25761, 1.25124, 1.25124, 1.25124, 1.25124, 1.25124, 1.25124, 1.25124, 1.25124, 1.25124, 1.25124, 1.25124, 1.25124, 1.25125, 1.25124, 1.25124, 2.02377, 1.25124
13.6067, 2, 1.9279, 1.23992, 2, 0.0720985, 0, 1.24549, 1.23992, 1.23992, 1.23992, 1.23992, 1.23992, 1.23992, 1.23992, 1.23992, 1.23992, 1.23992, 1.23992, 1.23992, 1.23992, 1.23992, 1.23992, 1.92233, 1.23992
13.6146, 6, 1.8322, 1.22864, 2.82843, 4.1678, 0, 1.23349, 1.22864, 1.22864, 1.22864, 1.22864, 1.22864, 1.22864, 1.22864, 1.22864, 1.22864, 1.22864, 1.22864, 1.22864, 1.22865, 1.22864, 1.22864, 1.82735, 1.22864
13.6224, 2, 1.74332, 1.21742, 2, 0.256676, 0, 1.22162, 1.21742, 1.21742, 1.21742, 1.21742, 1.21742, 1.21742, 1.21742, 1.21742, 1.21742, 1.21742, 1.21742, 1.21742, 1.21742, 1.21742, 1.21742, 1.73912, 1.21742
13.6303, 0, 1.66138, 1.20625, 1.41421, -1.66138, 0, 1.20987, 1.20625, 1.20625, 1.20625, 1.20625, 1.20625, 1.20625, 1.20625, 1.20625, 1.20625, 1.20625, 1.20625, 1.20625, 1.20625, 1.20625, 1.20625, 1.65776, 1.20625
13.6382, 2, 1.58615, 1.19492, 2, 0.413853, 0, 1.19803, 1.19492, 1.19492, 1.19492, 1.19492, 1.19492, 1.19492, 1.19492, 1.19492, 1.19492, 1.19492, 1.19492, 1.19492, 1.19492, 1.19492, 1.19492, 1.58304, 1.19492
13.6461, 0, 1.51734, 1.18331, 1.41421, -1.51734, 0, 1.18597, 1.18331, 1.18331, 1.18331, 1.18331, 1.18331, 1.18331, 1.18331, 1.18331, 1.18331, 1.18331, 1.18331, 1.18331, 1.18331, 1.18331, 1.18331, 1.51468, 1.18331
13.654, 2, 1.45478, 1.17152, 2, 0.545222, 0, 1.17377, 1.17152, 1.17152, 1.17152, 1.17152, 1.17152, 1.17152, 1.17152, 1.17152, 1.17152, 1.17152, 1.17152, 1.17152, 1.17152, 1.17152, 1.17152, 1.45252, 1.17152
13.6619, 4, 1.39825, 1.15966, 2.44949, 2.60175, 0, 1.16156, 1.15966, 1.15966, 1.15966, 1.15966, 1.15966, 1.15966, 1.15966, 1.15966, 1.15966, 1.15966, 1.15966, 1.15966, 1.15966, 1.15966, 1.15966, 1.39635, 1.15966
13.6697, 4, 1.34747, 1.14786, 2.44949, 2.65253, 0, 1.14945, 1.14786, 1.14786, 1.14786, 1.14786, 1.14786, 1.14786, 1.14786, 1.14786, 1.14786, 1.14786, 1.14786, 1.14786, 1.14786, 1.14786, 1.14786, 1.34587, 1.14786
13.6776, 0, 1.3036, 1.13772, 1.41421, -1.3036, 0, 1.13905, 1.13772, 1.13772, 1.13772, 1.13772, 1.13772, 1.13772, 1.13772, 1.13772, 1.13772, 1.13772, 1.13772, 1.13772, 1.13772, 1.13772, 1.13772, 1.30227, 1.13772
13.6855, 0, 1.26359, 1.12666, 1.41421, -1.26359, 0, 1.12777, 1.12666, 1.12666, 1.12666, 1.12666, 1.12666, 1.12666, 1.12666, 1.12666, 1.12666, 1.12666, 1.12666, 1.12666, 1.12666, 1.12666, 1.12666, 1.26248, 1.12666
13.6934, 2, 1.22719, 1.11492, 2, 0.772806, 0, 1.11584, 1.11492, 1.11492, 1.11492, 1.11492, 1.11492, 1.11492, 1.11492, 1.11492, 1.11492, 1.11492, 1.11492, 1.11492, 1.11493, 1.11492, 1.11492, 1.22628, 1.11492
13.7013, 0, 1.19432, 1.10288, 1.41421, -1.19432, 0, 1.10363, 1.10288, 1.10288, 1.10288, 1.10288, 1.10288, 1.10288, 1.10288, 1.10288, 1.10288, 1.10288, 1.10288, 1.10288, 1.10289, 1.10288, 1.10288, 1.19357, 1.10288
13.7092, 0, 1.16488, 1.09091, 1.41421, -1.16488, 0, 1.09152, 1.09091, 1.09091, 1.09091, 1.09091, 1.09091, 1.09091, 1.09091, 1.09091, 1.09091, 1.09091, 1.09091, 1.09091, 1.09091, 1.09091, 1.09091, 1.16427, 1.09091
13.717, 4, 1.14841, 1.08897, 2.44949, 2.85159, 0, 1.08946, 1.08897, 1.08897, 1.08897, 1.08897, 1.08897, 1.08897, 1.08897, 1.08897, 1.08897, 1.08897, 1.08897, 1.08897, 1.08897, 1.08897, 1.08897, 1.14792, 1.08897
13.7249, 0, 1.1341, 1.08664, 1.41421, -1.1341, 0, 1.08704, 1.08664, 1.08664, 1.08664, 1.08664, 1.08664, 1.08664, 1.08664, 1.08664, 1.08664, 1.08664, 1.08664, 1.08664, 1.08664, 1.08664, 1.08664, 1.1337, 1.08664
13.7328, 2, 1.12166, 1.08402, 2, 0.878337, 0, 1.08434, 1.08402, 1.08402, 1.08402, 1.08402, 1.08402, 1.08402, 1.08402, 1.08402, 1.08402, 1.08402, 1.08402, 1.08402, 1.08403, 1.08402, 1.08402, 1.12134, 1.08402
13.7407, 0, 1.11093, 1.08127, 1.41421, -1.11093, 0, 1.08152, 1.08127, 1.08127, 1.08127, 1.08127, 1.08127, 1.08127, 1.08127, 1.08127, 1.08127, 1.08127, 1.08127, 1.08127, 1.08127, 1.08127, 1.08127, 1.11067, 1.08127
13.7486, 0, 1.10174, 1.07851, 1.41421, -1.10174, 0, 1.07871, 1.07851, 1.07851, 1.07851, 1.07851, 1.07851, 1.07851, 1.07851, 1.07851, 1.07851, 1.07851, 1.07851, 1.07851, 1.07851, 1.07851, 1.07851, 1.10154, 1.07851
13.7565, 4, 1.09619, 1.07809, 2.44949, 2.90381, 0, 1.07825, 1.07809, 1.07809, 1.07809, 1.07809, 1.07809, 1.07809, 1.07809, 1.07809, 1.07809, 1.07809, 1.07809, 1.07809, 1.0781, 1.07809, 1.07809, 1.09603, 1.07809
13.7643, 2, 1.09028, 1.07626, 2, 0.909719, 0, 1.07638, 1.07626, 1.07626, 1.07626, 1.07626, 1.07626, 1.07626, 1.07626, 1.07626, 1.07626, 1.07626, 1.07626, 1.07626, 1.07626, 1.07626, 1.07626, 1.09016, 1.07626
13.7722, 0, 1.0841, 1.07328, 1.41421, -1.0841, 0, 1.07338, 1.07328, 1.07328, 1.07328, 1.07328, 1.07328, 1.07328, 1.07328, 1.07328, 1.07328, 1.07328, 1.07328, 1.07328, 1.07328, 1.07328, 1.07328, 1.08401, 1.07328
13.7801, 4, 1.07807, 1.06973, 2.44949, 2.92193, 0, 1.0698, 1.06973, 1.06973, 1.06973, 1.06973, 1.06973, 1.06973, 1.06973, 1.06973, 1.06973, 1.06973, 1.06973, 1.06973, 1.06973, 1.06973, 1.06973, 1.078, 1.06973
13.788, 6, 1.07263, 1.06619, 2.82843, 4.92737, 0, 1.06624, 1.06619, 1.06619, 1.06619, 1.06619, 1.06619, 1.06619, 1.06619, 1.06619, 1.06619, 1.06619, 1.06619, 1.06619, 1.06619, 1.06619, 1.06619, 1.07258, 1.06619
13.7959, 0, 1.07119, 1.06617, 1.41421, -1.07119, 0, 1.06622, 1.06617, 1.06617, 1.06617, 1.06617, 1.06617, 1.06617, 1.06617, 1.06617, 1.06617, 1.06617, 1.06617, 1.06617, 1.06618, 1.06617, 1.06617, 1.07115, 1.06617
13.8038, 0, 1.06838, 1.06439, 1.41421, -1.06838, 0, 1.06442, 1.06439, 1.06439, 1.06439, 1.06439, 1.06439, 1.06439, 1.06439, 1.06439, 1.06439, 1.06439, 1.06439, 1.06439, 1.06439, 1.06439, 1.06439, 1.06834, 1.06439
13.8117, 2, 1.06434, 1.06107, 2, 0.93566, 0, 1.0611, 1.06107, 1.06107, 1.06107, 1.06107, 1.06107, 1.06107, 1.06107, 1.06107, 1.06107, 1.06107, 1.06107, 1.06107, 1.06107, 1.06107, 1.06107, 1.06432, 1.06107
13.8195, 0, 1.05981, 1.05699, 1.41421, -1.05981, 0, 1.05701, 1.05699, 1.05699, 1.05699, 1.05699, 1.05699, 1.05699, 1.05699, 1.05699, 1.05699, 1.05699, 1.05699, 1.05699, 1.05699, 1.05699, 1.05699, 1.05979, 1.05699
13.8274, 0, 1.05552, 1.05292, 1.41421, -1.05552, 0, 1.05293, 1.05292, 1.05292, 1.05292, 1.05292, 1.05292, 1.05292, 1.05292, 1.05292, 1.05292, 1.05292, 1.05292, 1.05292, 1.05292, 1.05292, 1.05292, 1.0555, 1.05292
13.8353, 2, 1.05592, 1.05334, 2, 0.944077, 0, 1.05335, 1.05334, 1.05334, 1.05334, 1.05334, 1.05334, 1.05334, 1.05334, 1.05334, 1.05334, 1.05334, 1.05334, 1.05334, 1.05335, 1.05334, 1.05334, 1.05591, 1.05334
13.8432, 0, 1.05446, 1.0517, 1.41421, -1.05446, 0, 1.05171, 1.0517, 1.0517, 1.0517, 1.0517, 1.0517, 1.0517, 1.0517, 1.0517, 1.0517, 1.0517, 1.0517, 1.0517, 1.05171, 1.0517, 1.0517, 1.05445, 1.0517
13.8511, 0, 1.0514, 1.0483, 1.41421, -1.0514, 0, 1.0483, 1.0483, 1.0483, 1.0483, 1.0483, 1.0483, 1.0483, 1.0483, 1.0483, 1.0483, 1.0483, 1.0483, 1.0483, 1.0483, 1.0483, 1.0483, 1.0514, 1.0483
13.859, 4, 1.04766, 1.04401, 2.44949, 2.95234, 0, 1.04401, 1.04401, 1.04401, 1.04401, 1.04401, 1.04401, 1.04401, 1.04401, 1.04401, 1.04401, 1.04401, 1.04401, 1.04401, 1.04401, 1.04401, 1.04401, 1.04766, 1.04401
13.8668, 4, 1.04413, 1.03973, 2.44949, 2.95587, 0, 1.03974, 1.03973, 1.03973, 1.03973, 1.03973, 1.03973, 1.03973, 1.03973, 1.03973, 1.03973, 1.03973, 1.03973, 1.03973, 1.03973, 1.03973, 1.03973, 1.04412, 1.03973
13.8747, 2, 1.04557, 1.04022, 2, 0.954427, 0, 1.04022, 1.04022, 1.04022, 1.04022, 1.04022, 1.04022, 1.04022, 1.04022, 1.04022, 1.04022, 1.04022, 1.04022, 1.04022, 1.04022, 1.04022, 1.04022, 1.04557, 1.04022
13.8826, 4, 1.04498, 1.03843, 2.44949, 2.95502, 0, 1.03843, 1.03843, 1.03843, 1.03843, 1.03843, 1.03843, 1.03843, 1.03843, 1.03843, 1.03843, 1.03843, 1.03843, 1.03843, 1.03843, 1.03843, 1.03843, 1.04497, 1.03843
13.8905, 0, 1.04268, 1.03468, 1.41421, -1.04268, 0, 1.03468, 1.03468, 1.03468, 1.03468, 1.03468, 1.03468, 1.03468, 1.03468, 1.03468, 1.03468, 1.03468, 1.03468, 1.03468, 1.03468, 1.03468, 1.03468, 1.04268, 1.03468
13.8984, 6, 1.0397, 1.02995, 2.82843, 4.9603, 0, 1.02995, 1.02995, 1.02995, 1.02995, 1.02995, 1.02995, 1.02995, 1.02995, 1.02995, 1.02995, 1.02995, 1.02995, 1.02995, 1.02995, 1.02995, 1.02995, 1.0397, 1.02995
13.9063, 6, 1.03705, 1.02523, 2.82843, 4.96295, 0, 1.02523, 1.02523, 1.02523, 1.02523, 1.02523, 1.02523, 1.02523, 1.02523, 1.02523, 1.02523, 1.02523, 1.02523, 1.02523, 1.02523, 1.02523, 1.02523, 1.03705, 1.02523
13.9141, 2, 1.04025, 1.02599, 2, 0.959754, 0, 1.02599, 1.02599, 1.02599, 1.02599, 1.02599, 1.02599, 1.02599, 1.02599, 1.02599, 1.02599, 1.02599, 1.02599, 1.02599, 1.02599, 1.02599, 1.02599, 1.04024, 1.02599
13.922, 4, 1.04139, 1.02431, 2.44949, 2.95861, 0, 1.02431, 1.02431, 1.02431, 1.02431, 1.02431, 1.02431, 1.02431, 1.02431, 1.02431, 1.02431, 1.02431, 1.02431, 1.02431, 1.02431, 1.02431, 1.02431, 1.04139, 1.02431
13.9299, 2, 1.04084, 1.02051, 2, 0.959162, 0, 1.02051, 1.02051, 1.02051, 1.02051, 1.02051, 1.02051, 1.02051, 1.02051, 1.02051, 1.02051, 1.02051, 1.02051, 1.02051, 1.02051, 1.02051, 1.02051, 1.04084, 1.02051
13.9378, 4, 1.03969, 1.01566, 2.44949, 2.96031, 0, 1.01566, 1.01566, 1.01566, 1.01566, 1.01566, 1.01566, 1.01566, 1.01566, 1.01566, 1.01566, 1.01566, 1.01566, 1.01566, 1.01566, 1.01566, 1.01566, 1.03969, 1.01566
13.9457, 2, 1.03904, 1.01083, 2, 0.960959, 0, 1.01083, 1.01083, 1.01083, 1.01083, 1.01083, 1.01083, 1.01083, 1.01083, 1.01083, 1.01083, 1.01083, 1.01083, 1.01083, 1.01083, 1.01083, 1.01083, 1.03904, 1.01083
13.9536, 2, 1.04428, 1.01137, 2, 0.955723, 0, 1.01137, 1.01137, 1.01137, 1.01137, 1.01137, 1.01137, 1.01137, 1.01137, 1.01137, 1.01137, 1.01137, 1.01137, 1.01137, 1.01138, 1.01137, 1.01137, 1.04428, 1.01137
13.9614, 2, 1.04752, 1.00942, 2, 0.952479, 0, 1.00942, 1.00942, 1.00942, 1.00942, 1.00942, 1.00942, 1.00942, 1.00942, 1.00942, 1.00942, 1.00942, 1.00942, 1.00942, 1.00942, 1.00942, 1.00942, 1.04752, 1.00942
13.9693, 2, 1.0491, 1.00527, 2, 0.9509, 0, 1.00527, 1.00527, 1.00527, 1.00527, 1.00527, 1.00527, 1.00527, 1.00527, 1.00527, 1.00527, 1.00527, 1.00527, 1.00527, 1.00528, 1.00527, 1.00527, 1.0491, 1.00527
13.9772, 0, 1.05011, 1.00005, 1.41421, -1.05011, 0, 1.00005, 1.00005, 1.00005, 1.00005, 1.00005, 1.00005, 1.00005, 1.00005, 1.00005, 1.00005, 1.00005, 1.00005, 1.00005, 1.00005, 1.00005, 1.00005, 1.05011, 1.00005
13.9851, 4, 1.05162, 0.994839, 2.44949, 2.94838, 0, 0.994839, 0.994839, 0.994839, 0.994839, 0.994839, 0.994839, 0.994839, 0.994839, 0.994839, 0.994839, 0.994839, 0.994839, 0.994839, 0.99484, 0.994839, 0.994839, 1.05162, 0.994839
13.993, 4, 1.05947, 0.995499, 2.44949, 2.94053, 0, 0.995499, 0.995499, 0.995499, 0.995499, 0.995499, 0.995499, 0.995499, 0.995499, 0.995499, 0.995499, 0.995499, 0.995499, 0.995499, 0.995501, 0.995499, 0.995499, 1.05947, 0.995499
14.0009, 2, 1.06519, 0.993614, 2, 0.934813, 0, 0.993614, 0.993614, 0.993614, 0.993614, 0.993614, 0.993614, 0.993614, 0.993614, 0.993614, 0.993614, 0.993614, 0.993614, 0.993614, 0.993615, 0.993614, 0.993614, 1.06519, 0.993614
14.0087, 4, 1.069, 0.989475, 2.44949, 2.931, 0, 0.989475, 0.989475, 0.989475, 0.989475, 0.989475, 0.989475, 0.989475, 0.989475, 0.989475, 0.989475, 0.989475, 0.989475, 0.989475, 0.989476, 0.989475, 0.989475, 1.069, 0.989475
14.0166, 2, 1.07198, 0.98422, 2, 0.928016, 0, 0.98422, 0.98422, 0.98422, 0.98422, 0.98422, 0.98422, 0.98422, 0.98422, 0.98422, 0.98422, 0.98422, 0.98422, 0.98422, 0.984221, 0.98422, 0.98422, 1.07198, 0.98422
14.0245, 0, 1.07517, 0.978979, 1.41421, -1.07517, 0, 0.978979, 0.978979, 0.978979, 0.978979, 0.978979, 0.978979, 0.978979, 0.978979, 0.978979, 0.978979, 0.978979, 0.978979, 0.978979, 0.97898, 0.978979, 0.978979, 1.07516, 0.978979
14.0324, 0, 1.08389, 0.97919, 1.41421, -1.08389, 0, 0.97919, 0.97919, 0.97919, 0.97919, 0.97919, 0.97919, 0.97919, 0.97919, 0.97919, 0.97919, 0.97919, 0.97919, 0.97919, 0.979192, 0.97919, 0.97919, 1.08389, 0.97919
14.0403, 0, 1.09012, 0.976932, 1.41421, -1.09012, 0, 0.976932, 0.976932, 0.976932, 0.976932, 0.976932, 0.976932, 0.976932, 0.976932, 0.976932, 0.976932, 0.976932, 0.976932, 0.976932, 0.976933, 0.976932, 0.976932, 1.09012, 0.976932
14.0482, 2, 1.094, 0.97247, 2, 0.906005, 0, 0.97247, 0.97247, 0.97247, 0.97247, 0.97247, 0.97247, 0.97247, 0.97247, 0.97247, 0.97247, 0.97247, 0.97247, 0.97247, 0.972472, 0.97247, 0.97247, 1.09399, 0.97247
14.0561, 0, 1.09651, 0.96692, 1.41421, -1.09651, 0, 0.96692, 0.96692, 0.96692, 0.96692, 0.96692, 0.96692, 0.96692, 0.96692, 0.96692, 0.96692, 0.96692, 0.96692, 0.96692, 0.966921, 0.96692, 0.96692, 1.09651, 0.96692
14.0639, 2, 1.09864, 0.961386, 2, 0.901363, 0, 0.961386, 0.961386, 0.961386, 0.961386, 0.961386, 0.961386, 0.961386, 0.961386, 0.961386, 0.961386, 0.961386, 0.961386, 0.961386, 0.961387, 0.961386, 0.961386, 1.09864, 0.961386
14.0718, 2, 1.10593, 0.961558, 2, 0.894066, 0, 0.961558, 0.961558, 0.961558, 0.961558, 0.961558, 0.961558, 0.961558, 0.961558, 0.961558, 0.961558, 0.961558, 0.961558, 0.961558, 0.961559, 0.961558, 0.961558, 1.10593, 0.961558
14.0797, 4, 1.11016, 0.959322, 2.44949, 2.88984, 0, 0.959322, 0.959322, 0.959322, 0.959322, 0.959322, 0.959322, 0.959322, 0.959322, 0.959322, 0.959322, 0.959322, 0.959322, 0.959322, 0.959324, 0.959322, 0.959322, 1.11016, 0.959322
14.0876, 2, 1.11144, 0.954911, 2, 0.888565, 0, 0.954911, 0.954911, 0.954911, 0.954911, 0.954911, 0.954911, 0.954911, 0.954911, 0.954911, 0.954911, 0.954911, 0.954911, 0.954911, 0.954912, 0.954911, 0.954911, 1.11143, 0.954911
14.0955, 0, 1.11075, 0.949424, 1.41421, -1.11075, 0, 0.949424, 0.949424, 0.949424, 0.949424, 0.949424, 0.949424, 0.949424, 0.949424, 0.949424, 0.949424, 0.949424, 0.949424, 0.949424, 0.949425, 0.949424, 0.949424, 1.11075, 0.949424
14.1034, 0, 1.1091, 0.943952, 1.41421, -1.1091, 0, 0.943952, 0.943952, 0.943952, 0.943952, 0.943952, 0.943952, 0.943952, 0.943952, 0.943952, 0.943952, 0.943952, 0.943952, 0.943952, 0.943953, 0.943952, 0.943952, 1.10909, 0.943952
14.1112, 2, 1.11154, 0.943623, 2, 0.888464, 0, 0.943623, 0.943623, 0.943623, 0.943623, 0.943623, 0.943623, 0.943623, 0.943623, 0.943623, 0.943623, 0.943623, 0.943623, 0.943623, 0.943624, 0.943623, 0.943623, 1.11153, 0.943623
14.1191, 2, 1.11056, 0.940987, 2, 0.889436, 0, 0.940987, 0.940987, 0.940987, 0.940987, 0.940987, 0.940987, 0.940987, 0.940987, 0.940987, 0.940987, 0.940987, 0.940987, 0.940987, 0.940988, 0.940987, 0.940987, 1.11056, 0.940987
14.127, 4, 1.10636, 0.936258, 2.44949, 2.89364, 0, 0.936258, 0.936258, 0.936258, 0.936258, 0.936258, 0.936258, 0.936258, 0.936258, 0.936258, 0.936258, 0.936258, 0.936258, 0.936258, 0.936259, 0.936258, 0.936258, 1.10636, 0.936258
14.1349, 2, 1.09998, 0.930497, 2, 0.900021, 0, 0.930497, 0.930497, 0.930497, 0.930497, 0.930497, 0.930497, 0.930497, 0.930497, 0.930497, 0.930497, 0.930497, 0.930497, 0.930497, 0.930498, 0.930497, 0.930497, 1.09998, 0.930497
14.1428, 4, 1.09248, 0.924754, 2.44949, 2.90752, 0, 0.924754, 0.924754, 0.924754, 0.924754, 0.924754, 0.924754, 0.924754, 0.924754, 0.924754, 0.924754, 0.924754, 0.924754, 0.924754, 0.924756, 0.924754, 0.924754, 1.09248, 0.924754
14.1507, 2, 1.08927, 0.924393, 2, 0.91073, 0, 0.924393, 0.924393, 0.924393, 0.924393, 0.924393, 0.924393, 0.924393, 0.924393, 0.924393, 0.924393, 0.924393, 0.924393, 0.924393, 0.924394, 0.924393, 0.924393, 1.08927, 0.924393
14.1585, 4, 1.08277, 0.921784, 2.44949, 2.91723, 0, 0.921784, 0.921784, 0.921784, 0.921784, 0.921784, 0.921784, 0.921784, 0.921784, 0.921784, 0.921784, 0.921784, 0.921784, 0.921784, 0.921785, 0.921784, 0.921784, 1.08277, 0.921784
14.1664, 2, 1.07325, 0.917113, 2, 0.926751, 0, 0.917113, 0.917113, 0.917113, 0.917113, 0.917113, 0.917113, 0.917113, 0.917113, 0.917113, 0.917113, 0.917113, 0.917113, 0.917113, 0.917114, 0.917113, 0.917113, 1.07325, 0.917113
14.1743, 4, 1.06184, 0.911425, 2.44949, 2.93816, 0, 0.911425, 0.911425, 0.911425, 0.911425, 0.911425, 0.911425, 0.911425, 0.911425, 0.911425, 0.911425, 0.911425, 0.911425, 0.911425, 0.911426, 0.911425, 0.911425, 1.06184, 0.911425
14.1822, 0, 1.04969, 0.905754, 1.41421, -1.04969, 0, 0.905754, 0.905754, 0.905754, 0.905754, 0.905754, 0.905754, 0.905754, 0.905754, 0.905754, 0.905754, 0.905754, 0.905754, 0.905754, 0.905755, 0.905754, 0.905754, 1.04969, 0.905754
14.1901, 6, 1.04176, 0.904936, 2.82843, 4.95824, 0, 0.904936, 0.904936, 0.904936, 0.904936, 0.904936, 0.904936, 0.904936, 0.904936, 0.904936, 0.904936, 0.904936, 0.904936, 0.904936, 0.904937, 0.904936, 0.904936, 1.04175, 0.904936
14.198, 8, 1.03114, 0.90195, 3.16228, 6.96886, 0, 0.90195, 0.90195, 0.90195, 0.90195, 0.90195, 0.90195, 0.90195, 0.90195, 0.90195, 0.90195, 0.90195, 0.90195, 0.90195, 0.901952, 0.90195, 0.90195, 1.03114, 0.90195
14.2058, 2, 1.01814, 0.896972, 2, 0.981861, 0, 0.896972, 0.896972, 0.896972, 0.896972, 0.896972, 0.896972, 0.896972, 0.896972, 0.896972, 0.896972, 0.896972, 0.896972, 0.896972, 0.896973, 0.896972, 0.896972, 1.01814, 0.896972
14.2137, 6, 1.0039, 0.891011, 2.82843, 4.9961, 0, 0.891011, 0.891011, 0.891011, 0.891011, 0.891011, 0.891011, 0.891011, 0.891011, 0.891011, 0.891011, 0.891011, 0.891011, 0.891011, 0.891012, 0.891011, 0.891011, 1.0039, 0.891011
14.2216, 2, 0.989548, 0.88507, 2, 1.01045, 0, 0.88507, 0.88507, 0.88507, 0.88507, 0.88507, 0.88507, 0.88507, 0.88507, 0.88507, 0.88507, 0.88507, 0.88507, 0.88507, 0.885071, 0.88507, 0.88507, 0.989547, 0.88507
14.2295, 4, 0.980199, 0.884148, 2.44949, 3.0198, 0, 0.884148, 0.884148, 0.884148, 0.884148, 0.884148, 0.884148, 0.884148, 0.884148, 0.884148, 0.884148, 0.884148, 0.884148, 0.884148, 0.884149, 0.884148, 0.884148, 0.980197, 0.884148
14.2374, 4, 0.968881, 0.881162, 2.44949, 3.03112, 0, 0.881162, 0.881162, 0.881162, 0.881162, 0.881162, 0.881162, 0.881162, 0.881162, 0.881162, 0.881162, 0.881162, 0.881162, 0.881162, 0.881164, 0.881162, 0.881162, 0.96888, 0.881162
14.2453, 2, 0.955849, 0.87627, 2, 1.04415, 0, 0.87627, 0.87627, 0.87627, 0.87627, 0.87627, 0.87627, 0.87627, 0.87627, 0.87627, 0.87627, 0.87627, 0.87627, 0.87627, 0.876271, 0.87627, 0.87627, 0.955847, 0.87627
14.2531, 0, 0.942155, 0.870438, 1.41421, -0.942155, 0, 0.870438, 0.870438, 0.870438, 0.870438, 0.870438, 0.870438, 0.870438, 0.870438, 0.870438, 0.870438, 0.870438, 0.870438, 0.870438, 0.870439, 0.870438, 0.870438, 0.942154, 0.870438
14.261, 0, 0.928831, 0.864625, 1.41421, -0.928831, 0, 0.864625, 0.864625, 0.864625, 0.864625, 0.864625, 0.864625, 0.864625, 0.864625, 0.864625, 0.864625, 0.864625, 0.864625, 0.864625, 0.864627, 0.864625, 0.864625, 0.928829, 0.864625
14.2689, 6, 0.920291, 0.86319, 2.82843, 5.07971, 0, 0.86319, 0.86319, 0.86319, 0.86319, 0.86319, 0.86319, 0.86319, 0.86319, 0.86319, 0.86319, 0.86319, 0.86319, 0.86319, 0.863192, 0.86319, 0.86319, 0.92029, 0.86319
14.2768, 2, 0.910274, 0.859825, 2, 1.08973, 0, 0.859825, 0.859825, 0.859825, 0.859825, 0.859825, 0.859825, 0.859825, 0.859825, 0.859825, 0.859825, 0.859825, 0.859825, 0.859825, 0.859827, 0.859825, 0.859825, 0.910273, 0.859825
14.2847, 0, 0.898961, 0.854684, 1.41421, -0.898961, 0, 0.854684, 0.854684, 0.854684, 0.854684, 0.854684, 0.854684, 0.854684, 0.854684, 0.854684, 0.854684, 0.854684, 0.854684, 0.854684, 0.854685, 0.854684, 0.854684, 0.89896, 0.854684
14.2926, 2, 0.887275, 0.84867, 2, 1.11272, 0, 0.84867, 0.84867, 0.84867, 0.84867, 0.84867, 0.84867, 0.84867, 0.84867, 0.84867, 0.84867, 0.84867, 0.84867, 0.84867, 0.848671, 0.84867, 0.84867, 0.887274, 0.84867
14.3005, 4, 0.876116, 0.842677, 2.44949, 3.12388, 0, 0.842677, 0.842677, 0.842677, 0.842677, 0.842677, 0.842677, 0.842677, 0.842677, 0.842677, 0.842677, 0.842677, 0.842677, 0.842677, 0.842678, 0.842677, 0.842677, 0.876115, 0.842677
14.3083, 4, 0.869937, 0.841162, 2.44949, 3.13006, 0, 0.841162, 0.841162, 0.841162, 0.841162, 0.841162, 0.841162, 0.841162, 0.841162, 0.841162, 0.841162, 0.841162, 0.841162, 0.841162, 0.841164, 0.841162, 0.841162, 0.869936, 0.841162
14.3162, 0, 0.862408, 0.83781, 1.41421, -0.862408, 0, 0.83781, 0.83781, 0.83781, 0.83781, 0.83781, 0.83781, 0.83781, 0.83781, 0.83781, 0.83781, 0.83781, 0.83781, 0.83781, 0.837811, 0.83781, 0.83781, 0.862407, 0.83781
14.3241, 0, 0.85365, 0.832759, 1.41421, -0.85365, 0, 0.832759, 0.832759, 0.832759, 0.832759, 0.832759, 0.832759, 0.832759, 0.832759, 0.832759, 0.832759, 0.832759, 0.832759, 0.832759, 0.83276, 0.832759, 0.832759, 0.853649, 0.832759
14.332, 0, 0.8445, 0.826875, 1.41421, -0.8445, 0, 0.826875, 0.826875, 0.826875, 0.826875, 0.826875, 0.826875, 0.826875, 0.826875, 0.826875, 0.826875, 0.826875, 0.826875, 0.826875, 0.826876, 0.826875, 0.826875, 0.844499, 0.826875
14.3399, 4, 0.835785, 0.821011, 2.44949, 3.16422, 0, 0.821011, 0.821011, 0.821011, 0.821011, 0.821011, 0.821011, 0.821011, 0.821011, 0.821011, 0.821011, 0.821011, 0.821011, 0.821011, 0.821012, 0.821011, 0.821011, 0.835784, 0.821011
14.3478, 2, 0.831382, 0.819079, 2, 1.16862, 0, 0.819079, 0.819079, 0.819079, 0.819079, 0.819079, 0.819079, 0.819079, 0.819079, 0.819079, 0.819079, 0.819079, 0.819079, 0.819079, 0.81908, 0.819079, 0.819079, 0.831381, 0.819079
14.3556, 8, 0.825593, 0.815414, 3.16228, 7.17441, 0, 0.815414, 0.815414, 0.815414, 0.815414, 0.815414, 0.815414, 0.815414, 0.815414, 0.815414, 0.815414, 0.815414, 0.815414, 0.815414, 0.815415, 0.815414, 0.815414, 0.825591, 0.815414
14.3635, 2, 0.818522, 0.810155, 2, 1.18148, 0, 0.810155, 0.810155, 0.810155, 0.810155, 0.810155, 0.810155, 0.810155, 0.810155, 0.810155, 0.810155, 0.810155, 0.810155, 0.810155, 0.810157, 0.810155, 0.810155, 0.818521, 0.810155
14.3714, 0, 0.810949, 0.804116, 1.41421, -0.810949, 0, 0.804116, 0.804116, 0.804116, 0.804116, 0.804116, 0.804116, 0.804116, 0.804116, 0.804116, 0.804116, 0.804116, 0.804116, 0.804116, 0.804118, 0.804116, 0.804116, 0.810948, 0.804116
14.3793, 4, 0.803644, 0.7981, 2.44949, 3.19636, 0, 0.7981, 0.7981, 0.7981, 0.7981, 0.7981, 0.7981, 0.7981, 0.7981, 0.7981, 0.7981, 0.7981, 0.7981, 0.7981, 0.798101, 0.7981, 0.7981, 0.803642, 0.7981
14.3872, 0, 0.800612, 0.796143, 1.41421, -0.800612, 0, 0.796143, 0.796143, 0.796143, 0.796143, 0.796143, 0.796143, 0.796143, 0.796143, 0.796143, 0.796143, 0.796143, 0.796143, 0.796143, 0.796144, 0.796143, 0.796143, 0.800611, 0.796143
14.3951, 4, 0.796093, 0.792514, 2.44949, 3.20391, 0, 0.792514, 0.792514, 0.792514, 0.792514, 0.792514, 0.792514, 0.792514, 0.792514, 0.792514, 0.792514, 0.792514, 0.792514, 0.792514, 0.792516, 0.792514, 0.792514, 0.796092, 0.792514
14.4029, 2, 0.790191, 0.787343, 2, 1.20981, 0, 0.787343, 0.787343, 0.787343, 0.787343, 0.787343, 0.787343, 0.787343, 0.787343, 0.787343, 0.787343, 0.787343, 0.787343, 0.787343, 0.787345, 0.787343, 0.787343, 0.79019, 0.787343
14.4108, 2, 0.783668, 0.781417, 2, 1.21633, 0, 0.781417, 0.781417, 0.781417, 0.781417, 0.781417, 0.781417, 0.781417, 0.781417, 0.781417, 0.781417, 0.781417, 0.781417, 0.781417, 0.781418, 0.781417, 0.781417, 0.783667, 0.781417
14.4187, 4, 0.777282, 0.775513, 2.44949, 3.22272, 0, 0.775513, 0.775513, 0.775513, 0.775513, 0.775513, 0.775513, 0.775513, 0.775513, 0.775513, 0.775513, 0.775513, 0.775513, 0.775513, 0.775514, 0.775513, 0.775513, 0.77728, 0.775513
14.4266, 2, 0.774631, 0.773251, 2, 1.22537, 0, 0.773251, 0.773251, 0.773251, 0.773251, 0.773251, 0.773251, 0.773251, 0.773251, 0.773251, 0.773251, 0.773251, 0.773251, 0.773251, 0.773252, 0.773251, 0.773251, 0.77463, 0.773251
14.4345, 2, 0.770461, 0.769391, 2, 1.22954, 0, 0.769391, 0.769391, 0.769391, 0.769391, 0.769391, 0.769391, 0.769391, 0.769391, 0.769391, 0.769391, 0.769391, 0.769391, 0.769391, 0.769392, 0.769391, 0.769391, 0.77046, 0.769391
14.4424, 4, 0.764888, 0.764063, 2.44949, 3.23511, 0, 0.764063, 0.764063, 0.764063, 0.764063, 0.764063, 0.764063, 0.764063, 0.764063, 0.764063, 0.764063, 0.764063, 0.764063, 0.764063, 0.764064, 0.764063, 0.764063, 0.764887, 0.764063
14.4502, 0, 0.75865, 0.758018, 1.41421, -0.75865, 0, 0.758018, 0.758018, 0.758018, 0.758018, 0.758018, 0.758018, 0.758018, 0.758018, 0.758018, 0.758018, 0.758018, 0.758018, 0.758018, 0.75802, 0.758018, 0.758018, 0.758649, 0.758018
14.4581, 0, 0.752478, 0.751997, 1.41421, -0.752478, 0, 0.751997, 0.751997, 0.751997, 0.751997, 0.751997, 0.751997, 0.751997, 0.751997, 0.751997, 0.751997, 0.751997, 0.751997, 0.751997, 0.751999, 0.751997, 0.751997, 0.752477, 0.751997
14.466, 0, 0.75012, 0.749756, 1.41421, -0.75012, 0, 0.749756, 0.749756, 0.749756, 0.749756, 0.749756, 0.749756, 0.749756, 0.749756, 0.749756, 0.749756, 0.749756, 0.749756, 0.749756, 0.749757, 0.749756, 0.749756, 0.750118, 0.749756
14.4739, 2, 0.746225, 0.745952, 2, 1.25377, 0, 0.745952, 0.745952, 0.745952, 0.745952, 0.745952, 0.745952, 0.745952, 0.745952, 0.745952, 0.745952, 0.745952, 0.745952, 0.745952, 0.745953, 0.745952, 0.745952, 0.746224, 0.745952
14.4818, 0, 0.740914, 0.74071, 1.41421, -0.740914, 0, 0.74071, 0.74071, 0.74071, 0.74071, 0.74071, 0.74071, 0.74071, 0.74071, 0.74071, 0.74071, 0.74071, 0.74071, 0.74071, 0.740711, 0.74071, 0.74071, 0.740912, 0.74071
14.4897, 6, 0.734916, 0.734765, 2.82843, 5.26508, 0, 0.734765, 0.734765, 0.734765, 0.734765, 0.734765, 0.734765, 0.734765, 0.734765, 0.734765, 0.734765, 0.734765, 0.734765, 0.734765, 0.734766, 0.734765, 0.734765, 0.734915, 0.734765
14.4975, 2, 0.728956, 0.728843, 2, 1.27104, 0, 0.728843, 0.728843, 0.728843, 0.728843, 0.728843, 0.728843, 0.728843, 0.728843, 0.728843, 0.728843, 0.728843, 0.728843, 0.728843, 0.728845, 0.728843, 0.728843, 0.728954, 0.728843
14.5054, 2, 0.726491, 0.726409, 2, 1.27351, 0, 0.726409, 0.726409, 0.726409, 0.726409, 0.726409, 0.726409, 0.726409, 0.726409, 0.726409, 0.726409, 0.726409, 0.726409, 0.726409, 0.72641, 0.726409, 0.726409, 0.72649, 0.726409
14.5133, 4, 0.722521, 0.72246, 2.44949, 3.27748, 0, 0.72246, 0.72246, 0.72246, 0.72246, 0.72246, 0.72246, 0.72246, 0.72246, 0.72246, 0.72246, 0.72246, 0.72246, 0.72246, 0.722462, 0.72246, 0.72246, 0.722519, 0.72246
14.5212, 0, 0.717164, 0.71712, 1.41421, -0.717164, 0, 0.71712, 0.71712, 0.71712, 0.71712, 0.71712, 0.71712, 0.71712, 0.71712, 0.71712, 0.71712, 0.71712, 0.71712, 0.71712, 0.717121, 0.71712, 0.71712, 0.717163, 0.71712
14.5291, 2, 0.711133, 0.711102, 2, 1.28887, 0, 0.711102, 0.711102, 0.711102, 0.711102, 0.711102, 0.711102, 0.711102, 0.711102, 0.711102, 0.711102, 0.711102, 0.711102, 0.711102, 0.711103, 0.711102, 0.711102, 0.711132, 0.711102
14.537, 2, 0.705132, 0.705108, 2, 1.29487, 0, 0.705108, 0.705108, 0.705108, 0.705108, 0.705108, 0.705108, 0.705108, 0.705108, 0.705108, 0.705108, 0.705108, 0.705108, 0.705108, 0.70511, 0.705108, 0.705108, 0.70513, 0.705108
14.5448, 0, 0.702745, 0.702729, 1.41421, -0.702745, 0, 0.702729, 0.702729, 0.702729, 0.702729, 0.702729, 0.702729, 0.702729, 0.702729, 0.702729, 0.702729, 0.702729, 0.702729, 0.702729, 0.70273, 0.702729, 0.702729, 0.702744, 0.702729
14.5527, 2, 0.698862, 0.69885, 2, 1.30114, 0, 0.69885, 0.69885, 0.69885, 0.69885, 0.69885, 0.69885, 0.69885, 0.69885, 0.69885, 0.69885, 0.69885, 0.69885, 0.69885, 0.698851, 0.69885, 0.69885, 0.698861, 0.69885
14.5606, 4, 0.693603, 0.693594, 2.44949, 3.3064, 0, 0.693594, 0.693594, 0.693594, 0.693594, 0.693594, 0.693594, 0.693594, 0.693594, 0.693594, 0.693594, 0.693594, 0.693594, 0.693594, 0.693596, 0.693594, 0.693594, 0.693602, 0.693594
14.5685, 4, 0.687674, 0.687668, 2.44949, 3.31233, 0, 0.687668, 0.687668, 0.687668, 0.687668, 0.687668, 0.687668, 0.687668, 0.687668, 0.687668, 0.687668, 0.687668, 0.687668, 0.687668, 0.687669, 0.687668, 0.687668, 0.687673, 0.687668
14.5764, 2, 0.681771, 0.681766, 2, 1.31823, 0, 0.681766, 0.681766, 0.681766, 0.681766, 0.681766, 0.681766, 0.681766, 0.681766, 0.681766, 0.681766, 0.681766, 0.681766, 0.681766, 0.681768, 0.681766, 0.681766, 0.68177, 0.681766
14.5843, 0, 0.679302, 0.679299, 1.41421, -0.679302, 0, 0.679299, 0.679299, 0.679299, 0.679299, 0.679299, 0.679299, 0.679299, 0.679299, 0.679299, 0.679299, 0.679299, 0.679299, 0.679299, 0.6793, 0.679299, 0.679299, 0.679301, 0.679299
14.5922, 0, 0.675363, 0.67536, 1.41421, -0.675363, 0, 0.67536, 0.67536, 0.67536, 0.67536, 0.67536, 0.67536, 0.67536, 0.67536, 0.67536, 0.67536, 0.67536, 0.67536, 0.67536, 0.675361, 0.67536, 0.67536, 0.675362, 0.67536
14.6, 0, 0.670072, 0.670069, 1.41421, -0.670072, 0, 0.670069, 0.670069, 0.670069, 0.670069, 0.670069, 0.670069, 0.670069, 0.670069, 0.670069, 0.670069, 0.670069, 0.670069, 0.670069, 0.670071, 0.670069, 0.670069, 0.670071, 0.670069
14.6079, 4, 0.664123, 0.664121, 2.44949, 3.33588, 0, 0.664121, 0.664121, 0.664121, 0.664121, 0.664121, 0.664121, 0.664121, 0.664121, 0.664121, 0.664121, 0.664121, 0.664121, 0.664121, 0.664122, 0.664121, 0.664121, 0.664122, 0.664121
14.6158, 0, 0.658201, 0.658199, 1.41421, -0.658201, 0, 0.658199, 0.658199, 0.658199, 0.658199, 0.658199, 0.658199, 0.658199, 0.658199, 0.658199, 0.658199, 0.658199, 0.658199, 0.658199, 0.6582, 0.658199, 0.658199, 0.658199, 0.658199
14.6237, 2, 0.655944, 0.655942, 2, 1.34406, 0, 0.655942, 0.655942, 0.655942, 0.655942, 0.655942, 0.655942, 0.655942, 0.655942, 0.655942, 0.655942, 0.655942, 0.655942, 0.655942, 0.655944, 0.655942, 0.655942, 0.655943, 0.655942
14.6316, 0, 0.652139, 0.652137, 1.41421, -0.652139, 0, 0.652137, 0.652137, 0.652137, 0.652137, 0.652137, 0.652137, 0.652137, 0.652137, 0.652137, 0.652137, 0.652137, 0.652137, 0.652137, 0.652138, 0.652137, 0.652137, 0.652137, 0.652137
14.6395, 0, 0.646898, 0.646896, 1.41421, -0.646898, 0, 0.646896, 0.646896, 0.646896, 0.646896, 0.646896, 0.646896, 0.646896, 0.646896, 0.646896, 0.646896, 0.646896, 0.646896, 0.646896, 0.646898, 0.646896, 0.646896, 0.646897, 0.646896
14.6473, 0, 0.640959, 0.640958, 1.41421, -0.640959, 0, 0.640958, 0.640958, 0.640958, 0.640958, 0.640958, 0.640958, 0.640958, 0.640958, 0.640958, 0.640958, 0.640958, 0.640958, 0.640958, 0.640959, 0.640958, 0.640958, 0.640958, 0.640958
14.6552, 2, 0.635047, 0.635046, 2, 1.36495, 0, 0.635046, 0.635046, 0.635046, 0.635046, 0.635046, 0.635046, 0.635046, 0.635046, 0.635046, 0.635046, 0.635046, 0.635046, 0.635046, 0.635047, 0.635046, 0.635046, 0.635046, 0.635046
14.6631, 0, 0.633027, 0.633026, 1.41421, -0.633027, 0, 0.633026, 0.633026, 0.633026, 0.633026, 0.633026, 0.633026, 0.633026, 0.633026, 0.633026, 0.633026, 0.633026, 0.633026, 0.633026, 0.633027, 0.633026, 0.633026, 0.633026, 0.633026
14.671, 2, 0.629331, 0.62933, 2, 1.37067, 0, 0.62933, 0.62933, 0.62933, 0.62933, 0.62933, 0.62933, 0.62933, 0.62933, 0.62933, 0.62933, 0.62933, 0.62933, 0.62933, 0.629331, 0.62933, 0.62933, 0.62933, 0.62933
14.6789, 0, 0.624059, 0.624058, 1.41421, -0.624059, 0, 0.624058, 0.624058, 0.624058, 0.624058, 0.624058, 0.624058, 0.624058, 0.624058, 0.624058, 0.624058, 0.624058, 0.624058, 0.624058, 0.624059, 0.624058, 0.624058, 0.624058, 0.624058
14.6868, 0, 0.61802, 0.618019, 1.41421, -0.61802, 0, 0.618019, 0.618019, 0.618019, 0.618019, 0.618019, 0.618019, 0.618019, 0.618019, 0.618019, 0.618019, 0.618019, 0.618019, 0.618019, 0.61802, 0.618019, 0.618019, 0.618019, 0.618019
14.6946, 2, 0.612011, 0.61201, 2, 1.38799, 0, 0.61201, 0.61201, 0.61201, 0.61201, 0.61201, 0.61201, 0.61201, 0.61201, 0.61201, 0.61201, 0.61201, 0.61201, 0.61201, 0.612011, 0.61201, 0.61201, 0.61201, 0.61201
14.7025, 4, 0.610348, 0.610347, 2.44949, 3.38965, 0, 0.610347, 0.610347, 0.610347, 0.610347, 0.610347, 0.610347, 0.610347, 0.610347, 0.610347, 0.610347, 0.610347, 0.610347, 0.610347, 0.610348, 0.610347, 0.610347, 0.610347, 0.610347
14.7104, 4, 0.606823, 0.606822, 2.44949, 3.39318, 0, 0.606822, 0.606822, 0.606822, 0.606822, 0.606822, 0.606822, 0.606822, 0.606822, 0.606822, 0.606822, 0.606822, 0.606822, 0.606822, 0.606823, 0.606822, 0.606822, 0.606822, 0.606822
14.7183, 4, 0.601567, 0.601566, 2.44949, 3.39843, 0, 0.601566, 0.601566, 0.601566, 0.601566, 0.601566, 0.601566, 0.601566, 0.601566, 0.601566, 0.601566, 0.601566, 0.601566, 0.601566, 0.601567, 0.601566, 0.601566, 0.601566, 0.601566
14.7262, 0, 0.595468, 0.595467, 1.41421, -0.595468, 0, 0.595467, 0.595467, 0.595467, 0.595467, 0.595467, 0.595467, 0.595467, 0.595467, 0.595467, 0.595467, 0.595467, 0.595467, 0.595467, 0.595468, 0.595467, 0.595467, 0.595467, 0.595467
14.7341, 4, 0.5894, 0.589399, 2.44949, 3.4106, 0, 0.589399, 0.589399, 0.589399, 0.589399, 0.589399, 0.589399, 0.589399, 0.589399, 0.589399, 0.589399, 0.589399, 0.589399, 0.589399, 0.5894, 0.589399, 0.589399, 0.589399, 0.589399
14.7419, 2, 0.588316, 0.588315, 2, 1.41168, 0, 0.588315, 0.588315, 0.588315, 0.588315, 0.588315, 0.588315, 0.588315, 0.588315, 0.588315, 0.588315, 0.588315, 0.588315, 0.588315, 0.588316, 0.588315, 0.588315, 0.588315, 0.588315
14.7498, 0, 0.585052, 0.58505, 1.41421, -0.585052, 0, 0.58505, 0.58505, 0.58505, 0.58505, 0.58505, 0.58505, 0.58505, 0.58505, 0.58505, 0.58505, 0.58505, 0.58505, 0.58505, 0.585052, 0.58505, 0.58505, 0.58505, 0.58505
14.7577, 0, 0.579755, 0.579754, 1.41421, -0.579755, 0, 0.579754, 0.579754, 0.579754, 0.579754, 0.579754, 0.579754, 0.579754, 0.579754, 0.579754, 0.579754, 0.579754, 0.579754, 0.579754, 0.579755, 0.579754, 0.579754, 0.579754, 0.579754
14.7656, 4, 0.573468, 0.573467, 2.44949, 3.42653, 0, 0.573467, 0.573467, 0.573467, 0.573467, 0.573467, 0.573467, 0.573467, 0.573467, 0.573467, 0.573467, 0.573467, 0.573467, 0.573467, 0.573468, 0.573467, 0.573467, 0.573467, 0.573467
14.7735, 0, 0.567215, 0.567214, 1.41421, -0.567215, 0, 0.567214, 0.567214, 0.567214, 0.567214, 0.567214, 0.567214, 0.567214, 0.567214, 0.567214, 0.567214, 0.567214, 0.567214, 0.567214, 0.567215, 0.567214, 0.567214, 0.567214, 0.567214
14.7814, 0, 0.567216, 0.567214, 1.41421, -0.567216, 0, 0.567214, 0.567214, 0.567214, 0.567214, 0.567214, 0.567214, 0.567214, 0.567214, 0.567214, 0.567214, 0.567214, 0.567214, 0.567214, 0.567216, 0.567214, 0.567214, 0.567214, 0.567214
14.7892, 0, 0.564379, 0.564378, 1.41421, -0.564379, 0, 0.564378, 0.564378, 0.564378, 0.564378, 0.564378, 0.564378, 0.564378, 0.564378, 0.564378, 0.564378, 0.564378, 0.564378, 0.564378, 0.564379, 0.564378, 0.564378, 0.564378, 0.564378
14.7971, 0, 0.558913, 0.558912, 1.41421, -0.558913, 0, 0.558912, 0.558912, 0.558912, 0.558912, 0.558912, 0.558912, 0.558912, 0.558912, 0.558912, 0.558912, 0.558912, 0.558912, 0.558912, 0.558913, 0.558912, 0.558912, 0.558912, 0.558912
14.805, 2, 0.552164, 0.552163, 2, 1.44784, 0, 0.552163, 0.552163, 0.552163, 0.552163, 0.552163, 0.552163, 0.552163, 0.552163, 0.552163, 0.552163, 0.552163, 0.552163, 0.552163, 0.552164, 0.552163, 0.552163, 0.552163, 0.552163
14.8129, 2, 0.545456, 0.545455, 2, 1.45454, 0, 0.545455, 0.545455, 0.545455, 0.545455, 0.545455, 0.545455, 0.545455, 0.545455, 0.545455, 0.545455, 0.545455, 0.545455, 0.545455, 0.545456, 0.545455, 0.545455, 0.545455, 0.545455
14.8208, 0, 0.550328, 0.550327, 1.41421, -0.550328, 0, 0.550327, 0.550327, 0.550327, 0.550327, 0.550327, 0.550327, 0.550327, 0.550327, 0.550327, 0.550327, 0.550327, 0.550327, 0.550327, 0.550328, 0.550327, 0.550327, 0.550327, 0.550327
14.8287, 2, 0.552081, 0.55208, 2, 1.44792, 0, 0.55208, 0.55208, 0.55208, 0.55208, 0.55208, 0.55208, 0.55208, 0.55208, 0.55208, 0.55208, 0.55208, 0.55208, 0.55208, 0.552081, 0.55208, 0.55208, 0.55208, 0.55208
14.8366, 0, 0.55086, 0.550859, 1.41421, -0.55086, 0, 0.550859, 0.550859, 0.550859, 0.550859, 0.550859, 0.550859, 0.550859, 0.550859, 0.550859, 0.550859, 0.550859, 0.550859, 0.550859, 0.55086, 0.550859, 0.550859, 0.550859, 0.550859
14.8444, 0, 0.548157, 0.548156, 1.41421, -0.548157, 0, 0.548156, 0.548156, 0.548156, 0.548156, 0.548156, 0.548156, 0.548156, 0.548156, 0.548156, 0.548156, 0.548156, 0.548156, 0.548156, 0.548157, 0.548156, 0.548156, 0.548156, 0.548156
14.8523, 0, 0.545461, 0.54546, 1.41421, -0.545461, 0, 0.54546, 0.54546, 0.54546, 0.54546, 0.54546, 0.54546, 0.54546, 0.54546, 0.54546, 0.54546, 0.54546, 0.54546, 0.54546, 0.545461, 0.54546, 0.54546, 0.54546, 0.54546
14.8602, 2, 0.549398, 0.549397, 2, 1.4506, 0, 0.549397, 0.549397, 0.549397, 0.549397, 0.549397, 0.549397, 0.549397, 0.549397, 0.549397, 0.549397, 0.549397, 0.549397, 0.549397, 0.549398, 0.549397, 0.549397, 0.549397, 0.549397
14.8681, 2, 0.550788, 0.550787, 2, 1.44921, 0, 0.550787, 0.550787, 0.550787, 0.550787, 0.550787, 0.550787, 0.550787, 0.550787, 0.550787, 0.550787, 0.550787, 0.550787, 0.550787, 0.550788, 0.550787, 0.550787, 0.550787, 0.550787
14.876, 0, 0.549803, 0.549801, 1.41421, -0.549803, 0, 0.549801, 0.549801, 0.549801, 0.549801, 0.549801, 0.549801, 0.549801, 0.549801, 0.549801, 0.549801, 0.549801, 0.549801, 0.549801, 0.549803, 0.549801, 0.549801, 0.549801, 0.549801
14.8839, 2, 0.547632, 0.547631, 2, 1.45237, 0, 0.547631, 0.547631, 0.547631, 0.547631, 0.547631, 0.547631, 0.547631, 0.547631, 0.547631, 0.547631, 0.547631, 0.547631, 0.547631, 0.547632, 0.547631, 0.547631, 0.547631, 0.547631
14.8917, 0, 0.545466, 0.545465, 1.41421, -0.545466, 0, 0.545465, 0.545465, 0.545465, 0.545465, 0.545465, 0.545465, 0.545465, 0.545465, 0.545465, 0.545465, 0.545465, 0.545465, 0.545465, 0.545466, 0.545465, 0.545465, 0.545465, 0.545465
14.8996, 4, 0.549139, 0.549138, 2.44949, 3.45086, 0, 0.549138, 0.549138, 0.549138, 0.549138, 0.549138, 0.549138, 0.549138, 0.549138, 0.549138, 0.549138, 0.549138, 0.549138, 0.549138, 0.549139, 0.549138, 0.549138, 0.549138, 0.549138
14.9075, 2, 0.550435, 0.550434, 2, 1.44956, 0, 0.550434, 0.550434, 0.550434, 0.550434, 0.550434, 0.550434, 0.550434, 0.550434, 0.550434, 0.550434, 0.550434, 0.550434, 0.550434, 0.550435, 0.550434, 0.550434, 0.550434, 0.550434
14.9154, 6, 0.549516, 0.549515, 2.82843, 5.45048, 0, 0.549515, 0.549515, 0.549515, 0.549515, 0.549515, 0.549515, 0.549515, 0.549515, 0.549515, 0.549515, 0.549515, 0.549515, 0.549515, 0.549516, 0.549515, 0.549515, 0.549515, 0.549515
14.9233, 0, 0.547491, 0.54749, 1.41421, -0.547491, 0, 0.54749, 0.54749, 0.54749, 0.54749, 0.54749, 0.54749, 0.54749, 0.54749, 0.54749, 0.54749, 0.54749, 0.54749, 0.54749, 0.547491, 0.54749, 0.54749, 0.54749, 0.54749
14.9312, 4, 0.54547, 0.545468, 2.44949, 3.45453, 0, 0.545468, 0.545468, 0.545468, 0.545468, 0.545468, 0.545468, 0.545468, 0.545468, 0.545468, 0.545468, 0.545468, 0.545468, 0.545468, 0.54547, 0.545468, 0.545468, 0.545468, 0.545468
14.939, 0, 0.548793, 0.548792, 1.41421, -0.548793, 0, 0.548792, 0.548792, 0.548792, 0.548792, 0.548792, 0.548792, 0.548792, 0.548792, 0.548792, 0.548792, 0.548792, 0.548792, 0.548792, 0.548793, 0.548792, 0.548792, 0.548792, 0.548792
14.9469, 2, 0.549962, 0.549961, 2, 1.45004, 0, 0.549961, 0.549961, 0.549961, 0.549961, 0.549961, 0.549961, 0.549961, 0.549961, 0.549961, 0.549961, 0.549961, 0.549961, 0.549961, 0.549962, 0.549961, 0.549961, 0.549961, 0.549961
14.9548, 4, 0.54913, 0.549129, 2.44949, 3.45087, 0, 0.549129, 0.549129, 0.549129, 0.549129, 0.549129, 0.549129, 0.549129, 0.549129, 0.549129, 0.549129, 0.549129, 0.549129, 0.549129, 0.54913, 0.549129, 0.549129, 0.549129, 0.549129
14.9627, 0, 0.5473, 0.547299, 1.41421, -0.5473, 0, 0.547299, 0.547299, 0.547299, 0.547299, 0.547299, 0.547299, 0.547299, 0.547299, 0.547299, 0.547299, 0.547299, 0.547299, 0.547299, 0.5473, 0.547299, 0.547299, 0.547299, 0.547299
14.9706, 0, 0.545473, 0.545472, 1.41421, -0.545473, 0, 0.545472, 0.545472, 0.545472, 0.545472, 0.545472, 0.545472, 0.545472, 0.545472, 0.545472, 0.545472, 0.545472, 0.545472, 0.545472, 0.545473, 0.545472, 0.545472, 0.545472, 0.545472
14.9785, 0, 0.548263, 0.548262, 1.41421, -0.548263, 0, 0.548262, 0.548262, 0.548262, 0.548262, 0.548262, 0.548262, 0.548262, 0.548262, 0.548262, 0.548262, 0.548262, 0.548262, 0.548262, 0.548263, 0.548262, 0.548262, 0.548262, 0.548262
14.9863, 2, 0.54926, 0.549259, 2, 1.45074, 0, 0.549259, 0.549259, 0.549259, 0.549259, 0.549259, 0.549259, 0.549259, 0.549259, 0.549259, 0.549259, 0.549259, 0.549259, 0.549259, 0.54926, 0.549259, 0.549259, 0.549259, 0.549259
14.9942, 0, 0.548561, 0.54856, 1.41421, -0.548561, 0, 0.54856, 0.54856, 0.54856, 0.54856, 0.54856, 0.54856, 0.54856, 0.54856, 0.54856, 0.54856, 0.54856, 0.54856, 0.54856, 0.548561, 0.54856, 0.54856, 0.54856, 0.54856
15.0021, 0, 0.547017, 0.547015, 1.41421, -0.547017, 0, 0.547015, 0.547015, 0.547015, 0.547015, 0.547015, 0.547015, 0.547015, 0.547015, 0.547015, 0.547015, 0.547015, 0.547015, 0.547015, 0.547017, 0.547015, 0.547015, 0.547015, 0.547015
15.01, 4, 0.545474, 0.545473, 2.44949, 3.45453, 0, 0.545473, 0.545473, 0.545473, 0.545473, 0.545473, 0.545473, 0.545473, 0.545473, 0.545473, 0.545473, 0.545473, 0.545473, 0.545473, 0.545474, 0.545473, 0.545473, 0.545473, 0.545473
15.0179, 0, 0.547324, 0.547323, 1.41421, -0.547324, 0, 0.547323, 0.547323, 0.547323, 0.547323, 0.547323, 0.547323, 0.547323, 0.547323, 0.547323, 0.547323, 0.547323, 0.547323, 0.547323, 0.547324, 0.547323, 0.547323, 0.547323, 0.547323
15.0258, 2, 0.547968, 0.547967, 2, 1.45203, 0, 0.547967, 0.547967, 0.547967, 0.547967, 0.547967, 0.547967, 0.547967, 0.547967, 0.547967, 0.547967, 0.547967, 0.547967, 0.547967, 0.547968, 0.547967, 0.547967, 0.547967, 0.547967
15.0336, 4, 0.547505, 0.547504, 2.44949, 3.4525, 0, 0.547504, 0.547504, 0.547504, 0.547504, 0.547504, 0.547504, 0.547504, 0.547504, 0.547504, 0.547504, 0.547504, 0.547504, 0.547504, 0.547505, 0.547504, 0.547504, 0.547504, 0.547504
15.0415, 0, 0.546489, 0.546488, 1.41421, -0.546489, 0, 0.546488, 0.546488, 0.546488, 0.546488, 0.546488, 0.546488, 0.546488, 0.546488, 0.546488, 0.546488, 0.546488, 0.546488, 0.546488, 0.546489, 0.546488, 0.546488, 0.546488, 0.546488
15.0494, 0, 0.545475, 0.545474, 1.41421, -0.545475, 0, 0.545474, 0.545474, 0.545474, 0.545474, 0.545474, 0.545474, 0.545474, 0.545474, 0.545474, 0.545474, 0.545474, 0.545474, 0.545474, 0.545475, 0.545474, 0.545474, 0.545474, 0.545474
15.0573, 0, 0.54503, 0.545028, 1.41421, -0.54503, 0, 0.545028, 0.545028, 0.545028, 0.545028, 0.545028, 0.545028, 0.545028, 0.545028, 0.545028, 0.545028, 0.545028, 0.545028, 0.545028, 0.54503, 0.545028, 0.545028, 0.545028, 0.545028
15.0652, 2, 0.54442, 0.544419, 2, 1.45558, 0, 0.544419, 0.544419, 0.544419, 0.544419, 0.544419, 0.544419, 0.544419, 0.544419, 0.544419, 0.544419, 0.544419, 0.544419, 0.544419, 0.54442, 0.544419, 0.544419, 0.544419, 0.544419
15.0731, 2, 0.543279, 0.543278, 2, 1.45672, 0, 0.543278, 0.543278, 0.543278, 0.543278, 0.543278, 0.543278, 0.543278, 0.543278, 0.543278, 0.543278, 0.543278, 0.543278, 0.543278, 0.543279, 0.543278, 0.543278, 0.543278, 0.543278
15.0809, 0, 0.54165, 0.541649, 1.41421, -0.54165, 0, 0.541649, 0.541649, 0.541649, 0.541649, 0.541649, 0.541649, 0.541649, 0.541649, 0.541649, 0.541649, 0.541649, 0.541649, 0.541649, 0.54165, 0.541649, 0.541649, 0.541649, 0.541649
15.0888, 0, 0.539667, 0.539666, 1.41421, -0.539667, 0, 0.539666, 0.539666, 0.539666, 0.539666, 0.539666, 0.539666, 0.539666, 0.539666, 0.539666, 0.539666, 0.539666, 0.539666, 0.539666, 0.539667, 0.539666, 0.539666, 0.539666, 0.539666
15.0967, 0, 0.537454, 0.537452, 1.41421, -0.537454, 0, 0.537452, 0.537452, 0.537452, 0.537452, 0.537452, 0.537452, 0.537452, 0.537452, 0.537452, 0.537452, 0.537452, 0.537452, 0.537452, 0.537454, 0.537452, 0.537452, 0.537452, 0.537452
15.1046, 2, 0.535019, 0.535018, 2, 1.46498, 0, 0.535018, 0.535018, 0.535018, 0.535018, 0.535018, 0.535018, 0.535018, 0.535018, 0.535018, 0.535018, 0.535018, 0.535018, 0.535018, 0.535019, 0.535018, 0.535018, 0.535018, 0.535018
15.1125, 4, 0.53203, 0.532029, 2.44949, 3.46797, 0, 0.532029, 0.532029, 0.532029, 0.532029, 0.532029, 0.532029, 0.532029, 0.532029, 0.532029, 0.532029, 0.532029, 0.532029, 0.532029, 0.53203, 0.532029, 0.532029, 0.532029, 0.532029
15.1204, 4, 0.528547, 0.528546, 2.44949, 3.47145, 0, 0.528546, 0.528546, 0.528546, 0.528546, 0.528546, 0.528546, 0.528546, 0.528546, 0.528546, 0.528546, 0.528546, 0.528546, 0.528546, 0.528547, 0.528546, 0.528546, 0.528546, 0.528546
15.1283, 2, 0.524637, 0.524636, 2, 1.47536, 0, 0.524636, 0.524636, 0.524636, 0.524636, 0.524636, 0.524636, 0.524636, 0.524636, 0.524636, 0.524636, 0.524636, 0.524636, 0.524636, 0.524637, 0.524636, 0.524636, 0.524636, 0.524636
15.1361, 2, 0.520429, 0.520428, 2, 1.47957, 0, 0.520428, 0.520428, 0.520428, 0.520428, 0.520428, 0.520428, 0.520428, 0.520428, 0.520428, 0.520428, 0.520428, 0.520428, 0.520428, 0.520429, 0.520428, 0.520428, 0.520428, 0.520428
15.144, 0, 0.516036, 0.516034, 1.41421, -0.516036, 0, 0.516034, 0.516034, 0.516034, 0.516034, 0.516034, 0.516034, 0.516034, 0.516034, 0.516034, 0.516034, 0.516034, 0.516034, 0.516034, 0.516036, 0.516034, 0.516034, 0.516034, 0.516034
15.1519, 0, 0.511536, 0.511535, 1.41421, -0.511536, 0, 0.511535, 0.511535, 0.511535, 0.511535, 0.511535, 0.511535, 0.511535, 0.511535, 0.511535, 0.511535, 0.511535, 0.511535, 0.511535, 0.511536, 0.511535, 0.511535, 0.511535, 0.511535
15.1598, 2, 0.506983, 0.506981, 2, 1.49302, 0, 0.506981, 0.506981, 0.506981, 0.506981, 0.506981, 0.506981, 0.506981, 0.506981, 0.506981, 0.506981, 0.506981, 0.506981, 0.506981, 0.506983, 0.506981, 0.506981, 0.506981, 0.506981
15.1677, 0, 0.502344, 0.502343, 1.41421, -0.502344, 0, 0.502343, 0.502343, 0.502343, 0.502343, 0.502343, 0.502343, 0.502343, 0.502343, 0.502343, 0.502343, 0.502343, 0.502343, 0.502343, 0.502344, 0.502343, 0.502343, 0.502343, 0.502343
15.1756, 2, 0.49764, 0.497639, 2, 1.50236, 0, 0.497639, 0.497639, 0.497639, 0.497639, 0.497639, 0.497639, 0.497639, 0.497639, 0.497639, 0.497639, 0.497639, 0.497639, 0.497639, 0.49764, 0.497639, 0.497639, 0.497639, 0.497639
15.1834, 2, 0.492689, 0.492688, 2, 1.50731, 0, 0.492688, 0.492688, 0.492688, 0.492688, 0.492688, 0.492688, 0.492688, 0.492688, 0.492688, 0.492688, 0.492688, 0.492688, 0.492688, 0.492689, 0.492688, 0.492688, 0.492688, 0.492688
15.1913, 2, 0.487518, 0.487516, 2, 1.51248, 0, 0.487516, 0.487516, 0.487516, 0.487516, 0.487516, 0.487516, 0.487516, 0.487516, 0.487516, 0.487516, 0.487516, 0.487516, 0.487516, 0.487518, 0.487516, 0.487516, 0.487516, 0.487516
15.1992, 2, 0.482195, 0.482194, 2, 1.5178, 0, 0.482194, 0.482194, 0.482194, 0.482194, 0.482194, 0.482194, 0.482194, 0.482194, 0.482194, 0.482194, 0.482194, 0.482194, 0.482194, 0.482195, 0.482194, 0.482194, 0.482194, 0.482194
15.2071, 2, 0.476786, 0.476785, 2, 1.52321, 0, 0.476785, 0.476785, 0.476785, 0.476785, 0.476785, 0.476785, 0.476785, 0.476785, 0.476785, 0.476785, 0.476785, 0.476785, 0.476785, 0.476786, 0.476785, 0.476785, 0.476785, 0.476785
15.215, 2, 0.47135, 0.471349, 2, 1.52865, 0, 0.471349, 0.471349, 0.471349, 0.471349, 0.471349, 0.471349, 0.471349, 0.471349, 0.471349, 0.471349, 0.471349, 0.471349, 0.471349, 0.47135, 0.471349, 0.471349, 0.471349, 0.471349
15.2229, 2, 0.465945, 0.465943, 2, 1.53406, 0, 0.465943, 0.465943, 0.465943, 0.465943, 0.465943, 0.465943, 0.465943, 0.465943, 0.465943, 0.465943, 0.465943, 0.465943, 0.465943, 0.465945, 0.465943, 0.465943, 0.465943, 0.465943
15.2307, 0, 0.46095, 0.460949, 1.41421, -0.46095, 0, 0.460949, 0.460949, 0.460949, 0.460949, 0.460949, 0.460949, 0.460949, 0.460949, 0.460949, 0.460949, 0.460949, 0.460949, 0.460949, 0.46095, 0.460949, 0.460949, 0.460949, 0.460949
15.2386, 2, 0.455683, 0.455681, 2, 1.54432, 0, 0.455681, 0.455681, 0.455681, 0.455681, 0.455681, 0.455681, 0.455681, 0.455681, 0.455681, 0.455681, 0.455681, 0.455681, 0.455681, 0.455683, 0.455681, 0.455681, 0.455681, 0.455681
15.2465, 10, 0.450222, 0.450221, 3.4641, 9.54978, 0, 0.450221, 0.450221, 0.450221, 0.450221, 0.450221, 0.450221, 0.450221, 0.450221, 0.450221, 0.450221, 0.450221, 0.450221, 0.450221, 0.450222, 0.450221, 0.450221, 0.450221, 0.450221
15.2544, 0, 0.444684, 0.444683, 1.41421, -0.444684, 0, 0.444683, 0.444683, 0.444683, 0.444683, 0.444683, 0.444683, 0.444683, 0.444683, 0.444683, 0.444683, 0.444683, 0.444683, 0.444683, 0.444684, 0.444683, 0.444683, 0.444683, 0.444683
15.2623, 0, 0.439181, 0.439179, 1.41421, -0.439181, 0, 0.439179, 0.439179, 0.439179, 0.439179, 0.439179, 0.439179, 0.439179, 0.439179, 0.439179, 0.439179, 0.439179, 0.439179, 0.439179, 0.439181, 0.439179, 0.439179, 0.439179, 0.439179
15.2702, 2, 0.434516, 0.434515, 2, 1.56548, 0, 0.434515, 0.434515, 0.434515, 0.434515, 0.434515, 0.434515, 0.434515, 0.434515, 0.434515, 0.434515, 0.434515, 0.434515, 0.434515, 0.434516, 0.434515, 0.434515, 0.434515, 0.434515
15.278, 0, 0.429455, 0.429454, 1.41421, -0.429455, 0, 0.429454, 0.429454, 0.429454, 0.429454, 0.429454, 0.429454, 0.429454, 0.429454, 0.429454, 0.429454, 0.429454, 0.429454, 0.429454, 0.429455, 0.429454, 0.429454, 0.429454, 0.429454
15.2859, 0, 0.424109, 0.424108, 1.41421, -0.424109, 0, 0.424108, 0.424108, 0.424108, 0.424108, 0.424108, 0.424108, 0.424108, 0.424108, 0.424108, 0.424108, 0.424108, 0.424108, 0.424108, 0.424109, 0.424108, 0.424108, 0.424108, 0.424108
15.2938, 0, 0.418641, 0.41864, 1.41421, -0.418641, 0, 0.41864, 0.41864, 0.41864, 0.41864, 0.41864, 0.41864, 0.41864, 0.41864, 0.41864, 0.41864, 0.41864, 0.41864, 0.41864, 0.418641, 0.41864, 0.41864, 0.41864, 0.41864
15.3017, 0, 0.413208, 0.413207, 1.41421, -0.413208, 0, 0.413207, 0.413207, 0.413207, 0.413207, 0.413207, 0.413207, 0.413207, 0.413207, 0.413207, 0.413207, 0.413207, 0.413207, 0.413207, 0.413208, 0.413207, 0.413207, 0.413207, 0.413207
15.3096, 0, 0.408863, 0.408862, 1.41421, -0.408863, 0, 0.408862, 0.408862, 0.408862, 0.408862, 0.408862, 0.408862, 0.408862, 0.408862, 0.408862, 0.408862, 0.408862, 0.408862, 0.408862, 0.408863, 0.408862, 0.408862, 0.408862, 0.408862
15.3175, 4, 0.404005, 0.404004, 2.44949, 3.59599, 0, 0.404004, 0.404004, 0.404004, 0.404004, 0.404004, 0.404004, 0.404004, 0.404004, 0.404004, 0.404004, 0.404004, 0.404004, 0.404004, 0.404005, 0.404004, 0.404004, 0.404004, 0.404004
15.3253, 0, 0.398776, 0.398775, 1.41421, -0.398776, 0, 0.398775, 0.398775, 0.398775, 0.398775, 0.398775, 0.398775, 0.398775, 0.398775, 0.398775, 0.398775, 0.398775, 0.398775, 0.398775, 0.398776, 0.398775, 0.398775, 0.398775, 0.398775
15.3332, 4, 0.393383, 0.393382, 2.44949, 3.60662, 0, 0.393382, 0.393382, 0.393382, 0.393382, 0.393382, 0.393382, 0.393382, 0.393382, 0.393382, 0.393382, 0.393382, 0.393382, 0.393382, 0.393383, 0.393382, 0.393382, 0.393382, 0.393382
15.3411, 0, 0.388027, 0.388026, 1.41421, -0.388027, 0, 0.388026, 0.388026, 0.388026, 0.388026, 0.388026, 0.388026, 0.388026, 0.388026, 0.388026, 0.388026, 0.388026, 0.388026, 0.388026, 0.388027, 0.388026, 0.388026, 0.388026, 0.388026
15.349, 0, 0.38399, 0.383989, 1.41421, -0.38399, 0, 0.383989, 0.383989, 0.383989, 0.383989, 0.383989, 0.383989, 0.383989, 0.383989, 0.383989, 0.383989, 0.383989, 0.383989, 0.383989, 0.38399, 0.383989, 0.383989, 0.383989, 0.383989
15.3569, 0, 0.379332, 0.379331, 1.41421, -0.379332, 0, 0.379331, 0.379331, 0.379331, 0.379331, 0.379331, 0.379331, 0.379331, 0.379331, 0.379331, 0.379331, 0.379331, 0.379331, 0.379331, 0.379332, 0.379331, 0.379331, 0.379331, 0.379331
15.3648, 0, 0.374223, 0.374222, 1.41421, -0.374223, 0, 0.374222, 0.374222, 0.374222, 0.374222, 0.374222, 0.374222, 0.374222, 0.374222, 0.374222, 0.374222, 0.374222, 0.374222, 0.374222, 0.374223, 0.374222, 0.374222, 0.374222, 0.374222
15.3727, 0, 0.368912, 0.36891, 1.41421, -0.368912, 0, 0.36891, 0.36891, 0.36891, 0.36891, 0.36891, 0.36891, 0.36891, 0.36891, 0.36891, 0.36891, 0.36891, 0.36891, 0.36891, 0.368912, 0.36891, 0.36891, 0.36891, 0.36891
15.3805, 0, 0.363638, 0.363636, 1.41421, -0.363638, 0, 0.363636, 0.363636, 0.363636, 0.363636, 0.363636, 0.363636, 0.363636, 0.363636, 0.363636, 0.363636, 0.363636, 0.363636, 0.363636, 0.363638, 0.363636, 0.363636, 0.363636, 0.363636
15.3884, 2, 0.363638, 0.363636, 2, 1.63636, 0, 0.363636, 0.363636, 0.363636, 0.363636, 0.363636, 0.363636, 0.363636, 0.363636, 0.363636, 0.363636, 0.363636, 0.363636, 0.363636, 0.363638, 0.363636, 0.363636, 0.363636, 0.363636
15.3963, 0, 0.364789, 0.364788, 1.41421, -0.364789, 0, 0.364788, 0.364788, 0.364788, 0.364788, 0.364788, 0.364788, 0.364788, 0.364788, 0.364788, 0.364788, 0.364788, 0.364788, 0.364788, 0.364789, 0.364788, 0.364788, 0.364788, 0.364788
15.4042, 0, 0.36581, 0.365809, 1.41421, -0.36581, 0, 0.365809, 0.365809, 0.365809, 0.365809, 0.365809, 0.365809, 0.365809, 0.365809, 0.365809, 0.365809, 0.365809, 0.365809, 0.365809, 0.36581, 0.365809, 0.365809, 0.365809, 0.365809
15.4121, 2, 0.366676, 0.366675, 2, 1.63332, 0, 0.366675, 0.366675, 0.366675, 0.366675, 0.366675, 0.366675, 0.366675, 0.366675, 0.366675, 0.366675, 0.366675, 0.366675, 0.366675, 0.366676, 0.366675, 0.366675, 0.366675, 0.366675
15.42, 0, 0.367466, 0.367464, 1.41421, -0.367466, 0, 0.367464, 0.367464, 0.367464, 0.367464, 0.367464, 0.367464, 0.367464, 0.367464, 0.367464, 0.367464, 0.367464, 0.367464, 0.367464, 0.367466, 0.367464, 0.367464, 0.367464, 0.367464
15.4278, 0, 0.368256, 0.368255, 1.41421, -0.368256, 0, 0.368255, 0.368255, 0.368255, 0.368255, 0.368255, 0.368255, 0.368255, 0.368255, 0.368255, 0.368255, 0.368255, 0.368255, 0.368255, 0.368256, 0.368255, 0.368255, 0.368255, 0.368255
15.4357, 2, 0.36946, 0.369459, 2, 1.63054, 0, 0.369459, 0.369459, 0.369459, 0.369459, 0.369459, 0.369459, 0.369459, 0.369459, 0.369459, 0.369459, 0.369459, 0.369459, 0.369459, 0.36946, 0.369459, 0.369459, 0.369459, 0.369459
15.4436, 0, 0.370505, 0.370503, 1.41421, -0.370505, 0, 0.370503, 0.370503, 0.370503, 0.370503, 0.370503, 0.370503, 0.370503, 0.370503, 0.370503, 0.370503, 0.370503, 0.370503, 0.370503, 0.370504, 0.370503, 0.370503, 0.370503, 0.370503
15.4515, 0, 0.371365, 0.371364, 1.41421, -0.371365, 0, 0.371364, 0.371364, 0.371364, 0.371364, 0.371364, 0.371364, 0.371364, 0.371364, 0.371364, 0.371364, 0.371364, 0.371364, 0.371364, 0.371365, 0.371364, 0.371364, 0.371364, 0.371364
15.4594, 0, 0.372134, 0.372132, 1.41421, -0.372134, 0, 0.372132, 0.372132, 0.372132, 0.372132, 0.372132, 0.372132, 0.372132, 0.372132, 0.372132, 0.372132, 0.372132, 0.372132, 0.372132, 0.372134, 0.372132, 0.372133, 0.372132, 0.372132
15.4673, 2, 0.372903, 0.372902, 2, 1.6271, 0, 0.372902, 0.372902, 0.372902, 0.372902, 0.372902, 0.372902, 0.372902, 0.372902, 0.372902, 0.372902, 0.372902, 0.372902, 0.372902, 0.372903, 0.372902, 0.372902, 0.372902, 0.372902
15.4751, 0, 0.374056, 0.374054, 1.41421, -0.374056, 0, 0.374054, 0.374054, 0.374054, 0.374054, 0.374054, 0.374054, 0.374054, 0.374054, 0.374054, 0.374054, 0.374054, 0.374054, 0.374054, 0.374055, 0.374054, 0.374054, 0.374054, 0.374054
15.483, 6, 0.37503, 0.375028, 2.82843, 5.62497, 0, 0.375028, 0.375028, 0.375028, 0.375028, 0.375028, 0.375028, 0.375028, 0.375028, 0.375028, 0.375028, 0.375028, 0.375028, 0.375028, 0.375029, 0.375028, 0.375028, 0.375028, 0.375028
15.4909, 2, 0.375805, 0.375803, 2, 1.6242, 0, 0.375803, 0.375803, 0.375803, 0.375803, 0.375803, 0.375803, 0.375803, 0.375803, 0.375803, 0.375803, 0.375803, 0.375803, 0.375803, 0.375804, 0.375803, 0.375803, 0.375803, 0.375803
15.4988, 2, 0.376481, 0.376478, 2, 1.62352, 0, 0.376478, 0.376478, 0.376478, 0.376478, 0.376478, 0.376478, 0.376478, 0.376478, 0.376478, 0.376478, 0.376478, 0.376478, 0.376478, 0.37648, 0.376478, 0.376479, 0.376478, 0.376478
15.5067, 2, 0.377157, 0.377154, 2, 1.62284, 0, 0.377154, 0.377154, 0.377154, 0.377154, 0.377154, 0.377154, 0.377154, 0.377154, 0.377154, 0.377154, 0.377154, 0.377154, 0.377154, 0.377156, 0.377154, 0.377156, 0.377154, 0.377154
15.5146, 2, 0.378356, 0.378352, 2, 1.62164, 0, 0.378352, 0.378352, 0.378352, 0.378352, 0.378352, 0.378352, 0.378352, 0.378352, 0.378352, 0.378352, 0.378352, 0.378352, 0.378352, 0.378354, 0.378352, 0.378354, 0.378352, 0.378352
15.5224, 2, 0.37935, 0.379347, 2, 1.62065, 0, 0.379347, 0.379347, 0.379347, 0.379347, 0.379347, 0.379347, 0.379347, 0.379347, 0.379347, 0.379347, 0.379347, 0.379347, 0.379347, 0.379348, 0.379347, 0.379349, 0.379347, 0.379347
15.5303, 0, 0.38012, 0.380116, 1.41421, -0.38012, 0, 0.380116, 0.380116, 0.380116, 0.380116, 0.380116, 0.380116, 0.380116, 0.380116, 0.380116, 0.380116, 0.380116, 0.380116, 0.380116, 0.380117, 0.380116, 0.380119, 0.380116, 0.380116
15.5382, 0, 0.380778, 0.380773, 1.41421, -0.380778, 0, 0.380773, 0.380773, 0.380773, 0.380773, 0.380773, 0.380773, 0.380773, 0.380773, 0.380773, 0.380773, 0.380773, 0.380773, 0.380773, 0.380775, 0.380773, 0.380777, 0.380773, 0.380773
15.5461, 0, 0.381437, 0.381431, 1.41421, -0.381437, 0, 0.381431, 0.381431, 0.381431, 0.381431, 0.381431, 0.381431, 0.381431, 0.381431, 0.381431, 0.381431, 0.381431, 0.381431, 0.381431, 0.381432, 0.381431, 0.381436, 0.381431, 0.381431
15.554, 0, 0.382527, 0.38252, 1.41421, -0.382527, 0, 0.38252, 0.38252, 0.38252, 0.38252, 0.38252, 0.38252, 0.38252, 0.38252, 0.38252, 0.38252, 0.38252, 0.38252, 0.38252, 0.382521, 0.38252, 0.382525, 0.38252, 0.38252
15.5619, 0, 0.383403, 0.383395, 1.41421, -0.383403, 0, 0.383395, 0.383395, 0.383395, 0.383395, 0.383395, 0.383395, 0.383395, 0.383395, 0.383395, 0.383395, 0.383395, 0.383395, 0.383395, 0.383396, 0.383395, 0.383402, 0.383395, 0.383395
15.5697, 0, 0.384052, 0.384042, 1.41421, -0.384052, 0, 0.384042, 0.384042, 0.384042, 0.384042, 0.384042, 0.384042, 0.384042, 0.384042, 0.384042, 0.384042, 0.384042, 0.384042, 0.384042, 0.384043, 0.384042, 0.38405, 0.384042, 0.384042
15.5776, 2, 0.384586, 0.384574, 2, 1.61541, 0, 0.384574, 0.384574, 0.384574, 0.384574, 0.384574, 0.384574, 0.384574, 0.384574, 0.384574, 0.384574, 0.384574, 0.384574, 0.384574, 0.384575, 0.384574, 0.384585, 0.384574, 0.384574
15.5855, 4, 0.385121, 0.385106, 2.44949, 3.61488, 0, 0.385106, 0.385106, 0.385106, 0.385106, 0.385106, 0.385106, 0.385106, 0.385106, 0.385106, 0.385106, 0.385106, 0.385106, 0.385106, 0.385107, 0.385106, 0.385119, 0.385106, 0.385106
15.5934, 0, 0.386248, 0.38623, 1.41421, -0.386248, 0, 0.38623, 0.38623, 0.38623, 0.38623, 0.38623, 0.38623, 0.38623, 0.38623, 0.38623, 0.38623, 0.38623, 0.38623, 0.38623, 0.386232, 0.38623, 0.386247, 0.38623, 0.38623
15.6013, 0, 0.387143, 0.387122, 1.41421, -0.387143, 0, 0.387122, 0.387122, 0.387122, 0.387122, 0.387122, 0.387122, 0.387122, 0.387122, 0.387122, 0.387122, 0.387122, 0.387122, 0.387122, 0.387123, 0.387122, 0.387142, 0.387122, 0.387122
15.6092, 0, 0.387789, 0.387764, 1.41421, -0.387789, 0, 0.387764, 0.387764, 0.387764, 0.387764, 0.387764, 0.387764, 0.387764, 0.387764, 0.387764, 0.387764, 0.387764, 0.387764, 0.387764, 0.387765, 0.387764, 0.387788, 0.387764, 0.387764
15.6171, 2, 0.388311, 0.388281, 2, 1.61169, 0, 0.388281, 0.388281, 0.388281, 0.388281, 0.388281, 0.388281, 0.388281, 0.388281, 0.388281, 0.388281, 0.388281, 0.388281, 0.388281, 0.388282, 0.388281, 0.38831, 0.388281, 0.388281
15.6249, 0, 0.388835, 0.388799, 1.41421, -0.388835, 0, 0.388799, 0.388799, 0.388799, 0.388799, 0.388799, 0.388799, 0.388799, 0.388799, 0.388799, 0.388799, 0.388799, 0.388799, 0.388799, 0.3888, 0.388799, 0.388834, 0.388799, 0.388799
15.6328, 0, 0.389799, 0.389756, 1.41421, -0.389799, 0, 0.389756, 0.389756, 0.389756, 0.389756, 0.389756, 0.389756, 0.389756, 0.389756, 0.389756, 0.389756, 0.389756, 0.389756, 0.389756, 0.389758, 0.389756, 0.389798, 0.389756, 0.389756
15.6407, 4, 0.390533, 0.390483, 2.44949, 3.60947, 0, 0.390483, 0.390483, 0.390483, 0.390483, 0.390483, 0.390483, 0.390483, 0.390483, 0.390483, 0.390483, 0.390483, 0.390483, 0.390483, 0.390484, 0.390483, 0.390532, 0.390483, 0.390483
15.6486, 2, 0.391027, 0.390967, 2, 1.60897, 0, 0.390967, 0.390967, 0.390967, 0.390967, 0.390967, 0.390967, 0.390967, 0.390967, 0.390967, 0.390967, 0.390967, 0.390967, 0.390967, 0.390969, 0.390967, 0.391026, 0.390967, 0.390967
15.6565, 0, 0.391401, 0.391331, 1.41421, -0.391401, 0, 0.391331, 0.391331, 0.391331, 0.391331, 0.391331, 0.391331, 0.391331, 0.391331, 0.391331, 0.391331, 0.391331, 0.391331, 0.391331, 0.391332, 0.391331, 0.3914, 0.391331, 0.391331
15.6644, 0, 0.391776, 0.391695, 1.41421, -0.391776, 0, 0.391695, 0.391695, 0.391695, 0.391695, 0.391695, 0.391695, 0.391695, 0.391695, 0.391695, 0.391695, 0.391695, 0.391695, 0.391695, 0.391696, 0.391695, 0.391775, 0.391695, 0.391695
15.6722, 0, 0.392771, 0.392676, 1.41421, -0.392771, 0, 0.392676, 0.392676, 0.392676, 0.392676, 0.392676, 0.392676, 0.392676, 0.392676, 0.392676, 0.392676, 0.392676, 0.392676, 0.392676, 0.392678, 0.392676, 0.39277, 0.392676, 0.392676
15.6801, 0, 0.393523, 0.393413, 1.41421, -0.393523, 0, 0.393413, 0.393413, 0.393413, 0.393413, 0.393413, 0.393413, 0.393413, 0.393413, 0.393413, 0.393413, 0.393413, 0.393413, 0.393413, 0.393414, 0.393413, 0.393521, 0.393413, 0.393413
15.688, 0, 0.394021, 0.393895, 1.41421, -0.394021, 0, 0.393895, 0.393895, 0.393895, 0.393895, 0.393895, 0.393895, 0.393895, 0.393895, 0.393895, 0.393895, 0.393895, 0.393895, 0.393895, 0.393896, 0.393895, 0.39402, 0.393895, 0.393895
15.6959, 2, 0.394393, 0.394248, 2, 1.60561, 0, 0.394248, 0.394248, 0.394248, 0.394248, 0.394248, 0.394248, 0.394248, 0.394248, 0.394248, 0.394248, 0.394248, 0.394248, 0.394248, 0.394249, 0.394248, 0.394392, 0.394248, 0.394248
15.7038, 2, 0.394767, 0.394602, 2, 1.60523, 0, 0.394602, 0.394602, 0.394602, 0.394602, 0.394602, 0.394602, 0.394602, 0.394602, 0.394602, 0.394602, 0.394602, 0.394602, 0.394602, 0.394603, 0.394602, 0.394766, 0.394602, 0.394602
15.7117, 0, 0.39555, 0.395362, 1.41421, -0.39555, 0, 0.395362, 0.395362, 0.395362, 0.395362, 0.395362, 0.395362, 0.395362, 0.395362, 0.395362, 0.395362, 0.395362, 0.395362, 0.395362, 0.395363, 0.395362, 0.395549, 0.395362, 0.395362
15.7195, 0, 0.396105, 0.395892, 1.41421, -0.396105, 0, 0.395892, 0.395892, 0.395892, 0.395892, 0.395892, 0.395892, 0.395892, 0.395892, 0.395892, 0.395892, 0.395892, 0.395892, 0.395892, 0.395893, 0.395892, 0.396104, 0.395892, 0.395892
15.7274, 2, 0.396426, 0.396185, 2, 1.60357, 0, 0.396185, 0.396185, 0.396185, 0.396185, 0.396185, 0.396185, 0.396185, 0.396185, 0.396185, 0.396185, 0.396185, 0.396185, 0.396185, 0.396187, 0.396185, 0.396425, 0.396185, 0.396185
15.7353, 0, 0.396632, 0.396361, 1.41421, -0.396632, 0, 0.396361, 0.396361, 0.396361, 0.396361, 0.396361, 0.396361, 0.396361, 0.396361, 0.396361, 0.396361, 0.396361, 0.396361, 0.396361, 0.396362, 0.396361, 0.39663, 0.396361, 0.396361
15.7432, 2, 0.396839, 0.396536, 2, 1.60316, 0, 0.396536, 0.396536, 0.396536, 0.396536, 0.396536, 0.396536, 0.396536, 0.396536, 0.396536, 0.396536, 0.396536, 0.396536, 0.396536, 0.396537, 0.396536, 0.396838, 0.396536, 0.396536
15.7511, 2, 0.397646, 0.397308, 2, 1.60235, 0, 0.397308, 0.397308, 0.397308, 0.397308, 0.397308, 0.397308, 0.397308, 0.397308, 0.397308, 0.397308, 0.397308, 0.397308, 0.397308, 0.397309, 0.397308, 0.397645, 0.397308, 0.397308
15.759, 0, 0.398218, 0.397843, 1.41421, -0.398218, 0, 0.397843, 0.397843, 0.397843, 0.397843, 0.397843, 0.397843, 0.397843, 0.397843, 0.397843, 0.397843, 0.397843, 0.397843, 0.397843, 0.397844, 0.397843, 0.398217, 0.397843, 0.397843
15.7668, 4, 0.39855, 0.398135, 2.44949, 3.60145, 0, 0.398135, 0.398135, 0.398135, 0.398135, 0.398135, 0.398135, 0.398135, 0.398135, 0.398135, 0.398135, 0.398135, 0.398135, 0.398135, 0.398136, 0.398135, 0.398549, 0.398135, 0.398135
15.7747, 0, 0.398763, 0.398305, 1.41421, -0.398763, 0, 0.398305, 0.398305, 0.398305, 0.398305, 0.398305, 0.398305, 0.398305, 0.398305, 0.398305, 0.398305, 0.398305, 0.398305, 0.398305, 0.398306, 0.398305, 0.398761, 0.398305, 0.398305
15.7826, 0, 0.398978, 0.398475, 1.41421, -0.398978, 0, 0.398475, 0.398475, 0.398475, 0.398475, 0.398475, 0.398475, 0.398475, 0.398475, 0.398475, 0.398475, 0.398475, 0.398475, 0.398475, 0.398477, 0.398475, 0.398977, 0.398475, 0.398475
15.7905, 0, 0.399527, 0.398977, 1.41421, -0.399527, 0, 0.398977, 0.398977, 0.398977, 0.398977, 0.398977, 0.398977, 0.398977, 0.398977, 0.398977, 0.398977, 0.398977, 0.398977, 0.398977, 0.398978, 0.398977, 0.399525, 0.398977, 0.398977
15.7984, 0, 0.399866, 0.399267, 1.41421, -0.399866, 0, 0.399267, 0.399267, 0.399267, 0.399267, 0.399267, 0.399267, 0.399267, 0.399267, 0.399267, 0.399267, 0.399267, 0.399267, 0.399267, 0.399268, 0.399267, 0.399865, 0.399267, 0.399267
15.8063, 0, 0.399996, 0.399346, 1.41421, -0.399996, 0, 0.399346, 0.399346, 0.399346, 0.399346, 0.399346, 0.399346, 0.399346, 0.399346, 0.399346, 0.399346, 0.399346, 0.399346, 0.399346, 0.399347, 0.399346, 0.399995, 0.399346, 0.399346
15.8141, 0, 0.400002, 0.399297, 1.41421, -0.400002, 0, 0.399297, 0.399297, 0.399297, 0.399297, 0.399297, 0.399297, 0.399297, 0.399297, 0.399297, 0.399297, 0.399297, 0.399297, 0.399297, 0.399299, 0.399297, 0.4, 0.399297, 0.399297
15.822, 4, 0.399934, 0.399175, 2.44949, 3.60007, 0, 0.399175, 0.399175, 0.399175, 0.399175, 0.399175, 0.399175, 0.399175, 0.399175, 0.399175, 0.399175, 0.399175, 0.399175, 0.399175, 0.399176, 0.399175, 0.399933, 0.399175, 0.399175
15.8299, 0, 0.399831, 0.399015, 1.41421, -0.399831, 0, 0.399015, 0.399015, 0.399015, 0.399015, 0.399015, 0.399015, 0.399015, 0.399015, 0.399015, 0.399015, 0.399015, 0.399015, 0.399015, 0.399016, 0.399015, 0.39983, 0.399015, 0.399015
15.8378, 0, 0.399716, 0.398842, 1.41421, -0.399716, 0, 0.398842, 0.398842, 0.398842, 0.398842, 0.398842, 0.398842, 0.398842, 0.398842, 0.398842, 0.398842, 0.398842, 0.398842, 0.398842, 0.398843, 0.398842, 0.399715, 0.398842, 0.398842
15.8457, 4, 0.399329, 0.398395, 2.44949, 3.60067, 0, 0.398395, 0.398395, 0.398395, 0.398395, 0.398395, 0.398395, 0.398395, 0.398395, 0.398395, 0.398395, 0.398395, 0.398395, 0.398395, 0.398397, 0.398395, 0.399328, 0.398395, 0.398395
15.8536, 4, 0.398807, 0.397813, 2.44949, 3.60119, 0, 0.397813, 0.397813, 0.397813, 0.397813, 0.397813, 0.397813, 0.397813, 0.397813, 0.397813, 0.397813, 0.397813, 0.397813, 0.397813, 0.397814, 0.397813, 0.398806, 0.397813, 0.397813
15.8614, 0, 0.398286, 0.397231, 1.41421, -0.398286, 0, 0.397231, 0.397231, 0.397231, 0.397231, 0.397231, 0.397231, 0.397231, 0.397231, 0.397231, 0.397231, 0.397231, 0.397231, 0.397231, 0.397233, 0.397231, 0.398284, 0.397231, 0.397231
15.8693, 0, 0.39826, 0.397144, 1.41421, -0.39826, 0, 0.397144, 0.397144, 0.397144, 0.397144, 0.397144, 0.397144, 0.397144, 0.397144, 0.397144, 0.397144, 0.397144, 0.397144, 0.397144, 0.397145, 0.397144, 0.398258, 0.397144, 0.397144
15.8772, 0, 0.397794, 0.396616, 1.41421, -0.397794, 0, 0.396616, 0.396616, 0.396616, 0.396616, 0.396616, 0.396616, 0.396616, 0.396616, 0.396616, 0.396616, 0.396616, 0.396616, 0.396616, 0.396618, 0.396616, 0.397792, 0.396616, 0.396616
15.8851, 0, 0.396918, 0.395679, 1.41421, -0.396918, 0, 0.395679, 0.395679, 0.395679, 0.395679, 0.395679, 0.395679, 0.395679, 0.395679, 0.395679, 0.395679, 0.395679, 0.395679, 0.395679, 0.395681, 0.395679, 0.396916, 0.395679, 0.395679
15.893, 2, 0.395743, 0.394444, 2, 1.60426, 0, 0.394444, 0.394444, 0.394444, 0.394444, 0.394444, 0.394444, 0.394444, 0.394444, 0.394444, 0.394444, 0.394444, 0.394444, 0.394444, 0.394445, 0.394444, 0.395742, 0.394444, 0.394444
15.9009, 0, 0.394129, 0.39277, 1.41421, -0.394129, 0, 0.39277, 0.39277, 0.39277, 0.39277, 0.39277, 0.39277, 0.39277, 0.39277, 0.39277, 0.39277, 0.39277, 0.39277, 0.39277, 0.392771, 0.39277, 0.394128, 0.39277, 0.39277
15.9088, 0, 0.392153, 0.390734, 1.41421, -0.392153, 0, 0.390734, 0.390734, 0.390734, 0.390734, 0.390734, 0.390734, 0.390734, 0.390734, 0.390734, 0.390734, 0.390734, 0.390734, 0.390734, 0.390736, 0.390734, 0.392152, 0.390734, 0.390734
15.9166, 4, 0.389707, 0.388229, 2.44949, 3.61029, 0, 0.388229, 0.388229, 0.388229, 0.388229, 0.388229, 0.388229, 0.388229, 0.388229, 0.388229, 0.388229, 0.388229, 0.388229, 0.388229, 0.388231, 0.388229, 0.389706, 0.388229, 0.388229
15.9245, 0, 0.386885, 0.385349, 1.41421, -0.386885, 0, 0.385349, 0.385349, 0.385349, 0.385349, 0.385349, 0.385349, 0.385349, 0.385349, 0.385349, 0.385349, 0.385349, 0.385349, 0.385349, 0.385351, 0.385349, 0.386883, 0.385349, 0.385349
15.9324, 2, 0.383881, 0.38229, 2, 1.61612, 0, 0.38229, 0.38229, 0.38229, 0.38229, 0.38229, 0.38229, 0.38229, 0.38229, 0.38229, 0.38229, 0.38229, 0.38229, 0.38229, 0.382291, 0.38229, 0.38388, 0.38229, 0.38229
15.9403, 0, 0.380889, 0.379242, 1.41421, -0.380889, 0, 0.379242, 0.379242, 0.379242, 0.379242, 0.379242, 0.379242, 0.379242, 0.379242, 0.379242, 0.379242, 0.379242, 0.379242, 0.379242, 0.379244, 0.379242, 0.380887, 0.379242, 0.379242
15.9482, 0, 0.379017, 0.377317, 1.41421, -0.379017, 0, 0.377317, 0.377317, 0.377317, 0.377317, 0.377317, 0.377317, 0.377317, 0.377317, 0.377317, 0.377317, 0.377317, 0.377317, 0.377317, 0.377318, 0.377317, 0.379015, 0.377317, 0.377317
15.9561, 0, 0.376332, 0.37458, 1.41421, -0.376332, 0, 0.37458, 0.37458, 0.37458, 0.37458, 0.37458, 0.37458, 0.37458, 0.37458, 0.37458, 0.37458, 0.37458, 0.37458, 0.37458, 0.374582, 0.37458, 0.37633, 0.37458, 0.37458
15.9639, 0, 0.37295, 0.371149, 1.41421, -0.37295, 0, 0.371149, 0.371149, 0.371149, 0.371149, 0.371149, 0.371149, 0.371149, 0.371149, 0.371149, 0.371149, 0.371149, 0.371149, 0.371149, 0.37115, 0.371149, 0.372949, 0.371149, 0.371149
15.9718, 2, 0.369233, 0.367383, 2, 1.63077, 0, 0.367383, 0.367383, 0.367383, 0.367383, 0.367383, 0.367383, 0.367383, 0.367383, 0.367383, 0.367383, 0.367383, 0.367383, 0.367383, 0.367384, 0.367383, 0.369232, 0.367383, 0.367383
15.9797, 0, 0.365533, 0.363636, 1.41421, -0.365533, 0, 0.363636, 0.363636, 0.363636, 0.363636, 0.363636, 0.363636, 0.363636, 0.363636, 0.363636, 0.363636, 0.363636, 0.363636, 0.363636, 0.363638, 0.363636, 0.365532, 0.363636, 0.363636
15.9876, 0, 0.366423, 0.364481, 1.41421, -0.366423, 0, 0.364481, 0.364481, 0.364481, 0.364481, 0.364481, 0.364481, 0.364481, 0.364481, 0.364481, 0.364481, 0.364481, 0.364481, 0.364481, 0.364482, 0.364481, 0.366422, 0.364481, 0.364481
15.9955, 2, 0.366116, 0.36413, 2, 1.63388, 0, 0.36413, 0.36413, 0.36413, 0.36413, 0.36413, 0.36413, 0.36413, 0.36413, 0.36413, 0.36413, 0.36413, 0.36413, 0.36413, 0.364131, 0.36413, 0.366114, 0.36413, 0.36413
16.0034, 0, 0.364736, 0.362709, 1.41421, -0.364736, 0, 0.362709, 0.362709, 0.362709, 0.362709, 0.362709, 0.362709, 0.362709, 0.362709, 0.362709, 0.362709, 0.362709, 0.362709, 0.362709, 0.36271, 0.362709, 0.364735, 0.362709, 0.362709
16.0112, 0, 0.362825, 0.360756, 1.41421, -0.362825, 0, 0.360756, 0.360756, 0.360756, 0.360756, 0.360756, 0.360756, 0.360756, 0.360756, 0.360756, 0.360756, 0.360756, 0.360756, 0.360756, 0.360758, 0.360756, 0.362823, 0.360756, 0.360756
16.0191, 0, 0.360917, 0.358809, 1.41421, -0.360917, 0, 0.358809, 0.358809, 0.358809, 0.358809, 0.358809, 0.358809, 0.358809, 0.358809, 0.358809, 0.358809, 0.358809, 0.358809, 0.358809, 0.358811, 0.358809, 0.360916, 0.358809, 0.358809
16.027, 2, 0.361428, 0.359282, 2, 1.63857, 0, 0.359282, 0.359282, 0.359282, 0.359282, 0.359282, 0.359282, 0.359282, 0.359282, 0.359282, 0.359282, 0.359282, 0.359282, 0.359282, 0.359284, 0.359282, 0.361427, 0.359282, 0.359282
16.0349, 2, 0.360976, 0.358794, 2, 1.63902, 0, 0.358794, 0.358794, 0.358794, 0.358794, 0.358794, 0.358794, 0.358794, 0.358794, 0.358794, 0.358794, 0.358794, 0.358794, 0.358794, 0.358795, 0.358794, 0.360975, 0.358794, 0.358794
16.0428, 0, 0.359693, 0.357474, 1.41421, -0.359693, 0, 0.357474, 0.357474, 0.357474, 0.357474, 0.357474, 0.357474, 0.357474, 0.357474, 0.357474, 0.357474, 0.357474, 0.357474, 0.357474, 0.357476, 0.357474, 0.359691, 0.357474, 0.357474
16.0507, 0, 0.357995, 0.355742, 1.41421, -0.357995, 0, 0.355742, 0.355742, 0.355742, 0.355742, 0.355742, 0.355742, 0.355742, 0.355742, 0.355742, 0.355742, 0.355742, 0.355742, 0.355742, 0.355744, 0.355742, 0.357994, 0.355742, 0.355742
16.0585, 0, 0.356302, 0.354015, 1.41421, -0.356302, 0, 0.354015, 0.354015, 0.354015, 0.354015, 0.354015, 0.354015, 0.354015, 0.354015, 0.354015, 0.354015, 0.354015, 0.354015, 0.354015, 0.354016, 0.354015, 0.3563, 0.354015, 0.354015
16.0664, 0, 0.356635, 0.354315, 1.41421, -0.356635, 0, 0.354315, 0.354315, 0.354315, 0.354315, 0.354315, 0.354315, 0.354315, 0.354315, 0.354315, 0.354315, 0.354315, 0.354315, 0.354315, 0.354316, 0.354315, 0.356634, 0.354315, 0.354315
16.0743, 2, 0.356088, 0.353735, 2, 1.64391, 0, 0.353735, 0.353735, 0.353735, 0.353735, 0.353735, 0.353735, 0.353735, 0.353735, 0.353735, 0.353735, 0.353735, 0.353735, 0.353735, 0.353736, 0.353735, 0.356086, 0.353735, 0.353735
16.0822, 0, 0.354784, 0.352399, 1.41421, -0.354784, 0, 0.352399, 0.352399, 0.352399, 0.352399, 0.352399, 0.352399, 0.352399, 0.352399, 0.352399, 0.352399, 0.352399, 0.352399, 0.352399, 0.352401, 0.352399, 0.354783, 0.352399, 0.352399
16.0901, 4, 0.353105, 0.350689, 2.44949, 3.64689, 0, 0.350689, 0.350689, 0.350689, 0.350689, 0.350689, 0.350689, 0.350689, 0.350689, 0.350689, 0.350689, 0.350689, 0.350689, 0.350689, 0.350691, 0.350689, 0.353104, 0.350689, 0.350689
16.098, 0, 0.351431, 0.348983, 1.41421, -0.351431, 0, 0.348983, 0.348983, 0.348983, 0.348983, 0.348983, 0.348983, 0.348983, 0.348983, 0.348983, 0.348983, 0.348983, 0.348983, 0.348983, 0.348985, 0.348983, 0.35143, 0.348983, 0.348983
16.1059, 2, 0.351761, 0.349282, 2, 1.64824, 0, 0.349282, 0.349282, 0.349282, 0.349282, 0.349282, 0.349282, 0.349282, 0.349282, 0.349282, 0.349282, 0.349282, 0.349282, 0.349282, 0.349284, 0.349282, 0.351759, 0.349282, 0.349282
16.1137, 0, 0.351216, 0.348707, 1.41421, -0.351216, 0, 0.348707, 0.348707, 0.348707, 0.348707, 0.348707, 0.348707, 0.348707, 0.348707, 0.348707, 0.348707, 0.348707, 0.348707, 0.348707, 0.348708, 0.348707, 0.351215, 0.348707, 0.348707
16.1216, 2, 0.349921, 0.347381, 2, 1.65008, 0, 0.347381, 0.347381, 0.347381, 0.347381, 0.347381, 0.347381, 0.347381, 0.347381, 0.347381, 0.347381, 0.347381, 0.347381, 0.347381, 0.347382, 0.347381, 0.349919, 0.347381, 0.347381
16.1295, 4, 0.348253, 0.345682, 2.44949, 3.65175, 0, 0.345682, 0.345682, 0.345682, 0.345682, 0.345682, 0.345682, 0.345682, 0.345682, 0.345682, 0.345682, 0.345682, 0.345682, 0.345682, 0.345684, 0.345682, 0.348252, 0.345682, 0.345682
16.1374, 2, 0.346589, 0.343988, 2, 1.65341, 0, 0.343988, 0.343988, 0.343988, 0.343988, 0.343988, 0.343988, 0.343988, 0.343988, 0.343988, 0.343988, 0.343988, 0.343988, 0.343988, 0.34399, 0.343988, 0.346588, 0.343988, 0.343988
16.1453, 0, 0.346841, 0.344208, 1.41421, -0.346841, 0, 0.344208, 0.344208, 0.344208, 0.344208, 0.344208, 0.344208, 0.344208, 0.344208, 0.344208, 0.344208, 0.344208, 0.344208, 0.344208, 0.34421, 0.344208, 0.346839, 0.344208, 0.344208
16.1532, 4, 0.346225, 0.343562, 2.44949, 3.65377, 0, 0.343562, 0.343562, 0.343562, 0.343562, 0.343562, 0.343562, 0.343562, 0.343562, 0.343562, 0.343562, 0.343562, 0.343562, 0.343562, 0.343564, 0.343562, 0.346224, 0.343562, 0.343562
16.161, 0, 0.344866, 0.342172, 1.41421, -0.344866, 0, 0.342172, 0.342172, 0.342172, 0.342172, 0.342172, 0.342172, 0.342172, 0.342172, 0.342172, 0.342172, 0.342172, 0.342172, 0.342172, 0.342173, 0.342172, 0.344864, 0.342172, 0.342172
16.1689, 2, 0.343138, 0.340413, 2, 1.65686, 0, 0.340413, 0.340413, 0.340413, 0.340413, 0.340413, 0.340413, 0.340413, 0.340413, 0.340413, 0.340413, 0.340413, 0.340413, 0.340413, 0.340414, 0.340413, 0.343137, 0.340413, 0.340413
16.1768, 0, 0.341415, 0.338658, 1.41421, -0.341415, 0, 0.338658, 0.338658, 0.338658, 0.338658, 0.338658, 0.338658, 0.338658, 0.338658, 0.338658, 0.338658, 0.338658, 0.338658, 0.338658, 0.33866, 0.338658, 0.341414, 0.338658, 0.338658
16.1847, 0, 0.341664, 0.338876, 1.41421, -0.341664, 0, 0.338876, 0.338876, 0.338876, 0.338876, 0.338876, 0.338876, 0.338876, 0.338876, 0.338876, 0.338876, 0.338876, 0.338876, 0.338876, 0.338877, 0.338876, 0.341663, 0.338876, 0.338876
16.1926, 4, 0.341056, 0.338235, 2.44949, 3.65894, 0, 0.338235, 0.338235, 0.338235, 0.338235, 0.338235, 0.338235, 0.338235, 0.338235, 0.338235, 0.338235, 0.338235, 0.338235, 0.338235, 0.338237, 0.338235, 0.341054, 0.338235, 0.338235
16.2005, 4, 0.339709, 0.336856, 2.44949, 3.66029, 0, 0.336856, 0.336856, 0.336856, 0.336856, 0.336856, 0.336856, 0.336856, 0.336856, 0.336856, 0.336856, 0.336856, 0.336856, 0.336856, 0.336857, 0.336856, 0.339707, 0.336856, 0.336856
16.2083, 0, 0.337996, 0.335111, 1.41421, -0.337996, 0, 0.335111, 0.335111, 0.335111, 0.335111, 0.335111, 0.335111, 0.335111, 0.335111, 0.335111, 0.335111, 0.335111, 0.335111, 0.335111, 0.335112, 0.335111, 0.337995, 0.335111, 0.335111
16.2162, 0, 0.336289, 0.33337, 1.41421, -0.336289, 0, 0.33337, 0.33337, 0.33337, 0.33337, 0.33337, 0.33337, 0.33337, 0.33337, 0.33337, 0.33337, 0.33337, 0.33337, 0.33337, 0.333372, 0.33337, 0.336287, 0.33337, 0.33337
16.2241, 0, 0.336428, 0.333476, 1.41421, -0.336428, 0, 0.333476, 0.333476, 0.333476, 0.333476, 0.333476, 0.333476, 0.333476, 0.333476, 0.333476, 0.333476, 0.333476, 0.333476, 0.333476, 0.333477, 0.333476, 0.336426, 0.333476, 0.333476
16.232, 0, 0.335728, 0.332743, 1.41421, -0.335728, 0, 0.332743, 0.332743, 0.332743, 0.332743, 0.332743, 0.332743, 0.332743, 0.332743, 0.332743, 0.332743, 0.332743, 0.332743, 0.332743, 0.332744, 0.332743, 0.335727, 0.332743, 0.332743
16.2399, 0, 0.33431, 0.33129, 1.41421, -0.33431, 0, 0.33129, 0.33129, 0.33129, 0.33129, 0.33129, 0.33129, 0.33129, 0.33129, 0.33129, 0.33129, 0.33129, 0.33129, 0.33129, 0.331292, 0.33129, 0.334309, 0.33129, 0.33129
16.2478, 2, 0.332536, 0.329482, 2, 1.66746, 0, 0.329482, 0.329482, 0.329482, 0.329482, 0.329482, 0.329482, 0.329482, 0.329482, 0.329482, 0.329482, 0.329482, 0.329482, 0.329482, 0.329483, 0.329482, 0.332535, 0.329482, 0.329482
16.2556, 0, 0.330768, 0.327678, 1.41421, -0.330768, 0, 0.327678, 0.327678, 0.327678, 0.327678, 0.327678, 0.327678, 0.327678, 0.327678, 0.327678, 0.327678, 0.327678, 0.327678, 0.327678, 0.32768, 0.327678, 0.330766, 0.327678, 0.327678
16.2635, 4, 0.330885, 0.32776, 2.44949, 3.66911, 0, 0.32776, 0.32776, 0.32776, 0.32776, 0.32776, 0.32776, 0.32776, 0.32776, 0.32776, 0.32776, 0.32776, 0.32776, 0.32776, 0.327762, 0.32776, 0.330884, 0.32776, 0.32776
16.2714, 2, 0.33019, 0.327029, 2, 1.66981, 0, 0.327029, 0.327029, 0.327029, 0.327029, 0.327029, 0.327029, 0.327029, 0.327029, 0.327029, 0.327029, 0.327029, 0.327029, 0.327029, 0.32703, 0.327029, 0.330188, 0.327029, 0.327029
16.2793, 2, 0.328792, 0.325594, 2, 1.67121, 0, 0.325594, 0.325594, 0.325594, 0.325594, 0.325594, 0.325594, 0.325594, 0.325594, 0.325594, 0.325594, 0.325594, 0.325594, 0.325594, 0.325596, 0.325594, 0.32879, 0.325594, 0.325594
16.2872, 0, 0.327046, 0.323812, 1.41421, -0.327046, 0, 0.323812, 0.323812, 0.323812, 0.323812, 0.323812, 0.323812, 0.323812, 0.323812, 0.323812, 0.323812, 0.323812, 0.323812, 0.323812, 0.323814, 0.323812, 0.327045, 0.323812, 0.323812
16.2951, 0, 0.325306, 0.322035, 1.41421, -0.325306, 0, 0.322035, 0.322035, 0.322035, 0.322035, 0.322035, 0.322035, 0.322035, 0.322035, 0.322035, 0.322035, 0.322035, 0.322035, 0.322035, 0.322037, 0.322035, 0.325305, 0.322035, 0.322035
16.3029, 0, 0.325279, 0.32197, 1.41421, -0.325279, 0, 0.32197, 0.32197, 0.32197, 0.32197, 0.32197, 0.32197, 0.32197, 0.32197, 0.32197, 0.32197, 0.32197, 0.32197, 0.32197, 0.321971, 0.32197, 0.325278, 0.32197, 0.32197
16.3108, 0, 0.324476, 0.321129, 1.41421, -0.324476, 0, 0.321129, 0.321129, 0.321129, 0.321129, 0.321129, 0.321129, 0.321129, 0.321129, 0.321129, 0.321129, 0.321129, 0.321129, 0.321129, 0.32113, 0.321129, 0.324475, 0.321129, 0.321129
16.3187, 2, 0.323006, 0.319621, 2, 1.67699, 0, 0.319621, 0.319621, 0.319621, 0.319621, 0.319621, 0.319621, 0.319621, 0.319621, 0.319621, 0.319621, 0.319621, 0.319621, 0.319621, 0.319622, 0.319621, 0.323005, 0.319621, 0.319621
16.3266, 2, 0.321207, 0.317783, 2, 1.67879, 0, 0.317783, 0.317783, 0.317783, 0.317783, 0.317783, 0.317783, 0.317783, 0.317783, 0.317783, 0.317783, 0.317783, 0.317783, 0.317783, 0.317784, 0.317783, 0.321206, 0.317783, 0.317783
16.3345, 0, 0.319414, 0.31595, 1.41421, -0.319414, 0, 0.31595, 0.31595, 0.31595, 0.31595, 0.31595, 0.31595, 0.31595, 0.31595, 0.31595, 0.31595, 0.31595, 0.31595, 0.31595, 0.315951, 0.31595, 0.319413, 0.31595, 0.31595
16.3424, 0, 0.31935, 0.315845, 1.41421, -0.31935, 0, 0.315845, 0.315845, 0.315845, 0.315845, 0.315845, 0.315845, 0.315845, 0.315845, 0.315845, 0.315845, 0.315845, 0.315845, 0.315845, 0.315846, 0.315845, 0.319348, 0.315845, 0.315845
16.3502, 0, 0.318546, 0.315001, 1.41421, -0.318546, 0, 0.315001, 0.315001, 0.315001, 0.315001, 0.315001, 0.315001, 0.315001, 0.315001, 0.315001, 0.315001, 0.315001, 0.315001, 0.315001, 0.315002, 0.315001, 0.318545, 0.315001, 0.315001
16.3581, 0, 0.317104, 0.313517, 1.41421, -0.317104, 0, 0.313517, 0.313517, 0.313517, 0.313517, 0.313517, 0.313517, 0.313517, 0.313517, 0.313517, 0.313517, 0.313517, 0.313517, 0.313517, 0.313518, 0.313517, 0.317102, 0.313517, 0.313517
16.366, 2, 0.315345, 0.311717, 2, 1.68465, 0, 0.311717, 0.311717, 0.311717, 0.311717, 0.311717, 0.311717, 0.311717, 0.311717, 0.311717, 0.311717, 0.311717, 0.311717, 0.311717, 0.311719, 0.311717, 0.315344, 0.311717, 0.311717
16.3739, 2, 0.313593, 0.309923, 2, 1.68641, 0, 0.309923, 0.309923, 0.309923, 0.309923, 0.309923, 0.309923, 0.309923, 0.309923, 0.309923, 0.309923, 0.309923, 0.309923, 0.309923, 0.309924, 0.309923, 0.313591, 0.309923, 0.309923
16.3818, 0, 0.313364, 0.309651, 1.41421, -0.313364, 0, 0.309651, 0.309651, 0.309651, 0.309651, 0.309651, 0.309651, 0.309651, 0.309651, 0.309651, 0.309651, 0.309651, 0.309651, 0.309651, 0.309653, 0.309651, 0.313363, 0.309651, 0.309651
16.3897, 0, 0.312447, 0.30869, 1.41421, -0.312447, 0, 0.30869, 0.30869, 0.30869, 0.30869, 0.30869, 0.30869, 0.30869, 0.30869, 0.30869, 0.30869, 0.30869, 0.30869, 0.30869, 0.308692, 0.30869, 0.312445, 0.30869, 0.30869
16.3976, 2, 0.310936, 0.307136, 2, 1.68906, 0, 0.307136, 0.307136, 0.307136, 0.307136, 0.307136, 0.307136, 0.307136, 0.307136, 0.307136, 0.307136, 0.307136, 0.307136, 0.307136, 0.307137, 0.307136, 0.310934, 0.307136, 0.307136
16.4054, 2, 0.309132, 0.305288, 2, 1.69087, 0, 0.305288, 0.305288, 0.305288, 0.305288, 0.305288, 0.305288, 0.305288, 0.305288, 0.305288, 0.305288, 0.305288, 0.305288, 0.305288, 0.305289, 0.305288, 0.309131, 0.305288, 0.305288
16.4133, 0, 0.307335, 0.303446, 1.41421, -0.307335, 0, 0.303446, 0.303446, 0.303446, 0.303446, 0.303446, 0.303446, 0.303446, 0.303446, 0.303446, 0.303446, 0.303446, 0.303446, 0.303446, 0.303447, 0.303446, 0.307333, 0.303446, 0.303446
16.4212, 0, 0.307057, 0.303122, 1.41421, -0.307057, 0, 0.303122, 0.303122, 0.303122, 0.303122, 0.303122, 0.303122, 0.303122, 0.303122, 0.303122, 0.303122, 0.303122, 0.303122, 0.303122, 0.303124, 0.303122, 0.307056, 0.303122, 0.303122
16.4291, 0, 0.306137, 0.302156, 1.41421, -0.306137, 0, 0.302156, 0.302156, 0.302156, 0.302156, 0.302156, 0.302156, 0.302156, 0.302156, 0.302156, 0.302156, 0.302156, 0.302156, 0.302156, 0.302157, 0.302156, 0.306135, 0.302156, 0.302156
16.437, 0, 0.304658, 0.300631, 1.41421, -0.304658, 0, 0.300631, 0.300631, 0.300631, 0.300631, 0.300631, 0.300631, 0.300631, 0.300631, 0.300631, 0.300631, 0.300631, 0.300631, 0.300631, 0.300633, 0.300631, 0.304657, 0.300631, 0.300631
16.4449, 4, 0.302906, 0.298831, 2.44949, 3.69709, 0, 0.298831, 0.298831, 0.298831, 0.298831, 0.298831, 0.298831, 0.298831, 0.298831, 0.298831, 0.298831, 0.298831, 0.298831, 0.298831, 0.298833, 0.298831, 0.302904, 0.298831, 0.298831
16.4527, 0, 0.301159, 0.297037, 1.41421, -0.301159, 0, 0.297037, 0.297037, 0.297037, 0.297037, 0.297037, 0.297037, 0.297037, 0.297037, 0.297037, 0.297037, 0.297037, 0.297037, 0.297037, 0.297038, 0.297037, 0.301158, 0.297037, 0.297037
16.4606, 0, 0.30071, 0.296539, 1.41421, -0.30071, 0, 0.296539, 0.296539, 0.296539, 0.296539, 0.296539, 0.296539, 0.296539, 0.296539, 0.296539, 0.296539, 0.296539, 0.296539, 0.296539, 0.296541, 0.296539, 0.300708, 0.296539, 0.296539
16.4685, 0, 0.299676, 0.295456, 1.41421, -0.299676, 0, 0.295456, 0.295456, 0.295456, 0.295456, 0.295456, 0.295456, 0.295456, 0.295456, 0.295456, 0.295456, 0.295456, 0.295456, 0.295456, 0.295458, 0.295456, 0.299674, 0.295456, 0.295456
16.4764, 2, 0.298137, 0.293868, 2, 1.70186, 0, 0.293868, 0.293868, 0.293868, 0.293868, 0.293868, 0.293868, 0.293868, 0.293868, 0.293868, 0.293868, 0.293868, 0.293868, 0.293868, 0.29387, 0.293868, 0.298136, 0.293868, 0.293868
16.4843, 0, 0.29635, 0.292031, 1.41421, -0.29635, 0, 0.292031, 0.292031, 0.292031, 0.292031, 0.292031, 0.292031, 0.292031, 0.292031, 0.292031, 0.292031, 0.292031, 0.292031, 0.292031, 0.292033, 0.292031, 0.296349, 0.292031, 0.292031
16.4922, 2, 0.29457, 0.2902, 2, 1.70543, 0, 0.2902, 0.2902, 0.2902, 0.2902, 0.2902, 0.2902, 0.2902, 0.2902, 0.2902, 0.2902, 0.2902, 0.2902, 0.2902, 0.290202, 0.2902, 0.294569, 0.2902, 0.2902
16.5, 0, 0.294064, 0.289643, 1.41421, -0.294064, 0, 0.289643, 0.289643, 0.289643, 0.289643, 0.289643, 0.289643, 0.289643, 0.289643, 0.289643, 0.289643, 0.289643, 0.289643, 0.289643, 0.289644, 0.289643, 0.294063, 0.289643, 0.289643
16.5079, 0, 0.293027, 0.288553, 1.41421, -0.293027, 0, 0.288553, 0.288553, 0.288553, 0.288553, 0.288553, 0.288553, 0.288553, 0.288553, 0.288553, 0.288553, 0.288553, 0.288553, 0.288553, 0.288555, 0.288553, 0.293025, 0.288553, 0.288553
16.5158, 4, 0.291526, 0.287, 2.44949, 3.70847, 0, 0.287, 0.287, 0.287, 0.287, 0.287, 0.287, 0.287, 0.287, 0.287, 0.287, 0.287, 0.287, 0.287, 0.287001, 0.287, 0.291525, 0.287, 0.287
16.5237, 2, 0.289799, 0.285219, 2, 1.7102, 0, 0.285219, 0.285219, 0.285219, 0.285219, 0.285219, 0.285219, 0.285219, 0.285219, 0.285219, 0.285219, 0.285219, 0.285219, 0.285219, 0.28522, 0.285219, 0.289797, 0.285219, 0.285219
16.5316, 0, 0.288077, 0.283443, 1.41421, -0.288077, 0, 0.283443, 0.283443, 0.283443, 0.283443, 0.283443, 0.283443, 0.283443, 0.283443, 0.283443, 0.283443, 0.283443, 0.283443, 0.283443, 0.283445, 0.283443, 0.288076, 0.283443, 0.283443
16.5395, 0, 0.287402, 0.282713, 1.41421, -0.287402, 0, 0.282713, 0.282713, 0.282713, 0.282713, 0.282713, 0.282713, 0.282713, 0.282713, 0.282713, 0.282713, 0.282713, 0.282713, 0.282713, 0.282714, 0.282713, 0.2874, 0.282713, 0.282713
16.5473, 0, 0.286258, 0.281514, 1.41421, -0.286258, 0, 0.281514, 0.281514, 0.281514, 0.281514, 0.281514, 0.281514, 0.281514, 0.281514, 0.281514, 0.281514, 0.281514, 0.281514, 0.281514, 0.281515, 0.281514, 0.286257, 0.281514, 0.281514
16.5552, 6, 0.284709, 0.279909, 2.82843, 5.71529, 0, 0.279909, 0.279909, 0.279909, 0.279909, 0.279909, 0.279909, 0.279909, 0.279909, 0.279909, 0.279909, 0.279909, 0.279909, 0.279909, 0.27991, 0.279909, 0.284708, 0.279909, 0.279909
16.5631, 2, 0.282962, 0.278104, 2, 1.71704, 0, 0.278104, 0.278104, 0.278104, 0.278104, 0.278104, 0.278104, 0.278104, 0.278104, 0.278104, 0.278104, 0.278104, 0.278104, 0.278104, 0.278105, 0.278104, 0.28296, 0.278104, 0.278104
16.571, 0, 0.281221, 0.276305, 1.41421, -0.281221, 0, 0.276305, 0.276305, 0.276305, 0.276305, 0.276305, 0.276305, 0.276305, 0.276305, 0.276305, 0.276305, 0.276305, 0.276305, 0.276305, 0.276307, 0.276305, 0.281219, 0.276305, 0.276305
16.5789, 0, 0.280485, 0.275511, 1.41421, -0.280485, 0, 0.275511, 0.275511, 0.275511, 0.275511, 0.275511, 0.275511, 0.275511, 0.275511, 0.275511, 0.275511, 0.275511, 0.275511, 0.275511, 0.275513, 0.275511, 0.280484, 0.275511, 0.275511
16.5868, 0, 0.279338, 0.274305, 1.41421, -0.279338, 0, 0.274305, 0.274305, 0.274305, 0.274305, 0.274305, 0.274305, 0.274305, 0.274305, 0.274305, 0.274305, 0.274305, 0.274305, 0.274305, 0.274307, 0.274305, 0.279337, 0.274305, 0.274305
16.5946, 2, 0.277832, 0.272739, 2, 1.72217, 0, 0.272739, 0.272739, 0.272739, 0.272739, 0.272739, 0.272739, 0.272739, 0.272739, 0.272739, 0.272739, 0.272739, 0.272739, 0.272739, 0.27274, 0.272739, 0.277831, 0.272739, 0.272739
16.6025, 0, 0.27615, 0.270996, 1.41421, -0.27615, 0, 0.270996, 0.270996, 0.270996, 0.270996, 0.270996, 0.270996, 0.270996, 0.270996, 0.270996, 0.270996, 0.270996, 0.270996, 0.270996, 0.270997, 0.270996, 0.276149, 0.270996, 0.270996
16.6104, 0, 0.274474, 0.269259, 1.41421, -0.274474, 0, 0.269259, 0.269259, 0.269259, 0.269259, 0.269259, 0.269259, 0.269259, 0.269259, 0.269259, 0.269259, 0.269259, 0.269259, 0.269259, 0.26926, 0.269259, 0.274473, 0.269259, 0.269259
16.6183, 0, 0.27358, 0.268302, 1.41421, -0.27358, 0, 0.268302, 0.268302, 0.268302, 0.268302, 0.268302, 0.268302, 0.268302, 0.268302, 0.268302, 0.268302, 0.268302, 0.268302, 0.268302, 0.268303, 0.268302, 0.273578, 0.268302, 0.268302
16.6262, 2, 0.27234, 0.266999, 2, 1.72766, 0, 0.266999, 0.266999, 0.266999, 0.266999, 0.266999, 0.266999, 0.266999, 0.266999, 0.266999, 0.266999, 0.266999, 0.266999, 0.266999, 0.267001, 0.266999, 0.272339, 0.266999, 0.266999
16.6341, 2, 0.270801, 0.265395, 2, 1.7292, 0, 0.265395, 0.265395, 0.265395, 0.265395, 0.265395, 0.265395, 0.265395, 0.265395, 0.265395, 0.265395, 0.265395, 0.265395, 0.265395, 0.265397, 0.265395, 0.270799, 0.265395, 0.265395
16.6419, 0, 0.269115, 0.263644, 1.41421, -0.269115, 0, 0.263644, 0.263644, 0.263644, 0.263644, 0.263644, 0.263644, 0.263644, 0.263644, 0.263644, 0.263644, 0.263644, 0.263644, 0.263644, 0.263646, 0.263644, 0.269113, 0.263644, 0.263644
16.6498, 0, 0.267435, 0.261899, 1.41421, -0.267435, 0, 0.261899, 0.261899, 0.261899, 0.261899, 0.261899, 0.261899, 0.261899, 0.261899, 0.261899, 0.261899, 0.261899, 0.261899, 0.261899, 0.261901, 0.261899, 0.267434, 0.261899, 0.261899
16.6577, 0, 0.26648, 0.260877, 1.41421, -0.26648, 0, 0.260877, 0.260877, 0.260877, 0.260877, 0.260877, 0.260877, 0.260877, 0.260877, 0.260877, 0.260877, 0.260877, 0.260877, 0.260877, 0.260879, 0.260877, 0.266478, 0.260877, 0.260877
16.6656, 0, 0.265239, 0.259569, 1.41421, -0.265239, 0, 0.259569, 0.259569, 0.259569, 0.259569, 0.259569, 0.259569, 0.259569, 0.259569, 0.259569, 0.259569, 0.259569, 0.259569, 0.259569, 0.25957, 0.259569, 0.265237, 0.259569, 0.259569
16.6735, 2, 0.263745, 0.258007, 2, 1.73625, 0, 0.258007, 0.258007, 0.258007, 0.258007, 0.258007, 0.258007, 0.258007, 0.258007, 0.258007, 0.258007, 0.258007, 0.258007, 0.258007, 0.258008, 0.258007, 0.263744, 0.258007, 0.258007
16.6814, 0, 0.262129, 0.256322, 1.41421, -0.262129, 0, 0.256322, 0.256322, 0.256322, 0.256322, 0.256322, 0.256322, 0.256322, 0.256322, 0.256322, 0.256322, 0.256322, 0.256322, 0.256322, 0.256323, 0.256322, 0.262128, 0.256322, 0.256322
16.6893, 0, 0.26052, 0.254642, 1.41421, -0.26052, 0, 0.254642, 0.254642, 0.254642, 0.254642, 0.254642, 0.254642, 0.254642, 0.254642, 0.254642, 0.254642, 0.254642, 0.254642, 0.254642, 0.254643, 0.254642, 0.260518, 0.254642, 0.254642
16.6971, 0, 0.259423, 0.253474, 1.41421, -0.259423, 0, 0.253474, 0.253474, 0.253474, 0.253474, 0.253474, 0.253474, 0.253474, 0.253474, 0.253474, 0.253474, 0.253474, 0.253474, 0.253474, 0.253476, 0.253474, 0.259422, 0.253474, 0.253474
16.705, 0, 0.258107, 0.252086, 1.41421, -0.258107, 0, 0.252086, 0.252086, 0.252086, 0.252086, 0.252086, 0.252086, 0.252086, 0.252086, 0.252086, 0.252086, 0.252086, 0.252086, 0.252086, 0.252088, 0.252086, 0.258106, 0.252086, 0.252086
16.7129, 2, 0.256597, 0.250503, 2, 1.7434, 0, 0.250503, 0.250503, 0.250503, 0.250503, 0.250503, 0.250503, 0.250503, 0.250503, 0.250503, 0.250503, 0.250503, 0.250503, 0.250503, 0.250505, 0.250503, 0.256596, 0.250503, 0.250503
16.7208, 0, 0.254994, 0.248826, 1.41421, -0.254994, 0, 0.248826, 0.248826, 0.248826, 0.248826, 0.248826, 0.248826, 0.248826, 0.248826, 0.248826, 0.248826, 0.248826, 0.248826, 0.248826, 0.248828, 0.248826, 0.254993, 0.248826, 0.248826
16.7287, 0, 0.253398, 0.247155, 1.41421, -0.253398, 0, 0.247155, 0.247155, 0.247155, 0.247155, 0.247155, 0.247155, 0.247155, 0.247155, 0.247155, 0.247155, 0.247155, 0.247155, 0.247155, 0.247156, 0.247155, 0.253396, 0.247155, 0.247155
16.7366, 0, 0.252243, 0.245924, 1.41421, -0.252243, 0, 0.245924, 0.245924, 0.245924, 0.245924, 0.245924, 0.245924, 0.245924, 0.245924, 0.245924, 0.245924, 0.245924, 0.245924, 0.245924, 0.245925, 0.245924, 0.252241, 0.245924, 0.245924
16.7444, 0, 0.250927, 0.244531, 1.41421, -0.250927, 0, 0.244531, 0.244531, 0.244531, 0.244531, 0.244531, 0.244531, 0.244531, 0.244531, 0.244531, 0.244531, 0.244531, 0.244531, 0.244531, 0.244533, 0.244531, 0.250926, 0.244531, 0.244531
16.7523, 2, 0.249466, 0.242992, 2, 1.75053, 0, 0.242992, 0.242992, 0.242992, 0.242992, 0.242992, 0.242992, 0.242992, 0.242992, 0.242992, 0.242992, 0.242992, 0.242992, 0.242992, 0.242994, 0.242992, 0.249465, 0.242992, 0.242992
16.7602, 0, 0.247936, 0.241383, 1.41421, -0.247936, 0, 0.241383, 0.241383, 0.241383, 0.241383, 0.241383, 0.241383, 0.241383, 0.241383, 0.241383, 0.241383, 0.241383, 0.241383, 0.241383, 0.241385, 0.241383, 0.247935, 0.241383, 0.241383
16.7681, 0, 0.246413, 0.239779, 1.41421, -0.246413, 0, 0.239779, 0.239779, 0.239779, 0.239779, 0.239779, 0.239779, 0.239779, 0.239779, 0.239779, 0.239779, 0.239779, 0.239779, 0.239779, 0.239781, 0.239779, 0.246411, 0.239779, 0.239779
16.776, 0, 0.245139, 0.238425, 1.41421, -0.245139, 0, 0.238425, 0.238425, 0.238425, 0.238425, 0.238425, 0.238425, 0.238425, 0.238425, 0.238425, 0.238425, 0.238425, 0.238425, 0.238425, 0.238426, 0.238425, 0.245138, 0.238425, 0.238425
16.7839, 2, 0.243769, 0.236972, 2, 1.75623, 0, 0.236972, 0.236972, 0.236972, 0.236972, 0.236972, 0.236972, 0.236972, 0.236972, 0.236972, 0.236972, 0.236972, 0.236972, 0.236972, 0.236974, 0.236972, 0.243768, 0.236972, 0.236972
16.7917, 0, 0.24231, 0.23543, 1.41421, -0.24231, 0, 0.23543, 0.23543, 0.23543, 0.23543, 0.23543, 0.23543, 0.23543, 0.23543, 0.23543, 0.23543, 0.23543, 0.23543, 0.23543, 0.235431, 0.23543, 0.242309, 0.23543, 0.23543
16.7996, 0, 0.24081, 0.233845, 1.41421, -0.24081, 0, 0.233845, 0.233845, 0.233845, 0.233845, 0.233845, 0.233845, 0.233845, 0.233845, 0.233845, 0.233845, 0.233845, 0.233845, 0.233845, 0.233847, 0.233845, 0.240809, 0.233845, 0.233845
16.8075, 2, 0.239317, 0.232266, 2, 1.76068, 0, 0.232266, 0.232266, 0.232266, 0.232266, 0.232266, 0.232266, 0.232266, 0.232266, 0.232266, 0.232266, 0.232266, 0.232266, 0.232266, 0.232267, 0.232266, 0.239316, 0.232266, 0.232266
16.8154, 0, 0.237945, 0.230807, 1.41421, -0.237945, 0, 0.230807, 0.230807, 0.230807, 0.230807, 0.230807, 0.230807, 0.230807, 0.230807, 0.230807, 0.230807, 0.230807, 0.230807, 0.230807, 0.230808, 0.230807, 0.237944, 0.230807, 0.230807
16.8233, 2, 0.236522, 0.229296, 2, 1.76348, 0, 0.229296, 0.229296, 0.229296, 0.229296, 0.229296, 0.229296, 0.229296, 0.229296, 0.229296, 0.229296, 0.229296, 0.229296, 0.229296, 0.229297, 0.229296, 0.236521, 0.229296, 0.229296
16.8312, 2, 0.235049, 0.227733, 2, 1.76495, 0, 0.227733, 0.227733, 0.227733, 0.227733, 0.227733, 0.227733, 0.227733, 0.227733, 0.227733, 0.227733, 0.227733, 0.227733, 0.227733, 0.227735, 0.227733, 0.235047, 0.227733, 0.227733
16.839, 0, 0.233534, 0.226128, 1.41421, -0.233534, 0, 0.226128, 0.226128, 0.226128, 0.226128, 0.226128, 0.226128, 0.226128, 0.226128, 0.226128, 0.226128, 0.226128, 0.226128, 0.226128, 0.226129, 0.226128, 0.233532, 0.226128, 0.226128
16.8469, 4, 0.231992, 0.224494, 2.44949, 3.76801, 0, 0.224494, 0.224494, 0.224494, 0.224494, 0.224494, 0.224494, 0.224494, 0.224494, 0.224494, 0.224494, 0.224494, 0.224494, 0.224494, 0.224496, 0.224494, 0.231991, 0.224494, 0.224494
16.8548, 0, 0.230441, 0.22285, 1.41421, -0.230441, 0, 0.22285, 0.22285, 0.22285, 0.22285, 0.22285, 0.22285, 0.22285, 0.22285, 0.22285, 0.22285, 0.22285, 0.22285, 0.22285, 0.222851, 0.22285, 0.230439, 0.22285, 0.22285
16.8627, 2, 0.228894, 0.221208, 2, 1.77111, 0, 0.221208, 0.221208, 0.221208, 0.221208, 0.221208, 0.221208, 0.221208, 0.221208, 0.221208, 0.221208, 0.221208, 0.221208, 0.221208, 0.22121, 0.221208, 0.228893, 0.221208, 0.221208
16.8706, 2, 0.227334, 0.219552, 2, 1.77267, 0, 0.219552, 0.219552, 0.219552, 0.219552, 0.219552, 0.219552, 0.219552, 0.219552, 0.219552, 0.219552, 0.219552, 0.219552, 0.219552, 0.219553, 0.219552, 0.227332, 0.219552, 0.219552
16.8785, 0, 0.225728, 0.217849, 1.41421, -0.225728, 0, 0.217849, 0.217849, 0.217849, 0.217849, 0.217849, 0.217849, 0.217849, 0.217849, 0.217849, 0.217849, 0.217849, 0.217849, 0.217849, 0.217851, 0.217849, 0.225726, 0.217849, 0.217849
16.8863, 2, 0.224083, 0.216106, 2, 1.77592, 0, 0.216106, 0.216106, 0.216106, 0.216106, 0.216106, 0.216106, 0.216106, 0.216106, 0.216106, 0.216106, 0.216106, 0.216106, 0.216106, 0.216107, 0.216106, 0.224081, 0.216106, 0.216106
16.8942, 0, 0.222423, 0.214345, 1.41421, -0.222423, 0, 0.214345, 0.214345, 0.214345, 0.214345, 0.214345, 0.214345, 0.214345, 0.214345, 0.214345, 0.214345, 0.214345, 0.214345, 0.214345, 0.214347, 0.214345, 0.222421, 0.214345, 0.214345
16.9021, 0, 0.220771, 0.212592, 1.41421, -0.220771, 0, 0.212592, 0.212592, 0.212592, 0.212592, 0.212592, 0.212592, 0.212592, 0.212592, 0.212592, 0.212592, 0.212592, 0.212592, 0.212592, 0.212594, 0.212592, 0.220769, 0.212592, 0.212592
16.91, 2, 0.219217, 0.210936, 2, 1.78078, 0, 0.210936, 0.210936, 0.210936, 0.210936, 0.210936, 0.210936, 0.210936, 0.210936, 0.210936, 0.210936, 0.210936, 0.210936, 0.210936, 0.210938, 0.210936, 0.219216, 0.210936, 0.210936
16.9179, 0, 0.217631, 0.209246, 1.41421, -0.217631, 0, 0.209246, 0.209246, 0.209246, 0.209246, 0.209246, 0.209246, 0.209246, 0.209246, 0.209246, 0.209246, 0.209246, 0.209246, 0.209246, 0.209247, 0.209246, 0.21763, 0.209246, 0.209246
16.9258, 0, 0.216015, 0.207525, 1.41421, -0.216015, 0, 0.207525, 0.207525, 0.207525, 0.207525, 0.207525, 0.207525, 0.207525, 0.207525, 0.207525, 0.207525, 0.207525, 0.207525, 0.207525, 0.207526, 0.207525, 0.216014, 0.207525, 0.207525
16.9337, 0, 0.214368, 0.205771, 1.41421, -0.214368, 0, 0.205771, 0.205771, 0.205771, 0.205771, 0.205771, 0.205771, 0.205771, 0.205771, 0.205771, 0.205771, 0.205771, 0.205771, 0.205771, 0.205772, 0.205771, 0.214367, 0.205771, 0.205771
16.9415, 4, 0.2127, 0.203994, 2.44949, 3.7873, 0, 0.203994, 0.203994, 0.203994, 0.203994, 0.203994, 0.203994, 0.203994, 0.203994, 0.203994, 0.203994, 0.203994, 0.203994, 0.203994, 0.203995, 0.203994, 0.212699, 0.203994, 0.203994
16.9494, 4, 0.211021, 0.202204, 2.44949, 3.78898, 0, 0.202204, 0.202204, 0.202204, 0.202204, 0.202204, 0.202204, 0.202204, 0.202204, 0.202204, 0.202204, 0.202204, 0.202204, 0.202204, 0.202206, 0.202204, 0.211019, 0.202204, 0.202204
16.9573, 0, 0.20932, 0.200391, 1.41421, -0.20932, 0, 0.200391, 0.200391, 0.200391, 0.200391, 0.200391, 0.200391, 0.200391, 0.200391, 0.200391, 0.200391, 0.200391, 0.200391, 0.200391, 0.200393, 0.200391, 0.209318, 0.200391, 0.200391
16.9652, 0, 0.207602, 0.19856, 1.41421, -0.207602, 0, 0.19856, 0.19856, 0.19856, 0.19856, 0.19856, 0.19856, 0.19856, 0.19856, 0.19856, 0.19856, 0.19856, 0.19856, 0.19856, 0.198562, 0.19856, 0.2076, 0.19856, 0.19856
16.9731, 0, 0.205866, 0.196709, 1.41421, -0.205866, 0, 0.196709, 0.196709, 0.196709, 0.196709, 0.196709, 0.196709, 0.196709, 0.196709, 0.196709, 0.196709, 0.196709, 0.196709, 0.196709, 0.196711, 0.196709, 0.205864, 0.196709, 0.196709
16.981, 0, 0.204118, 0.194845, 1.41421, -0.204118, 0, 0.194845, 0.194845, 0.194845, 0.194845, 0.194845, 0.194845, 0.194845, 0.194845, 0.194845, 0.194845, 0.194845, 0.194845, 0.194845, 0.194846, 0.194845, 0.204117, 0.194845, 0.194845
16.9888, 2, 0.20237, 0.192979, 2, 1.79763, 0, 0.192979, 0.192979, 0.192979, 0.192979, 0.192979, 0.192979, 0.192979, 0.192979, 0.192979, 0.192979, 0.192979, 0.192979, 0.192979, 0.19298, 0.192979, 0.202369, 0.192979, 0.192979
16.9967, 0, 0.200633, 0.191122, 1.41421, -0.200633, 0, 0.191122, 0.191122, 0.191122, 0.191122, 0.191122, 0.191122, 0.191122, 0.191122, 0.191122, 0.191122, 0.191122, 0.191122, 0.191122, 0.191123, 0.191122, 0.200632, 0.191122, 0.191122
17.0046, 2, 0.198943, 0.18931, 2, 1.80106, 0, 0.18931, 0.18931, 0.18931, 0.18931, 0.18931, 0.18931, 0.18931, 0.18931, 0.18931, 0.18931, 0.18931, 0.18931, 0.18931, 0.189311, 0.18931, 0.198941, 0.18931, 0.18931
17.0125, 0, 0.197218, 0.187462, 1.41421, -0.197218, 0, 0.187462, 0.187462, 0.187462, 0.187462, 0.187462, 0.187462, 0.187462, 0.187462, 0.187462, 0.187462, 0.187462, 0.187462, 0.187462, 0.187463, 0.187462, 0.197217, 0.187462, 0.187462
17.0204, 0, 0.195466, 0.185584, 1.41421, -0.195466, 0, 0.185584, 0.185584, 0.185584, 0.185584, 0.185584, 0.185584, 0.185584, 0.185584, 0.185584, 0.185584, 0.185584, 0.185584, 0.185584, 0.185585, 0.185584, 0.195464, 0.185584, 0.185584
17.0283, 0, 0.193705, 0.183696, 1.41421, -0.193705, 0, 0.183696, 0.183696, 0.183696, 0.183696, 0.183696, 0.183696, 0.183696, 0.183696, 0.183696, 0.183696, 0.183696, 0.183696, 0.183696, 0.183698, 0.183696, 0.193704, 0.183696, 0.183696
17.0361, 0, 0.191956, 0.181818, 1.41421, -0.191956, 0, 0.181818, 0.181818, 0.181818, 0.181818, 0.181818, 0.181818, 0.181818, 0.181818, 0.181818, 0.181818, 0.181818, 0.181818, 0.181818, 0.18182, 0.181818, 0.191955, 0.181818, 0.181818
17.044, 0, 0.191054, 0.180785, 1.41421, -0.191054, 0, 0.180785, 0.180785, 0.180785, 0.180785, 0.180785, 0.180785, 0.180785, 0.180785, 0.180785, 0.180785, 0.180785, 0.180785, 0.180785, 0.180787, 0.180785, 0.191053, 0.180785, 0.180785
17.0519, 0, 0.190133, 0.179731, 1.41421, -0.190133, 0, 0.179731, 0.179731, 0.179731, 0.179731, 0.179731, 0.179731, 0.179731, 0.179731, 0.179731, 0.179731, 0.179731, 0.179731, 0.179731, 0.179733, 0.179731, 0.190131, 0.179731, 0.179731
17.0598, 0, 0.189217, 0.17868, 1.41421, -0.189217, 0, 0.17868, 0.17868, 0.17868, 0.17868, 0.17868, 0.17868, 0.17868, 0.17868, 0.17868, 0.17868, 0.17868, 0.17868, 0.17868, 0.178682, 0.17868, 0.189215, 0.17868, 0.17868
17.0677, 0, 0.188322, 0.177649, 1.41421, -0.188322, 0, 0.177649, 0.177649, 0.177649, 0.177649, 0.177649, 0.177649, 0.177649, 0.177649, 0.177649, 0.177649, 0.177649, 0.177649, 0.177649, 0.17765, 0.177649, 0.18832, 0.177649, 0.177649
17.0756, 0, 0.187419, 0.176608, 1.41421, -0.187419, 0, 0.176608, 0.176608, 0.176608, 0.176608, 0.176608, 0.176608, 0.176608, 0.176608, 0.176608, 0.176608, 0.176608, 0.176608, 0.176608, 0.176609, 0.176608, 0.187418, 0.176608, 0.176608
17.0834, 0, 0.186482, 0.175529, 1.41421, -0.186482, 0, 0.175529, 0.175529, 0.175529, 0.175529, 0.175529, 0.175529, 0.175529, 0.175529, 0.175529, 0.175529, 0.175529, 0.175529, 0.175529, 0.175531, 0.175529, 0.18648, 0.175529, 0.175529
17.0913, 2, 0.185505, 0.174409, 2, 1.8145, 0, 0.174409, 0.174409, 0.174409, 0.174409, 0.174409, 0.174409, 0.174409, 0.174409, 0.174409, 0.174409, 0.174409, 0.174409, 0.174409, 0.174411, 0.174409, 0.185503, 0.174409, 0.174409
17.0992, 0, 0.184461, 0.17322, 1.41421, -0.184461, 0, 0.17322, 0.17322, 0.17322, 0.17322, 0.17322, 0.17322, 0.17322, 0.17322, 0.17322, 0.17322, 0.17322, 0.17322, 0.17322, 0.173221, 0.17322, 0.184459, 0.17322, 0.17322
17.1071, 0, 0.18336, 0.171972, 1.41421, -0.18336, 0, 0.171972, 0.171972, 0.171972, 0.171972, 0.171972, 0.171972, 0.171972, 0.171972, 0.171972, 0.171972, 0.171972, 0.171972, 0.171972, 0.171974, 0.171972, 0.183359, 0.171972, 0.171972
17.115, 0, 0.182236, 0.170699, 1.41421, -0.182236, 0, 0.170699, 0.170699, 0.170699, 0.170699, 0.170699, 0.170699, 0.170699, 0.170699, 0.170699, 0.170699, 0.170699, 0.170699, 0.170699, 0.1707, 0.170699, 0.182235, 0.170699, 0.170699
17.1229, 0, 0.181119, 0.16943, 1.41421, -0.181119, 0, 0.16943, 0.16943, 0.16943, 0.16943, 0.16943, 0.16943, 0.16943, 0.16943, 0.16943, 0.16943, 0.16943, 0.16943, 0.16943, 0.169431, 0.16943, 0.181118, 0.16943, 0.16943
17.1307, 0, 0.180166, 0.168322, 1.41421, -0.180166, 0, 0.168322, 0.168322, 0.168322, 0.168322, 0.168322, 0.168322, 0.168322, 0.168322, 0.168322, 0.168322, 0.168322, 0.168322, 0.168322, 0.168324, 0.168322, 0.180164, 0.168322, 0.168322
17.1386, 0, 0.179105, 0.167105, 1.41421, -0.179105, 0, 0.167105, 0.167105, 0.167105, 0.167105, 0.167105, 0.167105, 0.167105, 0.167105, 0.167105, 0.167105, 0.167105, 0.167105, 0.167105, 0.167107, 0.167105, 0.179103, 0.167105, 0.167105
17.1465, 2, 0.177939, 0.165781, 2, 1.82206, 0, 0.165781, 0.165781, 0.165781, 0.165781, 0.165781, 0.165781, 0.165781, 0.165781, 0.165781, 0.165781, 0.165781, 0.165781, 0.165781, 0.165782, 0.165781, 0.177938, 0.165781, 0.165781
17.1544, 0, 0.176726, 0.164406, 1.41421, -0.176726, 0, 0.164406, 0.164406, 0.164406, 0.164406, 0.164406, 0.164406, 0.164406, 0.164406, 0.164406, 0.164406, 0.164406, 0.164406, 0.164406, 0.164407, 0.164406, 0.176724, 0.164406, 0.164406
17.1623, 0, 0.17552, 0.163036, 1.41421, -0.17552, 0, 0.163036, 0.163036, 0.163036, 0.163036, 0.163036, 0.163036, 0.163036, 0.163036, 0.163036, 0.163036, 0.163036, 0.163036, 0.163036, 0.163038, 0.163036, 0.175519, 0.163036, 0.163036
17.1702, 0, 0.174659, 0.162009, 1.41421, -0.174659, 0, 0.162009, 0.162009, 0.162009, 0.162009, 0.162009, 0.162009, 0.162009, 0.162009, 0.162009, 0.162009, 0.162009, 0.162009, 0.162009, 0.16201, 0.162009, 0.174657, 0.162009, 0.162009
17.1781, 0, 0.173653, 0.160833, 1.41421, -0.173653, 0, 0.160833, 0.160833, 0.160833, 0.160833, 0.160833, 0.160833, 0.160833, 0.160833, 0.160833, 0.160833, 0.160833, 0.160833, 0.160833, 0.160835, 0.160833, 0.173651, 0.160833, 0.160833
17.1859, 0, 0.17251, 0.159519, 1.41421, -0.17251, 0, 0.159519, 0.159519, 0.159519, 0.159519, 0.159519, 0.159519, 0.159519, 0.159519, 0.159519, 0.159519, 0.159519, 0.159519, 0.159519, 0.159521, 0.159519, 0.172508, 0.159519, 0.159519
17.1938, 2, 0.171304, 0.158139, 2, 1.8287, 0, 0.158139, 0.158139, 0.158139, 0.158139, 0.158139, 0.158139, 0.158139, 0.158139, 0.158139, 0.158139, 0.158139, 0.158139, 0.158139, 0.158141, 0.158139, 0.171303, 0.158139, 0.158139
17.2017, 2, 0.170108, 0.156766, 2, 1.82989, 0, 0.156766, 0.156766, 0.156766, 0.156766, 0.156766, 0.156766, 0.156766, 0.156766, 0.156766, 0.156766, 0.156766, 0.156766, 0.156766, 0.156767, 0.156766, 0.170106, 0.156766, 0.156766
17.2096, 0, 0.169252, 0.155731, 1.41421, -0.169252, 0, 0.155731, 0.155731, 0.155731, 0.155731, 0.155731, 0.155731, 0.155731, 0.155731, 0.155731, 0.155731, 0.155731, 0.155731, 0.155731, 0.155732, 0.155731, 0.169251, 0.155731, 0.155731
17.2175, 0, 0.168208, 0.154504, 1.41421, -0.168208, 0, 0.154504, 0.154504, 0.154504, 0.154504, 0.154504, 0.154504, 0.154504, 0.154504, 0.154504, 0.154504, 0.154504, 0.154504, 0.154504, 0.154505, 0.154504, 0.168207, 0.154504, 0.154504
17.2254, 0, 0.166987, 0.153097, 1.41421, -0.166987, 0, 0.153097, 0.153097, 0.153097, 0.153097, 0.153097, 0.153097, 0.153097, 0.153097, 0.153097, 0.153097, 0.153097, 0.153097, 0.153097, 0.153099, 0.153097, 0.166986, 0.153097, 0.153097
17.2332, 0, 0.165684, 0.151606, 1.41421, -0.165684, 0, 0.151606, 0.151606, 0.151606, 0.151606, 0.151606, 0.151606, 0.151606, 0.151606, 0.151606, 0.151606, 0.151606, 0.151606, 0.151606, 0.151607, 0.151606, 0.165682, 0.151606, 0.151606
17.2411, 0, 0.164391, 0.150121, 1.41421, -0.164391, 0, 0.150121, 0.150121, 0.150121, 0.150121, 0.150121, 0.150121, 0.150121, 0.150121, 0.150121, 0.150121, 0.150121, 0.150121, 0.150121, 0.150123, 0.150121, 0.164389, 0.150121, 0.150121
17.249, 0, 0.163658, 0.149194, 1.41421, -0.163658, 0, 0.149194, 0.149194, 0.149194, 0.149194, 0.149194, 0.149194, 0.149194, 0.149194, 0.149194, 0.149194, 0.149194, 0.149194, 0.149194, 0.149196, 0.149194, 0.163656, 0.149194, 0.149194
17.2569, 4, 0.162684, 0.148022, 2.44949, 3.83732, 0, 0.148022, 0.148022, 0.148022, 0.148022, 0.148022, 0.148022, 0.148022, 0.148022, 0.148022, 0.148022, 0.148022, 0.148022, 0.148022, 0.148024, 0.148022, 0.162682, 0.148022, 0.148022
17.2648, 0, 0.161486, 0.146625, 1.41421, -0.161486, 0, 0.146625, 0.146625, 0.146625, 0.146625, 0.146625, 0.146625, 0.146625, 0.146625, 0.146625, 0.146625, 0.146625, 0.146625, 0.146625, 0.146626, 0.146625, 0.161485, 0.146625, 0.146625
17.2727, 0, 0.160184, 0.145119, 1.41421, -0.160184, 0, 0.145119, 0.145119, 0.145119, 0.145119, 0.145119, 0.145119, 0.145119, 0.145119, 0.145119, 0.145119, 0.145119, 0.145119, 0.145119, 0.14512, 0.145119, 0.160183, 0.145119, 0.145119
17.2805, 0, 0.158893, 0.14362, 1.41421, -0.158893, 0, 0.14362, 0.14362, 0.14362, 0.14362, 0.14362, 0.14362, 0.14362, 0.14362, 0.14362, 0.14362, 0.14362, 0.14362, 0.14362, 0.143622, 0.14362, 0.158891, 0.14362, 0.14362
17.2884, 2, 0.158146, 0.142663, 2, 1.84185, 0, 0.142663, 0.142663, 0.142663, 0.142663, 0.142663, 0.142663, 0.142663, 0.142663, 0.142663, 0.142663, 0.142663, 0.142663, 0.142663, 0.142665, 0.142663, 0.158144, 0.142663, 0.142663
17.2963, 2, 0.157119, 0.141423, 2, 1.84288, 0, 0.141423, 0.141423, 0.141423, 0.141423, 0.141423, 0.141423, 0.141423, 0.141423, 0.141423, 0.141423, 0.141423, 0.141423, 0.141423, 0.141424, 0.141423, 0.157117, 0.141423, 0.141423
17.3042, 0, 0.155832, 0.139919, 1.41421, -0.155832, 0, 0.139919, 0.139919, 0.139919, 0.139919, 0.139919, 0.139919, 0.139919, 0.139919, 0.139919, 0.139919, 0.139919, 0.139919, 0.139919, 0.139921, 0.139919, 0.155831, 0.139919, 0.139919
17.3121, 2, 0.154423, 0.13829, 2, 1.84558, 0, 0.13829, 0.13829, 0.13829, 0.13829, 0.13829, 0.13829, 0.13829, 0.13829, 0.13829, 0.13829, 0.13829, 0.13829, 0.13829, 0.138292, 0.13829, 0.154422, 0.13829, 0.13829
17.32, 0, 0.153028, 0.136671, 1.41421, -0.153028, 0, 0.136671, 0.136671, 0.136671, 0.136671, 0.136671, 0.136671, 0.136671, 0.136671, 0.136671, 0.136671, 0.136671, 0.136671, 0.136671, 0.136672, 0.136671, 0.153026, 0.136671, 0.136671
17.3278, 0, 0.152403, 0.135819, 1.41421, -0.152403, 0, 0.135819, 0.135819, 0.135819, 0.135819, 0.135819, 0.135819, 0.135819, 0.135819, 0.135819, 0.135819, 0.135819, 0.135819, 0.135819, 0.135821, 0.135819, 0.152401, 0.135819, 0.135819
17.3357, 0, 0.151451, 0.134637, 1.41421, -0.151451, 0, 0.134637, 0.134637, 0.134637, 0.134637, 0.134637, 0.134637, 0.134637, 0.134637, 0.134637, 0.134637, 0.134637, 0.134637, 0.134637, 0.134638, 0.134637, 0.15145, 0.134637, 0.134637
17.3436, 2, 0.150198, 0.133149, 2, 1.8498, 0, 0.133149, 0.133149, 0.133149, 0.133149, 0.133149, 0.133149, 0.133149, 0.133149, 0.133149, 0.133149, 0.133149, 0.133149, 0.133149, 0.133151, 0.133149, 0.150197, 0.133149, 0.133149
17.3515, 0, 0.148804, 0.131517, 1.41421, -0.148804, 0, 0.131517, 0.131517, 0.131517, 0.131517, 0.131517, 0.131517, 0.131517, 0.131517, 0.131517, 0.131517, 0.131517, 0.131517, 0.131517, 0.131518, 0.131517, 0.148802, 0.131517, 0.131517
17.3594, 0, 0.147423, 0.129894, 1.41421, -0.147423, 0, 0.129894, 0.129894, 0.129894, 0.129894, 0.129894, 0.129894, 0.129894, 0.129894, 0.129894, 0.129894, 0.129894, 0.129894, 0.129894, 0.129895, 0.129894, 0.147421, 0.129894, 0.129894
17.3673, 0, 0.146769, 0.128994, 1.41421, -0.146769, 0, 0.128994, 0.128994, 0.128994, 0.128994, 0.128994, 0.128994, 0.128994, 0.128994, 0.128994, 0.128994, 0.128994, 0.128994, 0.128994, 0.128996, 0.128994, 0.146768, 0.128994, 0.128994
17.3751, 0, 0.145757, 0.127733, 1.41421, -0.145757, 0, 0.127733, 0.127733, 0.127733, 0.127733, 0.127733, 0.127733, 0.127733, 0.127733, 0.127733, 0.127733, 0.127733, 0.127733, 0.127733, 0.127734, 0.127733, 0.145756, 0.127733, 0.127733
17.383, 0, 0.144415, 0.126137, 1.41421, -0.144415, 0, 0.126137, 0.126137, 0.126137, 0.126137, 0.126137, 0.126137, 0.126137, 0.126137, 0.126137, 0.126137, 0.126137, 0.126137, 0.126137, 0.126139, 0.126137, 0.144414, 0.126137, 0.126137
17.3909, 2, 0.142919, 0.124383, 2, 1.85708, 0, 0.124383, 0.124383, 0.124383, 0.124383, 0.124383, 0.124383, 0.124383, 0.124383, 0.124383, 0.124383, 0.124383, 0.124383, 0.124383, 0.124384, 0.124383, 0.142917, 0.124383, 0.124383
17.3988, 0, 0.141439, 0.122641, 1.41421, -0.141439, 0, 0.122641, 0.122641, 0.122641, 0.122641, 0.122641, 0.122641, 0.122641, 0.122641, 0.122641, 0.122641, 0.122641, 0.122641, 0.122641, 0.122642, 0.122641, 0.141437, 0.122641, 0.122641
17.4067, 0, 0.140907, 0.121843, 1.41421, -0.140907, 0, 0.121843, 0.121843, 0.121843, 0.121843, 0.121843, 0.121843, 0.121843, 0.121843, 0.121843, 0.121843, 0.121843, 0.121843, 0.121843, 0.121845, 0.121843, 0.140906, 0.121843, 0.121843
17.4146, 0, 0.139977, 0.120643, 1.41421, -0.139977, 0, 0.120643, 0.120643, 0.120643, 0.120643, 0.120643, 0.120643, 0.120643, 0.120643, 0.120643, 0.120643, 0.120643, 0.120643, 0.120643, 0.120644, 0.120643, 0.139976, 0.120643, 0.120643
17.4224, 0, 0.138683, 0.119073, 1.41421, -0.138683, 0, 0.119073, 0.119073, 0.119073, 0.119073, 0.119073, 0.119073, 0.119073, 0.119073, 0.119073, 0.119073, 0.119073, 0.119073, 0.119073, 0.119075, 0.119073, 0.138682, 0.119073, 0.119073
17.4303, 2, 0.137218, 0.117328, 2, 1.86278, 0, 0.117328, 0.117328, 0.117328, 0.117328, 0.117328, 0.117328, 0.117328, 0.117328, 0.117328, 0.117328, 0.117328, 0.117328, 0.117328, 0.11733, 0.117328, 0.137216, 0.117328, 0.117328
17.4382, 2, 0.13577, 0.115596, 2, 1.86423, 0, 0.115596, 0.115596, 0.115596, 0.115596, 0.115596, 0.115596, 0.115596, 0.115596, 0.115596, 0.115596, 0.115596, 0.115596, 0.115596, 0.115597, 0.115596, 0.135768, 0.115596, 0.115596
17.4461, 0, 0.135204, 0.114741, 1.41421, -0.135204, 0, 0.114741, 0.114741, 0.114741, 0.114741, 0.114741, 0.114741, 0.114741, 0.114741, 0.114741, 0.114741, 0.114741, 0.114741, 0.114741, 0.114742, 0.114741, 0.135202, 0.114741, 0.114741
17.454, 2, 0.134218, 0.11346, 2, 1.86578, 0, 0.11346, 0.11346, 0.11346, 0.11346, 0.11346, 0.11346, 0.11346, 0.11346, 0.11346, 0.11346, 0.11346, 0.11346, 0.11346, 0.113462, 0.11346, 0.134216, 0.11346, 0.11346
17.4619, 0, 0.132846, 0.11179, 1.41421, -0.132846, 0, 0.11179, 0.11179, 0.11179, 0.11179, 0.11179, 0.11179, 0.11179, 0.11179, 0.11179, 0.11179, 0.11179, 0.11179, 0.11179, 0.111792, 0.11179, 0.132845, 0.11179, 0.11179
17.4698, 0, 0.131296, 0.109935, 1.41421, -0.131296, 0, 0.109935, 0.109935, 0.109935, 0.109935, 0.109935, 0.109935, 0.109935, 0.109935, 0.109935, 0.109935, 0.109935, 0.109935, 0.109935, 0.109936, 0.109935, 0.131294, 0.109935, 0.109935
17.4776, 0, 0.129765, 0.108095, 1.41421, -0.129765, 0, 0.108095, 0.108095, 0.108095, 0.108095, 0.108095, 0.108095, 0.108095, 0.108095, 0.108095, 0.108095, 0.108095, 0.108095, 0.108095, 0.108097, 0.108095, 0.129764, 0.108095, 0.108095
17.4855, 0, 0.129322, 0.107337, 1.41421, -0.129322, 0, 0.107337, 0.107337, 0.107337, 0.107337, 0.107337, 0.107337, 0.107337, 0.107337, 0.107337, 0.107337, 0.107337, 0.107337, 0.107337, 0.107339, 0.107337, 0.129321, 0.107337, 0.107337
17.4934, 2, 0.128427, 0.106122, 2, 1.87157, 0, 0.106122, 0.106122, 0.106122, 0.106122, 0.106122, 0.106122, 0.106122, 0.106122, 0.106122, 0.106122, 0.106122, 0.106122, 0.106122, 0.106124, 0.106122, 0.128426, 0.106122, 0.106122
17.5013, 0, 0.127121, 0.10449, 1.41421, -0.127121, 0, 0.10449, 0.10449, 0.10449, 0.10449, 0.10449, 0.10449, 0.10449, 0.10449, 0.10449, 0.10449, 0.10449, 0.10449, 0.10449, 0.104491, 0.10449, 0.127119, 0.10449, 0.10449
17.5092, 2, 0.125623, 0.10266, 2, 1.87438, 0, 0.10266, 0.10266, 0.10266, 0.10266, 0.10266, 0.10266, 0.10266, 0.10266, 0.10266, 0.10266, 0.10266, 0.10266, 0.10266, 0.102661, 0.10266, 0.125621, 0.10266, 0.10266
17.5171, 0, 0.124146, 0.100846, 1.41421, -0.124146, 0, 0.100846, 0.100846, 0.100846, 0.100846, 0.100846, 0.100846, 0.100846, 0.100846, 0.100846, 0.100846, 0.100846, 0.100846, 0.100846, 0.100848, 0.100846, 0.124145, 0.100846, 0.100846
17.5249, 2, 0.123673, 0.100029, 2, 1.87633, 0, 0.100029, 0.100029, 0.100029, 0.100029, 0.100029, 0.100029, 0.100029, 0.100029, 0.100029, 0.100029, 0.100029, 0.100029, 0.100029, 0.10003, 0.100029, 0.123671, 0.100029, 0.100029
17.5328, 0, 0.122735, 0.0987412, 1.41421, -0.122735, 0, 0.0987412, 0.0987412, 0.0987412, 0.0987412, 0.0987412, 0.0987412, 0.0987412, 0.0987412, 0.0987412, 0.0987412, 0.0987412, 0.0987412, 0.0987412, 0.0987428, 0.0987412, 0.122733, 0.0987412, 0.0987412
17.5407, 0, 0.121374, 0.097024, 1.41421, -0.121374, 0, 0.097024, 0.097024, 0.097024, 0.097024, 0.097024, 0.097024, 0.097024, 0.097024, 0.097024, 0.097024, 0.097024, 0.097024, 0.097024, 0.0970256, 0.097024, 0.121372, 0.097024, 0.097024
17.5486, 2, 0.119817, 0.0951053, 2, 1.88018, 0, 0.0951053, 0.0951053, 0.0951053, 0.0951053, 0.0951053, 0.0951053, 0.0951053, 0.0951053, 0.0951053, 0.0951053, 0.0951053, 0.0951053, 0.0951053, 0.0951069, 0.0951053, 0.119815, 0.0951053, 0.0951053
17.5565, 0, 0.118286, 0.0932057, 1.41421, -0.118286, 0, 0.0932057, 0.0932057, 0.0932057, 0.0932057, 0.0932057, 0.0932057, 0.0932057, 0.0932057, 0.0932057, 0.0932057, 0.0932057, 0.0932057, 0.0932057, 0.0932073, 0.0932057, 0.118285, 0.0932057, 0.0932057
17.5644, 0, 0.117936, 0.0924801, 1.41421, -0.117936, 0, 0.0924801, 0.0924801, 0.0924801, 0.0924801, 0.0924801, 0.0924801, 0.0924801, 0.0924801, 0.0924801, 0.0924801, 0.0924801, 0.0924801, 0.0924801, 0.0924817, 0.0924801, 0.117935, 0.0924801, 0.0924801
17.5722, 0, 0.117101, 0.0912622, 1.41421, -0.117101, 0, 0.0912622, 0.0912622, 0.0912622, 0.0912622, 0.0912622, 0.0912622, 0.0912622, 0.0912622, 0.0912622, 0.0912622, 0.0912622, 0.0912622, 0.0912622, 0.0912638, 0.0912622, 0.117099, 0.0912622, 0.0912622
17.5801, 0, 0.115825, 0.0895969, 1.41421, -0.115825, 0, 0.0895969, 0.0895969, 0.0895969, 0.0895969, 0.0895969, 0.0895969, 0.0895969, 0.0895969, 0.0895969, 0.0895969, 0.0895969, 0.0895969, 0.0895969, 0.0895985, 0.0895969, 0.115824, 0.0895969, 0.0895969
17.588, 4, 0.114347, 0.0877216, 2.44949, 3.88565, 0, 0.0877216, 0.0877216, 0.0877216, 0.0877216, 0.0877216, 0.0877216, 0.0877216, 0.0877216, 0.0877216, 0.0877216, 0.0877216, 0.0877216, 0.0877216, 0.0877232, 0.0877216, 0.114345, 0.0877216, 0.0877216
17.5959, 0, 0.112895, 0.0858661, 1.41421, -0.112895, 0, 0.0858661, 0.0858661, 0.0858661, 0.0858661, 0.0858661, 0.0858661, 0.0858661, 0.0858661, 0.0858661, 0.0858661, 0.0858661, 0.0858661, 0.0858661, 0.0858678, 0.0858661, 0.112894, 0.0858661, 0.0858661
17.6038, 2, 0.112527, 0.0850861, 2, 1.88747, 0, 0.0850861, 0.0850861, 0.0850861, 0.0850861, 0.0850861, 0.0850861, 0.0850861, 0.0850861, 0.0850861, 0.0850861, 0.0850861, 0.0850861, 0.0850861, 0.0850877, 0.0850861, 0.112525, 0.0850861, 0.0850861
17.6117, 0, 0.111671, 0.0838107, 1.41421, -0.111671, 0, 0.0838107, 0.0838107, 0.0838107, 0.0838107, 0.0838107, 0.0838107, 0.0838107, 0.0838107, 0.0838107, 0.0838107, 0.0838107, 0.0838107, 0.0838107, 0.0838123, 0.0838107, 0.111669, 0.0838107, 0.0838107
17.6195, 0, 0.110373, 0.0820848, 1.41421, -0.110373, 0, 0.0820848, 0.0820848, 0.0820848, 0.0820848, 0.0820848, 0.0820848, 0.0820848, 0.0820848, 0.0820848, 0.0820848, 0.0820848, 0.0820848, 0.0820848, 0.0820864, 0.0820848, 0.110371, 0.0820848, 0.0820848
17.6274, 2, 0.108873, 0.0801498, 2, 1.89113, 0, 0.0801498, 0.0801498, 0.0801498, 0.0801498, 0.0801498, 0.0801498, 0.0801498, 0.0801498, 0.0801498, 0.0801498, 0.0801498, 0.0801498, 0.0801498, 0.0801514, 0.0801498, 0.108872, 0.0801498, 0.0801498
17.6353, 2, 0.107405, 0.0782378, 2, 1.8926, 0, 0.0782378, 0.0782378, 0.0782378, 0.0782378, 0.0782378, 0.0782378, 0.0782378, 0.0782378, 0.0782378, 0.0782378, 0.0782378, 0.0782378, 0.0782378, 0.0782394, 0.0782378, 0.107403, 0.0782378, 0.0782378
17.6432, 0, 0.107164, 0.0775438, 1.41421, -0.107164, 0, 0.0775438, 0.0775438, 0.0775438, 0.0775438, 0.0775438, 0.0775438, 0.0775438, 0.0775438, 0.0775438, 0.0775438, 0.0775438, 0.0775438, 0.0775438, 0.0775455, 0.0775438, 0.107162, 0.0775438, 0.0775438
17.6511, 0, 0.106424, 0.0763431, 1.41421, -0.106424, 0, 0.0763431, 0.0763431, 0.0763431, 0.0763431, 0.0763431, 0.0763431, 0.0763431, 0.0763431, 0.0763431, 0.0763431, 0.0763431, 0.0763431, 0.0763431, 0.0763448, 0.0763431, 0.106423, 0.0763431, 0.0763431
17.659, 0, 0.105235, 0.074684, 1.41421, -0.105235, 0, 0.074684, 0.074684, 0.074684, 0.074684, 0.074684, 0.074684, 0.074684, 0.074684, 0.074684, 0.074684, 0.074684, 0.074684, 0.074684, 0.0746856, 0.074684, 0.105234, 0.074684, 0.074684
17.6668, 0, 0.103843, 0.0728122, 1.41421, -0.103843, 0, 0.0728122, 0.0728122, 0.0728122, 0.0728122, 0.0728122, 0.0728122, 0.0728122, 0.0728122, 0.0728122, 0.0728122, 0.0728122, 0.0728122, 0.0728122, 0.0728139, 0.0728122, 0.103842, 0.0728122, 0.0728122
17.6747, 0, 0.102484, 0.0709642, 1.41421, -0.102484, 0, 0.0709642, 0.0709642, 0.0709642, 0.0709642, 0.0709642, 0.0709642, 0.0709642, 0.0709642, 0.0709642, 0.0709642, 0.0709642, 0.0709642, 0.0709642, 0.0709659, 0.0709642, 0.102483, 0.0709642, 0.0709642
17.6826, 2, 0.102246, 0.0702267, 2, 1.89775, 0, 0.0702267, 0.0702267, 0.0702267, 0.0702267, 0.0702267, 0.0702267, 0.0702267, 0.0702267, 0.0702267, 0.0702267, 0.0702267, 0.0702267, 0.0702267, 0.0702283, 0.0702267, 0.102244, 0.0702267, 0.0702267
17.6905, 2, 0.101517, 0.0689892, 2, 1.89848, 0, 0.0689892, 0.0689892, 0.0689892, 0.0689892, 0.0689892, 0.0689892, 0.0689892, 0.0689892, 0.0689892, 0.0689892, 0.0689892, 0.0689892, 0.0689892, 0.0689908, 0.0689892, 0.101516, 0.0689892, 0.0689892
17.6984, 0, 0.100347, 0.0672997, 1.41421, -0.100347, 0, 0.0672997, 0.0672997, 0.0672997, 0.0672997, 0.0672997, 0.0672997, 0.0672997, 0.0672997, 0.0672997, 0.0672997, 0.0672997, 0.0672997, 0.0672997, 0.0673014, 0.0672997, 0.100345, 0.0672997, 0.0672997
17.7063, 2, 0.0989805, 0.0654032, 2, 1.90102, 0, 0.0654032, 0.0654032, 0.0654032, 0.0654032, 0.0654032, 0.0654032, 0.0654032, 0.0654032, 0.0654032, 0.0654032, 0.0654032, 0.0654032, 0.0654032, 0.0654048, 0.0654032, 0.0989788, 0.0654032, 0.0654032
17.7142, 0, 0.0976519, 0.0635337, 1.41421, -0.0976519, 0, 0.0635337, 0.0635337, 0.0635337, 0.0635337, 0.0635337, 0.0635337, 0.0635337, 0.0635337, 0.0635337, 0.0635337, 0.0635337, 0.0635337, 0.0635337, 0.0635354, 0.0635337, 0.0976503, 0.0635337, 0.0635337
17.722, 0, 0.0975466, 0.0628764, 1.41421, -0.0975466, 0, 0.0628764, 0.0628764, 0.0628764, 0.0628764, 0.0628764, 0.0628764, 0.0628764, 0.0628764, 0.0628764, 0.0628764, 0.0628764, 0.0628764, 0.0628764, 0.062878, 0.0628764, 0.0975449, 0.0628764, 0.0628764
17.7299, 0, 0.0969529, 0.061719, 1.41421, -0.0969529, 0, 0.061719, 0.061719, 0.061719, 0.061719, 0.061719, 0.061719, 0.061719, 0.061719, 0.061719, 0.061719, 0.061719, 0.061719, 0.061719, 0.0617207, 0.061719, 0.0969513, 0.061719, 0.061719
17.7378, 0, 0.0959211, 0.0601117, 1.41421, -0.0959211, 0, 0.0601117, 0.0601117, 0.0601117, 0.0601117, 0.0601117, 0.0601117, 0.0601117, 0.0601117, 0.0601117, 0.0601117, 0.0601117, 0.0601117, 0.0601117, 0.0601134, 0.0601117, 0.0959194, 0.0601117, 0.0601117
17.7457, 0, 0.094696, 0.058299, 1.41421, -0.094696, 0, 0.058299, 0.058299, 0.058299, 0.058299, 0.058299, 0.058299, 0.058299, 0.058299, 0.058299, 0.058299, 0.058299, 0.058299, 0.058299, 0.0583007, 0.058299, 0.0946944, 0.058299, 0.058299
17.7536, 0, 0.0935114, 0.0565141, 1.41421, -0.0935114, 0, 0.0565141, 0.0565141, 0.0565141, 0.0565141, 0.0565141, 0.0565141, 0.0565141, 0.0565141, 0.0565141, 0.0565141, 0.0565141, 0.0565141, 0.0565141, 0.0565157, 0.0565141, 0.0935098, 0.0565141, 0.0565141
17.7615, 0, 0.093439, 0.0558283, 1.41421, -0.093439, 0, 0.0558283, 0.0558283, 0.0558283, 0.0558283, 0.0558283, 0.0558283, 0.0558283, 0.0558283, 0.0558283, 0.0558283, 0.0558283, 0.0558283, 0.0558283, 0.05583, 0.0558283, 0.0934373, 0.0558283, 0.0558283
17.7693, 0, 0.0928961, 0.0546589, 1.41421, -0.0928961, 0, 0.0546589, 0.0546589, 0.0546589, 0.0546589, 0.0546589, 0.0546589, 0.0546589, 0.0546589, 0.0546589, 0.0546589, 0.0546589, 0.0546589, 0.0546589, 0.0546605, 0.0546589, 0.0928944, 0.0546589, 0.0546589
17.7772, 0, 0.0919323, 0.053055, 1.41421, -0.0919323, 0, 0.053055, 0.053055, 0.053055, 0.053055, 0.053055, 0.053055, 0.053055, 0.053055, 0.053055, 0.053055, 0.053055, 0.053055, 0.053055, 0.0530567, 0.053055, 0.0919307, 0.053055, 0.053055
17.7851, 2, 0.0907874, 0.0512558, 2, 1.90921, 0, 0.0512558, 0.0512558, 0.0512558, 0.0512558, 0.0512558, 0.0512558, 0.0512558, 0.0512558, 0.0512558, 0.0512558, 0.0512558, 0.0512558, 0.0512558, 0.0512575, 0.0512558, 0.0907857, 0.0512558, 0.0512558
17.793, 0, 0.0896877, 0.0494876, 1.41421, -0.0896877, 0, 0.0494876, 0.0494876, 0.0494876, 0.0494876, 0.0494876, 0.0494876, 0.0494876, 0.0494876, 0.0494876, 0.0494876, 0.0494876, 0.0494876, 0.0494876, 0.0494892, 0.0494876, 0.0896861, 0.0494876, 0.0494876
17.8009, 0, 0.0897602, 0.0488764, 1.41421, -0.0897602, 0, 0.0488764, 0.0488764, 0.0488764, 0.0488764, 0.0488764, 0.0488764, 0.0488764, 0.0488764, 0.0488764, 0.0488764, 0.0488764, 0.0488764, 0.0488764, 0.0488781, 0.0488764, 0.0897586, 0.0488764, 0.0488764
17.8088, 0, 0.0893751, 0.0477925, 1.41421, -0.0893751, 0, 0.0477925, 0.0477925, 0.0477925, 0.0477925, 0.0477925, 0.0477925, 0.0477925, 0.0477925, 0.0477925, 0.0477925, 0.0477925, 0.0477925, 0.0477925, 0.0477942, 0.0477925, 0.0893734, 0.0477925, 0.0477925
17.8166, 0, 0.0885835, 0.0462862, 1.41421, -0.0885835, 0, 0.0462862, 0.0462862, 0.0462862, 0.0462862, 0.0462862, 0.0462862, 0.0462862, 0.0462862, 0.0462862, 0.0462862, 0.0462862, 0.0462862, 0.0462862, 0.0462879, 0.0462862, 0.0885818, 0.0462862, 0.0462862
17.8245, 2, 0.087619, 0.044591, 2, 1.91238, 0, 0.044591, 0.044591, 0.044591, 0.044591, 0.044591, 0.044591, 0.044591, 0.044591, 0.044591, 0.044591, 0.044591, 0.044591, 0.044591, 0.0445927, 0.044591, 0.0876173, 0.044591, 0.044591
17.8324, 0, 0.0867027, 0.0429274, 1.41421, -0.0867027, 0, 0.0429274, 0.0429274, 0.0429274, 0.0429274, 0.0429274, 0.0429274, 0.0429274, 0.0429274, 0.0429274, 0.0429274, 0.0429274, 0.0429274, 0.0429274, 0.042929, 0.0429274, 0.086701, 0.0429274, 0.0429274
17.8403, 0, 0.0868457, 0.0423057, 1.41421, -0.0868457, 0, 0.0423057, 0.0423057, 0.0423057, 0.0423057, 0.0423057, 0.0423057, 0.0423057, 0.0423057, 0.0423057, 0.0423057, 0.0423057, 0.0423057, 0.0423057, 0.0423074, 0.0423057, 0.086844, 0.0423057, 0.0423057
17.8482, 0, 0.0865583, 0.0412363, 1.41421, -0.0865583, 0, 0.0412363, 0.0412363, 0.0412363, 0.0412363, 0.0412363, 0.0412363, 0.0412363, 0.0412363, 0.0412363, 0.0412363, 0.0412363, 0.0412363, 0.0412363, 0.041238, 0.0412363, 0.0865566, 0.0412363, 0.0412363
17.8561, 0, 0.0858907, 0.0397682, 1.41421, -0.0858907, 0, 0.0397682, 0.0397682, 0.0397682, 0.0397682, 0.0397682, 0.0397682, 0.0397682, 0.0397682, 0.0397682, 0.0397682, 0.0397682, 0.0397682, 0.0397682, 0.0397699, 0.0397682, 0.085889, 0.0397682, 0.0397682
17.8639, 0, 0.0850664, 0.038125, 1.41421, -0.0850664, 0, 0.038125, 0.038125, 0.038125, 0.038125, 0.038125, 0.038125, 0.038125, 0.038125, 0.038125, 0.038125, 0.038125, 0.038125, 0.038125, 0.0381267, 0.038125, 0.0850647, 0.038125, 0.038125
17.8718, 0, 0.0842964, 0.0365166, 1.41421, -0.0842964, 0, 0.0365166, 0.0365166, 0.0365166, 0.0365166, 0.0365166, 0.0365166, 0.0365166, 0.0365166, 0.0365166, 0.0365166, 0.0365166, 0.0365166, 0.0365166, 0.0365183, 0.0365166, 0.0842947, 0.0365166, 0.0365166
17.8797, 0, 0.084602, 0.0359645, 1.41421, -0.084602, 0, 0.0359645, 0.0359645, 0.0359645, 0.0359645, 0.0359645, 0.0359645, 0.0359645, 0.0359645, 0.0359645, 0.0359645, 0.0359645, 0.0359645, 0.0359645, 0.0359662, 0.0359645, 0.0846003, 0.0359645, 0.0359645
17.8876, 0, 0.0845016, 0.0349859, 1.41421, -0.0845016, 0, 0.0349859, 0.0349859, 0.0349859, 0.0349859, 0.0349859, 0.0349859, 0.0349859, 0.0349859, 0.0349859, 0.0349859, 0.0349859, 0.0349859, 0.0349859, 0.0349876, 0.0349859, 0.0844999, 0.0349859, 0.0349859
17.8955, 2, 0.0840442, 0.0336295, 2, 1.91596, 0, 0.0336295, 0.0336295, 0.0336295, 0.0336295, 0.0336295, 0.0336295, 0.0336295, 0.0336295, 0.0336295, 0.0336295, 0.0336295, 0.0336295, 0.0336295, 0.0336312, 0.0336295, 0.0840425, 0.0336295, 0.0336295
17.9034, 0, 0.0834441, 0.0321092, 1.41421, -0.0834441, 0, 0.0321092, 0.0321092, 0.0321092, 0.0321092, 0.0321092, 0.0321092, 0.0321092, 0.0321092, 0.0321092, 0.0321092, 0.0321092, 0.0321092, 0.0321092, 0.0321109, 0.0321092, 0.0834424, 0.0321092, 0.0321092
17.9112, 2, 0.0829015, 0.030624, 2, 1.9171, 0, 0.030624, 0.030624, 0.030624, 0.030624, 0.030624, 0.030624, 0.030624, 0.030624, 0.030624, 0.030624, 0.030624, 0.030624, 0.030624, 0.0306257, 0.030624, 0.0828998, 0.030624, 0.030624
17.9191, 0, 0.0833226, 0.03008, 1.41421, -0.0833226, 0, 0.03008, 0.03008, 0.03008, 0.03008, 0.03008, 0.03008, 0.03008, 0.03008, 0.03008, 0.03008, 0.03008, 0.03008, 0.03008, 0.0300817, 0.03008, 0.0833209, 0.03008, 0.03008
17.927, 0, 0.0833732, 0.0291419, 1.41421, -0.0833732, 0, 0.0291419, 0.0291419, 0.0291419, 0.0291419, 0.0291419, 0.0291419, 0.0291419, 0.0291419, 0.0291419, 0.0291419, 0.0291419, 0.0291419, 0.0291419, 0.0291437, 0.0291419, 0.0833714, 0.0291419, 0.0291419
17.9349, 2, 0.0831005, 0.0278569, 2, 1.9169, 0, 0.0278569, 0.0278569, 0.0278569, 0.0278569, 0.0278569, 0.0278569, 0.0278569, 0.0278569, 0.0278569, 0.0278569, 0.0278569, 0.0278569, 0.0278569, 0.0278586, 0.0278569, 0.0830988, 0.0278569, 0.0278569
17.9428, 0, 0.0827057, 0.0264249, 1.41421, -0.0827057, 0, 0.0264249, 0.0264249, 0.0264249, 0.0264249, 0.0264249, 0.0264249, 0.0264249, 0.0264249, 0.0264249, 0.0264249, 0.0264249, 0.0264249, 0.0264249, 0.0264266, 0.0264249, 0.082704, 0.0264249, 0.0264249
17.9507, 0, 0.0823738, 0.0250306, 1.41421, -0.0823738, 0, 0.0250306, 0.0250306, 0.0250306, 0.0250306, 0.0250306, 0.0250306, 0.0250306, 0.0250306, 0.0250306, 0.0250306, 0.0250306, 0.0250306, 0.0250306, 0.0250324, 0.0250306, 0.0823721, 0.0250306, 0.0250306
17.9586, 0, 0.0829839, 0.0245521, 1.41421, -0.0829839, 0, 0.0245521, 0.0245521, 0.0245521, 0.0245521, 0.0245521, 0.0245521, 0.0245521, 0.0245521, 0.0245521, 0.0245521, 0.0245521, 0.0245521, 0.0245521, 0.0245539, 0.0245521, 0.0829822, 0.0245521, 0.0245521
17.9664, 2, 0.0832565, 0.0237095, 2, 1.91674, 0, 0.0237095, 0.0237095, 0.0237095, 0.0237095, 0.0237095, 0.0237095, 0.0237095, 0.0237095, 0.0237095, 0.0237095, 0.0237095, 0.0237095, 0.0237095, 0.0237113, 0.0237095, 0.0832548, 0.0237095, 0.0237095
17.9743, 0, 0.0832387, 0.0225487, 1.41421, -0.0832387, 0, 0.0225487, 0.0225487, 0.0225487, 0.0225487, 0.0225487, 0.0225487, 0.0225487, 0.0225487, 0.0225487, 0.0225487, 0.0225487, 0.0225487, 0.0225487, 0.0225505, 0.0225487, 0.0832369, 0.0225487, 0.0225487
17.9822, 0, 0.0831169, 0.0212557, 1.41421, -0.0831169, 0, 0.0212557, 0.0212557, 0.0212557, 0.0212557, 0.0212557, 0.0212557, 0.0212557, 0.0212557, 0.0212557, 0.0212557, 0.0212557, 0.0212557, 0.0212557, 0.0212575, 0.0212557, 0.0831151, 0.0212557, 0.0212557
17.9901, 0, 0.0830621, 0.0200008, 1.41421, -0.0830621, 0, 0.0200008, 0.0200008, 0.0200008, 0.0200008, 0.0200008, 0.0200008, 0.0200008, 0.0200008, 0.0200008, 0.0200008, 0.0200008, 0.0200008, 0.0200008, 0.0200027, 0.0200008, 0.0830603, 0.0200008, 0.0200008
17.998, 0, 0.0838225, 0.019531, 1.41421, -0.0838225, 0, 0.019531, 0.019531, 0.019531, 0.019531, 0.019531, 0.019531, 0.019531, 0.019531, 0.019531, 0.019531, 0.019531, 0.019531, 0.019531, 0.0195329, 0.019531, 0.0838206, 0.019531, 0.019531
18.0059, 2, 0.084301, 0.0187489, 2, 1.9157, 0, 0.0187489, 0.0187489, 0.0187489, 0.0187489, 0.0187489, 0.0187489, 0.0187489, 0.0187489, 0.0187489, 0.0187489, 0.0187489, 0.0187489, 0.0187489, 0.0187508, 0.0187489, 0.0842991, 0.0187489, 0.0187489
18.0137, 0, 0.0845375, 0.0176929, 1.41421, -0.0845375, 0, 0.0176929, 0.0176929, 0.0176929, 0.0176929, 0.0176929, 0.0176929, 0.0176929, 0.0176929, 0.0176929, 0.0176929, 0.0176929, 0.0176929, 0.0176929, 0.0176949, 0.0176929, 0.0845355, 0.0176929, 0.0176929
18.0216, 0, 0.0846968, 0.0165277, 1.41421, -0.0846968, 0, 0.0165277, 0.0165277, 0.0165277, 0.0165277, 0.0165277, 0.0165277, 0.0165277, 0.0165277, 0.0165277, 0.0165277, 0.0165277, 0.0165277, 0.0165277, 0.0165298, 0.0165277, 0.0846948, 0.0165277, 0.0165277
18.0295, 0, 0.0849294, 0.0154022, 1.41421, -0.0849294, 0, 0.0154022, 0.0154022, 0.0154022, 0.0154022, 0.0154022, 0.0154022, 0.0154022, 0.0154022, 0.0154022, 0.0154022, 0.0154022, 0.0154022, 0.0154022, 0.0154043, 0.0154022, 0.0849273, 0.0154022, 0.0154022
18.0374, 0, 0.0858889, 0.0149698, 1.41421, -0.0858889, 0, 0.0149698, 0.0149698, 0.0149698, 0.0149698, 0.0149698, 0.0149698, 0.0149698, 0.0149698, 0.0149698, 0.0149698, 0.0149698, 0.0149698, 0.0149698, 0.014972, 0.0149698, 0.0858867, 0.0149698, 0.0149698
18.0453, 0, 0.0866278, 0.0142811, 1.41421, -0.0866278, 0, 0.0142811, 0.0142811, 0.0142811, 0.0142811, 0.0142811, 0.0142811, 0.0142811, 0.0142811, 0.0142811, 0.0142811, 0.0142811, 0.0142811, 0.0142811, 0.0142834, 0.0142811, 0.0866255, 0.0142811, 0.0142811
18.0532, 0, 0.087176, 0.0133663, 1.41421, -0.087176, 0, 0.0133663, 0.0133663, 0.0133663, 0.0133663, 0.0133663, 0.0133663, 0.0133663, 0.0133663, 0.0133663, 0.0133663, 0.0133663, 0.0133663, 0.0133663, 0.0133687, 0.0133663, 0.0871737, 0.0133663, 0.0133663
18.061, 2, 0.0876758, 0.0123654, 2, 1.91232, 0, 0.0123654, 0.0123654, 0.0123654, 0.0123654, 0.0123654, 0.0123654, 0.0123654, 0.0123654, 0.0123654, 0.0123654, 0.0123654, 0.0123654, 0.0123654, 0.0123679, 0.0123654, 0.0876733, 0.0123654, 0.0123654
18.0689, 0, 0.0882521, 0.0114035, 1.41421, -0.0882521, 0, 0.0114035, 0.0114035, 0.0114035, 0.0114035, 0.0114035, 0.0114035, 0.0114035, 0.0114035, 0.0114035, 0.0114035, 0.0114035, 0.0114035, 0.0114035, 0.0114061, 0.0114035, 0.0882495, 0.0114035, 0.0114035
18.0768, 0, 0.0894159, 0.01099, 1.41421, -0.0894159, 0, 0.01099, 0.01099, 0.01099, 0.01099, 0.01099, 0.01099, 0.01099, 0.01099, 0.01099, 0.01099, 0.01099, 0.01099, 0.01099, 0.0109928, 0.01099, 0.0894132, 0.01099, 0.01099
18.0847, 0, 0.0904234, 0.0103791, 1.41421, -0.0904234, 0, 0.0103791, 0.0103791, 0.0103791, 0.0103791, 0.0103791, 0.0103791, 0.0103791, 0.0103791, 0.0103791, 0.0103791, 0.0103791, 0.0103791, 0.0103791, 0.0103821, 0.0103791, 0.0904205, 0.0103791, 0.0103791
18.0926, 0, 0.0912968, 0.00959362, 1.41421, -0.0912968, 0, 0.00959362, 0.00959362, 0.00959362, 0.00959362, 0.00959362, 0.00959362, 0.00959362, 0.00959362, 0.00959362, 0.00959362, 0.00959362, 0.00959362, 0.00959362, 0.00959677, 0.00959362, 0.0912936, 0.00959362, 0.00959362
18.1005, 2, 0.0921524, 0.00874751, 2, 1.90785, 0, 0.00874751, 0.00874751, 0.00874751, 0.00874751, 0.00874751, 0.00874751, 0.00874751, 0.00874751, 0.00874751, 0.00874751, 0.00874751, 0.00874751, 0.00874751, 0.00875088, 0.00874751, 0.092149, 0.00874751, 0.00874751
18.1083, 0, 0.0930902, 0.00794045, 1.41421, -0.0930902, 0, 0.00794045, 0.00794045, 0.00794045, 0.00794045, 0.00794045, 0.00794045, 0.00794045, 0.00794045, 0.00794045, 0.00794045, 0.00794045, 0.00794045, 0.00794045, 0.00794407, 0.00794045, 0.0930866, 0.00794045, 0.00794045
18.1162, 0, 0.0945, 0.00756001, 1.41421, -0.0945, 0, 0.00756001, 0.00756001, 0.00756001, 0.00756001, 0.00756001, 0.00756001, 0.00756001, 0.00756001, 0.00756001, 0.00756001, 0.00756001, 0.00756001, 0.00756001, 0.00756391, 0.00756001, 0.0944961, 0.00756001, 0.00756001
18.1241, 0, 0.095818, 0.00704222, 1.41421, -0.095818, 0, 0.00704222, 0.00704222, 0.00704222, 0.00704222, 0.00704222, 0.00704222, 0.00704222, 0.00704222, 0.00704222, 0.00704222, 0.00704222, 0.00704222, 0.00704222, 0.00704643, 0.00704222, 0.0958138, 0.00704222, 0.00704222
18.132, 2, 0.0970658, 0.00640619, 2, 1.90293, 0, 0.00640619, 0.00640619, 0.00640619, 0.00640619, 0.00640619, 0.00640619, 0.00640619, 0.00640619, 0.00640619, 0.00640619, 0.00640619, 0.00640619, 0.00640619, 0.00641073, 0.00640619, 0.0970612, 0.00640619, 0.00640619
18.1399, 0, 0.0983275, 0.00573578, 1.41421, -0.0983275, 0, 0.00573578, 0.00573578, 0.00573578, 0.00573578, 0.00573578, 0.00573578, 0.00573578, 0.00573578, 0.00573578, 0.00573578, 0.00573578, 0.00573578, 0.00573578, 0.0057407, 0.00573578, 0.0983226, 0.00573578, 0.00573578
18.1478, 0, 0.099677, 0.00510241, 1.41421, -0.099677, 0, 0.00510241, 0.00510241, 0.00510241, 0.00510241, 0.00510241, 0.00510241, 0.00510241, 0.00510241, 0.00510241, 0.00510241, 0.00510241, 0.00510241, 0.00510241, 0.00510774, 0.00510241, 0.0996717, 0.00510241, 0.00510241
18.1556, 0, 0.101338, 0.00472897, 1.41421, -0.101338, 0, 0.00472897, 0.00472897, 0.00472897, 0.00472897, 0.00472897, 0.00472897, 0.00472897, 0.00472897, 0.00472897, 0.00472897, 0.00472897, 0.00472897, 0.00472897, 0.00473474, 0.00472897, 0.101332, 0.00472897, 0.00472897
18.1635, 0, 0.102991, 0.00429502, 1.41421, -0.102991, 0, 0.00429502, 0.00429502, 0.00429502, 0.00429502, 0.00429502, 0.00429502, 0.00429502, 0.00429502, 0.00429502, 0.00429502, 0.00429502, 0.00429502, 0.00429502, 0.00430127, 0.00429502, 0.102985, 0.00429502, 0.00429502
18.1714, 2, 0.10465, 0.00381156, 2, 1.89535, 0, 0.00381156, 0.00381156, 0.00381156, 0.00381156, 0.00381156, 0.00381156, 0.00381156, 0.00381156, 0.00381156, 0.00381156, 0.00381156, 0.00381156, 0.00381156, 0.00381833, 0.00381156, 0.104643, 0.00381156, 0.00381156
18.1793, 0, 0.106361, 0.00332417, 1.41421, -0.106361, 0, 0.00332417, 0.00332417, 0.00332417, 0.00332417, 0.00332417, 0.00332417, 0.00332417, 0.00332417, 0.00332417, 0.00332417, 0.00332417, 0.00332417, 0.00332417, 0.00333149, 0.00332417, 0.106354, 0.00332417, 0.00332417
18.1872, 0, 0.108165, 0.00287011, 1.41421, -0.108165, 0, 0.00287011, 0.00287011, 0.00287011, 0.00287011, 0.00287011, 0.00287011, 0.00287011, 0.00287011, 0.00287011, 0.00287011, 0.00287011, 0.00287011, 0.00287011, 0.00287802, 0.00287011, 0.108157, 0.00287011, 0.00287011
18.1951, 2, 0.110143, 0.00253104, 2, 1.88986, 0, 0.00253104, 0.00253104, 0.00253104, 0.00253104, 0.00253104, 0.00253104, 0.00253104, 0.00253104, 0.00253104, 0.00253104, 0.00253104, 0.00253104, 0.00253104, 0.00253959, 0.00253104, 0.110135, 0.00253104, 0.00253104
18.203, 0, 0.112187, 0.00219523, 1.41421, -0.112187, 0, 0.00219523, 0.00219523, 0.00219523, 0.00219523, 0.00219523, 0.00219523, 0.00219523, 0.00219523, 0.00219523, 0.00219523, 0.00219523, 0.00219523, 0.00219523, 0.00220444, 0.00219523, 0.112178, 0.00219523, 0.00219523
18.2108, 2, 0.114301, 0.00186665, 2, 1.8857, 0, 0.00186665, 0.00186665, 0.00186665, 0.00186665, 0.00186665, 0.00186665, 0.00186665, 0.00186665, 0.00186665, 0.00186665, 0.00186665, 0.00186665, 0.00186665, 0.00187657, 0.00186665, 0.114291, 0.00186665, 0.00186665
18.2187, 0, 0.1165, 0.00155664, 1.41421, -0.1165, 0, 0.00155664, 0.00155664, 0.00155664, 0.00155664, 0.00155664, 0.00155664, 0.00155664, 0.00155664, 0.00155664, 0.00155664, 0.00155664, 0.00155664, 0.00155664, 0.00156729, 0.00155664, 0.116489, 0.00155664, 0.00155664
18.2266, 0, 0.11879, 0.00127092, 1.41421, -0.11879, 0, 0.00127092, 0.00127092, 0.00127092, 0.00127092, 0.00127092, 0.00127092, 0.00127092, 0.00127092, 0.00127092, 0.00127092, 0.00127092, 0.00127092, 0.00127092, 0.00128234, 0.00127092, 0.118779, 0.00127092, 0.00127092
18.2345, 0, 0.121179, 0.00101233, 1.41421, -0.121179, 0, 0.00101233, 0.00101233, 0.00101233, 0.00101233, 0.00101233, 0.00101233, 0.00101233, 0.00101233, 0.00101233, 0.00101233, 0.00101233, 0.00101233, 0.00101233, 0.00102455, 0.00101233, 0.121167, 0.00101233, 0.00101233
18.2424, 0, 0.123668, 0.000782283, 1.41421, -0.123668, 0, 0.000782283, 0.000782283, 0.000782283, 0.000782283, 0.000782283, 0.000782283, 0.000782283, 0.000782283, 0.000782283, 0.000782283, 0.000782283, 0.000782283, 0.000782283, 0.000795328, 0.000782283, 0.123655, 0.000782283, 0.000782283
18.2503, 2, 0.12626, 0.000581489, 2, 1.87374, 0, 0.000581489, 0.000581489, 0.000581489, 0.000581489, 0.000581489, 0.000581489, 0.000581489, 0.000581489, 0.000581489, 0.000581489, 0.000581489, 0.000581489, 0.000581489, 0.000595383, 0.000581489, 0.126247, 0.000581489, 0.000581489
18.2581, 0, 0.128961, 0.00041042, 1.41421, -0.128961, 0, 0.00041042, 0.00041042, 0.00041042, 0.00041042, 0.00041042, 0.00041042, 0.00041042, 0.00041042, 0.00041042, 0.00041042, 0.00041042, 0.00041042, 0.00041042, 0.000425186, 0.00041042, 0.128946, 0.00041042, 0.00041042
18.266, 0, 0.131775, 0.000274504, 1.41421, -0.131775, 0, 0.000274504, 0.000274504, 0.000274504, 0.000274504, 0.000274504, 0.000274504, 0.000274504, 0.000274504, 0.000274504, 0.000274504, 0.000274504, 0.000274504, 0.000274504, 0.000290157, 0.000274504, 0.131759, 0.000274504, 0.000274504
18.2739, 0, 0.134693, 0.000159253, 1.41421, -0.134693, 0, 0.000159253, 0.000159253, 0.000159253, 0.000159253, 0.000159253, 0.000159253, 0.000159253, 0.000159253, 0.000159253, 0.000159253, 0.000159253, 0.000159253, 0.000159253, 0.000175808, 0.000159253, 0.134676, 0.000159253, 0.000159253
18.2818, 0, 0.137722, 7.18684e-05, 1.41421, -0.137722, 0, 7.18684e-05, 7.18684e-05, 7.18684e-05, 7.18684e-05, 7.18684e-05, 7.18684e-05, 7.18684e-05, 7.18684e-05, 7.18684e-05, 7.18684e-05, 7.18684e-05, 7.18684e-05, 7.18684e-05, 8.93328e-05, 7.18684e-05, 0.137705, 7.18684e-05, 7.18684e-05
18.2897, 0, 0.140874, 1.79671e-05, 1.41421, -0.140874, 0, 1.79671e-05, 1.79671e-05, 1.79671e-05, 1.79671e-05, 1.79671e-05, 1.79671e-05, 1.79671e-05, 1.79671e-05, 1.79671e-05, 1.79671e-05, 1.79671e-05, 1.79671e-05, 1.79671e-05, 3.63454e-05, 1.79671e-05, 0.140856, 1.79671e-05, 1.79671e-05
18.2976, 0, 0.144151, 0, 1.41421, -0.144151, 0, 0, 0, 0, 0, 0, 0, 0, 0, 0, 0, 0, 0, 0, 1.92912e-05, 0, 0.144131, 0, 0
18.3054, 0, 0.14754, 0, 1.41421, -0.14754, 0, 0, 0, 0, 0, 0, 0, 0, 0, 0, 0, 0, 0, 0, 2.01987e-05, 0, 0.14752, 0, 0
18.3133, 0, 0.151025, 4.50819e-07, 1.41421, -0.151025, 0, 4.50819e-07, 4.50819e-07, 4.50819e-07, 4.50819e-07, 4.50819e-07, 4.50819e-07, 4.50819e-07, 4.50819e-07, 4.50819e-07, 4.50819e-07, 4.50819e-07, 4.50819e-07, 4.50819e-07, 2.15452e-05, 4.50819e-07, 0.151004, 4.50819e-07, 4.50819e-07
18.3212, 0, 0.154609, 1.59907e-06, 1.41421, -0.154609, 0, 1.59907e-06, 1.59907e-06, 1.59907e-06, 1.59907e-06, 1.59907e-06, 1.59907e-06, 1.59907e-06, 1.59907e-06, 1.59907e-06, 1.59907e-06, 1.59907e-06, 1.59907e-06, 1.59907e-06, 2.35724e-05, 1.59907e-06, 0.154587, 1.59907e-06, 1.59907e-06
18.3291, 0, 0.158296, 3.16603e-06, 1.41421, -0.158296, 0, 3.16603e-06, 3.16603e-06, 3.16603e-06, 3.16603e-06, 3.16603e-06, 3.16603e-06, 3.16603e-06, 3.16603e-06, 3.16603e-06, 3.16603e-06, 3.16603e-06, 3.16603e-06, 3.16603e-06, 2.59962e-05, 3.16603e-06, 0.158273, 3.16603e-06, 3.16603e-06
18.337, 0, 0.162087, 5.08488e-06, 1.41421, -0.162087, 0, 5.08488e-06, 5.08488e-06, 5.08488e-06, 5.08488e-06, 5.08488e-06, 5.08488e-06, 5.08488e-06, 5.08488e-06, 5.08488e-06, 5.08488e-06, 5.08488e-06, 5.08488e-06, 5.08488e-06, 2.87434e-05, 5.08488e-06, 0.162063, 5.08488e-06, 5.08488e-06
18.3449, 0, 0.165987, 7.45618e-06, 1.41421, -0.165987, 0, 7.45618e-06, 7.45618e-06, 7.45618e-06, 7.45618e-06, 7.45618e-06, 7.45618e-06, 7.45618e-06, 7.45618e-06, 7.45618e-06, 7.45618e-06, 7.45618e-06, 7.45618e-06, 7.45618e-06, 3.19092e-05, 7.45618e-06, 0.165962, 7.45618e-06, 7.45618e-06
18.3527, 2, 0.169998, 1.14976e-05, 2, 1.83, 0, 1.14976e-05, 1.14976e-05, 1.14976e-05, 1.14976e-05, 1.14976e-05, 1.14976e-05, 1.14976e-05, 1.14976e-05, 1.14976e-05, 1.14976e-05, 1.14976e-05, 1.14976e-05, 1.14976e-05, 3.67051e-05, 1.14976e-05, 0.169973, 1.14976e-05, 1.14976e-05
18.3606, 2, 0.174123, 1.58381e-05, 2, 1.82588, 0, 1.58381e-05, 1.58381e-05, 1.58381e-05, 1.58381e-05, 1.58381e-05, 1.58381e-05, 1.58381e-05, 1.58381e-05, 1.58381e-05, 1.58381e-05, 1.58381e-05, 1.58381e-05, 1.58381e-05, 4.17546e-05, 1.58381e-05, 0.174097, 1.58381e-05, 1.58381e-05
18.3685, 0, 0.178362, 2.02258e-05, 1.41421, -0.178362, 0, 2.02258e-05, 2.02258e-05, 2.02258e-05, 2.02258e-05, 2.02258e-05, 2.02258e-05, 2.02258e-05, 2.02258e-05, 2.02258e-05, 2.02258e-05, 2.02258e-05, 2.02258e-05, 2.02258e-05, 4.67995e-05, 2.02258e-05, 0.178336, 2.02258e-05, 2.02258e-05
18.3764, 0, 0.18272, 2.4793e-05, 1.41421, -0.18272, 0, 2.4793e-05, 2.4793e-05, 2.4793e-05, 2.4793e-05, 2.4793e-05, 2.4793e-05, 2.4793e-05, 2.4793e-05, 2.4793e-05, 2.4793e-05, 2.4793e-05, 2.4793e-05, 2.4793e-05, 5.19671e-05, 2.4793e-05, 0.182693, 2.4793e-05, 2.4793e-05
18.3843, 0, 0.187198, 2.98247e-05, 1.41421, -0.187198, 0, 2.98247e-05, 2.98247e-05, 2.98247e-05, 2.98247e-05, 2.98247e-05, 2.98247e-05, 2.98247e-05, 2.98247e-05, 2.98247e-05, 2.98247e-05, 2.98247e-05, 2.98247e-05, 2.98247e-05, 5.75364e-05, 2.98247e-05, 0.18717, 2.98247e-05, 2.98247e-05
18.3922, 0, 0.191799, 3.62433e-05, 1.41421, -0.191799, 0, 3.62433e-05, 3.62433e-05, 3.62433e-05, 3.62433e-05, 3.62433e-05, 3.62433e-05, 3.62433e-05, 3.62433e-05, 3.62433e-05, 3.62433e-05, 3.62433e-05, 3.62433e-05, 3.62433e-05, 6.44249e-05, 3.62433e-05, 0.191771, 3.62433e-05, 3.62433e-05
18.4, 2, 0.196522, 4.25818e-05, 2, 1.80348, 0, 4.25818e-05, 4.25818e-05, 4.25818e-05, 4.25818e-05, 4.25818e-05, 4.25818e-05, 4.25818e-05, 4.25818e-05, 4.25818e-05, 4.25818e-05, 4.25818e-05, 4.25818e-05, 4.25818e-05, 7.11607e-05, 4.25818e-05, 0.196493, 4.25818e-05, 4.25818e-05
18.4079, 0, 0.201368, 4.86773e-05, 1.41421, -0.201368, 0, 4.86773e-05, 4.86773e-05, 4.86773e-05, 4.86773e-05, 4.86773e-05, 4.86773e-05, 4.86773e-05, 4.86773e-05, 4.86773e-05, 4.86773e-05, 4.86773e-05, 4.86773e-05, 4.86773e-05, 7.75765e-05, 4.86773e-05, 0.201339, 4.86773e-05, 4.86773e-05
18.4158, 0, 0.206341, 5.43508e-05, 1.41421, -0.206341, 0, 5.43508e-05, 5.43508e-05, 5.43508e-05, 5.43508e-05, 5.43508e-05, 5.43508e-05, 5.43508e-05, 5.43508e-05, 5.43508e-05, 5.43508e-05, 5.43508e-05, 5.43508e-05, 5.43508e-05, 8.34896e-05, 5.43508e-05, 0.206312, 5.43508e-05, 5.43508e-05
18.4237, 0, 0.211435, 5.95343e-05, 1.41421, -0.211435, 0, 5.95343e-05, 5.95343e-05, 5.95343e-05, 5.95343e-05, 5.95343e-05, 5.95343e-05, 5.95343e-05, 5.95343e-05, 5.95343e-05, 5.95343e-05, 5.95343e-05, 5.95343e-05, 5.95343e-05, 8.88283e-05, 5.95343e-05, 0.211406, 5.95343e-05, 5.95343e-05
18.4316, 2, 0.216653, 6.43455e-05, 2, 1.78335, 0, 6.43455e-05, 6.43455e-05, 6.43455e-05, 6.43455e-05, 6.43455e-05, 6.43455e-05, 6.43455e-05, 6.43455e-05, 6.43455e-05, 6.43455e-05, 6.43455e-05, 6.43455e-05, 6.43455e-05, 9.37078e-05, 6.43455e-05, 0.216624, 6.43455e-05, 6.43455e-05
18.4395, 0, 0.221991, 6.72147e-05, 1.41421, -0.221991, 0, 6.72147e-05, 6.72147e-05, 6.72147e-05, 6.72147e-05, 6.72147e-05, 6.72147e-05, 6.72147e-05, 6.72147e-05, 6.72147e-05, 6.72147e-05, 6.72147e-05, 6.72147e-05, 6.72147e-05, 9.65566e-05, 6.72147e-05, 0.221961, 6.72147e-05, 6.72147e-05
18.4473, 2, 0.227447, 6.75661e-05, 2, 1.77255, 0, 6.75661e-05, 6.75661e-05, 6.75661e-05, 6.75661e-05, 6.75661e-05, 6.75661e-05, 6.75661e-05, 6.75661e-05, 6.75661e-05, 6.75661e-05, 6.75661e-05, 6.75661e-05, 6.75661e-05, 9.67975e-05, 6.75661e-05, 0.227418, 6.75661e-05, 6.75661e-05
18.4552, 0, 0.233016, 6.59017e-05, 1.41421, -0.233016, 0, 6.59017e-05, 6.59017e-05, 6.59017e-05, 6.59017e-05, 6.59017e-05, 6.59017e-05, 6.59017e-05, 6.59017e-05, 6.59017e-05, 6.59017e-05, 6.59017e-05, 6.59017e-05, 6.59017e-05, 9.49323e-05, 6.59017e-05, 0.232987, 6.59017e-05, 6.59017e-05
18.4631, 0, 0.238698, 6.18715e-05, 1.41421, -0.238698, 0, 6.18715e-05, 6.18715e-05, 6.18715e-05, 6.18715e-05, 6.18715e-05, 6.18715e-05, 6.18715e-05, 6.18715e-05, 6.18715e-05, 6.18715e-05, 6.18715e-05, 6.18715e-05, 6.18715e-05, 9.06116e-05, 6.18715e-05, 0.238669, 6.18715e-05, 6.18715e-05
18.471, 2, 0.244484, 5.6164e-05, 2, 1.75552, 0, 5.6164e-05, 5.6164e-05, 5.6164e-05, 5.6164e-05, 5.6164e-05, 5.6164e-05, 5.6164e-05, 5.6164e-05, 5.6164e-05, 5.6164e-05, 5.6164e-05, 5.6164e-05, 5.6164e-05, 8.45254e-05, 5.6164e-05, 0.244455, 5.6164e-05, 5.6164e-05
18.4789, 0, 0.250373, 4.98854e-05, 1.41421, -0.250373, 0, 4.98854e-05, 4.98854e-05, 4.98854e-05, 4.98854e-05, 4.98854e-05, 4.98854e-05, 4.98854e-05, 4.98854e-05, 4.98854e-05, 4.98854e-05, 4.98854e-05, 4.98854e-05, 4.98854e-05, 7.77822e-05, 4.98854e-05, 0.250345, 4.98854e-05, 4.98854e-05
18.4868, 0, 0.256355, 4.34648e-05, 1.41421, -0.256355, 0, 4.34648e-05, 4.34648e-05, 4.34648e-05, 4.34648e-05, 4.34648e-05, 4.34648e-05, 4.34648e-05, 4.34648e-05, 4.34648e-05, 4.34648e-05, 4.34648e-05, 4.34648e-05, 4.34648e-05, 7.08147e-05, 4.34648e-05, 0.256328, 4.34648e-05, 4.34648e-05
18.4946, 2, 0.262424, 3.65761e-05, 2, 1.73758, 0, 3.65761e-05, 3.65761e-05, 3.65761e-05, 3.65761e-05, 3.65761e-05, 3.65761e-05, 3.65761e-05, 3.65761e-05, 3.65761e-05, 3.65761e-05, 3.65761e-05, 3.65761e-05, 3.65761e-05, 6.33008e-05, 3.65761e-05, 0.262397, 3.65761e-05, 3.65761e-05
18.5025, 2, 0.268571, 2.95693e-05, 2, 1.73143, 0, 2.95693e-05, 2.95693e-05, 2.95693e-05, 2.95693e-05, 2.95693e-05, 2.95693e-05, 2.95693e-05, 2.95693e-05, 2.95693e-05, 2.95693e-05, 2.95693e-05, 2.95693e-05, 2.95693e-05, 5.55955e-05, 2.95693e-05, 0.268545, 2.95693e-05, 2.95693e-05
18.5104, 2, 0.274783, 2.26396e-05, 2, 1.72522, 0, 2.26396e-05, 2.26396e-05, 2.26396e-05, 2.26396e-05, 2.26396e-05, 2.26396e-05, 2.26396e-05, 2.26396e-05, 2.26396e-05, 2.26396e-05, 2.26396e-05, 2.26396e-05, 2.26396e-05, 4.79002e-05, 2.26396e-05, 0.274758, 2.26396e-05, 2.26396e-05
18.5183, 0, 0.281052, 1.62016e-05, 1.41421, -0.281052, 0, 1.62016e-05, 1.62016e-05, 1.62016e-05, 1.62016e-05, 1.62016e-05, 1.62016e-05, 1.62016e-05, 1.62016e-05, 1.62016e-05, 1.62016e-05, 1.62016e-05, 1.62016e-05, 1.62016e-05, 4.06356e-05, 1.62016e-05, 0.281027, 1.62016e-05, 1.62016e-05
18.5262, 0, 0.287363, 1.06633e-05, 1.41421, -0.287363, 0, 1.06633e-05, 1.06633e-05, 1.06633e-05, 1.06633e-05, 1.06633e-05, 1.06633e-05, 1.06633e-05, 1.06633e-05, 1.06633e-05, 1.06633e-05, 1.06633e-05, 1.06633e-05, 1.06633e-05, 3.4217e-05, 1.06633e-05, 0.28734, 1.06633e-05, 1.06633e-05
18.5341, 0, 0.293703, 6.21711e-06, 1.41421, -0.293703, 0, 6.21711e-06, 6.21711e-06, 6.21711e-06, 6.21711e-06, 6.21711e-06, 6.21711e-06, 6.21711e-06, 6.21711e-06, 6.21711e-06, 6.21711e-06, 6.21711e-06, 6.21711e-06, 6.21711e-06, 2.88447e-05, 6.21711e-06, 0.29368, 6.21711e-06, 6.21711e-06
18.542, 0, 0.300053, 2.81248e-06, 1.41421, -0.300053, 0, 2.81248e-06, 2.81248e-06, 2.81248e-06, 2.81248e-06, 2.81248e-06, 2.81248e-06, 2.81248e-06, 2.81248e-06, 2.81248e-06, 2.81248e-06, 2.81248e-06, 2.81248e-06, 2.81248e-06, 2.44762e-05, 2.81248e-06, 0.300031, 2.81248e-06, 2.81248e-06
18.5498, 0, 0.3064, 7.0312e-07, 1.41421, -0.3064, 0, 7.0312e-07, 7.0312e-07, 7.0312e-07, 7.0312e-07, 7.0312e-07, 7.0312e-07, 7.0312e-07, 7.0312e-07, 7.0312e-07, 7.0312e-07, 7.0312e-07, 7.0312e-07, 7.0312e-07, 2.13732e-05, 7.0312e-07, 0.30638, 7.0312e-07, 7.0312e-07
18.5577, 0, 0.312725, 0, 1.41421, -0.312725, 0, 0, 0, 0, 0, 0, 0, 0, 0, 0, 0, 0, 0, 0, 1.96554e-05, 0, 0.312705, 0, 0
18.5656, 0, 0.319009, 0, 1.41421, -0.319009, 0, 0, 0, 0, 0, 0, 0, 0, 0, 0, 0, 0, 0, 0, 1.86276e-05, 0, 0.31899, 0, 0
18.5735, 0, 0.325228, 0, 1.41421, -0.325228, 0, 0, 0, 0, 0, 0, 0, 0, 0, 0, 0, 0, 0, 0, 1.75955e-05, 0, 0.325211, 0, 0
18.5814, 0, 0.331364, 0, 1.41421, -0.331364, 0, 0, 0, 0, 0, 0, 0, 0, 0, 0, 0, 0, 0, 0, 1.65666e-05, 0, 0.331348, 0, 0
18.5893, 0, 0.337397, 2.04112e-10, 1.41421, -0.337397, 0, 2.04112e-10, 2.04112e-10, 2.04112e-10, 2.04112e-10, 2.04112e-10, 2.04112e-10, 2.04112e-10, 2.04112e-10, 2.04112e-10, 2.04112e-10, 2.04112e-10, 2.04112e-10, 2.04112e-10, 1.55486e-05, 2.04112e-10, 0.337381, 2.04112e-10, 2.04112e-10
18.5971, 0, 0.3433, 7.17752e-10, 1.41421, -0.3433, 0, 7.17752e-10, 7.17752e-10, 7.17752e-10, 7.17752e-10, 7.17752e-10, 7.17752e-10, 7.17752e-10, 7.17752e-10, 7.17752e-10, 7.17752e-10, 7.17752e-10, 7.17752e-10, 7.17752e-10, 1.4549e-05, 7.17752e-10, 0.343285, 7.17752e-10, 7.17752e-10
18.605, 0, 0.349053, 1.40717e-09, 1.41421, -0.349053, 0, 1.40717e-09, 1.40717e-09, 1.40717e-09, 1.40717e-09, 1.40717e-09, 1.40717e-09, 1.40717e-09, 1.40717e-09, 1.40717e-09, 1.40717e-09, 1.40717e-09, 1.40717e-09, 1.40717e-09, 1.35737e-05, 1.40717e-09, 0.34904, 1.40717e-09, 1.40717e-09
18.6129, 0, 0.354631, 2.2413e-09, 1.41421, -0.354631, 0, 2.2413e-09, 2.2413e-09, 2.2413e-09, 2.2413e-09, 2.2413e-09, 2.2413e-09, 2.2413e-09, 2.2413e-09, 2.2413e-09, 2.2413e-09, 2.2413e-09, 2.2413e-09, 2.2413e-09, 1.26289e-05, 2.2413e-09, 0.354619, 2.2413e-09, 2.2413e-09
18.6208, 0, 0.360013, 3.26869e-09, 1.41421, -0.360013, 0, 3.26869e-09, 3.26869e-09, 3.26869e-09, 3.26869e-09, 3.26869e-09, 3.26869e-09, 3.26869e-09, 3.26869e-09, 3.26869e-09, 3.26869e-09, 3.26869e-09, 3.26869e-09, 3.26869e-09, 1.17193e-05, 3.26869e-09, 0.360002, 3.26869e-09, 3.26869e-09
18.6287, 2, 0.365173, 5.10553e-09, 2, 1.63483, 0, 5.10553e-09, 5.10553e-09, 5.10553e-09, 5.10553e-09, 5.10553e-09, 5.10553e-09, 5.10553e-09, 5.10553e-09, 5.10553e-09, 5.10553e-09, 5.10553e-09, 5.10553e-09, 5.10553e-09, 1.08502e-05, 5.10553e-09, 0.365162, 5.10553e-09, 5.10553e-09
18.6366, 0, 0.37009, 7.04839e-09, 1.41421, -0.37009, 0, 7.04839e-09, 7.04839e-09, 7.04839e-09, 7.04839e-09, 7.04839e-09, 7.04839e-09, 7.04839e-09, 7.04839e-09, 7.04839e-09, 7.04839e-09, 7.04839e-09, 7.04839e-09, 7.04839e-09, 1.00239e-05, 7.04839e-09, 0.37008, 7.04839e-09, 7.04839e-09
18.6444, 2, 0.374736, 8.96387e-09, 2, 1.62526, 0, 8.96387e-09, 8.96387e-09, 8.96387e-09, 8.96387e-09, 8.96387e-09, 8.96387e-09, 8.96387e-09, 8.96387e-09, 8.96387e-09, 8.96387e-09, 8.96387e-09, 8.96387e-09, 8.96387e-09, 9.24378e-06, 8.96387e-09, 0.374727, 8.96387e-09, 8.96387e-09
18.6523, 2, 0.379094, 1.09226e-08, 2, 1.62091, 0, 1.09226e-08, 1.09226e-08, 1.09226e-08, 1.09226e-08, 1.09226e-08, 1.09226e-08, 1.09226e-08, 1.09226e-08, 1.09226e-08, 1.09226e-08, 1.09226e-08, 1.09226e-08, 1.09226e-08, 8.51128e-06, 1.09226e-08, 0.379086, 1.09226e-08, 1.09226e-08
18.6602, 4, 0.383139, 1.30748e-08, 2.44949, 3.61686, 0, 1.30748e-08, 1.30748e-08, 1.30748e-08, 1.30748e-08, 1.30748e-08, 1.30748e-08, 1.30748e-08, 1.30748e-08, 1.30748e-08, 1.30748e-08, 1.30748e-08, 1.30748e-08, 1.30748e-08, 7.82817e-06, 1.30748e-08, 0.383131, 1.30748e-08, 1.30748e-08
18.6681, 0, 0.386852, 1.5484e-08, 1.41421, -0.386852, 0, 1.5484e-08, 1.5484e-08, 1.5484e-08, 1.5484e-08, 1.5484e-08, 1.5484e-08, 1.5484e-08, 1.5484e-08, 1.5484e-08, 1.5484e-08, 1.5484e-08, 1.5484e-08, 1.5484e-08, 7.19488e-06, 1.5484e-08, 0.386845, 1.5484e-08, 1.5484e-08
18.676, 0, 0.390213, 1.77613e-08, 1.41421, -0.390213, 0, 1.77613e-08, 1.77613e-08, 1.77613e-08, 1.77613e-08, 1.77613e-08, 1.77613e-08, 1.77613e-08, 1.77613e-08, 1.77613e-08, 1.77613e-08, 1.77613e-08, 1.77613e-08, 1.77613e-08, 6.61079e-06, 1.77613e-08, 0.390206, 1.77613e-08, 1.77613e-08
18.6839, 4, 0.393203, 1.98404e-08, 2.44949, 3.6068, 0, 1.98404e-08, 1.98404e-08, 1.98404e-08, 1.98404e-08, 1.98404e-08, 1.98404e-08, 1.98404e-08, 1.98404e-08, 1.98404e-08, 1.98404e-08, 1.98404e-08, 1.98404e-08, 1.98404e-08, 6.07544e-06, 1.98404e-08, 0.393197, 1.98404e-08, 1.98404e-08
18.6917, 0, 0.395807, 2.1849e-08, 1.41421, -0.395807, 0, 2.1849e-08, 2.1849e-08, 2.1849e-08, 2.1849e-08, 2.1849e-08, 2.1849e-08, 2.1849e-08, 2.1849e-08, 2.1849e-08, 2.1849e-08, 2.1849e-08, 2.1849e-08, 2.1849e-08, 5.5875e-06, 2.1849e-08, 0.395801, 2.1849e-08, 2.1849e-08
18.6996, 0, 0.398009, 2.39544e-08, 1.41421, -0.398009, 0, 2.39544e-08, 2.39544e-08, 2.39544e-08, 2.39544e-08, 2.39544e-08, 2.39544e-08, 2.39544e-08, 2.39544e-08, 2.39544e-08, 2.39544e-08, 2.39544e-08, 2.39544e-08, 2.39544e-08, 5.14576e-06, 2.39544e-08, 0.398004, 2.39544e-08, 2.39544e-08
18.7075, 2, 0.399797, 2.71779e-08, 2, 1.6002, 0, 2.71779e-08, 2.71779e-08, 2.71779e-08, 2.71779e-08, 2.71779e-08, 2.71779e-08, 2.71779e-08, 2.71779e-08, 2.71779e-08, 2.71779e-08, 2.71779e-08, 2.71779e-08, 2.71779e-08, 4.74902e-06, 2.71779e-08, 0.399792, 2.71779e-08, 2.71779e-08
18.7154, 0, 0.40116, 3.01691e-08, 1.41421, -0.40116, 0, 3.01691e-08, 3.01691e-08, 3.01691e-08, 3.01691e-08, 3.01691e-08, 3.01691e-08, 3.01691e-08, 3.01691e-08, 3.01691e-08, 3.01691e-08, 3.01691e-08, 3.01691e-08, 3.01691e-08, 4.39384e-06, 3.01691e-08, 0.401156, 3.01691e-08, 3.01691e-08
18.7233, 0, 0.402089, 3.15366e-08, 1.41421, -0.402089, 0, 3.15366e-08, 3.15366e-08, 3.15366e-08, 3.15366e-08, 3.15366e-08, 3.15366e-08, 3.15366e-08, 3.15366e-08, 3.15366e-08, 3.15366e-08, 3.15366e-08, 3.15366e-08, 3.15366e-08, 4.07614e-06, 3.15366e-08, 0.402085, 3.15366e-08, 3.15366e-08
18.7312, 0, 0.402579, 3.12755e-08, 1.41421, -0.402579, 0, 3.12755e-08, 3.12755e-08, 3.12755e-08, 3.12755e-08, 3.12755e-08, 3.12755e-08, 3.12755e-08, 3.12755e-08, 3.12755e-08, 3.12755e-08, 3.12755e-08, 3.12755e-08, 3.12755e-08, 3.79341e-06, 3.12755e-08, 0.402575, 3.12755e-08, 3.12755e-08
18.739, 0, 0.402625, 2.96159e-08, 1.41421, -0.402625, 0, 2.96159e-08, 2.96159e-08, 2.96159e-08, 2.96159e-08, 2.96159e-08, 2.96159e-08, 2.96159e-08, 2.96159e-08, 2.96159e-08, 2.96159e-08, 2.96159e-08, 2.96159e-08, 2.96159e-08, 3.54306e-06, 2.96159e-08, 0.402621, 2.96159e-08, 2.96159e-08
18.7469, 0, 0.402227, 2.7052e-08, 1.41421, -0.402227, 0, 2.7052e-08, 2.7052e-08, 2.7052e-08, 2.7052e-08, 2.7052e-08, 2.7052e-08, 2.7052e-08, 2.7052e-08, 2.7052e-08, 2.7052e-08, 2.7052e-08, 2.7052e-08, 2.7052e-08, 3.3227e-06, 2.7052e-08, 0.402223, 2.7052e-08, 2.7052e-08
18.7548, 0, 0.401385, 2.41573e-08, 1.41421, -0.401385, 0, 2.41573e-08, 2.41573e-08, 2.41573e-08, 2.41573e-08, 2.41573e-08, 2.41573e-08, 2.41573e-08, 2.41573e-08, 2.41573e-08, 2.41573e-08, 2.41573e-08, 2.41573e-08, 2.41573e-08, 3.13033e-06, 2.41573e-08, 0.401382, 2.41573e-08, 2.41573e-08
18.7627, 0, 0.400105, 2.11493e-08, 1.41421, -0.400105, 0, 2.11493e-08, 2.11493e-08, 2.11493e-08, 2.11493e-08, 2.11493e-08, 2.11493e-08, 2.11493e-08, 2.11493e-08, 2.11493e-08, 2.11493e-08, 2.11493e-08, 2.11493e-08, 2.11493e-08, 2.96334e-06, 2.11493e-08, 0.400102, 2.11493e-08, 2.11493e-08
18.7706, 0, 0.398392, 1.71507e-08, 1.41421, -0.398392, 0, 1.71507e-08, 1.71507e-08, 1.71507e-08, 1.71507e-08, 1.71507e-08, 1.71507e-08, 1.71507e-08, 1.71507e-08, 1.71507e-08, 1.71507e-08, 1.71507e-08, 1.71507e-08, 1.71507e-08, 2.8183e-06, 1.71507e-08, 0.398389, 1.71507e-08, 1.71507e-08
18.7785, 2, 0.396254, 1.3055e-08, 2, 1.60375, 0, 1.3055e-08, 1.3055e-08, 1.3055e-08, 1.3055e-08, 1.3055e-08, 1.3055e-08, 1.3055e-08, 1.3055e-08, 1.3055e-08, 1.3055e-08, 1.3055e-08, 1.3055e-08, 1.3055e-08, 2.69356e-06, 1.3055e-08, 0.396252, 1.3055e-08, 1.3055e-08
18.7864, 0, 0.393705, 9.51724e-09, 1.41421, -0.393705, 0, 9.51724e-09, 9.51724e-09, 9.51724e-09, 9.51724e-09, 9.51724e-09, 9.51724e-09, 9.51724e-09, 9.51724e-09, 9.51724e-09, 9.51724e-09, 9.51724e-09, 9.51724e-09, 9.51724e-09, 2.58748e-06, 9.51724e-09, 0.393703, 9.51724e-09, 9.51724e-09
18.7942, 0, 0.390757, 6.6764e-09, 1.41421, -0.390757, 0, 6.6764e-09, 6.6764e-09, 6.6764e-09, 6.6764e-09, 6.6764e-09, 6.6764e-09, 6.6764e-09, 6.6764e-09, 6.6764e-09, 6.6764e-09, 6.6764e-09, 6.6764e-09, 6.6764e-09, 2.49798e-06, 6.6764e-09, 0.390754, 6.6764e-09, 6.6764e-09
18.8021, 0, 0.387426, 4.02177e-09, 1.41421, -0.387426, 0, 4.02177e-09, 4.02177e-09, 4.02177e-09, 4.02177e-09, 4.02177e-09, 4.02177e-09, 4.02177e-09, 4.02177e-09, 4.02177e-09, 4.02177e-09, 4.02177e-09, 4.02177e-09, 4.02177e-09, 2.42258e-06, 4.02177e-09, 0.387424, 4.02177e-09, 4.02177e-09
18.81, 0, 0.38373, 1.84815e-09, 1.41421, -0.38373, 0, 1.84815e-09, 1.84815e-09, 1.84815e-09, 1.84815e-09, 1.84815e-09, 1.84815e-09, 1.84815e-09, 1.84815e-09, 1.84815e-09, 1.84815e-09, 1.84815e-09, 1.84815e-09, 1.84815e-09, 2.35971e-06, 1.84815e-09, 0.383727, 1.84815e-09, 1.84815e-09
18.8179, 0, 0.379688, 4.62037e-10, 1.41421, -0.379688, 0, 4.62037e-10, 4.62037e-10, 4.62037e-10, 4.62037e-10, 4.62037e-10, 4.62037e-10, 4.62037e-10, 4.62037e-10, 4.62037e-10, 4.62037e-10, 4.62037e-10, 4.62037e-10, 4.62037e-10, 2.30803e-06, 4.62037e-10, 0.379686, 4.62037e-10, 4.62037e-10
18.8258, 0, 0.375322, 0, 1.41421, -0.375322, 0, 0, 0, 0, 0, 0, 0, 0, 0, 0, 0, 0, 0, 0, 2.26619e-06, 0, 0.37532, 0, 0
18.8337, 0, 0.370653, 0, 1.41421, -0.370653, 0, 0, 0, 0, 0, 0, 0, 0, 0, 0, 0, 0, 0, 0, 2.23238e-06, 0, 0.370651, 0, 0
18.8415, 0, 0.365707, 0, 1.41421, -0.365707, 0, 0, 0, 0, 0, 0, 0, 0, 0, 0, 0, 0, 0, 0, 2.20501e-06, 0, 0.365704, 0, 0
18.8494, 0, 0.360505, 3.69026e-22, 1.41421, -0.360505, 0, 3.69026e-22, 3.69026e-22, 3.69026e-22, 3.69026e-22, 3.69026e-22, 3.69026e-22, 3.69026e-22, 3.69026e-22, 3.69026e-22, 3.69026e-22, 3.69026e-22, 3.69026e-22, 3.69026e-22, 2.18303e-06, 3.69026e-22, 0.360503, 3.69026e-22, 3.69026e-22
18.8573, 0, 0.355074, 1.31915e-21, 1.41421, -0.355074, 0, 1.31915e-21, 1.31915e-21, 1.31915e-21, 1.31915e-21, 1.31915e-21, 1.31915e-21, 1.31915e-21, 1.31915e-21, 1.31915e-21, 1.31915e-21, 1.31915e-21, 1.31915e-21, 1.31915e-21, 2.16557e-06, 1.31915e-21, 0.355071, 1.31915e-21, 1.31915e-21
18.8652, 0, 0.349438, 2.65546e-21, 1.41421, -0.349438, 0, 2.65546e-21, 2.65546e-21, 2.65546e-21, 2.65546e-21, 2.65546e-21, 2.65546e-21, 2.65546e-21, 2.65546e-21, 2.65546e-21, 2.65546e-21, 2.65546e-21, 2.65546e-21, 2.65546e-21, 2.15186e-06, 2.65546e-21, 0.349436, 2.65546e-21, 2.65546e-21
18.8731, 0, 0.343626, 4.32868e-21, 1.41421, -0.343626, 0, 4.32868e-21, 4.32868e-21, 4.32868e-21, 4.32868e-21, 4.32868e-21, 4.32868e-21, 4.32868e-21, 4.32868e-21, 4.32868e-21, 4.32868e-21, 4.32868e-21, 4.32868e-21, 4.32868e-21, 2.14125e-06, 4.32868e-21, 0.343624, 4.32868e-21, 4.32868e-21
18.881, 0, 0.33766, 6.33669e-21, 1.41421, -0.33766, 0, 6.33669e-21, 6.33669e-21, 6.33669e-21, 6.33669e-21, 6.33669e-21, 6.33669e-21, 6.33669e-21, 6.33669e-21, 6.33669e-21, 6.33669e-21, 6.33669e-21, 6.33669e-21, 6.33669e-21, 2.13318e-06, 6.33669e-21, 0.337658, 6.33669e-21, 6.33669e-21
18.8888, 2, 0.331567, 8.6841e-21, 2, 1.66843, 0, 8.6841e-21, 8.6841e-21, 8.6841e-21, 8.6841e-21, 8.6841e-21, 8.6841e-21, 8.6841e-21, 8.6841e-21, 8.6841e-21, 8.6841e-21, 8.6841e-21, 8.6841e-21, 8.6841e-21, 2.12719e-06, 8.6841e-21, 0.331565, 8.6841e-21, 8.6841e-21
18.8967, 2, 0.325368, 1.13225e-20, 2, 1.67463, 0, 1.13225e-20, 1.13225e-20, 1.13225e-20, 1.13225e-20, 1.13225e-20, 1.13225e-20, 1.13225e-20, 1.13225e-20, 1.13225e-20, 1.13225e-20, 1.13225e-20, 1.13225e-20, 1.13225e-20, 2.12289e-06, 1.13225e-20, 0.325366, 1.13225e-20, 1.13225e-20
18.9046, 0, 0.319092, 1.42364e-20, 1.41421, -0.319092, 0, 1.42364e-20, 1.42364e-20, 1.42364e-20, 1.42364e-20, 1.42364e-20, 1.42364e-20, 1.42364e-20, 1.42364e-20, 1.42364e-20, 1.42364e-20, 1.42364e-20, 1.42364e-20, 1.42364e-20, 2.11994e-06, 1.42364e-20, 0.319089, 1.42364e-20, 1.42364e-20
18.9125, 0, 0.312757, 1.70861e-20, 1.41421, -0.312757, 0, 1.70861e-20, 1.70861e-20, 1.70861e-20, 1.70861e-20, 1.70861e-20, 1.70861e-20, 1.70861e-20, 1.70861e-20, 1.70861e-20, 1.70861e-20, 1.70861e-20, 1.70861e-20, 1.70861e-20, 2.11809e-06, 1.70861e-20, 0.312755, 1.70861e-20, 1.70861e-20
18.9204, 0, 0.306385, 1.97901e-20, 1.41421, -0.306385, 0, 1.97901e-20, 1.97901e-20, 1.97901e-20, 1.97901e-20, 1.97901e-20, 1.97901e-20, 1.97901e-20, 1.97901e-20, 1.97901e-20, 1.97901e-20, 1.97901e-20, 1.97901e-20, 1.97901e-20, 2.1171e-06, 1.97901e-20, 0.306383, 1.97901e-20, 1.97901e-20
18.9283, 0, 0.3, 2.23707e-20, 1.41421, -0.3, 0, 2.23707e-20, 2.23707e-20, 2.23707e-20, 2.23707e-20, 2.23707e-20, 2.23707e-20, 2.23707e-20, 2.23707e-20, 2.23707e-20, 2.23707e-20, 2.23707e-20, 2.23707e-20, 2.23707e-20, 2.11681e-06, 2.23707e-20, 0.299998, 2.23707e-20, 2.23707e-20
18.9361, 0, 0.293616, 2.48838e-20, 1.41421, -0.293616, 0, 2.48838e-20, 2.48838e-20, 2.48838e-20, 2.48838e-20, 2.48838e-20, 2.48838e-20, 2.48838e-20, 2.48838e-20, 2.48838e-20, 2.48838e-20, 2.48838e-20, 2.48838e-20, 2.48838e-20, 2.11706e-06, 2.48838e-20, 0.293614, 2.48838e-20, 2.48838e-20
18.944, 0, 0.287255, 2.7383e-20, 1.41421, -0.287255, 0, 2.7383e-20, 2.7383e-20, 2.7383e-20, 2.7383e-20, 2.7383e-20, 2.7383e-20, 2.7383e-20, 2.7383e-20, 2.7383e-20, 2.7383e-20, 2.7383e-20, 2.7383e-20, 2.7383e-20, 2.11773e-06, 2.7383e-20, 0.287253, 2.7383e-20, 2.7383e-20
18.9519, 2, 0.28093, 2.95578e-20, 2, 1.71907, 0, 2.95578e-20, 2.95578e-20, 2.95578e-20, 2.95578e-20, 2.95578e-20, 2.95578e-20, 2.95578e-20, 2.95578e-20, 2.95578e-20, 2.95578e-20, 2.95578e-20, 2.95578e-20, 2.95578e-20, 2.11874e-06, 2.95578e-20, 0.280928, 2.95578e-20, 2.95578e-20
18.9598, 0, 0.274658, 3.1398e-20, 1.41421, -0.274658, 0, 3.1398e-20, 3.1398e-20, 3.1398e-20, 3.1398e-20, 3.1398e-20, 3.1398e-20, 3.1398e-20, 3.1398e-20, 3.1398e-20, 3.1398e-20, 3.1398e-20, 3.1398e-20, 3.1398e-20, 2.12001e-06, 3.1398e-20, 0.274656, 3.1398e-20, 3.1398e-20
18.9677, 0, 0.268448, 3.2786e-20, 1.41421, -0.268448, 0, 3.2786e-20, 3.2786e-20, 3.2786e-20, 3.2786e-20, 3.2786e-20, 3.2786e-20, 3.2786e-20, 3.2786e-20, 3.2786e-20, 3.2786e-20, 3.2786e-20, 3.2786e-20, 3.2786e-20, 2.12148e-06, 3.2786e-20, 0.268446, 3.2786e-20, 3.2786e-20
18.9756, 0, 0.262319, 3.37971e-20, 1.41421, -0.262319, 0, 3.37971e-20, 3.37971e-20, 3.37971e-20, 3.37971e-20, 3.37971e-20, 3.37971e-20, 3.37971e-20, 3.37971e-20, 3.37971e-20, 3.37971e-20, 3.37971e-20, 3.37971e-20, 3.37971e-20, 2.1231e-06, 3.37971e-20, 0.262317, 3.37971e-20, 3.37971e-20
18.9835, 0, 0.256275, 3.45427e-20, 1.41421, -0.256275, 0, 3.45427e-20, 3.45427e-20, 3.45427e-20, 3.45427e-20, 3.45427e-20, 3.45427e-20, 3.45427e-20, 3.45427e-20, 3.45427e-20, 3.45427e-20, 3.45427e-20, 3.45427e-20, 3.45427e-20, 2.12484e-06, 3.45427e-20, 0.256273, 3.45427e-20, 3.45427e-20
18.9913, 4, 0.250328, 3.50267e-20, 2.44949, 3.74967, 0, 3.50267e-20, 3.50267e-20, 3.50267e-20, 3.50267e-20, 3.50267e-20, 3.50267e-20, 3.50267e-20, 3.50267e-20, 3.50267e-20, 3.50267e-20, 3.50267e-20, 3.50267e-20, 3.50267e-20, 2.12667e-06, 3.50267e-20, 0.250326, 3.50267e-20, 3.50267e-20
18.9992, 0, 0.244485, 3.51397e-20, 1.41421, -0.244485, 0, 3.51397e-20, 3.51397e-20, 3.51397e-20, 3.51397e-20, 3.51397e-20, 3.51397e-20, 3.51397e-20, 3.51397e-20, 3.51397e-20, 3.51397e-20, 3.51397e-20, 3.51397e-20, 3.51397e-20, 2.12856e-06, 3.51397e-20, 0.244483, 3.51397e-20, 3.51397e-20
19.0071, 2, 0.23875, 3.49019e-20, 2, 1.76125, 0, 3.49019e-20, 3.49019e-20, 3.49019e-20, 3.49019e-20, 3.49019e-20, 3.49019e-20, 3.49019e-20, 3.49019e-20, 3.49019e-20, 3.49019e-20, 3.49019e-20, 3.49019e-20, 3.49019e-20, 2.13051e-06, 3.49019e-20, 0.238748, 3.49019e-20, 3.49019e-20
19.015, 6, 0.233131, 3.44091e-20, 2.82843, 5.76687, 0, 3.44091e-20, 3.44091e-20, 3.44091e-20, 3.44091e-20, 3.44091e-20, 3.44091e-20, 3.44091e-20, 3.44091e-20, 3.44091e-20, 3.44091e-20, 3.44091e-20, 3.44091e-20, 3.44091e-20, 2.13249e-06, 3.44091e-20, 0.233129, 3.44091e-20, 3.44091e-20
19.0229, 0, 0.22763, 3.36674e-20, 1.41421, -0.22763, 0, 3.36674e-20, 3.36674e-20, 3.36674e-20, 3.36674e-20, 3.36674e-20, 3.36674e-20, 3.36674e-20, 3.36674e-20, 3.36674e-20, 3.36674e-20, 3.36674e-20, 3.36674e-20, 3.36674e-20, 2.13451e-06, 3.36674e-20, 0.227627, 3.36674e-20, 3.36674e-20
19.0308, 0, 0.222251, 3.264e-20, 1.41421, -0.222251, 0, 3.264e-20, 3.264e-20, 3.264e-20, 3.264e-20, 3.264e-20, 3.264e-20, 3.264e-20, 3.264e-20, 3.264e-20, 3.264e-20, 3.264e-20, 3.264e-20, 3.264e-20, 2.13655e-06, 3.264e-20, 0.222248, 3.264e-20, 3.264e-20
19.0386, 0, 0.216994, 3.13919e-20, 1.41421, -0.216994, 0, 3.13919e-20, 3.13919e-20, 3.13919e-20, 3.13919e-20, 3.13919e-20, 3.13919e-20, 3.13919e-20, 3.13919e-20, 3.13919e-20, 3.13919e-20, 3.13919e-20, 3.13919e-20, 3.13919e-20, 2.13861e-06, 3.13919e-20, 0.216992, 3.13919e-20, 3.13919e-20
19.0465, 0, 0.211863, 2.99599e-20, 1.41421, -0.211863, 0, 2.99599e-20, 2.99599e-20, 2.99599e-20, 2.99599e-20, 2.99599e-20, 2.99599e-20, 2.99599e-20, 2.99599e-20, 2.99599e-20, 2.99599e-20, 2.99599e-20, 2.99599e-20, 2.99599e-20, 2.14067e-06, 2.99599e-20, 0.211861, 2.99599e-20, 2.99599e-20
19.0544, 0, 0.206855, 2.84147e-20, 1.41421, -0.206855, 0, 2.84147e-20, 2.84147e-20, 2.84147e-20, 2.84147e-20, 2.84147e-20, 2.84147e-20, 2.84147e-20, 2.84147e-20, 2.84147e-20, 2.84147e-20, 2.84147e-20, 2.84147e-20, 2.84147e-20, 2.14275e-06, 2.84147e-20, 0.206853, 2.84147e-20, 2.84147e-20
19.0623, 0, 0.201973, 2.66214e-20, 1.41421, -0.201973, 0, 2.66214e-20, 2.66214e-20, 2.66214e-20, 2.66214e-20, 2.66214e-20, 2.66214e-20, 2.66214e-20, 2.66214e-20, 2.66214e-20, 2.66214e-20, 2.66214e-20, 2.66214e-20, 2.66214e-20, 2.14484e-06, 2.66214e-20, 0.201971, 2.66214e-20, 2.66214e-20
19.0702, 0, 0.197213, 2.46428e-20, 1.41421, -0.197213, 0, 2.46428e-20, 2.46428e-20, 2.46428e-20, 2.46428e-20, 2.46428e-20, 2.46428e-20, 2.46428e-20, 2.46428e-20, 2.46428e-20, 2.46428e-20, 2.46428e-20, 2.46428e-20, 2.46428e-20, 2.14693e-06, 2.46428e-20, 0.197211, 2.46428e-20, 2.46428e-20
19.0781, 0, 0.192577, 2.25739e-20, 1.41421, -0.192577, 0, 2.25739e-20, 2.25739e-20, 2.25739e-20, 2.25739e-20, 2.25739e-20, 2.25739e-20, 2.25739e-20, 2.25739e-20, 2.25739e-20, 2.25739e-20, 2.25739e-20, 2.25739e-20, 2.25739e-20, 2.14903e-06, 2.25739e-20, 0.192575, 2.25739e-20, 2.25739e-20
19.0859, 0, 0.188061, 2.04925e-20, 1.41421, -0.188061, 0, 2.04925e-20, 2.04925e-20, 2.04925e-20, 2.04925e-20, 2.04925e-20, 2.04925e-20, 2.04925e-20, 2.04925e-20, 2.04925e-20, 2.04925e-20, 2.04925e-20, 2.04925e-20, 2.04925e-20, 2.15113e-06, 2.04925e-20, 0.188059, 2.04925e-20, 2.04925e-20
19.0938, 2, 0.183663, 1.84627e-20, 2, 1.81634, 0, 1.84627e-20, 1.84627e-20, 1.84627e-20, 1.84627e-20, 1.84627e-20, 1.84627e-20, 1.84627e-20, 1.84627e-20, 1.84627e-20, 1.84627e-20, 1.84627e-20, 1.84627e-20, 1.84627e-20, 2.15323e-06, 1.84627e-20, 0.183661, 1.84627e-20, 1.84627e-20
19.1017, 0, 0.179382, 1.64804e-20, 1.41421, -0.179382, 0, 1.64804e-20, 1.64804e-20, 1.64804e-20, 1.64804e-20, 1.64804e-20, 1.64804e-20, 1.64804e-20, 1.64804e-20, 1.64804e-20, 1.64804e-20, 1.64804e-20, 1.64804e-20, 1.64804e-20, 2.15534e-06, 1.64804e-20, 0.17938, 1.64804e-20, 1.64804e-20
19.1096, 0, 0.175213, 1.44912e-20, 1.41421, -0.175213, 0, 1.44912e-20, 1.44912e-20, 1.44912e-20, 1.44912e-20, 1.44912e-20, 1.44912e-20, 1.44912e-20, 1.44912e-20, 1.44912e-20, 1.44912e-20, 1.44912e-20, 1.44912e-20, 1.44912e-20, 2.15745e-06, 1.44912e-20, 0.175211, 1.44912e-20, 1.44912e-20
19.1175, 0, 0.171155, 1.25315e-20, 1.41421, -0.171155, 0, 1.25315e-20, 1.25315e-20, 1.25315e-20, 1.25315e-20, 1.25315e-20, 1.25315e-20, 1.25315e-20, 1.25315e-20, 1.25315e-20, 1.25315e-20, 1.25315e-20, 1.25315e-20, 1.25315e-20, 2.15957e-06, 1.25315e-20, 0.171153, 1.25315e-20, 1.25315e-20
19.1254, 0, 0.167205, 1.06159e-20, 1.41421, -0.167205, 0, 1.06159e-20, 1.06159e-20, 1.06159e-20, 1.06159e-20, 1.06159e-20, 1.06159e-20, 1.06159e-20, 1.06159e-20, 1.06159e-20, 1.06159e-20, 1.06159e-20, 1.06159e-20, 1.06159e-20, 2.16168e-06, 1.06159e-20, 0.167202, 1.06159e-20, 1.06159e-20
19.1332, 0, 0.163359, 8.77546e-21, 1.41421, -0.163359, 0, 8.77546e-21, 8.77546e-21, 8.77546e-21, 8.77546e-21, 8.77546e-21, 8.77546e-21, 8.77546e-21, 8.77546e-21, 8.77546e-21, 8.77546e-21, 8.77546e-21, 8.77546e-21, 8.77546e-21, 2.1638e-06, 8.77546e-21, 0.163357, 8.77546e-21, 8.77546e-21
19.1411, 2, 0.159615, 7.05506e-21, 2, 1.84039, 0, 7.05506e-21, 7.05506e-21, 7.05506e-21, 7.05506e-21, 7.05506e-21, 7.05506e-21, 7.05506e-21, 7.05506e-21, 7.05506e-21, 7.05506e-21, 7.05506e-21, 7.05506e-21, 7.05506e-21, 2.16592e-06, 7.05506e-21, 0.159613, 7.05506e-21, 7.05506e-21
19.149, 0, 0.15597, 5.47174e-21, 1.41421, -0.15597, 0, 5.47174e-21, 5.47174e-21, 5.47174e-21, 5.47174e-21, 5.47174e-21, 5.47174e-21, 5.47174e-21, 5.47174e-21, 5.47174e-21, 5.47174e-21, 5.47174e-21, 5.47174e-21, 5.47174e-21, 2.16805e-06, 5.47174e-21, 0.155967, 5.47174e-21, 5.47174e-21
19.1569, 2, 0.15242, 4.05635e-21, 2, 1.84758, 0, 4.05635e-21, 4.05635e-21, 4.05635e-21, 4.05635e-21, 4.05635e-21, 4.05635e-21, 4.05635e-21, 4.05635e-21, 4.05635e-21, 4.05635e-21, 4.05635e-21, 4.05635e-21, 4.05635e-21, 2.17017e-06, 4.05635e-21, 0.152418, 4.05635e-21, 4.05635e-21
19.1648, 0, 0.148962, 2.8339e-21, 1.41421, -0.148962, 0, 2.8339e-21, 2.8339e-21, 2.8339e-21, 2.8339e-21, 2.8339e-21, 2.8339e-21, 2.8339e-21, 2.8339e-21, 2.8339e-21, 2.8339e-21, 2.8339e-21, 2.8339e-21, 2.8339e-21, 2.1723e-06, 2.8339e-21, 0.148959, 2.8339e-21, 2.8339e-21
19.1727, 0, 0.145593, 1.82077e-21, 1.41421, -0.145593, 0, 1.82077e-21, 1.82077e-21, 1.82077e-21, 1.82077e-21, 1.82077e-21, 1.82077e-21, 1.82077e-21, 1.82077e-21, 1.82077e-21, 1.82077e-21, 1.82077e-21, 1.82077e-21, 1.82077e-21, 2.17443e-06, 1.82077e-21, 0.145591, 1.82077e-21, 1.82077e-21
19.1805, 0, 0.14231, 1.02663e-21, 1.41421, -0.14231, 0, 1.02663e-21, 1.02663e-21, 1.02663e-21, 1.02663e-21, 1.02663e-21, 1.02663e-21, 1.02663e-21, 1.02663e-21, 1.02663e-21, 1.02663e-21, 1.02663e-21, 1.02663e-21, 1.02663e-21, 2.17656e-06, 1.02663e-21, 0.142308, 1.02663e-21, 1.02663e-21
19.1884, 0, 0.139112, 4.56826e-22, 1.41421, -0.139112, 0, 4.56826e-22, 4.56826e-22, 4.56826e-22, 4.56826e-22, 4.56826e-22, 4.56826e-22, 4.56826e-22, 4.56826e-22, 4.56826e-22, 4.56826e-22, 4.56826e-22, 4.56826e-22, 4.56826e-22, 2.1787e-06, 4.56826e-22, 0.13911, 4.56826e-22, 4.56826e-22
19.1963, 0, 0.135993, 1.14207e-22, 1.41421, -0.135993, 0, 1.14207e-22, 1.14207e-22, 1.14207e-22, 1.14207e-22, 1.14207e-22, 1.14207e-22, 1.14207e-22, 1.14207e-22, 1.14207e-22, 1.14207e-22, 1.14207e-22, 1.14207e-22, 1.14207e-22, 2.18085e-06, 1.14207e-22, 0.135991, 1.14207e-22, 1.14207e-22
19.2042, 0, 0.132954, 0, 1.41421, -0.132954, 0, 0, 0, 0, 0, 0, 0, 0, 0, 0, 0, 0, 0, 0, 2.18299e-06, 0, 0.132952, 0, 0
19.2121, 0, 0.129989, 0, 1.41421, -0.129989, 0, 0, 0, 0, 0, 0, 0, 0, 0, 0, 0, 0, 0, 0, 2.18514e-06, 0, 0.129986, 0, 0
19.22, 0, 0.127097, 0, 1.41421, -0.127097, 0, 0, 0, 0, 0, 0, 0, 0, 0, 0, 0, 0, 0, 0, 2.18731e-06, 0, 0.127094, 0, 0
19.2278, 0, 0.124274, 0, 1.41421, -0.124274, 0, 0, 0, 0, 0, 0, 0, 0, 0, 0, 0, 0, 0, 0, 2.18948e-06, 0, 0.124272, 0, 0
19.2357, 0, 0.12152, 0, 1.41421, -0.12152, 0, 0, 0, 0, 0, 0, 0, 0, 0, 0, 0, 0, 0, 0, 2.19166e-06, 0, 0.121518, 0, 0
19.2436, 0, 0.118831, 0, 1.41421, -0.118831, 0, 0, 0, 0, 0, 0, 0, 0, 0, 0, 0, 0, 0, 0, 2.19387e-06, 0, 0.118829, 0, 0
19.2515, 0, 0.116204, 0, 1.41421, -0.116204, 0, 0, 0, 0, 0, 0, 0, 0, 0, 0, 0, 0, 0, 0, 2.19611e-06, 0, 0.116202, 0, 0
19.2594, 0, 0.113639, 0, 1.41421, -0.113639, 0, 0, 0, 0, 0, 0, 0, 0, 0, 0, 0, 0, 0, 0, 2.19838e-06, 0, 0.113637, 0, 0
19.2673, 0, 0.111132, 0, 1.41421, -0.111132, 0, 0, 0, 0, 0, 0, 0, 0, 0, 0, 0, 0, 0, 0, 2.20071e-06, 0, 0.11113, 0, 0
19.2752, 0, 0.108682, 0, 1.41421, -0.108682, 0, 0, 0, 0, 0, 0, 0, 0, 0, 0, 0, 0, 0, 0, 2.20311e-06, 0, 0.10868, 0, 0
19.283, 0, 0.106287, 0, 1.41421, -0.106287, 0, 0, 0, 0, 0, 0, 0, 0, 0, 0, 0, 0, 0, 0, 2.20561e-06, 0, 0.106285, 0, 0
19.2909, 0, 0.103944, 0, 1.41421, -0.103944, 0, 0, 0, 0, 0, 0, 0, 0, 0, 0, 0, 0, 0, 0, 2.20825e-06, 0, 0.103942, 0, 0
19.2988, 0, 0.101652, 0, 1.41421, -0.101652, 0, 0, 0, 0, 0, 0, 0, 0, 0, 0, 0, 0, 0, 0, 2.21107e-06, 0, 0.10165, 0, 0
19.3067, 2, 0.0994103, 0, 2, 1.90059, 0, 0, 0, 0, 0, 0, 0, 0, 0, 0, 0, 0, 0, 0, 2.21416e-06, 0, 0.099408, 0, 0
19.3146, 0, 0.0972154, 0, 1.41421, -0.0972154, 0, 0, 0, 0, 0, 0, 0, 0, 0, 0, 0, 0, 0, 0, 2.2176e-06, 0, 0.0972132, 0, 0
19.3225, 0, 0.0950672, 0, 1.41421, -0.0950672, 0, 0, 0, 0, 0, 0, 0, 0, 0, 0, 0, 0, 0, 0, 2.2215e-06, 0, 0.095065, 0, 0
19.3303, 0, 0.0929634, 0, 1.41421, -0.0929634, 0, 0, 0, 0, 0, 0, 0, 0, 0, 0, 0, 0, 0, 0, 2.22604e-06, 0, 0.0929611, 0, 0
19.3382, 2, 0.090902, 0, 2, 1.9091, 0, 0, 0, 0, 0, 0, 0, 0, 0, 0, 0, 0, 0, 0, 2.23141e-06, 0, 0.0908998, 0, 0
19.3461, 0, 0.0888827, 0, 1.41421, -0.0888827, 0, 0, 0, 0, 0, 0, 0, 0, 0, 0, 0, 0, 0, 0, 2.23789e-06, 0, 0.0888805, 0, 0
19.354, 0, 0.0869033, 0, 1.41421, -0.0869033, 0, 0, 0, 0, 0, 0, 0, 0, 0, 0, 0, 0, 0, 0, 2.24583e-06, 0, 0.086901, 0, 0
19.3619, 0, 0.0849632, 0, 1.41421, -0.0849632, 0, 0, 0, 0, 0, 0, 0, 0, 0, 0, 0, 0, 0, 0, 2.25568e-06, 0, 0.0849609, 0, 0
19.3698, 0, 0.0830604, 0, 1.41421, -0.0830604, 0, 0, 0, 0, 0, 0, 0, 0, 0, 0, 0, 0, 0, 0, 2.26801e-06, 0, 0.0830581, 0, 0
19.3776, 0, 0.0811945, 0, 1.41421, -0.0811945, 0, 0, 0, 0, 0, 0, 0, 0, 0, 0, 0, 0, 0, 0, 2.28355e-06, 0, 0.0811922, 0, 0
19.3855, 0, 0.0793637, 0, 1.41421, -0.0793637, 0, 0, 0, 0, 0, 0, 0, 0, 0, 0, 0, 0, 0, 0, 2.30322e-06, 0, 0.0793614, 0, 0
19.3934, 0, 0.0775676, 0, 1.41421, -0.0775676, 0, 0, 0, 0, 0, 0, 0, 0, 0, 0, 0, 0, 0, 0, 2.32816e-06, 0, 0.0775652, 0, 0
19.4013, 0, 0.075804, 0, 1.41421, -0.075804, 0, 0, 0, 0, 0, 0, 0, 0, 0, 0, 0, 0, 0, 0, 2.35981e-06, 0, 0.0758016, 0, 0
19.4092, 0, 0.0740736, 0, 1.41421, -0.0740736, 0, 0, 0, 0, 0, 0, 0, 0, 0, 0, 0, 0, 0, 0, 2.39989e-06, 0, 0.0740712, 0, 0
19.4171, 0, 0.0723747, 0, 1.41421, -0.0723747, 0, 0, 0, 0, 0, 0, 0, 0, 0, 0, 0, 0, 0, 0, 2.45057e-06, 0, 0.0723723, 0, 0
19.4249, 0, 0.0707061, 0, 1.41421, -0.0707061, 0, 0, 0, 0, 0, 0, 0, 0, 0, 0, 0, 0, 0, 0, 2.51449e-06, 0, 0.0707036, 0, 0
19.4328, 0, 0.0690678, 0, 1.41421, -0.0690678, 0, 0, 0, 0, 0, 0, 0, 0, 0, 0, 0, 0, 0, 0, 2.59482e-06, 0, 0.0690652, 0, 0
19.4407, 0, 0.0674582, 0, 1.41421, -0.0674582, 0, 0, 0, 0, 0, 0, 0, 0, 0, 0, 0, 0, 0, 0, 2.69557e-06, 0, 0.0674555, 0, 0
19.4486, 0, 0.0658775, 0, 1.41421, -0.0658775, 0, 0, 0, 0, 0, 0, 0, 0, 0, 0, 0, 0, 0, 0, 2.82342e-06, 0, 0.0658747, 0, 0
19.4565, 2, 0.0643243, 0, 2, 1.93568, 0, 0, 0, 0, 0, 0, 0, 0, 0, 0, 0, 0, 0, 0, 2.98119e-06, 0, 0.0643213, 0, 0
19.4644, 0, 0.0627988, 0, 1.41421, -0.0627988, 0, 0, 0, 0, 0, 0, 0, 0, 0, 0, 0, 0, 0, 0, 3.17559e-06, 0, 0.0627956, 0, 0
19.4722, 0, 0.0612997, 0, 1.41421, -0.0612997, 0, 0, 0, 0, 0, 0, 0, 0, 0, 0, 0, 0, 0, 0, 3.41493e-06, 0, 0.0612963, 0, 0
19.4801, 0, 0.0598274, 0, 1.41421, -0.0598274, 0, 0, 0, 0, 0, 0, 0, 0, 0, 0, 0, 0, 0, 0, 3.70824e-06, 0, 0.0598237, 0, 0
19.488, 0, 0.0583807, 0, 1.41421, -0.0583807, 0, 0, 0, 0, 0, 0, 0, 0, 0, 0, 0, 0, 0, 0, 4.06632e-06, 0, 0.0583767, 0, 0
19.4959, 0, 0.05696, 0, 1.41421, -0.05696, 0, 0, 0, 0, 0, 0, 0, 0, 0, 0, 0, 0, 0, 0, 4.50139e-06, 0, 0.0569555, 0, 0
19.5038, 2, 0.0555647, 0, 2, 1.94444, 0, 0, 0, 0, 0, 0, 0, 0, 0, 0, 0, 0, 0, 0, 5.02798e-06, 0, 0.0555597, 0, 0
19.5117, 0, 0.0541937, 0, 1.41421, -0.0541937, 0, 0, 0, 0, 0, 0, 0, 0, 0, 0, 0, 0, 0, 0, 5.66324e-06, 0, 0.0541881, 0, 0
19.5196, 0, 0.0528483, 0, 1.41421, -0.0528483, 0, 0, 0, 0, 0, 0, 0, 0, 0, 0, 0, 0, 0, 0, 6.42611e-06, 0, 0.0528419, 0, 0
19.5274, 0, 0.0515273, 0, 1.41421, -0.0515273, 0, 0, 0, 0, 0, 0, 0, 0, 0, 0, 0, 0, 0, 0, 7.33999e-06, 0, 0.05152, 0, 0
19.5353, 0, 0.0502312, 0, 1.41421, -0.0502312, 0, 0, 0, 0, 0, 0, 0, 0, 0, 0, 0, 0, 0, 0, 8.43121e-06, 0, 0.0502228, 0, 0
19.5432, 0, 0.0489593, 0, 1.41421, -0.0489593, 0, 0, 0, 0, 0, 0, 0, 0, 0, 0, 0, 0, 0, 0, 9.73188e-06, 0, 0.0489496, 0, 0
19.5511, 0, 0.0477121, 0, 1.41421, -0.0477121, 0, 0, 0, 0, 0, 0, 0, 0, 0, 0, 0, 0, 0, 0, 1.12788e-05, 0, 0.0477008, 0, 0
19.559, 0, 0.046489, 0, 1.41421, -0.046489, 0, 0, 0, 0, 0, 0, 0, 0, 0, 0, 0, 0, 0, 0, 1.31176e-05, 0, 0.0464759, 0, 0
19.5669, 0, 0.0452906, 0, 1.41421, -0.0452906, 0, 0, 0, 0, 0, 0, 0, 0, 0, 0, 0, 0, 0, 0, 1.53013e-05, 0, 0.0452753, 0, 0
19.5747, 0, 0.0441167, 0, 1.41421, -0.0441167, 0, 0, 0, 0, 0, 0, 0, 0, 0, 0, 0, 0, 0, 0, 1.78962e-05, 0, 0.0440988, 0, 0
19.5826, 0, 0.0429671, 0, 1.41421, -0.0429671, 0, 0, 0, 0, 0, 0, 0, 0, 0, 0, 0, 0, 0, 0, 2.09841e-05, 0, 0.0429461, 0, 0
19.5905, 0, 0.0418424, 0, 1.41421, -0.0418424, 0, 0, 0, 0, 0, 0, 0, 0, 0, 0, 0, 0, 0, 0, 2.46674e-05, 0, 0.0418177, 0, 0
19.5984, 0, 0.0407424, 0, 1.41421, -0.0407424, 0, 0, 0, 0, 0, 0, 0, 0, 0, 0, 0, 0, 0, 0, 2.90669e-05, 0, 0.0407133, 0, 0
19.6063, 0, 0.0396677, 0, 1.41421, -0.0396677, 0, 0, 0, 0, 0, 0, 0, 0, 0, 0, 0, 0, 0, 0, 3.43362e-05, 0, 0.0396334, 0, 0
19.6142, 2, 0.0386182, 0, 2, 1.96138, 0, 0, 0, 0, 0, 0, 0, 0, 0, 0, 0, 0, 0, 0, 4.0674e-05, 0, 0.0385775, 0, 0
19.622, 0, 0.0375944, 0, 1.41421, -0.0375944, 0, 0, 0, 0, 0, 0, 0, 0, 0, 0, 0, 0, 0, 0, 4.83242e-05, 0, 0.0375461, 0, 0
19.6299, 0, 0.0365969, 0, 1.41421, -0.0365969, 0, 0, 0, 0, 0, 0, 0, 0, 0, 0, 0, 0, 0, 0, 5.75952e-05, 0, 0.0365393, 0, 0
19.6378, 0, 0.0356263, 0, 1.41421, -0.0356263, 0, 0, 0, 0, 0, 0, 0, 0, 0, 0, 0, 0, 0, 0, 6.88706e-05, 0, 0.0355574, 0, 0
19.6457, 0, 0.0346828, 0, 1.41421, -0.0346828, 0, 0, 0, 0, 0, 0, 0, 0, 0, 0, 0, 0, 0, 0, 8.26398e-05, 0, 0.0346002, 0, 0
19.6536, 0, 0.0337677, 0, 1.41421, -0.0337677, 0, 0, 0, 0, 0, 0, 0, 0, 0, 0, 0, 0, 0, 0, 9.95003e-05, 0, 0.0336682, 0, 0
19.6615, 0, 0.0328815, 0, 1.41421, -0.0328815, 0, 0, 0, 0, 0, 0, 0, 0, 0, 0, 0, 0, 0, 0, 0.000120205, 0, 0.0327613, 0, 0
19.6693, 0, 0.0320252, 0, 1.41421, -0.0320252, 0, 0, 0, 0, 0, 0, 0, 0, 0, 0, 0, 0, 0, 0, 0.000145689, 0, 0.0318795, 0, 0
19.6772, 0, 0.0312003, 0, 1.41421, -0.0312003, 0, 0, 0, 0, 0, 0, 0, 0, 0, 0, 0, 0, 0, 0, 0.00017708, 0, 0.0310232, 0, 0
19.6851, 0, 0.030408, 0, 1.41421, -0.030408, 0, 0, 0, 0, 0, 0, 0, 0, 0, 0, 0, 0, 0, 0, 0.000215788, 0, 0.0301922, 0, 0
19.693, 0, 0.0296504, 0, 1.41421, -0.0296504, 0, 0, 0, 0, 0, 0, 0, 0, 0, 0, 0, 0, 0, 0, 0.000263487, 0, 0.0293869, 0, 0
19.7009, 0, 0.0289292, 0, 1.41421, -0.0289292, 0, 0, 0, 0, 0, 0, 0, 0, 0, 0, 0, 0, 0, 0, 0.000322242, 0, 0.0286069, 0, 0
19.7088, 0, 0.028247, 0, 1.41421, -0.028247, 0, 0, 0, 0, 0, 0, 0, 0, 0, 0, 0, 0, 0, 0, 0.00039447, 0, 0.0278525, 0, 0
19.7166, 0, 0.0276065, 0, 1.41421, -0.0276065, 0, 0, 0, 0, 0, 0, 0, 0, 0, 0, 0, 0, 0, 0, 0.000483116, 0, 0.0271234, 0, 0
19.7245, 0, 0.027011, 0, 1.41421, -0.027011, 0, 0, 0, 0, 0, 0, 0, 0, 0, 0, 0, 0, 0, 0, 0.000591567, 0, 0.0264195, 0, 0
19.7324, 0, 0.0264642, 0, 1.41421, -0.0264642, 0, 0, 0, 0, 0, 0, 0, 0, 0, 0, 0, 0, 0, 0, 0.000723935, 0, 0.0257402, 0, 0
19.7403, 0, 0.0259707, 0, 1.41421, -0.0259707, 0, 0, 0, 0, 0, 0, 0, 0, 0, 0, 0, 0, 0, 0, 0.00088476, 0, 0.025086, 0, 0
19.7482, 0, 0.0255354, 0, 1.41421, -0.0255354, 0, 0, 0, 0, 0, 0, 0, 0, 0, 0, 0, 0, 0, 0, 0.00107949, 0, 0.0244559, 0, 0
19.7561, 0, 0.0251639, 0, 1.41421, -0.0251639, 0, 0, 0, 0, 0, 0, 0, 0, 0, 0, 0, 0, 0, 0, 0.00131433, 0, 0.0238496, 0, 0
19.7639, 0, 0.0248628, 0, 1.41421, -0.0248628, 0, 0, 0, 0, 0, 0, 0, 0, 0, 0, 0, 0, 0, 0, 0.00159617, 0, 0.0232666, 0, 0
19.7718, 0, 0.0246392, 0, 1.41421, -0.0246392, 0, 0, 0, 0, 0, 0, 0, 0, 0, 0, 0, 0, 0, 0, 0.00193298, 0, 0.0227062, 0, 0
19.7797, 0, 0.0245012, 0, 1.41421, -0.0245012, 0, 0, 0, 0, 0, 0, 0, 0, 0, 0, 0, 0, 0, 0, 0.00233335, 0, 0.0221679, 0, 0
19.7876, 0, 0.0244579, 0, 1.41421, -0.0244579, 0, 0, 0, 0, 0, 0, 0, 0, 0, 0, 0, 0, 0, 0, 0.00280712, 0, 0.0216508, 0, 0
19.7955, 0, 0.0245188, 0, 1.41421, -0.0245188, 0, 0, 0, 0, 0, 0, 0, 0, 0, 0, 0, 0, 0, 0, 0.00336463, 0, 0.0211542, 0, 0
19.8034, 0, 0.0246948, 0, 1.41421, -0.0246948, 0, 0, 0, 0, 0, 0, 0, 0, 0, 0, 0, 0, 0, 0, 0.00401758, 0, 0.0206772, 0, 0
19.8113, 0, 0.024997, 0, 1.41421, -0.024997, 0, 0, 0, 0, 0, 0, 0, 0, 0, 0, 0, 0, 0, 0, 0.0047779, 0, 0.0202191, 0, 0
19.8191, 0, 0.0254377, 0, 1.41421, -0.0254377, 0, 0, 0, 0, 0, 0, 0, 0, 0, 0, 0, 0, 0, 0, 0.00565897, 0, 0.0197787, 0, 0
19.827, 0, 0.0260294, 0, 1.41421, -0.0260294, 0, 0, 0, 0, 0, 0, 0, 0, 0, 0, 0, 0, 0, 0, 0.00667395, 0, 0.0193554, 0, 0
19.8349, 0, 0.0267852, 0, 1.41421, -0.0267852, 0, 0, 0, 0, 0, 0, 0, 0, 0, 0, 0, 0, 0, 0, 0.00783714, 0, 0.0189481, 0, 0
19.8428, 0, 0.0277193, 0, 1.41421, -0.0277193, 0, 0, 0, 0, 0, 0, 0, 0, 0, 0, 0, 0, 0, 0, 0.00916365, 0, 0.0185556, 0, 0
19.8507, 0, 0.0288441, 0, 1.41421, -0.0288441, 0, 0, 0, 0, 0, 0, 0, 0, 0, 0, 0, 0, 0, 0, 0.0106666, 0, 0.0181775, 0, 0
19.8586, 0, 0.030174, 0, 1.41421, -0.030174, 0, 0, 0, 0, 0, 0, 0, 0, 0, 0, 0, 0, 0, 0, 0.0123616, 0, 0.0178125, 0, 0
19.8664, 0, 0.0317214, 0, 1.41421, -0.0317214, 0, 0, 0, 0, 0, 0, 0, 0, 0, 0, 0, 0, 0, 0, 0.0142616, 0, 0.0174598, 0, 0
19.8743, 0, 0.0334995, 0, 1.41421, -0.0334995, 0, 0, 0, 0, 0, 0, 0, 0, 0, 0, 0, 0, 0, 0, 0.0163809, 0, 0.0171186, 0, 0
19.8822, 0, 0.0355189, 0, 1.41421, -0.0355189, 0, 0, 0, 0, 0, 0, 0, 0, 0, 0, 0, 0, 0, 0, 0.0187308, 0, 0.0167881, 0, 0
19.8901, 0, 0.0377911, 0, 1.41421, -0.0377911, 0, 0, 0, 0, 0, 0, 0, 0, 0, 0, 0, 0, 0, 0, 0.0213237, 0, 0.0164674, 0, 0
19.898, 0, 0.0403236, 0, 1.41421, -0.0403236, 0, 0, 0, 0, 0, 0, 0, 0, 0, 0, 0, 0, 0, 0, 0.0241677, 0, 0.0161559, 0, 0
19.9059, 2, 0.0431243, 0, 2, 1.95688, 0, 0, 0, 0, 0, 0, 0, 0, 0, 0, 0, 0, 0, 0, 0.0272713, 0, 0.015853, 0, 0
19.9137, 2, 0.0461988, 0, 2, 1.9538, 0, 0, 0, 0, 0, 0, 0, 0, 0, 0, 0, 0, 0, 0, 0.030641, 0, 0.0155578, 0, 0
19.9216, 4, 0.0495486, 0, 2.44949, 3.95045, 0, 0, 0, 0, 0, 0, 0, 0, 0, 0, 0, 0, 0, 0, 0.0342785, 0, 0.0152701, 0, 0
19.9295, 0, 0.0531755, 0, 1.41421, -0.0531755, 0, 0, 0, 0, 0, 0, 0, 0, 0, 0, 0, 0, 0, 0, 0.0381862, 0, 0.0149892, 0, 0
19.9374, 0, 0.0570754, 0, 1.41421, -0.0570754, 0, 0, 0, 0, 0, 0, 0, 0, 0, 0, 0, 0, 0, 0, 0.0423606, 0, 0.0147148, 0, 0
19.9453, 0, 0.0612464, 0, 1.41421, -0.0612464, 0, 0, 0, 0, 0, 0, 0, 0, 0, 0, 0, 0, 0, 0, 0.0468, 0, 0.0144465, 0, 0
19.9532, 0, 0.0656764, 0, 1.41421, -0.0656764, 0, 0, 0, 0, 0, 0, 0, 0, 0, 0, 0, 0, 0, 0, 0.0514924, 0, 0.014184, 0, 0
19.961, 0, 0.0703579, 0, 1.41421, -0.0703579, 0, 0, 0, 0, 0, 0, 0, 0, 0, 0, 0, 0, 0, 0, 0.0564309, 0, 0.0139271, 0, 0
19.9689, 2, 0.0752751, 0, 2, 1.92472, 0, 0, 0, 0, 0, 0, 0, 0, 0, 0, 0, 0, 0, 0, 0.0615995, 0, 0.0136756, 0, 0
19.9768, 0, 0.0804142, 0, 1.41421, -0.0804142, 0, 0, 0, 0, 0, 0, 0, 0, 0, 0, 0, 0, 0, 0, 0.0669848, 0, 0.0134294, 0, 0
19.9847, 0, 0.0857537, 0, 1.41421, -0.0857537, 0, 0, 0, 0, 0, 0, 0, 0, 0, 0, 0, 0, 0, 0, 0.0725653, 0, 0.0131884, 0, 0
19.9926, 0, 0.0912734, 0, 1.41421, -0.0912734, 0, 0, 0, 0, 0, 0, 0, 0, 0, 0, 0, 0, 0, 0, 0.0783207, 0, 0.0129527, 0, 0
20.0005, 0, 0.0969511, 0, 1.41421, -0.0969511, 0, 0, 0, 0, 0, 0, 0, 0, 0, 0, 0, 0, 0, 0, 0.0842289, 0, 0.0127222, 0, 0
20.0083, 0, 0.102758, 0, 1.41421, -0.102758, 0, 0, 0, 0, 0, 0, 0, 0, 0, 0, 0, 0, 0, 0, 0.0902608, 0, 0.0124971, 0, 0
20.0162, 0, 0.108669, 0, 1.41421, -0.108669, 0, 0, 0, 0, 0, 0, 0, 0, 0, 0, 0, 0, 0, 0, 0.0963914, 0, 0.0122773, 0, 0
20.0241, 0, 0.114651, 0, 1.41421, -0.114651, 0, 0, 0, 0, 0, 0, 0, 0, 0, 0, 0, 0, 0, 0, 0.102588, 0, 0.0120634, 0, 0
20.032, 0, 0.120676, 0, 1.41421, -0.120676, 0, 0, 0, 0, 0, 0, 0, 0, 0, 0, 0, 0, 0, 0, 0.108821, 0, 0.0118552, 0, 0
20.0399, 0, 0.126708, 0, 1.41421, -0.126708, 0, 0, 0, 0, 0, 0, 0, 0, 0, 0, 0, 0, 0, 0, 0.115055, 0, 0.0116531, 0, 0
20.0478, 0, 0.132716, 0, 1.41421, -0.132716, 0, 0, 0, 0, 0, 0, 0, 0, 0, 0, 0, 0, 0, 0, 0.121259, 0, 0.0114574, 0, 0
20.0557, 0, 0.138663, 0, 1.41421, -0.138663, 0, 0, 0, 0, 0, 0, 0, 0, 0, 0, 0, 0, 0, 0, 0.127394, 0, 0.0112684, 0, 0
20.0635, 0, 0.144511, 0, 1.41421, -0.144511, 0, 0, 0, 0, 0, 0, 0, 0, 0, 0, 0, 0, 0, 0, 0.133425, 0, 0.0110864, 0, 0
20.0714, 0, 0.150222, 0, 1.41421, -0.150222, 0, 0, 0, 0, 0, 0, 0, 0, 0, 0, 0, 0, 0, 0, 0.139311, 0, 0.0109118, 0, 0
20.0793, 0, 0.155759, 0, 1.41421, -0.155759, 0, 0, 0, 0, 0, 0, 0, 0, 0, 0, 0, 0, 0, 0, 0.145014, 0, 0.0107449, 0, 0
20.0872, 0, 0.161084, 3.80108e-22, 1.41421, -0.161084, 0, 3.80108e-22, 3.80108e-22, 3.80108e-22, 3.80108e-22, 3.80108e-22, 3.80108e-22, 3.80108e-22, 3.80108e-22, 3.80108e-22, 3.80108e-22, 3.80108e-22, 3.80108e-22, 3.80108e-22, 0.150498, 3.80108e-22, 0.0105861, 3.80108e-22, 3.80108e-22
20.0951, 0, 0.166154, 1.33632e-21, 1.41421, -0.166154, 0, 1.33632e-21, 1.33632e-21, 1.33632e-21, 1.33632e-21, 1.33632e-21, 1.33632e-21, 1.33632e-21, 1.33632e-21, 1.33632e-21, 1.33632e-21, 1.33632e-21, 1.33632e-21, 1.33632e-21, 0.155718, 1.33632e-21, 0.0104358, 1.33632e-21, 1.33632e-21
20.103, 0, 0.170932, 2.61918e-21, 1.41421, -0.170932, 0, 2.61918e-21, 2.61918e-21, 2.61918e-21, 2.61918e-21, 2.61918e-21, 2.61918e-21, 2.61918e-21, 2.61918e-21, 2.61918e-21, 2.61918e-21, 2.61918e-21, 2.61918e-21, 2.61918e-21, 0.160638, 2.61918e-21, 0.0102943, 2.61918e-21, 2.61918e-21
20.1108, 0, 0.175375, 4.17079e-21, 1.41421, -0.175375, 0, 4.17079e-21, 4.17079e-21, 4.17079e-21, 4.17079e-21, 4.17079e-21, 4.17079e-21, 4.17079e-21, 4.17079e-21, 4.17079e-21, 4.17079e-21, 4.17079e-21, 4.17079e-21, 4.17079e-21, 0.165213, 4.17079e-21, 0.0101621, 4.17079e-21, 4.17079e-21
20.1187, 0, 0.179446, 6.08172e-21, 1.41421, -0.179446, 0, 6.08172e-21, 6.08172e-21, 6.08172e-21, 6.08172e-21, 6.08172e-21, 6.08172e-21, 6.08172e-21, 6.08172e-21, 6.08172e-21, 6.08172e-21, 6.08172e-21, 6.08172e-21, 6.08172e-21, 0.169406, 6.08172e-21, 0.0100395, 6.08172e-21, 6.08172e-21
20.1266, 2, 0.183103, 5.86041e-17, 2, 1.8169, 0, 5.86041e-17, 5.86041e-17, 5.86041e-17, 5.86041e-17, 5.86041e-17, 5.86041e-17, 5.86041e-17, 5.86041e-17, 5.86041e-17, 5.86041e-17, 5.86041e-17, 5.86041e-17, 5.86041e-17, 0.173176, 5.86041e-17, 0.0099269, 5.86041e-17, 5.86041e-17
20.1345, 0, 0.18631, 1.02934e-16, 1.41421, -0.18631, 0, 1.02934e-16, 1.02934e-16, 1.02934e-16, 1.02934e-16, 1.02934e-16, 1.02934e-16, 1.02934e-16, 1.02934e-16, 1.02934e-16, 1.02934e-16, 1.02934e-16, 1.02934e-16, 1.02934e-16, 0.176486, 1.02934e-16, 0.00982459, 1.02934e-16, 1.02934e-16
20.1424, 0, 0.18903, 6.84063e-17, 1.41421, -0.18903, 0, 6.84063e-17, 6.84063e-17, 6.84063e-17, 6.84063e-17, 6.84063e-17, 6.84063e-17, 6.84063e-17, 6.84063e-17, 6.84063e-17, 6.84063e-17, 6.84063e-17, 6.84063e-17, 6.84063e-17, 0.179297, 6.84063e-17, 0.00973297, 6.84063e-17, 6.84063e-17
20.1503, 0, 0.191231, 1.77527e-17, 1.41421, -0.191231, 0, 1.77527e-17, 1.77527e-17, 1.77527e-17, 1.77527e-17, 1.77527e-17, 1.77527e-17, 1.77527e-17, 1.77527e-17, 1.77527e-17, 1.77527e-17, 1.77527e-17, 1.77527e-17, 1.77527e-17, 0.181579, 1.77527e-17, 0.00965228, 1.77527e-17, 1.77527e-17
20.1581, 0, 0.19288, 2.43269e-20, 1.41421, -0.19288, 0, 2.43269e-20, 2.43269e-20, 2.43269e-20, 2.43269e-20, 2.43269e-20, 2.43269e-20, 2.43269e-20, 2.43269e-20, 2.43269e-20, 2.43269e-20, 2.43269e-20, 2.43269e-20, 2.43269e-20, 0.183297, 2.43269e-20, 0.00958281, 2.43269e-20, 2.43269e-20
20.166, 0, 0.193952, 1.35428e-16, 1.41421, -0.193952, 0, 1.35428e-16, 1.35428e-16, 1.35428e-16, 1.35428e-16, 1.35428e-16, 1.35428e-16, 1.35428e-16, 1.35428e-16, 1.35428e-16, 1.35428e-16, 1.35428e-16, 1.35428e-16, 1.35428e-16, 0.184427, 1.35428e-16, 0.00952478, 1.35428e-16, 1.35428e-16
20.1739, 0, 0.194423, 2.35718e-16, 1.41421, -0.194423, 0, 2.35718e-16, 2.35718e-16, 2.35718e-16, 2.35718e-16, 2.35718e-16, 2.35718e-16, 2.35718e-16, 2.35718e-16, 2.35718e-16, 2.35718e-16, 2.35718e-16, 2.35718e-16, 2.35718e-16, 0.184944, 2.35718e-16, 0.00947841, 2.35718e-16, 2.35718e-16
20.1818, 0, 0.194277, 1.5597e-16, 1.41421, -0.194277, 0, 1.5597e-16, 1.5597e-16, 1.5597e-16, 1.5597e-16, 1.5597e-16, 1.5597e-16, 1.5597e-16, 1.5597e-16, 1.5597e-16, 1.5597e-16, 1.5597e-16, 1.5597e-16, 1.5597e-16, 0.184833, 1.5597e-16, 0.00944387, 1.5597e-16, 1.5597e-16
20.1897, 0, 0.193502, 4.0125e-17, 1.41421, -0.193502, 0, 4.0125e-17, 4.0125e-17, 4.0125e-17, 4.0125e-17, 4.0125e-17, 4.0125e-17, 4.0125e-17, 4.0125e-17, 4.0125e-17, 4.0125e-17, 4.0125e-17, 4.0125e-17, 4.0125e-17, 0.18408, 4.0125e-17, 0.00942126, 4.0125e-17, 4.0125e-17
20.1976, 0, 0.192093, 3.24251e-20, 1.41421, -0.192093, 0, 3.24251e-20, 3.24251e-20, 3.24251e-20, 3.24251e-20, 3.24251e-20, 3.24251e-20, 3.24251e-20, 3.24251e-20, 3.24251e-20, 3.24251e-20, 3.24251e-20, 3.24251e-20, 3.24251e-20, 0.182682, 3.24251e-20, 0.00941066, 3.24251e-20, 3.24251e-20
20.2054, 0, 0.190052, 1.82693e-16, 1.41421, -0.190052, 0, 1.82693e-16, 1.82693e-16, 1.82693e-16, 1.82693e-16, 1.82693e-16, 1.82693e-16, 1.82693e-16, 1.82693e-16, 1.82693e-16, 1.82693e-16, 1.82693e-16, 1.82693e-16, 1.82693e-16, 0.18064, 1.82693e-16, 0.00941214, 1.82693e-16, 1.82693e-16
20.2133, 2, 0.187389, 3.21098e-16, 2, 1.81261, 0, 3.21098e-16, 3.21098e-16, 3.21098e-16, 3.21098e-16, 3.21098e-16, 3.21098e-16, 3.21098e-16, 3.21098e-16, 3.21098e-16, 3.21098e-16, 3.21098e-16, 3.21098e-16, 3.21098e-16, 0.177963, 3.21098e-16, 0.00942567, 3.21098e-16, 3.21098e-16
20.2212, 0, 0.184118, 2.12901e-16, 1.41421, -0.184118, 0, 2.12901e-16, 2.12901e-16, 2.12901e-16, 2.12901e-16, 2.12901e-16, 2.12901e-16, 2.12901e-16, 2.12901e-16, 2.12901e-16, 2.12901e-16, 2.12901e-16, 2.12901e-16, 2.12901e-16, 0.174667, 2.12901e-16, 0.00945124, 2.12901e-16, 2.12901e-16
20.2291, 0, 0.180266, 5.47253e-17, 1.41421, -0.180266, 0, 5.47253e-17, 5.47253e-17, 5.47253e-17, 5.47253e-17, 5.47253e-17, 5.47253e-17, 5.47253e-17, 5.47253e-17, 5.47253e-17, 5.47253e-17, 5.47253e-17, 5.47253e-17, 5.47253e-17, 0.170777, 5.47253e-17, 0.00948875, 5.47253e-17, 5.47253e-17
20.237, 0, 0.175861, 4.16848e-20, 1.41421, -0.175861, 0, 4.16848e-20, 4.16848e-20, 4.16848e-20, 4.16848e-20, 4.16848e-20, 4.16848e-20, 4.16848e-20, 4.16848e-20, 4.16848e-20, 4.16848e-20, 4.16848e-20, 4.16848e-20, 4.16848e-20, 0.166323, 4.16848e-20, 0.00953812, 4.16848e-20, 4.16848e-20
20.2449, 2, 0.170943, 1.85862e-16, 2, 1.82906, 0, 1.85862e-16, 1.85862e-16, 1.85862e-16, 1.85862e-16, 1.85862e-16, 1.85862e-16, 1.85862e-16, 1.85862e-16, 1.85862e-16, 1.85862e-16, 1.85862e-16, 1.85862e-16, 1.85862e-16, 0.161343, 1.85862e-16, 0.00959917, 1.85862e-16, 1.85862e-16
20.2527, 4, 0.165555, 3.27441e-16, 2.44949, 3.83445, 0, 3.27441e-16, 3.27441e-16, 3.27441e-16, 3.27441e-16, 3.27441e-16, 3.27441e-16, 3.27441e-16, 3.27441e-16, 3.27441e-16, 3.27441e-16, 3.27441e-16, 3.27441e-16, 3.27441e-16, 0.155883, 3.27441e-16, 0.00967175, 3.27441e-16, 3.27441e-16
20.2606, 0, 0.159746, 2.17068e-16, 1.41421, -0.159746, 0, 2.17068e-16, 2.17068e-16, 2.17068e-16, 2.17068e-16, 2.17068e-16, 2.17068e-16, 2.17068e-16, 2.17068e-16, 2.17068e-16, 2.17068e-16, 2.17068e-16, 2.17068e-16, 2.17068e-16, 0.14999, 2.17068e-16, 0.00975568, 2.17068e-16, 2.17068e-16
20.2685, 0, 0.153573, 5.56359e-17, 1.41421, -0.153573, 0, 5.56359e-17, 5.56359e-17, 5.56359e-17, 5.56359e-17, 5.56359e-17, 5.56359e-17, 5.56359e-17, 5.56359e-17, 5.56359e-17, 5.56359e-17, 5.56359e-17, 5.56359e-17, 5.56359e-17, 0.143722, 5.56359e-17, 0.00985072, 5.56359e-17, 5.56359e-17
20.2764, 0, 0.14709, 3.41038e-20, 1.41421, -0.14709, 0, 3.41038e-20, 3.41038e-20, 3.41038e-20, 3.41038e-20, 3.41038e-20, 3.41038e-20, 3.41038e-20, 3.41038e-20, 3.41038e-20, 3.41038e-20, 3.41038e-20, 3.41038e-20, 3.41038e-20, 0.137133, 3.41038e-20, 0.0099567, 3.41038e-20, 3.41038e-20
20.2843, 0, 0.140365, 1.64014e-16, 1.41421, -0.140365, 0, 1.64014e-16, 1.64014e-16, 1.64014e-16, 1.64014e-16, 1.64014e-16, 1.64014e-16, 1.64014e-16, 1.64014e-16, 1.64014e-16, 1.64014e-16, 1.64014e-16, 1.64014e-16, 1.64014e-16, 0.130291, 1.64014e-16, 0.0100733, 1.64014e-16, 1.64014e-16
20.2922, 0, 0.133455, 2.89977e-16, 1.41421, -0.133455, 0, 2.89977e-16, 2.89977e-16, 2.89977e-16, 2.89977e-16, 2.89977e-16, 2.89977e-16, 2.89977e-16, 2.89977e-16, 2.89977e-16, 2.89977e-16, 2.89977e-16, 2.89977e-16, 2.89977e-16, 0.123255, 2.89977e-16, 0.0102003, 2.89977e-16, 2.89977e-16
20.3001, 0, 0.126429, 1.9233e-16, 1.41421, -0.126429, 0, 1.9233e-16, 1.9233e-16, 1.9233e-16, 1.9233e-16, 1.9233e-16, 1.9233e-16, 1.9233e-16, 1.9233e-16, 1.9233e-16, 1.9233e-16, 1.9233e-16, 1.9233e-16, 1.9233e-16, 0.116092, 1.9233e-16, 0.0103374, 1.9233e-16, 1.9233e-16
20.3079, 0, 0.119346, 4.92347e-17, 1.41421, -0.119346, 0, 4.92347e-17, 4.92347e-17, 4.92347e-17, 4.92347e-17, 4.92347e-17, 4.92347e-17, 4.92347e-17, 4.92347e-17, 4.92347e-17, 4.92347e-17, 4.92347e-17, 4.92347e-17, 4.92347e-17, 0.108861, 4.92347e-17, 0.0104844, 4.92347e-17, 4.92347e-17
20.3158, 0, 0.112269, 2.7283e-20, 1.41421, -0.112269, 0, 2.7283e-20, 2.7283e-20, 2.7283e-20, 2.7283e-20, 2.7283e-20, 2.7283e-20, 2.7283e-20, 2.7283e-20, 2.7283e-20, 2.7283e-20, 2.7283e-20, 2.7283e-20, 2.7283e-20, 0.101628, 2.7283e-20, 0.010641, 2.7283e-20, 2.7283e-20
20.3237, 0, 0.105257, 1.22808e-16, 1.41421, -0.105257, 0, 1.22808e-16, 1.22808e-16, 1.22808e-16, 1.22808e-16, 1.22808e-16, 1.22808e-16, 1.22808e-16, 1.22808e-16, 1.22808e-16, 1.22808e-16, 1.22808e-16, 1.22808e-16, 1.22808e-16, 0.0944501, 1.22808e-16, 0.010807, 1.22808e-16, 1.22808e-16
20.3316, 2, 0.0983622, 2.18566e-16, 2, 1.90164, 0, 2.18566e-16, 2.18566e-16, 2.18566e-16, 2.18566e-16, 2.18566e-16, 2.18566e-16, 2.18566e-16, 2.18566e-16, 2.18566e-16, 2.18566e-16, 2.18566e-16, 2.18566e-16, 2.18566e-16, 0.08738, 2.18566e-16, 0.0109822, 2.18566e-16, 2.18566e-16
20.3395, 0, 0.0916383, 1.45069e-16, 1.41421, -0.0916383, 0, 1.45069e-16, 1.45069e-16, 1.45069e-16, 1.45069e-16, 1.45069e-16, 1.45069e-16, 1.45069e-16, 1.45069e-16, 1.45069e-16, 1.45069e-16, 1.45069e-16, 1.45069e-16, 1.45069e-16, 0.080472, 1.45069e-16, 0.0111664, 1.45069e-16, 1.45069e-16
20.3474, 0, 0.0851276, 3.70171e-17, 1.41421, -0.0851276, 0, 3.70171e-17, 3.70171e-17, 3.70171e-17, 3.70171e-17, 3.70171e-17, 3.70171e-17, 3.70171e-17, 3.70171e-17, 3.70171e-17, 3.70171e-17, 3.70171e-17, 3.70171e-17, 3.70171e-17, 0.0737684, 3.70171e-17, 0.0113593, 3.70171e-17, 3.70171e-17
20.3552, 0, 0.0788729, 1.53467e-20, 1.41421, -0.0788729, 0, 1.53467e-20, 1.53467e-20, 1.53467e-20, 1.53467e-20, 1.53467e-20, 1.53467e-20, 1.53467e-20, 1.53467e-20, 1.53467e-20, 1.53467e-20, 1.53467e-20, 1.53467e-20, 1.53467e-20, 0.0673123, 1.53467e-20, 0.0115607, 1.53467e-20, 1.53467e-20
20.3631, 0, 0.072905, 7.78902e-17, 1.41421, -0.072905, 0, 7.78902e-17, 7.78902e-17, 7.78902e-17, 7.78902e-17, 7.78902e-17, 7.78902e-17, 7.78902e-17, 7.78902e-17, 7.78902e-17, 7.78902e-17, 7.78902e-17, 7.78902e-17, 7.78902e-17, 0.0611345, 7.78902e-17, 0.0117705, 7.78902e-17, 7.78902e-17
20.371, 0, 0.0672544, 1.39393e-16, 1.41421, -0.0672544, 0, 1.39393e-16, 1.39393e-16, 1.39393e-16, 1.39393e-16, 1.39393e-16, 1.39393e-16, 1.39393e-16, 1.39393e-16, 1.39393e-16, 1.39393e-16, 1.39393e-16, 1.39393e-16, 1.39393e-16, 0.0552658, 1.39393e-16, 0.0119886, 1.39393e-16, 1.39393e-16
20.3789, 0, 0.0619398, 9.25584e-17, 1.41421, -0.0619398, 0, 9.25584e-17, 9.25584e-17, 9.25584e-17, 9.25584e-17, 9.25584e-17, 9.25584e-17, 9.25584e-17, 9.25584e-17, 9.25584e-17, 9.25584e-17, 9.25584e-17, 9.25584e-17, 9.25584e-17, 0.0497249, 9.25584e-17, 0.0122149, 9.25584e-17, 9.25584e-17
20.3868, 2, 0.0569779, 2.35386e-17, 2, 1.94302, 0, 2.35386e-17, 2.35386e-17, 2.35386e-17, 2.35386e-17, 2.35386e-17, 2.35386e-17, 2.35386e-17, 2.35386e-17, 2.35386e-17, 2.35386e-17, 2.35386e-17, 2.35386e-17, 2.35386e-17, 0.0445288, 2.35386e-17, 0.0124492, 2.35386e-17, 2.35386e-17
20.3947, 0, 0.0523785, 6.82076e-21, 1.41421, -0.0523785, 0, 6.82076e-21, 6.82076e-21, 6.82076e-21, 6.82076e-21, 6.82076e-21, 6.82076e-21, 6.82076e-21, 6.82076e-21, 6.82076e-21, 6.82076e-21, 6.82076e-21, 6.82076e-21, 6.82076e-21, 0.039687, 6.82076e-21, 0.0126915, 6.82076e-21, 6.82076e-21
20.4025, 0, 0.0481467, 3.91782e-17, 1.41421, -0.0481467, 0, 3.91782e-17, 3.91782e-17, 3.91782e-17, 3.91782e-17, 3.91782e-17, 3.91782e-17, 3.91782e-17, 3.91782e-17, 3.91782e-17, 3.91782e-17, 3.91782e-17, 3.91782e-17, 3.91782e-17, 0.0352051, 3.91782e-17, 0.0129417, 3.91782e-17, 3.91782e-17
20.4104, 0, 0.0442804, 7.08238e-17, 1.41421, -0.0442804, 0, 7.08238e-17, 7.08238e-17, 7.08238e-17, 7.08238e-17, 7.08238e-17, 7.08238e-17, 7.08238e-17, 7.08238e-17, 7.08238e-17, 7.08238e-17, 7.08238e-17, 7.08238e-17, 7.08238e-17, 0.0310807, 7.08238e-17, 0.0131997, 7.08238e-17, 7.08238e-17
20.4183, 0, 0.0407736, 4.7076e-17, 1.41421, -0.0407736, 0, 4.7076e-17, 4.7076e-17, 4.7076e-17, 4.7076e-17, 4.7076e-17, 4.7076e-17, 4.7076e-17, 4.7076e-17, 4.7076e-17, 4.7076e-17, 4.7076e-17, 4.7076e-17, 4.7076e-17, 0.0273078, 4.7076e-17, 0.0134658, 4.7076e-17, 4.7076e-17
20.4262, 2, 0.0376187, 1.19111e-17, 2, 1.96238, 0, 1.19111e-17, 1.19111e-17, 1.19111e-17, 1.19111e-17, 1.19111e-17, 1.19111e-17, 1.19111e-17, 1.19111e-17, 1.19111e-17, 1.19111e-17, 1.19111e-17, 1.19111e-17, 1.19111e-17, 0.023879, 1.19111e-17, 0.0137397, 1.19111e-17, 1.19111e-17
20.4341, 0, 0.0348017, 1.70519e-21, 1.41421, -0.0348017, 0, 1.70519e-21, 1.70519e-21, 1.70519e-21, 1.70519e-21, 1.70519e-21, 1.70519e-21, 1.70519e-21, 1.70519e-21, 1.70519e-21, 1.70519e-21, 1.70519e-21, 1.70519e-21, 1.70519e-21, 0.02078, 1.70519e-21, 0.0140217, 1.70519e-21, 1.70519e-21
20.442, 0, 0.0323088, 1.18137e-19, 1.41421, -0.0323088, 0, 1.18137e-19, 1.18137e-19, 1.18137e-19, 1.18137e-19, 1.18137e-19, 1.18137e-19, 1.18137e-19, 1.18137e-19, 1.18137e-19, 1.18137e-19, 1.18137e-19, 1.18137e-19, 1.18137e-19, 0.017997, 1.18137e-19, 0.0143117, 1.18137e-19, 1.18137e-19
20.4498, 0, 0.0301213, 3.31892e-20, 1.41421, -0.0301213, 0, 3.31892e-20, 3.31892e-20, 3.31892e-20, 3.31892e-20, 3.31892e-20, 3.31892e-20, 3.31892e-20, 3.31892e-20, 3.31892e-20, 3.31892e-20, 3.31892e-20, 3.31892e-20, 3.31892e-20, 0.0155113, 3.31892e-20, 0.0146099, 3.31892e-20, 3.31892e-20
20.4577, 0, 0.0282214, 4.26297e-22, 1.41421, -0.0282214, 0, 4.26297e-22, 4.26297e-22, 4.26297e-22, 4.26297e-22, 4.26297e-22, 4.26297e-22, 4.26297e-22, 4.26297e-22, 4.26297e-22, 4.26297e-22, 4.26297e-22, 4.26297e-22, 4.26297e-22, 0.0133051, 4.26297e-22, 0.0149163, 4.26297e-22, 4.26297e-22
20.4656, 0, 0.0265885, 1.06574e-22, 1.41421, -0.0265885, 0, 1.06574e-22, 1.06574e-22, 1.06574e-22, 1.06574e-22, 1.06574e-22, 1.06574e-22, 1.06574e-22, 1.06574e-22, 1.06574e-22, 1.06574e-22, 1.06574e-22, 1.06574e-22, 1.06574e-22, 0.0113573, 1.06574e-22, 0.0152312, 1.06574e-22, 1.06574e-22
20.4735, 0, 0.0252027, 0, 1.41421, -0.0252027, 0, 0, 0, 0, 0, 0, 0, 0, 0, 0, 0, 0, 0, 0, 0.00964822, 0, 0.0155545, 0, 0
20.4814, 0, 0.0240431, 0, 1.41421, -0.0240431, 0, 0, 0, 0, 0, 0, 0, 0, 0, 0, 0, 0, 0, 0, 0.00815649, 0, 0.0158866, 0, 0
20.4893, 0, 0.0230899, 0, 1.41421, -0.0230899, 0, 0, 0, 0, 0, 0, 0, 0, 0, 0, 0, 0, 0, 0, 0.0068624, 0, 0.0162275, 0, 0
20.4971, 0, 0.022323, 0, 1.41421, -0.022323, 0, 0, 0, 0, 0, 0, 0, 0, 0, 0, 0, 0, 0, 0, 0.0057455, 0, 0.0165775, 0, 0
20.505, 0, 0.0217239, 0, 1.41421, -0.0217239, 0, 0, 0, 0, 0, 0, 0, 0, 0, 0, 0, 0, 0, 0, 0.00478715, 0, 0.0169368, 0, 0
20.5129, 0, 0.021275, 0, 1.41421, -0.021275, 0, 0, 0, 0, 0, 0, 0, 0, 0, 0, 0, 0, 0, 0, 0.00396956, 0, 0.0173054, 0, 0
20.5208, 0, 0.0209595, 0, 1.41421, -0.0209595, 0, 0, 0, 0, 0, 0, 0, 0, 0, 0, 0, 0, 0, 0, 0.00327556, 0, 0.0176839, 0, 0
20.5287, 0, 0.0207621, 0, 1.41421, -0.0207621, 0, 0, 0, 0, 0, 0, 0, 0, 0, 0, 0, 0, 0, 0, 0.00268997, 0, 0.0180722, 0, 0
20.5366, 2, 0.020669, 0, 2, 1.97933, 0, 0, 0, 0, 0, 0, 0, 0, 0, 0, 0, 0, 0, 0, 0.0021983, 0, 0.0184707, 0, 0
20.5444, 0, 0.0206674, 0, 1.41421, -0.0206674, 0, 0, 0, 0, 0, 0, 0, 0, 0, 0, 0, 0, 0, 0, 0.00178791, 0, 0.0188795, 0, 0
20.5523, 0, 0.020746, 0, 1.41421, -0.020746, 0, 0, 0, 0, 0, 0, 0, 0, 0, 0, 0, 0, 0, 0, 0.00144705, 0, 0.0192989, 0, 0
20.5602, 0, 0.0208947, 0, 1.41421, -0.0208947, 0, 0, 0, 0, 0, 0, 0, 0, 0, 0, 0, 0, 0, 0, 0.0011656, 0, 0.0197291, 0, 0
20.5681, 0, 0.0211048, 0, 1.41421, -0.0211048, 0, 0, 0, 0, 0, 0, 0, 0, 0, 0, 0, 0, 0, 0, 0.00093431, 0, 0.0201704, 0, 0
20.576, 0, 0.0213682, 0, 1.41421, -0.0213682, 0, 0, 0, 0, 0, 0, 0, 0, 0, 0, 0, 0, 0, 0, 0.000745358, 0, 0.0206229, 0, 0
20.5839, 2, 0.0216784, 0, 2, 1.97832, 0, 0, 0, 0, 0, 0, 0, 0, 0, 0, 0, 0, 0, 0, 0.000591763, 0, 0.0210867, 0, 0
20.5918, 0, 0.0220296, 0, 1.41421, -0.0220296, 0, 0, 0, 0, 0, 0, 0, 0, 0, 0, 0, 0, 0, 0, 0.000467539, 0, 0.0215621, 0, 0
20.5996, 0, 0.0224167, 0, 1.41421, -0.0224167, 0, 0, 0, 0, 0, 0, 0, 0, 0, 0, 0, 0, 0, 0, 0.000367646, 0, 0.022049, 0, 0
20.6075, 0, 0.0228356, 0, 1.41421, -0.0228356, 0, 0, 0, 0, 0, 0, 0, 0, 0, 0, 0, 0, 0, 0, 0.000287681, 0, 0.0225479, 0, 0
20.6154, 0, 0.0232824, 0, 1.41421, -0.0232824, 0, 0, 0, 0, 0, 0, 0, 0, 0, 0, 0, 0, 0, 0, 0.000224064, 0, 0.0230583, 0, 0
20.6233, 0, 0.0237542, 0, 1.41421, -0.0237542, 0, 0, 0, 0, 0, 0, 0, 0, 0, 0, 0, 0, 0, 0, 0.000173678, 0, 0.0235805, 0, 0
20.6312, 0, 0.0242481, 0, 1.41421, -0.0242481, 0, 0, 0, 0, 0, 0, 0, 0, 0, 0, 0, 0, 0, 0, 0.000133997, 0, 0.0241141, 0, 0
20.6391, 0, 0.0247622, 0, 1.41421, -0.0247622, 0, 0, 0, 0, 0, 0, 0, 0, 0, 0, 0, 0, 0, 0, 0.000102892, 0, 0.0246593, 0, 0
20.6469, 0, 0.0252942, 0, 1.41421, -0.0252942, 0, 0, 0, 0, 0, 0, 0, 0, 0, 0, 0, 0, 0, 0, 7.8648e-05, 0, 0.0252156, 0, 0
20.6548, 0, 0.0258426, 0, 1.41421, -0.0258426, 0, 0, 0, 0, 0, 0, 0, 0, 0, 0, 0, 0, 0, 0, 5.98397e-05, 0, 0.0257828, 0, 0
20.6627, 0, 0.0264055, 0, 1.41421, -0.0264055, 0, 0, 0, 0, 0, 0, 0, 0, 0, 0, 0, 0, 0, 0, 4.53311e-05, 0, 0.0263602, 0, 0
20.6706, 0, 0.0269817, 0, 1.41421, -0.0269817, 0, 0, 0, 0, 0, 0, 0, 0, 0, 0, 0, 0, 0, 0, 3.41939e-05, 0, 0.0269475, 0, 0
20.6785, 0, 0.0275697, 0, 1.41421, -0.0275697, 0, 0, 0, 0, 0, 0, 0, 0, 0, 0, 0, 0, 0, 0, 2.56876e-05, 0, 0.0275441, 0, 0
20.6864, 2, 0.0281681, 0, 2, 1.97183, 0, 0, 0, 0, 0, 0, 0, 0, 0, 0, 0, 0, 0, 0, 1.92284e-05, 0, 0.0281489, 0, 0
20.6942, 0, 0.0287756, 0, 1.41421, -0.0287756, 0, 0, 0, 0, 0, 0, 0, 0, 0, 0, 0, 0, 0, 0, 1.43476e-05, 0, 0.0287613, 0, 0
20.7021, 0, 0.0293906, 0, 1.41421, -0.0293906, 0, 0, 0, 0, 0, 0, 0, 0, 0, 0, 0, 0, 0, 0, 1.06819e-05, 0, 0.0293799, 0, 0
20.71, 0, 0.0300119, 0, 1.41421, -0.0300119, 0, 0, 0, 0, 0, 0, 0, 0, 0, 0, 0, 0, 0, 0, 7.94343e-06, 0, 0.0300039, 0, 0
20.7179, 0, 0.0306376, 0, 1.41421, -0.0306376, 0, 0, 0, 0, 0, 0, 0, 0, 0, 0, 0, 0, 0, 0, 5.91102e-06, 0, 0.0306317, 0, 0
20.7258, 0, 0.0312663, 0, 1.41421, -0.0312663, 0, 0, 0, 0, 0, 0, 0, 0, 0, 0, 0, 0, 0, 0, 4.4121e-06, 0, 0.0312619, 0, 0
20.7337, 0, 0.0318959, 0, 1.41421, -0.0318959, 0, 0, 0, 0, 0, 0, 0, 0, 0, 0, 0, 0, 0, 0, 3.31695e-06, 0, 0.0318926, 0, 0
20.7415, 0, 0.0325248, 0, 1.41421, -0.0325248, 0, 0, 0, 0, 0, 0, 0, 0, 0, 0, 0, 0, 0, 0, 2.52396e-06, 0, 0.0325223, 0, 0
20.7494, 0, 0.0331511, 0, 1.41421, -0.0331511, 0, 0, 0, 0, 0, 0, 0, 0, 0, 0, 0, 0, 0, 0, 1.95611e-06, 0, 0.0331491, 0, 0
20.7573, 0, 0.0337724, 0, 1.41421, -0.0337724, 0, 0, 0, 0, 0, 0, 0, 0, 0, 0, 0, 0, 0, 0, 1.55596e-06, 0, 0.0337708, 0, 0
20.7652, 0, 0.0343868, 0, 1.41421, -0.0343868, 0, 0, 0, 0, 0, 0, 0, 0, 0, 0, 0, 0, 0, 0, 1.27996e-06, 0, 0.0343855, 0, 0
20.7731, 0, 0.0349917, 0, 1.41421, -0.0349917, 0, 0, 0, 0, 0, 0, 0, 0, 0, 0, 0, 0, 0, 0, 1.09586e-06, 0, 0.0349906, 0, 0
20.781, 0, 0.035585, 0, 1.41421, -0.035585, 0, 0, 0, 0, 0, 0, 0, 0, 0, 0, 0, 0, 0, 0, 9.7948e-07, 0, 0.0355841, 0, 0
20.7888, 2, 0.0361641, 0, 2, 1.96384, 0, 0, 0, 0, 0, 0, 0, 0, 0, 0, 0, 0, 0, 0, 9.13029e-07, 0, 0.0361632, 0, 0
20.7967, 0, 0.0367268, 0, 1.41421, -0.0367268, 0, 0, 0, 0, 0, 0, 0, 0, 0, 0, 0, 0, 0, 0, 8.83302e-07, 0, 0.0367259, 0, 0
20.8046, 0, 0.0372701, 0, 1.41421, -0.0372701, 0, 0, 0, 0, 0, 0, 0, 0, 0, 0, 0, 0, 0, 0, 8.80598e-07, 0, 0.0372693, 0, 0
20.8125, 0, 0.0377921, 0, 1.41421, -0.0377921, 0, 0, 0, 0, 0, 0, 0, 0, 0, 0, 0, 0, 0, 0, 8.97766e-07, 0, 0.0377912, 0, 0
20.8204, 0, 0.0382898, 0, 1.41421, -0.0382898, 0, 0, 0, 0, 0, 0, 0, 0, 0, 0, 0, 0, 0, 0, 9.29511e-07, 0, 0.0382889, 0, 0
20.8283, 0, 0.0387613, 0, 1.41421, -0.0387613, 0, 0, 0, 0, 0, 0, 0, 0, 0, 0, 0, 0, 0, 0, 9.71914e-07, 0, 0.0387603, 0, 0
20.8362, 0, 0.0392039, 0, 1.41421, -0.0392039, 0, 0, 0, 0, 0, 0, 0, 0, 0, 0, 0, 0, 0, 0, 1.02201e-06, 0, 0.0392029, 0, 0
20.844, 0, 0.0396154, 0, 1.41421, -0.0396154, 0, 0, 0, 0, 0, 0, 0, 0, 0, 0, 0, 0, 0, 0, 1.0775e-06, 0, 0.0396144, 0, 0
20.8519, 0, 0.0399939, 0, 1.41421, -0.0399939, 0, 0, 0, 0, 0, 0, 0, 0, 0, 0, 0, 0, 0, 0, 1.13662e-06, 0, 0.0399928, 0, 0
20.8598, 0, 0.0403373, 0, 1.41421, -0.0403373, 0, 0, 0, 0, 0, 0, 0, 0, 0, 0, 0, 0, 0, 0, 1.19776e-06, 0, 0.0403361, 0, 0
20.8677, 0, 0.040644, 0, 1.41421, -0.040644, 0, 0, 0, 0, 0, 0, 0, 0, 0, 0, 0, 0, 0, 0, 1.25811e-06, 0, 0.0406428, 0, 0
20.8756, 0, 0.0409123, 0, 1.41421, -0.0409123, 0, 0, 0, 0, 0, 0, 0, 0, 0, 0, 0, 0, 0, 0, 1.32034e-06, 0, 0.040911, 0, 0
20.8835, 0, 0.0411411, 0, 1.41421, -0.0411411, 0, 0, 0, 0, 0, 0, 0, 0, 0, 0, 0, 0, 0, 0, 1.38252e-06, 0, 0.0411397, 0, 0
20.8913, 0, 0.0413292, 0, 1.41421, -0.0413292, 0, 0, 0, 0, 0, 0, 0, 0, 0, 0, 0, 0, 0, 0, 1.4428e-06, 0, 0.0413277, 0, 0
20.8992, 0, 0.0414758, 0, 1.41421, -0.0414758, 0, 0, 0, 0, 0, 0, 0, 0, 0, 0, 0, 0, 0, 0, 1.50039e-06, 0, 0.0414743, 0, 0
20.9071, 0, 0.0415804, 0, 1.41421, -0.0415804, 0, 0, 0, 0, 0, 0, 0, 0, 0, 0, 0, 0, 0, 0, 1.55459e-06, 0, 0.0415788, 0, 0
20.915, 0, 0.0416427, 0, 1.41421, -0.0416427, 0, 0, 0, 0, 0, 0, 0, 0, 0, 0, 0, 0, 0, 0, 1.60478e-06, 0, 0.0416411, 0, 0
20.9229, 0, 0.0416628, 0, 1.41421, -0.0416628, 0, 0, 0, 0, 0, 0, 0, 0, 0, 0, 0, 0, 0, 0, 1.6504e-06, 0, 0.0416612, 0, 0
20.9308, 0, 0.0416411, 0, 1.41421, -0.0416411, 0, 0, 0, 0, 0, 0, 0, 0, 0, 0, 0, 0, 0, 0, 1.69089e-06, 0, 0.0416394, 0, 0
20.9386, 0, 0.041578, 0, 1.41421, -0.041578, 0, 0, 0, 0, 0, 0, 0, 0, 0, 0, 0, 0, 0, 0, 1.72577e-06, 0, 0.0415762, 0, 0
20.9465, 0, 0.0414744, 0, 1.41421, -0.0414744, 0, 0, 0, 0, 0, 0, 0, 0, 0, 0, 0, 0, 0, 0, 1.75463e-06, 0, 0.0414727, 0, 0
20.9544, 0, 0.0413315, 0, 1.41421, -0.0413315, 0, 0, 0, 0, 0, 0, 0, 0, 0, 0, 0, 0, 0, 0, 1.77712e-06, 0, 0.0413297, 0, 0
20.9623, 0, 0.0411506, 0, 1.41421, -0.0411506, 0, 0, 0, 0, 0, 0, 0, 0, 0, 0, 0, 0, 0, 0, 1.79297e-06, 0, 0.0411488, 0, 0
20.9702, 0, 0.0409332, 0, 1.41421, -0.0409332, 0, 0, 0, 0, 0, 0, 0, 0, 0, 0, 0, 0, 0, 0, 1.802e-06, 0, 0.0409314, 0, 0
20.9781, 2, 0.0406812, 0, 2, 1.95932, 0, 0, 0, 0, 0, 0, 0, 0, 0, 0, 0, 0, 0, 0, 1.80409e-06, 0, 0.0406794, 0, 0
20.9859, 0, 0.0403964, 0, 1.41421, -0.0403964, 0, 0, 0, 0, 0, 0, 0, 0, 0, 0, 0, 0, 0, 0, 1.79923e-06, 0, 0.0403946, 0, 0
20.9938, 0, 0.040081, 0, 1.41421, -0.040081, 0, 0, 0, 0, 0, 0, 0, 0, 0, 0, 0, 0, 0, 0, 1.78749e-06, 0, 0.0400793, 0, 0
21.0017, 0, 0.0397373, 0, 1.41421, -0.0397373, 0, 0, 0, 0, 0, 0, 0, 0, 0, 0, 0, 0, 0, 0, 1.76903e-06, 0, 0.0397355, 0, 0
21.0096, 0, 0.0393674, 0, 1.41421, -0.0393674, 0, 0, 0, 0, 0, 0, 0, 0, 0, 0, 0, 0, 0, 0, 1.74409e-06, 0, 0.0393656, 0, 0
21.0175, 0, 0.0389738, 0, 1.41421, -0.0389738, 0, 0, 0, 0, 0, 0, 0, 0, 0, 0, 0, 0, 0, 0, 1.71299e-06, 0, 0.0389721, 0, 0
21.0254, 0, 0.0385588, 0, 1.41421, -0.0385588, 0, 0, 0, 0, 0, 0, 0, 0, 0, 0, 0, 0, 0, 0, 1.6761e-06, 0, 0.0385571, 0, 0
21.0332, 0, 0.0381251, 0, 1.41421, -0.0381251, 0, 0, 0, 0, 0, 0, 0, 0, 0, 0, 0, 0, 0, 0, 1.6339e-06, 0, 0.0381234, 0, 0
21.0411, 0, 0.0376746, 0, 1.41421, -0.0376746, 0, 0, 0, 0, 0, 0, 0, 0, 0, 0, 0, 0, 0, 0, 1.58687e-06, 0, 0.037673, 0, 0
21.049, 0, 0.0372103, 0, 1.41421, -0.0372103, 0, 0, 0, 0, 0, 0, 0, 0, 0, 0, 0, 0, 0, 0, 1.53561e-06, 0, 0.0372088, 0, 0
21.0569, 0, 0.0367341, 0, 1.41421, -0.0367341, 0, 0, 0, 0, 0, 0, 0, 0, 0, 0, 0, 0, 0, 0, 1.48066e-06, 0, 0.0367326, 0, 0
21.0648, 0, 0.0362484, 0, 1.41421, -0.0362484, 0, 0, 0, 0, 0, 0, 0, 0, 0, 0, 0, 0, 0, 0, 1.42268e-06, 0, 0.0362469, 0, 0
21.0727, 0, 0.0357551, 0, 1.41421, -0.0357551, 0, 0, 0, 0, 0, 0, 0, 0, 0, 0, 0, 0, 0, 0, 1.36227e-06, 0, 0.0357537, 0, 0
21.0806, 0, 0.0352565, 0, 1.41421, -0.0352565, 0, 0, 0, 0, 0, 0, 0, 0, 0, 0, 0, 0, 0, 0, 1.30008e-06, 0, 0.0352552, 0, 0
21.0884, 2, 0.0347544, 0, 2, 1.96525, 0, 0, 0, 0, 0, 0, 0, 0, 0, 0, 0, 0, 0, 0, 1.23673e-06, 0, 0.0347531, 0, 0
21.0963, 0, 0.0342502, 0, 1.41421, -0.0342502, 0, 0, 0, 0, 0, 0, 0, 0, 0, 0, 0, 0, 0, 0, 1.17281e-06, 0, 0.0342491, 0, 0
21.1042, 0, 0.0337459, 0, 1.41421, -0.0337459, 0, 0, 0, 0, 0, 0, 0, 0, 0, 0, 0, 0, 0, 0, 1.10895e-06, 0, 0.0337448, 0, 0
21.1121, 0, 0.0332426, 0, 1.41421, -0.0332426, 0, 0, 0, 0, 0, 0, 0, 0, 0, 0, 0, 0, 0, 0, 1.04565e-06, 0, 0.0332416, 0, 0
21.12, 0, 0.0327419, 0, 1.41421, -0.0327419, 0, 0, 0, 0, 0, 0, 0, 0, 0, 0, 0, 0, 0, 0, 9.83472e-07, 0, 0.0327409, 0, 0
21.1279, 0, 0.0322445, 0, 1.41421, -0.0322445, 0, 0, 0, 0, 0, 0, 0, 0, 0, 0, 0, 0, 0, 0, 9.22846e-07, 0, 0.0322436, 0, 0
21.1357, 0, 0.0317517, 0, 1.41421, -0.0317517, 0, 0, 0, 0, 0, 0, 0, 0, 0, 0, 0, 0, 0, 0, 8.6422e-07, 0, 0.0317508, 0, 0
21.1436, 0, 0.031264, 0, 1.41421, -0.031264, 0, 0, 0, 0, 0, 0, 0, 0, 0, 0, 0, 0, 0, 0, 8.07935e-07, 0, 0.0312632, 0, 0
21.1515, 0, 0.0307821, 0, 1.41421, -0.0307821, 0, 0, 0, 0, 0, 0, 0, 0, 0, 0, 0, 0, 0, 0, 7.54319e-07, 0, 0.0307814, 0, 0
21.1594, 0, 0.0303067, 0, 1.41421, -0.0303067, 0, 0, 0, 0, 0, 0, 0, 0, 0, 0, 0, 0, 0, 0, 7.03643e-07, 0, 0.030306, 0, 0
21.1673, 0, 0.0298379, 0, 1.41421, -0.0298379, 0, 0, 0, 0, 0, 0, 0, 0, 0, 0, 0, 0, 0, 0, 6.56087e-07, 0, 0.0298373, 0, 0
21.1752, 0, 0.0293762, 0, 1.41421, -0.0293762, 0, 0, 0, 0, 0, 0, 0, 0, 0, 0, 0, 0, 0, 0, 6.11829e-07, 0, 0.0293756, 0, 0
21.183, 0, 0.0289214, 0, 1.41421, -0.0289214, 0, 0, 0, 0, 0, 0, 0, 0, 0, 0, 0, 0, 0, 0, 5.7095e-07, 0, 0.0289208, 0, 0
21.1909, 0, 0.0284738, 0, 1.41421, -0.0284738, 0, 0, 0, 0, 0, 0, 0, 0, 0, 0, 0, 0, 0, 0, 5.33524e-07, 0, 0.0284733, 0, 0
21.1988, 0, 0.0280332, 0, 1.41421, -0.0280332, 0, 0, 0, 0, 0, 0, 0, 0, 0, 0, 0, 0, 0, 0, 4.99546e-07, 0, 0.0280327, 0, 0
21.2067, 0, 0.0275995, 0, 1.41421, -0.0275995, 0, 0, 0, 0, 0, 0, 0, 0, 0, 0, 0, 0, 0, 0, 4.69003e-07, 0, 0.0275991, 0, 0
21.2146, 0, 0.0271725, 0, 1.41421, -0.0271725, 0, 0, 0, 0, 0, 0, 0, 0, 0, 0, 0, 0, 0, 0, 4.41817e-07, 0, 0.027172, 0, 0
21.2225, 0, 0.026752, 0, 1.41421, -0.026752, 0, 0, 0, 0, 0, 0, 0, 0, 0, 0, 0, 0, 0, 0, 4.17905e-07, 0, 0.0267515, 0, 0
21.2303, 0, 0.0263374, 0, 1.41421, -0.0263374, 0, 0, 0, 0, 0, 0, 0, 0, 0, 0, 0, 0, 0, 0, 3.97132e-07, 0, 0.026337, 0, 0
21.2382, 0, 0.0259288, 0, 1.41421, -0.0259288, 0, 0, 0, 0, 0, 0, 0, 0, 0, 0, 0, 0, 0, 0, 3.79362e-07, 0, 0.0259284, 0, 0
21.2461, 2, 0.0255256, 0, 2, 1.97447, 0, 0, 0, 0, 0, 0, 0, 0, 0, 0, 0, 0, 0, 0, 3.64423e-07, 0, 0.0255253, 0, 0
21.254, 0, 0.0251275, 0, 1.41421, -0.0251275, 0, 0, 0, 0, 0, 0, 0, 0, 0, 0, 0, 0, 0, 0, 3.52133e-07, 0, 0.0251271, 0, 0
21.2619, 0, 0.024734, 0, 1.41421, -0.024734, 0, 0, 0, 0, 0, 0, 0, 0, 0, 0, 0, 0, 0, 0, 3.42302e-07, 0, 0.0247337, 0, 0
21.2698, 0, 0.0243449, 0, 1.41421, -0.0243449, 0, 0, 0, 0, 0, 0, 0, 0, 0, 0, 0, 0, 0, 0, 3.34729e-07, 0, 0.0243446, 0, 0
21.2776, 0, 0.02396, 0, 1.41421, -0.02396, 0, 0, 0, 0, 0, 0, 0, 0, 0, 0, 0, 0, 0, 0, 3.29208e-07, 0, 0.0239597, 0, 0
21.2855, 0, 0.0235787, 0, 1.41421, -0.0235787, 0, 0, 0, 0, 0, 0, 0, 0, 0, 0, 0, 0, 0, 0, 3.25527e-07, 0, 0.0235784, 0, 0
21.2934, 0, 0.023201, 0, 1.41421, -0.023201, 0, 0, 0, 0, 0, 0, 0, 0, 0, 0, 0, 0, 0, 0, 3.23477e-07, 0, 0.0232007, 0, 0
21.3013, 0, 0.0228264, 0, 1.41421, -0.0228264, 0, 0, 0, 0, 0, 0, 0, 0, 0, 0, 0, 0, 0, 0, 3.22848e-07, 0, 0.022826, 0, 0
21.3092, 0, 0.0224548, 0, 1.41421, -0.0224548, 0, 0, 0, 0, 0, 0, 0, 0, 0, 0, 0, 0, 0, 0, 3.23436e-07, 0, 0.0224545, 0, 0
21.3171, 0, 0.022086, 0, 1.41421, -0.022086, 0, 0, 0, 0, 0, 0, 0, 0, 0, 0, 0, 0, 0, 0, 3.2504e-07, 0, 0.0220857, 0, 0
21.3249, 0, 0.02172, 0, 1.41421, -0.02172, 0, 0, 0, 0, 0, 0, 0, 0, 0, 0, 0, 0, 0, 0, 3.27465e-07, 0, 0.0217196, 0, 0
21.3328, 0, 0.0213565, 0, 1.41421, -0.0213565, 0, 0, 0, 0, 0, 0, 0, 0, 0, 0, 0, 0, 0, 0, 3.30524e-07, 0, 0.0213562, 0, 0
21.3407, 0, 0.0209954, 0, 1.41421, -0.0209954, 0, 0, 0, 0, 0, 0, 0, 0, 0, 0, 0, 0, 0, 0, 3.34042e-07, 0, 0.0209951, 0, 0
21.3486, 0, 0.020637, 0, 1.41421, -0.020637, 0, 0, 0, 0, 0, 0, 0, 0, 0, 0, 0, 0, 0, 0, 3.37846e-07, 0, 0.0206366, 0, 0
21.3565, 0, 0.0202809, 0, 1.41421, -0.0202809, 0, 0, 0, 0, 0, 0, 0, 0, 0, 0, 0, 0, 0, 0, 3.41783e-07, 0, 0.0202806, 0, 0
21.3644, 0, 0.0199275, 0, 1.41421, -0.0199275, 0, 0, 0, 0, 0, 0, 0, 0, 0, 0, 0, 0, 0, 0, 3.45702e-07, 0, 0.0199272, 0, 0
21.3723, 0, 0.0195766, 0, 1.41421, -0.0195766, 0, 0, 0, 0, 0, 0, 0, 0, 0, 0, 0, 0, 0, 0, 3.49473e-07, 0, 0.0195762, 0, 0
21.3801, 0, 0.0192286, 0, 1.41421, -0.0192286, 0, 0, 0, 0, 0, 0, 0, 0, 0, 0, 0, 0, 0, 0, 3.52968e-07, 0, 0.0192282, 0, 0
21.388, 0, 0.0188833, 0, 1.41421, -0.0188833, 0, 0, 0, 0, 0, 0, 0, 0, 0, 0, 0, 0, 0, 0, 3.56082e-07, 0, 0.018883, 0, 0
21.3959, 0, 0.0185412, 0, 1.41421, -0.0185412, 0, 0, 0, 0, 0, 0, 0, 0, 0, 0, 0, 0, 0, 0, 3.58717e-07, 0, 0.0185408, 0, 0
21.4038, 0, 0.0182022, 0, 1.41421, -0.0182022, 0, 0, 0, 0, 0, 0, 0, 0, 0, 0, 0, 0, 0, 0, 3.60793e-07, 0, 0.0182018, 0, 0
21.4117, 0, 0.0178666, 0, 1.41421, -0.0178666, 0, 0, 0, 0, 0, 0, 0, 0, 0, 0, 0, 0, 0, 0, 3.62239e-07, 0, 0.0178662, 0, 0
21.4196, 0, 0.0175346, 0, 1.41421, -0.0175346, 0, 0, 0, 0, 0, 0, 0, 0, 0, 0, 0, 0, 0, 0, 3.63003e-07, 0, 0.0175342, 0, 0
21.4274, 0, 0.0172062, 0, 1.41421, -0.0172062, 0, 0, 0, 0, 0, 0, 0, 0, 0, 0, 0, 0, 0, 0, 3.63044e-07, 0, 0.0172058, 0, 0
21.4353, 0, 0.0168819, 0, 1.41421, -0.0168819, 0, 0, 0, 0, 0, 0, 0, 0, 0, 0, 0, 0, 0, 0, 3.62335e-07, 0, 0.0168815, 0, 0
21.4432, 0, 0.0165616, 0, 1.41421, -0.0165616, 0, 0, 0, 0, 0, 0, 0, 0, 0, 0, 0, 0, 0, 0, 3.60863e-07, 0, 0.0165612, 0, 0
21.4511, 0, 0.0162457, 0, 1.41421, -0.0162457, 0, 0, 0, 0, 0, 0, 0, 0, 0, 0, 0, 0, 0, 0, 3.58629e-07, 0, 0.0162453, 0, 0
21.459, 0, 0.0159342, 0, 1.41421, -0.0159342, 0, 0, 0, 0, 0, 0, 0, 0, 0, 0, 0, 0, 0, 0, 3.55642e-07, 0, 0.0159338, 0, 0
21.4669, 0, 0.0156274, 0, 1.41421, -0.0156274, 0, 0, 0, 0, 0, 0, 0, 0, 0, 0, 0, 0, 0, 0, 3.51927e-07, 0, 0.0156271, 0, 0
21.4747, 0, 0.0153254, 0, 1.41421, -0.0153254, 0, 0, 0, 0, 0, 0, 0, 0, 0, 0, 0, 0, 0, 0, 3.47516e-07, 0, 0.015325, 0, 0
21.4826, 0, 0.0150283, 0, 1.41421, -0.0150283, 0, 0, 0, 0, 0, 0, 0, 0, 0, 0, 0, 0, 0, 0, 3.42453e-07, 0, 0.0150279, 0, 0
21.4905, 0, 0.0147363, 0, 1.41421, -0.0147363, 0, 0, 0, 0, 0, 0, 0, 0, 0, 0, 0, 0, 0, 0, 3.36791e-07, 0, 0.0147359, 0, 0
21.4984, 0, 0.0144494, 0, 1.41421, -0.0144494, 0, 0, 0, 0, 0, 0, 0, 0, 0, 0, 0, 0, 0, 0, 3.30583e-07, 0, 0.014449, 0, 0
21.5063, 0, 0.0141678, 0, 1.41421, -0.0141678, 0, 0, 0, 0, 0, 0, 0, 0, 0, 0, 0, 0, 0, 0, 3.23898e-07, 0, 0.0141675, 0, 0
21.5142, 0, 0.0138914, 0, 1.41421, -0.0138914, 0, 0, 0, 0, 0, 0, 0, 0, 0, 0, 0, 0, 0, 0, 3.168e-07, 0, 0.0138911, 0, 0
21.522, 0, 0.0136205, 0, 1.41421, -0.0136205, 0, 0, 0, 0, 0, 0, 0, 0, 0, 0, 0, 0, 0, 0, 3.09363e-07, 0, 0.0136202, 0, 0
21.5299, 0, 0.0133549, 0, 1.41421, -0.0133549, 0, 0, 0, 0, 0, 0, 0, 0, 0, 0, 0, 0, 0, 0, 3.01657e-07, 0, 0.0133546, 0, 0
21.5378, 0, 0.0130947, 0, 1.41421, -0.0130947, 0, 0, 0, 0, 0, 0, 0, 0, 0, 0, 0, 0, 0, 0, 2.93757e-07, 0, 0.0130944, 0, 0
21.5457, 0, 0.0128399, 0, 1.41421, -0.0128399, 0, 0, 0, 0, 0, 0, 0, 0, 0, 0, 0, 0, 0, 0, 2.85731e-07, 0, 0.0128396, 0, 0
21.5536, 2, 0.0125905, 0, 2, 1.98741, 0, 0, 0, 0, 0, 0, 0, 0, 0, 0, 0, 0, 0, 0, 2.77654e-07, 0, 0.0125902, 0, 0
21.5615, 0, 0.0123464, 0, 1.41421, -0.0123464, 0, 0, 0, 0, 0, 0, 0, 0, 0, 0, 0, 0, 0, 0, 2.69587e-07, 0, 0.0123461, 0, 0
21.5693, 0, 0.0121076, 0, 1.41421, -0.0121076, 0, 0, 0, 0, 0, 0, 0, 0, 0, 0, 0, 0, 0, 0, 2.61599e-07, 0, 0.0121074, 0, 0
21.5772, 0, 0.0118741, 0, 1.41421, -0.0118741, 0, 0, 0, 0, 0, 0, 0, 0, 0, 0, 0, 0, 0, 0, 2.53743e-07, 0, 0.0118738, 0, 0
21.5851, 0, 0.0116457, 0, 1.41421, -0.0116457, 0, 0, 0, 0, 0, 0, 0, 0, 0, 0, 0, 0, 0, 0, 2.46072e-07, 0, 0.0116455, 0, 0
21.593, 0, 0.0114224, 0, 1.41421, -0.0114224, 0, 0, 0, 0, 0, 0, 0, 0, 0, 0, 0, 0, 0, 0, 2.38634e-07, 0, 0.0114221, 0, 0
21.6009, 0, 0.0112041, 0, 1.41421, -0.0112041, 0, 0, 0, 0, 0, 0, 0, 0, 0, 0, 0, 0, 0, 0, 2.31469e-07, 0, 0.0112038, 0, 0
21.6088, 0, 0.0109907, 0, 1.41421, -0.0109907, 0, 0, 0, 0, 0, 0, 0, 0, 0, 0, 0, 0, 0, 0, 2.24613e-07, 0, 0.0109905, 0, 0
21.6167, 0, 0.0107821, 0, 1.41421, -0.0107821, 0, 0, 0, 0, 0, 0, 0, 0, 0, 0, 0, 0, 0, 0, 2.18091e-07, 0, 0.0107819, 0, 0
21.6245, 0, 0.0105782, 0, 1.41421, -0.0105782, 0, 0, 0, 0, 0, 0, 0, 0, 0, 0, 0, 0, 0, 0, 2.11926e-07, 0, 0.010578, 0, 0
21.6324, 0, 0.0103789, 0, 1.41421, -0.0103789, 0, 0, 0, 0, 0, 0, 0, 0, 0, 0, 0, 0, 0, 0, 2.06133e-07, 0, 0.0103787, 0, 0
21.6403, 0, 0.0101841, 0, 1.41421, -0.0101841, 0, 0, 0, 0, 0, 0, 0, 0, 0, 0, 0, 0, 0, 0, 2.00722e-07, 0, 0.0101839, 0, 0
21.6482, 0, 0.00999358, 0, 1.41421, -0.00999358, 0, 0, 0, 0, 0, 0, 0, 0, 0, 0, 0, 0, 0, 0, 1.95696e-07, 0, 0.00999339, 0, 0
21.6561, 0, 0.00980735, 0, 1.41421, -0.00980735, 0, 0, 0, 0, 0, 0, 0, 0, 0, 0, 0, 0, 0, 0, 1.91056e-07, 0, 0.00980716, 0, 0
21.664, 0, 0.00962522, 0, 1.41421, -0.00962522, 0, 0, 0, 0, 0, 0, 0, 0, 0, 0, 0, 0, 0, 0, 1.86796e-07, 0, 0.00962503, 0, 0
21.6718, 0, 0.00944703, 0, 1.41421, -0.00944703, 0, 0, 0, 0, 0, 0, 0, 0, 0, 0, 0, 0, 0, 0, 1.82907e-07, 0, 0.00944684, 0, 0
21.6797, 0, 0.00927274, 0, 1.41421, -0.00927274, 0, 0, 0, 0, 0, 0, 0, 0, 0, 0, 0, 0, 0, 0, 1.79378e-07, 0, 0.00927256, 0, 0
21.6876, 0, 0.00910215, 0, 1.41421, -0.00910215, 0, 0, 0, 0, 0, 0, 0, 0, 0, 0, 0, 0, 0, 0, 1.76191e-07, 0, 0.00910198, 0, 0
21.6955, 0, 0.00893522, 0, 1.41421, -0.00893522, 0, 0, 0, 0, 0, 0, 0, 0, 0, 0, 0, 0, 0, 0, 1.73333e-07, 0, 0.00893505, 0, 0
21.7034, 0, 0.00877171, 0, 1.41421, -0.00877171, 0, 0, 0, 0, 0, 0, 0, 0, 0, 0, 0, 0, 0, 0, 1.70781e-07, 0, 0.00877154, 0, 0
21.7113, 0, 0.00861166, 0, 1.41421, -0.00861166, 0, 0, 0, 0, 0, 0, 0, 0, 0, 0, 0, 0, 0, 0, 1.68519e-07, 0, 0.00861149, 0, 0
21.7191, 0, 0.00845482, 0, 1.41421, -0.00845482, 0, 0, 0, 0, 0, 0, 0, 0, 0, 0, 0, 0, 0, 0, 1.66523e-07, 0, 0.00845466, 0, 0
21.727, 0, 0.00830117, 0, 1.41421, -0.00830117, 0, 0, 0, 0, 0, 0, 0, 0, 0, 0, 0, 0, 0, 0, 1.64775e-07, 0, 0.00830101, 0, 0
21.7349, 0, 0.00815051, 0, 1.41421, -0.00815051, 0, 0, 0, 0, 0, 0, 0, 0, 0, 0, 0, 0, 0, 0, 1.63252e-07, 0, 0.00815035, 0, 0
21.7428, 0, 0.00800281, 0, 1.41421, -0.00800281, 0, 0, 0, 0, 0, 0, 0, 0, 0, 0, 0, 0, 0, 0, 1.61935e-07, 0, 0.00800265, 0, 0
21.7507, 0, 0.00785791, 0, 1.41421, -0.00785791, 0, 0, 0, 0, 0, 0, 0, 0, 0, 0, 0, 0, 0, 0, 1.60803e-07, 0, 0.00785775, 0, 0
21.7586, 0, 0.0077157, 0, 1.41421, -0.0077157, 0, 0, 0, 0, 0, 0, 0, 0, 0, 0, 0, 0, 0, 0, 1.59838e-07, 0, 0.00771554, 0, 0
21.7664, 0, 0.0075761, 0, 1.41421, -0.0075761, 0, 0, 0, 0, 0, 0, 0, 0, 0, 0, 0, 0, 0, 0, 1.59021e-07, 0, 0.00757595, 0, 0
21.7743, 0, 0.00743899, 0, 1.41421, -0.00743899, 0, 0, 0, 0, 0, 0, 0, 0, 0, 0, 0, 0, 0, 0, 1.58335e-07, 0, 0.00743883, 0, 0
21.7822, 0, 0.00730431, 0, 1.41421, -0.00730431, 0, 0, 0, 0, 0, 0, 0, 0, 0, 0, 0, 0, 0, 0, 1.57765e-07, 0, 0.00730416, 0, 0
21.7901, 0, 0.00717191, 0, 1.41421, -0.00717191, 0, 0, 0, 0, 0, 0, 0, 0, 0, 0, 0, 0, 0, 0, 1.57297e-07, 0, 0.00717176, 0, 0
21.798, 0, 0.00704177, 0, 1.41421, -0.00704177, 0, 0, 0, 0, 0, 0, 0, 0, 0, 0, 0, 0, 0, 0, 1.56918e-07, 0, 0.00704161, 0, 0
21.8059, 0, 0.00691373, 0, 1.41421, -0.00691373, 0, 0, 0, 0, 0, 0, 0, 0, 0, 0, 0, 0, 0, 0, 1.56615e-07, 0, 0.00691358, 0, 0
21.8137, 0, 0.00678775, 0, 1.41421, -0.00678775, 0, 0, 0, 0, 0, 0, 0, 0, 0, 0, 0, 0, 0, 0, 1.56378e-07, 0, 0.00678759, 0, 0
21.8216, 0, 0.00666375, 0, 1.41421, -0.00666375, 0, 0, 0, 0, 0, 0, 0, 0, 0, 0, 0, 0, 0, 0, 1.56198e-07, 0, 0.00666359, 0, 0
21.8295, 0, 0.00654168, 0, 1.41421, -0.00654168, 0, 0, 0, 0, 0, 0, 0, 0, 0, 0, 0, 0, 0, 0, 1.56066e-07, 0, 0.00654152, 0, 0
21.8374, 0, 0.00642144, 0, 1.41421, -0.00642144, 0, 0, 0, 0, 0, 0, 0, 0, 0, 0, 0, 0, 0, 0, 1.55974e-07, 0, 0.00642128, 0, 0
21.8453, 0, 0.00630293, 0, 1.41421, -0.00630293, 0, 0, 0, 0, 0, 0, 0, 0, 0, 0, 0, 0, 0, 0, 1.55917e-07, 0, 0.00630277, 0, 0
21.8532, 0, 0.00618616, 0, 1.41421, -0.00618616, 0, 0, 0, 0, 0, 0, 0, 0, 0, 0, 0, 0, 0, 0, 1.55889e-07, 0, 0.006186, 0, 0
21.8611, 0, 0.00607099, 0, 1.41421, -0.00607099, 0, 0, 0, 0, 0, 0, 0, 0, 0, 0, 0, 0, 0, 0, 1.55884e-07, 0, 0.00607083, 0, 0
21.8689, 0, 0.00595744, 0, 1.41421, -0.00595744, 0, 0, 0, 0, 0, 0, 0, 0, 0, 0, 0, 0, 0, 0, 1.559e-07, 0, 0.00595728, 0, 0
21.8768, 0, 0.00584539, 0, 1.41421, -0.00584539, 0, 0, 0, 0, 0, 0, 0, 0, 0, 0, 0, 0, 0, 0, 1.55931e-07, 0, 0.00584524, 0, 0
21.8847, 2, 0.00573486, 0, 2, 1.99427, 0, 0, 0, 0, 0, 0, 0, 0, 0, 0, 0, 0, 0, 0, 1.55977e-07, 0, 0.0057347, 0, 0
21.8926, 0, 0.00562573, 0, 1.41421, -0.00562573, 0, 0, 0, 0, 0, 0, 0, 0, 0, 0, 0, 0, 0, 0, 1.56033e-07, 0, 0.00562557, 0, 0
21.9005, 0, 0.00551803, 0, 1.41421, -0.00551803, 0, 0, 0, 0, 0, 0, 0, 0, 0, 0, 0, 0, 0, 0, 1.56098e-07, 0, 0.00551787, 0, 0
21.9084, 0, 0.00541168, 0, 1.41421, -0.00541168, 0, 0, 0, 0, 0, 0, 0, 0, 0, 0, 0, 0, 0, 0, 1.5617e-07, 0, 0.00541152, 0, 0
21.9162, 0, 0.00530659, 0, 1.41421, -0.00530659, 0, 0, 0, 0, 0, 0, 0, 0, 0, 0, 0, 0, 0, 0, 1.56248e-07, 0, 0.00530644, 0, 0
21.9241, 0, 0.00520284, 0, 1.41421, -0.00520284, 0, 0, 0, 0, 0, 0, 0, 0, 0, 0, 0, 0, 0, 0, 1.5633e-07, 0, 0.00520269, 0, 0
21.932, 0, 0.00510032, 0, 1.41421, -0.00510032, 0, 0, 0, 0, 0, 0, 0, 0, 0, 0, 0, 0, 0, 0, 1.56416e-07, 0, 0.00510017, 0, 0
21.9399, 0, 0.00499905, 0, 1.41421, -0.00499905, 0, 0, 0, 0, 0, 0, 0, 0, 0, 0, 0, 0, 0, 0, 1.56505e-07, 0, 0.00499889, 0, 0
21.9478, 0, 0.00489894, 0, 1.41421, -0.00489894, 0, 0, 0, 0, 0, 0, 0, 0, 0, 0, 0, 0, 0, 0, 1.56596e-07, 0, 0.00489879, 0, 0
21.9557, 0, 0.00480003, 0, 1.41421, -0.00480003, 0, 0, 0, 0, 0, 0, 0, 0, 0, 0, 0, 0, 0, 0, 1.56689e-07, 0, 0.00479987, 0, 0
21.9635, 0, 0.00470224, 0, 1.41421, -0.00470224, 0, 0, 0, 0, 0, 0, 0, 0, 0, 0, 0, 0, 0, 0, 1.56782e-07, 0, 0.00470208, 0, 0
21.9714, 0, 0.00460559, 0, 1.41421, -0.00460559, 0, 0, 0, 0, 0, 0, 0, 0, 0, 0, 0, 0, 0, 0, 1.56878e-07, 0, 0.00460543, 0, 0
21.9793, 0, 0.00451001, 0, 1.41421, -0.00451001, 0, 0, 0, 0, 0, 0, 0, 0, 0, 0, 0, 0, 0, 0, 1.56974e-07, 0, 0.00450986, 0, 0
21.9872, 0, 0.00441554, 0, 1.41421, -0.00441554, 0, 0, 0, 0, 0, 0, 0, 0, 0, 0, 0, 0, 0, 0, 1.57071e-07, 0, 0.00441539, 0, 0
21.9951, 0, 0.00432214, 0, 1.41421, -0.00432214, 0, 0, 0, 0, 0, 0, 0, 0, 0, 0, 0, 0, 0, 0, 1.5717e-07, 0, 0.00432198, 0, 0
22.003, 0, 0.00422975, 0, 1.41421, -0.00422975, 0, 0, 0, 0, 0, 0, 0, 0, 0, 0, 0, 0, 0, 0, 1.57271e-07, 0, 0.00422959, 0, 0
22.0108, 0, 0.00413842, 0, 1.41421, -0.00413842, 0, 0, 0, 0, 0, 0, 0, 0, 0, 0, 0, 0, 0, 0, 1.57377e-07, 0, 0.00413826, 0, 0
22.0187, 0, 0.00404808, 0, 1.41421, -0.00404808, 0, 0, 0, 0, 0, 0, 0, 0, 0, 0, 0, 0, 0, 0, 1.57489e-07, 0, 0.00404792, 0, 0
22.0266, 0, 0.00395874, 0, 1.41421, -0.00395874, 0, 0, 0, 0, 0, 0, 0, 0, 0, 0, 0, 0, 0, 0, 1.57614e-07, 0, 0.00395858, 0, 0
22.0345, 0, 0.0038704, 0, 1.41421, -0.0038704, 0, 0, 0, 0, 0, 0, 0, 0, 0, 0, 0, 0, 0, 0, 1.57772e-07, 0, 0.00387025, 0, 0
22.0424, 0, 0.00378308, 0, 1.41421, -0.00378308, 0, 0, 0, 0, 0, 0, 0, 0, 0, 0, 0, 0, 0, 0, 1.58142e-07, 0, 0.00378292, 0, 0
22.0503, 0, 0.00369671, 0, 1.41421, -0.00369671, 0, 0, 0, 0, 0, 0, 0, 0, 0, 0, 0, 0, 0, 0, 1.5851e-07, 0, 0.00369656, 0, 0
22.0581, 0, 0.00361136, 0, 1.41421, -0.00361136, 0, 0, 0, 0, 0, 0, 0, 0, 0, 0, 0, 0, 0, 0, 1.58988e-07, 0, 0.0036112, 0, 0
22.066, 0, 0.00352697, 0, 1.41421, -0.00352697, 0, 0, 0, 0, 0, 0, 0, 0, 0, 0, 0, 0, 0, 0, 1.59908e-07, 0, 0.00352681, 0, 0
22.0739, 0, 0.00344359, 0, 1.41421, -0.00344359, 0, 0, 0, 0, 0, 0, 0, 0, 0, 0, 0, 0, 0, 0, 1.61081e-07, 0, 0.00344343, 0, 0
22.0818, 0, 0.00336122, 0, 1.41421, -0.00336122, 0, 0, 0, 0, 0, 0, 0, 0, 0, 0, 0, 0, 0, 0, 1.62589e-07, 0, 0.00336106, 0, 0
22.0897, 0, 0.00327985, 0, 1.41421, -0.00327985, 0, 0, 0, 0, 0, 0, 0, 0, 0, 0, 0, 0, 0, 0, 1.64702e-07, 0, 0.00327969, 0, 0
22.0976, 0, 0.00319954, 0, 1.41421, -0.00319954, 0, 0, 0, 0, 0, 0, 0, 0, 0, 0, 0, 0, 0, 0, 1.67686e-07, 0, 0.00319937, 0, 0
22.1054, 0, 0.00312027, 0, 1.41421, -0.00312027, 0, 0, 0, 0, 0, 0, 0, 0, 0, 0, 0, 0, 0, 0, 1.71908e-07, 0, 0.0031201, 0, 0
22.1133, 0, 0.00304211, 0, 1.41421, -0.00304211, 0, 0, 0, 0, 0, 0, 0, 0, 0, 0, 0, 0, 0, 0, 1.77866e-07, 0, 0.00304193, 0, 0
22.1212, 0, 0.00296505, 0, 1.41421, -0.00296505, 0, 0, 0, 0, 0, 0, 0, 0, 0, 0, 0, 0, 0, 0, 1.86254e-07, 0, 0.00296487, 0, 0
22.1291, 0, 0.00288918, 0, 1.41421, -0.00288918, 0, 0, 0, 0, 0, 0, 0, 0, 0, 0, 0, 0, 0, 0, 1.98017e-07, 0, 0.00288898, 0, 0
22.137, 0, 0.00281446, 0, 1.41421, -0.00281446, 0, 0, 0, 0, 0, 0, 0, 0, 0, 0, 0, 0, 0, 0, 2.1446e-07, 0, 0.00281425, 0, 0
22.1449, 0, 0.00274103, 0, 1.41421, -0.00274103, 0, 0, 0, 0, 0, 0, 0, 0, 0, 0, 0, 0, 0, 0, 2.37321e-07, 0, 0.00274079, 0, 0
22.1528, 0, 0.00266886, 0, 1.41421, -0.00266886, 0, 0, 0, 0, 0, 0, 0, 0, 0, 0, 0, 0, 0, 0, 2.68987e-07, 0, 0.00266859, 0, 0
22.1606, 0, 0.00259805, 0, 1.41421, -0.00259805, 0, 0, 0, 0, 0, 0, 0, 0, 0, 0, 0, 0, 0, 0, 3.12622e-07, 0, 0.00259774, 0, 0
22.1685, 0, 0.00252863, 0, 1.41421, -0.00252863, 0, 0, 0, 0, 0, 0, 0, 0, 0, 0, 0, 0, 0, 0, 3.72476e-07, 0, 0.00252826, 0, 0
22.1764, 0, 0.00246064, 0, 1.41421, -0.00246064, 0, 0, 0, 0, 0, 0, 0, 0, 0, 0, 0, 0, 0, 0, 4.54204e-07, 0, 0.00246018, 0, 0
22.1843, 0, 0.00239415, 0, 1.41421, -0.00239415, 0, 0, 0, 0, 0, 0, 0, 0, 0, 0, 0, 0, 0, 0, 5.652e-07, 0, 0.00239358, 0, 0
22.1922, 0, 0.00232919, 0, 1.41421, -0.00232919, 0, 0, 0, 0, 0, 0, 0, 0, 0, 0, 0, 0, 0, 0, 7.15279e-07, 0, 0.00232847, 0, 0
22.2001, 0, 0.00226584, 0, 1.41421, -0.00226584, 0, 0, 0, 0, 0, 0, 0, 0, 0, 0, 0, 0, 0, 0, 9.17097e-07, 0, 0.00226492, 0, 0
22.2079, 0, 0.00220412, 0, 1.41421, -0.00220412, 0, 0, 0, 0, 0, 0, 0, 0, 0, 0, 0, 0, 0, 0, 1.18728e-06, 0, 0.00220294, 0, 0
22.2158, 2, 0.00214413, 0, 2, 1.99786, 0, 0, 0, 0, 0, 0, 0, 0, 0, 0, 0, 0, 0, 0, 1.54699e-06, 0, 0.00214258, 0, 0
22.2237, 0, 0.00208587, 0, 1.41421, -0.00208587, 0, 0, 0, 0, 0, 0, 0, 0, 0, 0, 0, 0, 0, 0, 2.02374e-06, 0, 0.00208385, 0, 0
22.2316, 0, 0.00202944, 0, 1.41421, -0.00202944, 0, 0, 0, 0, 0, 0, 0, 0, 0, 0, 0, 0, 0, 0, 2.65214e-06, 0, 0.00202679, 0, 0
22.2395, 0, 0.00197486, 0, 1.41421, -0.00197486, 0, 0, 0, 0, 0, 0, 0, 0, 0, 0, 0, 0, 0, 0, 3.47666e-06, 0, 0.00197138, 0, 0
22.2474, 0, 0.0019222, 0, 1.41421, -0.0019222, 0, 0, 0, 0, 0, 0, 0, 0, 0, 0, 0, 0, 0, 0, 4.55285e-06, 0, 0.00191765, 0, 0
22.2552, 0, 0.00187156, 0, 1.41421, -0.00187156, 0, 0, 0, 0, 0, 0, 0, 0, 0, 0, 0, 0, 0, 0, 5.95004e-06, 0, 0.00186561, 0, 0
22.2631, 0, 0.00182297, 0, 1.41421, -0.00182297, 0, 0, 0, 0, 0, 0, 0, 0, 0, 0, 0, 0, 0, 0, 7.75569e-06, 0, 0.00181522, 0, 0
22.271, 0, 0.00177656, 0, 1.41421, -0.00177656, 0, 0, 0, 0, 0, 0, 0, 0, 0, 0, 0, 0, 0, 0, 1.00763e-05, 0, 0.00176648, 0, 0
22.2789, 0, 0.0017324, 0, 1.41421, -0.0017324, 0, 0, 0, 0, 0, 0, 0, 0, 0, 0, 0, 0, 0, 0, 1.30449e-05, 0, 0.00171936, 0, 0
22.2868, 0, 0.00169065, 0, 1.41421, -0.00169065, 0, 0, 0, 0, 0, 0, 0, 0, 0, 0, 0, 0, 0, 0, 1.68215e-05, 0, 0.00167383, 0, 0
22.2947, 0, 0.00165145, 0, 1.41421, -0.00165145, 0, 0, 0, 0, 0, 0, 0, 0, 0, 0, 0, 0, 0, 0, 2.16038e-05, 0, 0.00162984, 0, 0
22.3025, 0, 0.001615, 0, 1.41421, -0.001615, 0, 0, 0, 0, 0, 0, 0, 0, 0, 0, 0, 0, 0, 0, 2.76257e-05, 0, 0.00158737, 0, 0
22.3104, 0, 0.00158151, 0, 1.41421, -0.00158151, 0, 0, 0, 0, 0, 0, 0, 0, 0, 0, 0, 0, 0, 0, 3.51736e-05, 0, 0.00154634, 0, 0
22.3183, 0, 0.00155129, 0, 1.41421, -0.00155129, 0, 0, 0, 0, 0, 0, 0, 0, 0, 0, 0, 0, 0, 0, 4.4581e-05, 0, 0.00150671, 0, 0
22.3262, 0, 0.00152466, 0, 1.41421, -0.00152466, 0, 0, 0, 0, 0, 0, 0, 0, 0, 0, 0, 0, 0, 0, 5.62482e-05, 0, 0.00146841, 0, 0
22.3341, 0, 0.00150203, 0, 1.41421, -0.00150203, 0, 0, 0, 0, 0, 0, 0, 0, 0, 0, 0, 0, 0, 0, 7.06476e-05, 0, 0.00143138, 0, 0
22.342, 0, 0.00148387, 0, 1.41421, -0.00148387, 0, 0, 0, 0, 0, 0, 0, 0, 0, 0, 0, 0, 0, 0, 8.83185e-05, 0, 0.00139555, 0, 0
22.3498, 0, 0.00147075, 0, 1.41421, -0.00147075, 0, 0, 0, 0, 0, 0, 0, 0, 0, 0, 0, 0, 0, 0, 0.000109902, 0, 0.00136085, 0, 0
22.3577, 0, 0.00146333, 0, 1.41421, -0.00146333, 0, 0, 0, 0, 0, 0, 0, 0, 0, 0, 0, 0, 0, 0, 0.000136122, 0, 0.00132721, 0, 0
22.3656, 0, 0.00146236, 0, 1.41421, -0.00146236, 0, 0, 0, 0, 0, 0, 0, 0, 0, 0, 0, 0, 0, 0, 0.000167809, 0, 0.00129455, 0, 0
22.3735, 0, 0.00146871, 0, 1.41421, -0.00146871, 0, 0, 0, 0, 0, 0, 0, 0, 0, 0, 0, 0, 0, 0, 0.000205891, 0, 0.00126281, 0, 0
22.3814, 0, 0.00148335, 0, 1.41421, -0.00148335, 0, 0, 0, 0, 0, 0, 0, 0, 0, 0, 0, 0, 0, 0, 0.00025144, 0, 0.00123191, 0, 0
22.3893, 0, 0.0015074, 0, 1.41421, -0.0015074, 0, 0, 0, 0, 0, 0, 0, 0, 0, 0, 0, 0, 0, 0, 0.000305608, 0, 0.00120179, 0, 0
22.3972, 0, 0.00154208, 0, 1.41421, -0.00154208, 0, 0, 0, 0, 0, 0, 0, 0, 0, 0, 0, 0, 0, 0, 0.000369714, 0, 0.00117237, 0, 0
22.405, 0, 0.00158873, 0, 1.41421, -0.00158873, 0, 0, 0, 0, 0, 0, 0, 0, 0, 0, 0, 0, 0, 0, 0.000445142, 0, 0.00114359, 0, 0
22.4129, 0, 0.00164881, 0, 1.41421, -0.00164881, 0, 0, 0, 0, 0, 0, 0, 0, 0, 0, 0, 0, 0, 0, 0.000533434, 0, 0.00111538, 0, 0
22.4208, 0, 0.00172393, 0, 1.41421, -0.00172393, 0, 0, 0, 0, 0, 0, 0, 0, 0, 0, 0, 0, 0, 0, 0.000636258, 0, 0.00108768, 0, 0
22.4287, 0, 0.00181573, 0, 1.41421, -0.00181573, 0, 0, 0, 0, 0, 0, 0, 0, 0, 0, 0, 0, 0, 0, 0.000755295, 0, 0.00106044, 0, 0
22.4366, 0, 0.00192601, 0, 1.41421, -0.00192601, 0, 0, 0, 0, 0, 0, 0, 0, 0, 0, 0, 0, 0, 0, 0.000892421, 0, 0.00103359, 0, 0
22.4445, 0, 0.00205654, 0, 1.41421, -0.00205654, 0, 0, 0, 0, 0, 0, 0, 0, 0, 0, 0, 0, 0, 0, 0.00104944, 0, 0.0010071, 0, 0
22.4523, 0, 0.00220923, 0, 1.41421, -0.00220923, 0, 0, 0, 0, 0, 0, 0, 0, 0, 0, 0, 0, 0, 0, 0.00122832, 0, 0.000980909, 0, 0
22.4602, 0, 0.00238588, 0, 1.41421, -0.00238588, 0, 0, 0, 0, 0, 0, 0, 0, 0, 0, 0, 0, 0, 0, 0.00143089, 0, 0.000954991, 0, 0
22.4681, 0, 0.00258844, 0, 1.41421, -0.00258844, 0, 0, 0, 0, 0, 0, 0, 0, 0, 0, 0, 0, 0, 0, 0.00165915, 0, 0.000929288, 0, 0
22.476, 0, 0.00281844, 0, 1.41421, -0.00281844, 0, 0, 0, 0, 0, 0, 0, 0, 0, 0, 0, 0, 0, 0, 0.00191464, 0, 0.000903796, 0, 0
22.4839, 0, 0.00307765, 0, 1.41421, -0.00307765, 0, 0, 0, 0, 0, 0, 0, 0, 0, 0, 0, 0, 0, 0, 0.00219919, 0, 0.000878467, 0, 0
22.4918, 0, 0.00336738, 0, 1.41421, -0.00336738, 0, 0, 0, 0, 0, 0, 0, 0, 0, 0, 0, 0, 0, 0, 0.00251408, 0, 0.000853293, 0, 0
22.4996, 0, 0.00368885, 0, 1.41421, -0.00368885, 0, 0, 0, 0, 0, 0, 0, 0, 0, 0, 0, 0, 0, 0, 0.0028606, 0, 0.000828251, 0, 0
22.5075, 0, 0.00404304, 0, 1.41421, -0.00404304, 0, 0, 0, 0, 0, 0, 0, 0, 0, 0, 0, 0, 0, 0, 0.00323972, 0, 0.000803324, 0, 0
22.5154, 0, 0.00443031, 0, 1.41421, -0.00443031, 0, 0, 0, 0, 0, 0, 0, 0, 0, 0, 0, 0, 0, 0, 0.0036518, 0, 0.000778516, 0, 0
22.5233, 0, 0.00485096, 0, 1.41421, -0.00485096, 0, 0, 0, 0, 0, 0, 0, 0, 0, 0, 0, 0, 0, 0, 0.00409715, 0, 0.000753815, 0, 0
22.5312, 0, 0.00530442, 0, 1.41421, -0.00530442, 0, 0, 0, 0, 0, 0, 0, 0, 0, 0, 0, 0, 0, 0, 0.00457519, 0, 0.000729235, 0, 0
22.5391, 0, 0.00579004, 0, 1.41421, -0.00579004, 0, 0, 0, 0, 0, 0, 0, 0, 0, 0, 0, 0, 0, 0, 0.00508526, 0, 0.000704773, 0, 0
22.5469, 0, 0.00630612, 0, 1.41421, -0.00630612, 0, 0, 0, 0, 0, 0, 0, 0, 0, 0, 0, 0, 0, 0, 0.00562567, 0, 0.000680455, 0, 0
22.5548, 0, 0.0068509, 0, 1.41421, -0.0068509, 0, 0, 0, 0, 0, 0, 0, 0, 0, 0, 0, 0, 0, 0, 0.00619461, 0, 0.000656285, 0, 0
22.5627, 0, 0.00742142, 0, 1.41421, -0.00742142, 0, 0, 0, 0, 0, 0, 0, 0, 0, 0, 0, 0, 0, 0, 0.00678913, 0, 0.000632298, 0, 0
22.5706, 0, 0.0080147, 0, 1.41421, -0.0080147, 0, 0, 0, 0, 0, 0, 0, 0, 0, 0, 0, 0, 0, 0, 0.0074062, 0, 0.000608506, 0, 0
22.5785, 0, 0.00862667, 0, 1.41421, -0.00862667, 0, 0, 0, 0, 0, 0, 0, 0, 0, 0, 0, 0, 0, 0, 0.00804173, 0, 0.000584946, 0, 0
22.5864, 0, 0.00925265, 0, 1.41421, -0.00925265, 0, 0, 0, 0, 0, 0, 0, 0, 0, 0, 0, 0, 0, 0, 0.00869099, 0, 0.000561653, 0, 0
22.5942, 0, 0.00988784, 0, 1.41421, -0.00988784, 0, 0, 0, 0, 0, 0, 0, 0, 0, 0, 0, 0, 0, 0, 0.00934919, 0, 0.000538651, 0, 0
22.6021, 0, 0.0105263, 0, 1.41421, -0.0105263, 0, 0, 0, 0, 0, 0, 0, 0, 0, 0, 0, 0, 0, 0, 0.0100104, 0, 0.000515989, 0, 0
22.61, 0, 0.0111624, 0, 1.41421, -0.0111624, 0, 0, 0, 0, 0, 0, 0, 0, 0, 0, 0, 0, 0, 0, 0.0106687, 0, 0.000493691, 0, 0
22.6179, 0, 0.0117893, 0, 1.41421, -0.0117893, 0, 0, 0, 0, 0, 0, 0, 0, 0, 0, 0, 0, 0, 0, 0.0113174, 0, 0.000471808, 0, 0
22.6258, 0, 0.0124006, 0, 1.41421, -0.0124006, 0, 0, 0, 0, 0, 0, 0, 0, 0, 0, 0, 0, 0, 0, 0.0119502, 0, 0.000450366, 0, 0
22.6337, 0, 0.0129892, 0, 1.41421, -0.0129892, 0, 0, 0, 0, 0, 0, 0, 0, 0, 0, 0, 0, 0, 0, 0.0125597, 0, 0.000429415, 0, 0
22.6416, 0, 0.0135485, 0, 1.41421, -0.0135485, 0, 0, 0, 0, 0, 0, 0, 0, 0, 0, 0, 0, 0, 0, 0.0131395, 0, 0.000408981, 0, 0
22.6494, 0, 0.0140714, 0, 1.41421, -0.0140714, 0, 0, 0, 0, 0, 0, 0, 0, 0, 0, 0, 0, 0, 0, 0.0136823, 0, 0.00038911, 0, 0
22.6573, 0, 0.0145518, 0, 1.41421, -0.0145518, 0, 0, 0, 0, 0, 0, 0, 0, 0, 0, 0, 0, 0, 0, 0.014182, 0, 0.000369823, 0, 0
22.6652, 0, 0.0149831, 0, 1.41421, -0.0149831, 0, 0, 0, 0, 0, 0, 0, 0, 0, 0, 0, 0, 0, 0, 0.014632, 0, 0.000351162, 0, 0
22.6731, 0, 0.0153599, 0, 1.41421, -0.0153599, 0, 0, 0, 0, 0, 0, 0, 0, 0, 0, 0, 0, 0, 0, 0.0150267, 0, 0.000333147, 0, 0
22.681, 0, 0.015677, 0, 1.41421, -0.015677, 0, 0, 0, 0, 0, 0, 0, 0, 0, 0, 0, 0, 0, 0, 0.0153612, 0, 0.000315799, 0, 0
22.6889, 0, 0.0159301, 0, 1.41421, -0.0159301, 0, 0, 0, 0, 0, 0, 0, 0, 0, 0, 0, 0, 0, 0, 0.015631, 0, 0.00029914, 0, 0
22.6967, 0, 0.0161156, 0, 1.41421, -0.0161156, 0, 0, 0, 0, 0, 0, 0, 0, 0, 0, 0, 0, 0, 0, 0.0158325, 0, 0.000283187, 0, 0
22.7046, 0, 0.0162309, 0, 1.41421, -0.0162309, 0, 0, 0, 0, 0, 0, 0, 0, 0, 0, 0, 0, 0, 0, 0.015963, 0, 0.000267953, 0, 0
22.7125, 0, 0.0162743, 0, 1.41421, -0.0162743, 0, 0, 0, 0, 0, 0, 0, 0, 0, 0, 0, 0, 0, 0, 0.0160209, 0, 0.000253438, 0, 0
22.7204, 0, 0.0162452, 0, 1.41421, -0.0162452, 0, 0, 0, 0, 0, 0, 0, 0, 0, 0, 0, 0, 0, 0, 0.0160056, 0, 0.000239651, 0, 0
22.7283, 0, 0.0161439, 0, 1.41421, -0.0161439, 0, 0, 0, 0, 0, 0, 0, 0, 0, 0, 0, 0, 0, 0, 0.0159173, 0, 0.000226581, 0, 0
22.7362, 0, 0.0159716, 0, 1.41421, -0.0159716, 0, 0, 0, 0, 0, 0, 0, 0, 0, 0, 0, 0, 0, 0, 0.0157574, 0, 0.00021423, 0, 0
22.744, 0, 0.0157308, 0, 1.41421, -0.0157308, 0, 0, 0, 0, 0, 0, 0, 0, 0, 0, 0, 0, 0, 0, 0.0155282, 0, 0.000202582, 0, 0
22.7519, 0, 0.0154245, 0, 1.41421, -0.0154245, 0, 0, 0, 0, 0, 0, 0, 0, 0, 0, 0, 0, 0, 0, 0.0152329, 0, 0.00019162, 0, 0
22.7598, 0, 0.015057, 0, 1.41421, -0.015057, 0, 0, 0, 0, 0, 0, 0, 0, 0, 0, 0, 0, 0, 0, 0.0148757, 0, 0.000181333, 0, 0
22.7677, 0, 0.0146329, 0, 1.41421, -0.0146329, 0, 0, 0, 0, 0, 0, 0, 0, 0, 0, 0, 0, 0, 0, 0.0144612, 0, 0.000171693, 0, 0
22.7756, 0, 0.0141579, 0, 1.41421, -0.0141579, 0, 0, 0, 0, 0, 0, 0, 0, 0, 0, 0, 0, 0, 0, 0.0139952, 0, 0.00016268, 0, 0
22.7835, 0, 0.0136377, 0, 1.41421, -0.0136377, 0, 0, 0, 0, 0, 0, 0, 0, 0, 0, 0, 0, 0, 0, 0.0134835, 0, 0.000154266, 0, 0
22.7913, 0, 0.0130789, 0, 1.41421, -0.0130789, 0, 0, 0, 0, 0, 0, 0, 0, 0, 0, 0, 0, 0, 0, 0.0129325, 0, 0.000146422, 0, 0
22.7992, 0, 0.0124881, 0, 1.41421, -0.0124881, 0, 0, 0, 0, 0, 0, 0, 0, 0, 0, 0, 0, 0, 0, 0.012349, 0, 0.00013912, 0, 0
22.8071, 0, 0.0118724, 0, 1.41421, -0.0118724, 0, 0, 0, 0, 0, 0, 0, 0, 0, 0, 0, 0, 0, 0, 0.0117401, 0, 0.00013233, 0, 0
22.815, 0, 0.0112382, 0, 1.41421, -0.0112382, 0, 0, 0, 0, 0, 0, 0, 0, 0, 0, 0, 0, 0, 0, 0.0111122, 0, 0.000126017, 0, 0
22.8229, 0, 0.0105928, 0, 1.41421, -0.0105928, 0, 0, 0, 0, 0, 0, 0, 0, 0, 0, 0, 0, 0, 0, 0.0104726, 0, 0.000120152, 0, 0
22.8308, 0, 0.00994241, 0, 1.41421, -0.00994241, 0, 0, 0, 0, 0, 0, 0, 0, 0, 0, 0, 0, 0, 0, 0.00982771, 0, 0.000114701, 0, 0
22.8386, 0, 0.0092932, 0, 1.41421, -0.0092932, 0, 0, 0, 0, 0, 0, 0, 0, 0, 0, 0, 0, 0, 0, 0.00918357, 0, 0.000109632, 0, 0
22.8465, 0, 0.00865132, 0, 1.41421, -0.00865132, 0, 0, 0, 0, 0, 0, 0, 0, 0, 0, 0, 0, 0, 0, 0.0085464, 0, 0.000104915, 0, 0
22.8544, 0, 0.00802185, 0, 1.41421, -0.00802185, 0, 0, 0, 0, 0, 0, 0, 0, 0, 0, 0, 0, 0, 0, 0.00792133, 0, 0.000100518, 0, 0
22.8623, 0, 0.00740997, 0, 1.41421, -0.00740997, 0, 0, 0, 0, 0, 0, 0, 0, 0, 0, 0, 0, 0, 0, 0.00731356, 0, 9.64132e-05, 0, 0
22.8702, 0, 0.00681968, 0, 1.41421, -0.00681968, 0, 0, 0, 0, 0, 0, 0, 0, 0, 0, 0, 0, 0, 0, 0.0067271, 0, 9.25715e-05, 0, 0
22.8781, 0, 0.00625497, 0, 1.41421, -0.00625497, 0, 0, 0, 0, 0, 0, 0, 0, 0, 0, 0, 0, 0, 0, 0.006166, 0, 8.89676e-05, 0, 0
22.886, 0, 0.00571869, 0, 1.41421, -0.00571869, 0, 0, 0, 0, 0, 0, 0, 0, 0, 0, 0, 0, 0, 0, 0.00563311, 0, 8.55748e-05, 0, 0
22.8938, 0, 0.00521361, 0, 1.41421, -0.00521361, 0, 0, 0, 0, 0, 0, 0, 0, 0, 0, 0, 0, 0, 0, 0.00513124, 0, 8.23712e-05, 0, 0
22.9017, 0, 0.0047413, 0, 1.41421, -0.0047413, 0, 0, 0, 0, 0, 0, 0, 0, 0, 0, 0, 0, 0, 0, 0.00466197, 0, 7.93325e-05, 0, 0
22.9096, 0, 0.00430362, 0, 1.41421, -0.00430362, 0, 0, 0, 0, 0, 0, 0, 0, 0, 0, 0, 0, 0, 0, 0.00422718, 0, 7.64417e-05, 0, 0
22.9175, 0, 0.00390118, 0, 1.41421, -0.00390118, 0, 0, 0, 0, 0, 0, 0, 0, 0, 0, 0, 0, 0, 0, 0.0038275, 0, 7.36786e-05, 0, 0
22.9254, 0, 0.00353425, 0, 1.41421, -0.00353425, 0, 0, 0, 0, 0, 0, 0, 0, 0, 0, 0, 0, 0, 0, 0.00346322, 0, 7.10261e-05, 0, 0
22.9333, 0, 0.00320295, 0, 1.41421, -0.00320295, 0, 0, 0, 0, 0, 0, 0, 0, 0, 0, 0, 0, 0, 0, 0.00313448, 0, 6.84703e-05, 0, 0
22.9411, 0, 0.00290667, 0, 1.41421, -0.00290667, 0, 0, 0, 0, 0, 0, 0, 0, 0, 0, 0, 0, 0, 0, 0.00284068, 0, 6.59965e-05, 0, 0
22.949, 0, 0.00264475, 0, 1.41421, -0.00264475, 0, 0, 0, 0, 0, 0, 0, 0, 0, 0, 0, 0, 0, 0, 0.00258116, 0, 6.35943e-05, 0, 0
22.9569, 0, 0.00241597, 0, 1.41421, -0.00241597, 0, 0, 0, 0, 0, 0, 0, 0, 0, 0, 0, 0, 0, 0, 0.00235472, 0, 6.12522e-05, 0, 0
22.9648, 0, 0.0022191, 0, 1.41421, -0.0022191, 0, 0, 0, 0, 0, 0, 0, 0, 0, 0, 0, 0, 0, 0, 0.00216014, 0, 5.89625e-05, 0, 0
22.9727, 0, 0.0020525, 0, 1.41421, -0.0020525, 0, 0, 0, 0, 0, 0, 0, 0, 0, 0, 0, 0, 0, 0, 0.00199578, 0, 5.6717e-05, 0, 0
22.9806, 0, 0.00191454, 0, 1.41421, -0.00191454, 0, 0, 0, 0, 0, 0, 0, 0, 0, 0, 0, 0, 0, 0, 0.00186003, 0, 5.45105e-05, 0, 0
22.9884, 0, 0.00180331, 0, 1.41421, -0.00180331, 0, 0, 0, 0, 0, 0, 0, 0, 0, 0, 0, 0, 0, 0, 0.00175097, 0, 5.23374e-05, 0, 0
22.9963, 0, 0.00171694, 0, 1.41421, -0.00171694, 0, 0, 0, 0, 0, 0, 0, 0, 0, 0, 0, 0, 0, 0, 0.00166675, 0, 5.01951e-05, 0, 0
23.0042, 0, 0.0016534, 0, 1.41421, -0.0016534, 0, 0, 0, 0, 0, 0, 0, 0, 0, 0, 0, 0, 0, 0, 0.00160532, 0, 4.80806e-05, 0, 0
23.0121, 0, 0.00161064, 0, 1.41421, -0.00161064, 0, 0, 0, 0, 0, 0, 0, 0, 0, 0, 0, 0, 0, 0, 0.00156465, 0, 4.59913e-05, 0, 0
23.02, 0, 0.00158662, 0, 1.41421, -0.00158662, 0, 0, 0, 0, 0, 0, 0, 0, 0, 0, 0, 0, 0, 0, 0.00154269, 0, 4.39288e-05, 0, 0
23.0279, 0, 0.00157925, 0, 1.41421, -0.00157925, 0, 0, 0, 0, 0, 0, 0, 0, 0, 0, 0, 0, 0, 0, 0.00153736, 0, 4.18917e-05, 0, 0
23.0357, 0, 0.00158648, 0, 1.41421, -0.00158648, 0, 0, 0, 0, 0, 0, 0, 0, 0, 0, 0, 0, 0, 0, 0.0015466, 0, 3.98819e-05, 0, 0
23.0436, 0, 0.00160627, 0, 1.41421, -0.00160627, 0, 0, 0, 0, 0, 0, 0, 0, 0, 0, 0, 0, 0, 0, 0.00156837, 0, 3.79e-05, 0, 0
23.0515, 0, 0.00163659, 0, 1.41421, -0.00163659, 0, 0, 0, 0, 0, 0, 0, 0, 0, 0, 0, 0, 0, 0, 0.00160064, 0, 3.59491e-05, 0, 0
23.0594, 0, 0.00167551, 0, 1.41421, -0.00167551, 0, 0, 0, 0, 0, 0, 0, 0, 0, 0, 0, 0, 0, 0, 0.00164148, 0, 3.40306e-05, 0, 0
23.0673, 0, 0.00172109, 0, 1.41421, -0.00172109, 0, 0, 0, 0, 0, 0, 0, 0, 0, 0, 0, 0, 0, 0, 0.00168894, 0, 3.21484e-05, 0, 0
23.0752, 0, 0.0017715, 0, 1.41421, -0.0017715, 0, 0, 0, 0, 0, 0, 0, 0, 0, 0, 0, 0, 0, 0, 0.0017412, 0, 3.03045e-05, 0, 0
23.083, 0, 0.00182495, 0, 1.41421, -0.00182495, 0, 0, 0, 0, 0, 0, 0, 0, 0, 0, 0, 0, 0, 0, 0.00179645, 0, 2.8503e-05, 0, 0
23.0909, 0, 0.00187975, 0, 1.41421, -0.00187975, 0, 0, 0, 0, 0, 0, 0, 0, 0, 0, 0, 0, 0, 0, 0.001853, 0, 2.67469e-05, 0, 0
23.0988, 0, 0.0019343, 0, 1.41421, -0.0019343, 0, 0, 0, 0, 0, 0, 0, 0, 0, 0, 0, 0, 0, 0, 0.00190926, 0, 2.50388e-05, 0, 0
23.1067, 0, 0.00198709, 0, 1.41421, -0.00198709, 0, 0, 0, 0, 0, 0, 0, 0, 0, 0, 0, 0, 0, 0, 0.0019637, 0, 2.33828e-05, 0, 0
23.1146, 0, 0.00203674, 0, 1.41421, -0.00203674, 0, 0, 0, 0, 0, 0, 0, 0, 0, 0, 0, 0, 0, 0, 0.00201496, 0, 2.1781e-05, 0, 0
23.1225, 0, 0.00208197, 0, 1.41421, -0.00208197, 0, 0, 0, 0, 0, 0, 0, 0, 0, 0, 0, 0, 0, 0, 0.00206174, 0, 2.02367e-05, 0, 0
23.1304, 0, 0.00212166, 0, 1.41421, -0.00212166, 0, 0, 0, 0, 0, 0, 0, 0, 0, 0, 0, 0, 0, 0, 0.00210291, 0, 1.87523e-05, 0, 0
23.1382, 0, 0.00215479, 0, 1.41421, -0.00215479, 0, 0, 0, 0, 0, 0, 0, 0, 0, 0, 0, 0, 0, 0, 0.00213746, 0, 1.73304e-05, 0, 0
23.1461, 0, 0.00218055, 0, 1.41421, -0.00218055, 0, 0, 0, 0, 0, 0, 0, 0, 0, 0, 0, 0, 0, 0, 0.00216457, 0, 1.5972e-05, 0, 0
23.154, 0, 0.00219822, 0, 1.41421, -0.00219822, 0, 0, 0, 0, 0, 0, 0, 0, 0, 0, 0, 0, 0, 0, 0.00218354, 0, 1.46792e-05, 0, 0
23.1619, 0, 0.00220729, 0, 1.41421, -0.00220729, 0, 0, 0, 0, 0, 0, 0, 0, 0, 0, 0, 0, 0, 0, 0.00219384, 0, 1.34527e-05, 0, 0
23.1698, 0, 0.00220739, 0, 1.41421, -0.00220739, 0, 0, 0, 0, 0, 0, 0, 0, 0, 0, 0, 0, 0, 0, 0.00219509, 0, 1.22927e-05, 0, 0
23.1777, 0, 0.00219831, 0, 1.41421, -0.00219831, 0, 0, 0, 0, 0, 0, 0, 0, 0, 0, 0, 0, 0, 0, 0.00218711, 0, 1.12001e-05, 0, 0
23.1855, 0, 0.00218, 0, 1.41421, -0.00218, 0, 0, 0, 0, 0, 0, 0, 0, 0, 0, 0, 0, 0, 0, 0.00216983, 0, 1.0174e-05, 0, 0
23.1934, 0, 0.00215258, 0, 1.41421, -0.00215258, 0, 0, 0, 0, 0, 0, 0, 0, 0, 0, 0, 0, 0, 0, 0.00214337, 0, 9.21431e-06, 0, 0
23.2013, 0, 0.00211629, 0, 1.41421, -0.00211629, 0, 0, 0, 0, 0, 0, 0, 0, 0, 0, 0, 0, 0, 0, 0.00210797, 0, 8.31949e-06, 0, 0
23.2092, 0, 0.00207153, 0, 1.41421, -0.00207153, 0, 0, 0, 0, 0, 0, 0, 0, 0, 0, 0, 0, 0, 0, 0.00206404, 0, 7.48859e-06, 0, 0
23.2171, 0, 0.00201879, 0, 1.41421, -0.00201879, 0, 0, 0, 0, 0, 0, 0, 0, 0, 0, 0, 0, 0, 0, 0.00201207, 0, 6.71949e-06, 0, 0
23.225, 0, 0.00195872, 0, 1.41421, -0.00195872, 0, 0, 0, 0, 0, 0, 0, 0, 0, 0, 0, 0, 0, 0, 0.00195271, 0, 6.01058e-06, 0, 0
23.2328, 0, 0.00189197, 0, 1.41421, -0.00189197, 0, 0, 0, 0, 0, 0, 0, 0, 0, 0, 0, 0, 0, 0, 0.00188661, 0, 5.35908e-06, 0, 0
23.2407, 0, 0.00181941, 0, 1.41421, -0.00181941, 0, 0, 0, 0, 0, 0, 0, 0, 0, 0, 0, 0, 0, 0, 0.00181465, 0, 4.76317e-06, 0, 0
23.2486, 0, 0.00174184, 0, 1.41421, -0.00174184, 0, 0, 0, 0, 0, 0, 0, 0, 0, 0, 0, 0, 0, 0, 0.00173762, 0, 4.21986e-06, 0, 0
23.2565, 0, 0.00166011, 0, 1.41421, -0.00166011, 0, 0, 0, 0, 0, 0, 0, 0, 0, 0, 0, 0, 0, 0, 0.00165638, 0, 3.72625e-06, 0, 0
23.2644, 0, 0.00157517, 0, 1.41421, -0.00157517, 0, 0, 0, 0, 0, 0, 0, 0, 0, 0, 0, 0, 0, 0, 0.00157189, 0, 3.2797e-06, 0, 0
23.2723, 0, 0.00148787, 0, 1.41421, -0.00148787, 0, 0, 0, 0, 0, 0, 0, 0, 0, 0, 0, 0, 0, 0, 0.001485, 0, 2.87706e-06, 0, 0
23.2801, 0, 0.00139915, 0, 1.41421, -0.00139915, 0, 0, 0, 0, 0, 0, 0, 0, 0, 0, 0, 0, 0, 0, 0.00139664, 0, 2.51557e-06, 0, 0
23.288, 0, 0.00130981, 0, 1.41421, -0.00130981, 0, 0, 0, 0, 0, 0, 0, 0, 0, 0, 0, 0, 0, 0, 0.00130762, 0, 2.19209e-06, 0, 0
23.2959, 0, 0.00122072, 0, 1.41421, -0.00122072, 0, 0, 0, 0, 0, 0, 0, 0, 0, 0, 0, 0, 0, 0, 0.00121881, 0, 1.90387e-06, 0, 0
23.3038, 0, 0.00113258, 0, 1.41421, -0.00113258, 0, 0, 0, 0, 0, 0, 0, 0, 0, 0, 0, 0, 0, 0, 0.00113093, 0, 1.64791e-06, 0, 0
23.3117, 0, 0.00104612, 0, 1.41421, -0.00104612, 0, 0, 0, 0, 0, 0, 0, 0, 0, 0, 0, 0, 0, 0, 0.0010447, 0, 1.42159e-06, 0, 0
23.3196, 0, 0.000961926, 0, 1.41421, -0.000961926, 0, 0, 0, 0, 0, 0, 0, 0, 0, 0, 0, 0, 0, 0, 0.000960704, 0, 1.22213e-06, 0, 0
23.3274, 0, 0.000880578, 0, 1.41421, -0.000880578, 0, 0, 0, 0, 0, 0, 0, 0, 0, 0, 0, 0, 0, 0, 0.000879531, 0, 1.04711e-06, 0, 0
23.3353, 0, 0.000802513, 0, 1.41421, -0.000802513, 0, 0, 0, 0, 0, 0, 0, 0, 0, 0, 0, 0, 0, 0, 0.000801619, 0, 8.94087e-07, 0, 0
23.3432, 0, 0.000728072, 0, 1.41421, -0.000728072, 0, 0, 0, 0, 0, 0, 0, 0, 0, 0, 0, 0, 0, 0, 0.000727311, 0, 7.60736e-07, 0, 0
23.3511, 0, 0.000657624, 0, 1.41421, -0.000657624, 0, 0, 0, 0, 0, 0, 0, 0, 0, 0, 0, 0, 0, 0, 0.000656979, 0, 6.45091e-07, 0, 0
23.359, 0, 0.000591333, 0, 1.41421, -0.000591333, 0, 0, 0, 0, 0, 0, 0, 0, 0, 0, 0, 0, 0, 0, 0.000590788, 0, 5.45109e-07, 0, 0
23.3669, 0, 0.000529373, 0, 1.41421, -0.000529373, 0, 0, 0, 0, 0, 0, 0, 0, 0, 0, 0, 0, 0, 0, 0.000528914, 0, 4.59043e-07, 0, 0
23.3747, 0, 0.000471786, 0, 1.41421, -0.000471786, 0, 0, 0, 0, 0, 0, 0, 0, 0, 0, 0, 0, 0, 0, 0.000471401, 0, 3.85202e-07, 0, 0
23.3826, 0, 0.000418609, 0, 1.41421, -0.000418609, 0, 0, 0, 0, 0, 0, 0, 0, 0, 0, 0, 0, 0, 0, 0.000418286, 0, 3.22124e-07, 0, 0
23.3905, 0, 0.000369766, 0, 1.41421, -0.000369766, 0, 0, 0, 0, 0, 0, 0, 0, 0, 0, 0, 0, 0, 0, 0.000369498, 0, 2.68419e-07, 0, 0
23.3984, 0, 0.000325185, 0, 1.41421, -0.000325185, 0, 0, 0, 0, 0, 0, 0, 0, 0, 0, 0, 0, 0, 0, 0.000324962, 0, 2.22892e-07, 0, 0
23.4063, 0, 0.000284704, 0, 1.41421, -0.000284704, 0, 0, 0, 0, 0, 0, 0, 0, 0, 0, 0, 0, 0, 0, 0.00028452, 0, 1.84427e-07, 0, 0
23.4142, 0, 0.000248168, 0, 1.41421, -0.000248168, 0, 0, 0, 0, 0, 0, 0, 0, 0, 0, 0, 0, 0, 0, 0.000248016, 0, 1.52068e-07, 0, 0
23.422, 0, 0.000215365, 0, 1.41421, -0.000215365, 0, 0, 0, 0, 0, 0, 0, 0, 0, 0, 0, 0, 0, 0, 0.00021524, 0, 1.24943e-07, 0, 0
23.4299, 0, 0.000186067, 0, 1.41421, -0.000186067, 0, 0, 0, 0, 0, 0, 0, 0, 0, 0, 0, 0, 0, 0, 0.000185965, 0, 1.02287e-07, 0, 0
23.4378, 0, 0.000160052, 0, 1.41421, -0.000160052, 0, 0, 0, 0, 0, 0, 0, 0, 0, 0, 0, 0, 0, 0, 0.000159969, 0, 8.34463e-08, 0, 0
23.4457, 0, 0.000137063, 0, 1.41421, -0.000137063, 0, 0, 0, 0, 0, 0, 0, 0, 0, 0, 0, 0, 0, 0, 0.000136995, 0, 6.78297e-08, 0, 0
23.4536, 0, 0.000116859, 0, 1.41421, -0.000116859, 0, 0, 0, 0, 0, 0, 0, 0, 0, 0, 0, 0, 0, 0, 0.000116805, 0, 5.49387e-08, 0, 0
23.4615, 0, 9.91963e-05, 0, 1.41421, -9.91963e-05, 0, 0, 0, 0, 0, 0, 0, 0, 0, 0, 0, 0, 0, 0, 9.9152e-05, 0, 4.43384e-08, 0, 0
23.4694, 0, 8.3837e-05, 0, 1.41421, -8.3837e-05, 0, 0, 0, 0, 0, 0, 0, 0, 0, 0, 0, 0, 0, 0, 8.38013e-05, 0, 3.5657e-08, 0, 0
23.4772, 0, 7.05423e-05, 0, 1.41421, -7.05423e-05, 0, 0, 0, 0, 0, 0, 0, 0, 0, 0, 0, 0, 0, 0, 7.05138e-05, 0, 2.85708e-08, 0, 0
23.4851, 0, 5.90987e-05, 0, 1.41421, -5.90987e-05, 0, 0, 0, 0, 0, 0, 0, 0, 0, 0, 0, 0, 0, 0, 5.90759e-05, 0, 2.28116e-08, 0, 0
23.493, 0, 4.92952e-05, 0, 1.41421, -4.92952e-05, 0, 0, 0, 0, 0, 0, 0, 0, 0, 0, 0, 0, 0, 0, 4.9277e-05, 0, 1.81477e-08, 0, 0
23.5009, 0, 4.09365e-05, 0, 1.41421, -4.09365e-05, 0, 0, 0, 0, 0, 0, 0, 0, 0, 0, 0, 0, 0, 0, 4.09221e-05, 0, 1.43843e-08, 0, 0
23.5088, 0, 3.38485e-05, 0, 1.41421, -3.38485e-05, 0, 0, 0, 0, 0, 0, 0, 0, 0, 0, 0, 0, 0, 0, 3.38371e-05, 0, 1.13606e-08, 0, 0
23.5167, 0, 2.78645e-05, 0, 1.41421, -2.78645e-05, 0, 0, 0, 0, 0, 0, 0, 0, 0, 0, 0, 0, 0, 0, 2.78556e-05, 0, 8.9395e-09, 0, 0
23.5245, 0, 2.28398e-05, 0, 1.41421, -2.28398e-05, 0, 0, 0, 0, 0, 0, 0, 0, 0, 0, 0, 0, 0, 0, 2.28328e-05, 0, 7.00915e-09, 0, 0
23.5324, 0, 1.8639e-05, 0, 1.41421, -1.8639e-05, 0, 0, 0, 0, 0, 0, 0, 0, 0, 0, 0, 0, 0, 0, 1.86335e-05, 0, 5.47525e-09, 0, 0
23.5403, 0, 1.51456e-05, 0, 1.41421, -1.51456e-05, 0, 0, 0, 0, 0, 0, 0, 0, 0, 0, 0, 0, 0, 0, 1.51413e-05, 0, 4.26167e-09, 0, 0
23.5482, 0, 1.2253e-05, 0, 1.41421, -1.2253e-05, 0, 0, 0, 0, 0, 0, 0, 0, 0, 0, 0, 0, 0, 0, 1.22496e-05, 0, 3.30472e-09, 0, 0
23.5561, 0, 9.87046e-06, 0, 1.41421, -9.87046e-06, 0, 0, 0, 0, 0, 0, 0, 0, 0, 0, 0, 0, 0, 0, 9.86791e-06, 0, 2.55341e-09, 0, 0
23.564, 2, 7.916e-06, 0, 2, 1.99999, 0, 0, 0, 0, 0, 0, 0, 0, 0, 0, 0, 0, 0, 0, 7.91403e-06, 0, 1.96539e-09, 0, 0
23.5718, 0, 6.32186e-06, 0, 1.41421, -6.32186e-06, 0, 0, 0, 0, 0, 0, 0, 0, 0, 0, 0, 0, 0, 0, 6.32035e-06, 0, 1.5074e-09, 0, 0
23.5797, 0, 5.027e-06, 0, 1.41421, -5.027e-06, 0, 0, 0, 0, 0, 0, 0, 0, 0, 0, 0, 0, 0, 0, 5.02585e-06, 0, 1.15185e-09, 0, 0
23.5876, 0, 3.97994e-06, 0, 1.41421, -3.97994e-06, 0, 0, 0, 0, 0, 0, 0, 0, 0, 0, 0, 0, 0, 0, 3.97906e-06, 0, 8.76852e-10, 0, 0
23.5955, 0, 3.13762e-06, 0, 1.41421, -3.13762e-06, 0, 0, 0, 0, 0, 0, 0, 0, 0, 0, 0, 0, 0, 0, 3.13695e-06, 0, 6.65069e-10, 0, 0
23.6034, 0, 2.46281e-06, 0, 1.41421, -2.46281e-06, 0, 0, 0, 0, 0, 0, 0, 0, 0, 0, 0, 0, 0, 0, 2.46231e-06, 0, 5.02519e-10, 0, 0
23.6113, 0, 1.92498e-06, 0, 1.41421, -1.92498e-06, 0, 0, 0, 0, 0, 0, 0, 0, 0, 0, 0, 0, 0, 0, 1.9246e-06, 0, 3.78303e-10, 0, 0
23.6191, 0, 1.49806e-06, 0, 1.41421, -1.49806e-06, 0, 0, 0, 0, 0, 0, 0, 0, 0, 0, 0, 0, 0, 0, 1.49778e-06, 0, 2.83699e-10, 0, 0
23.627, 0, 1.16093e-06, 0, 1.41421, -1.16093e-06, 0, 0, 0, 0, 0, 0, 0, 0, 0, 0, 0, 0, 0, 0, 1.16072e-06, 0, 2.11964e-10, 0, 0
23.6349, 0, 8.95772e-07, 0, 1.41421, -8.95772e-07, 0, 0, 0, 0, 0, 0, 0, 0, 0, 0, 0, 0, 0, 0, 8.95614e-07, 0, 1.57754e-10, 0, 0
23.6428, 0, 6.88279e-07, 0, 1.41421, -6.88279e-07, 0, 0, 0, 0, 0, 0, 0, 0, 0, 0, 0, 0, 0, 0, 6.88162e-07, 0, 1.16966e-10, 0, 0
23.6507, 0, 5.26567e-07, 0, 1.41421, -5.26567e-07, 0, 0, 0, 0, 0, 0, 0, 0, 0, 0, 0, 0, 0, 0, 5.26481e-07, 0, 8.63809e-11, 0, 0
23.6586, 0, 4.01167e-07, 0, 1.41421, -4.01167e-07, 0, 0, 0, 0, 0, 0, 0, 0, 0, 0, 0, 0, 0, 0, 4.01103e-07, 0, 6.35505e-11, 0, 0
23.6664, 0, 3.04336e-07, 0, 1.41421, -3.04336e-07, 0, 0, 0, 0, 0, 0, 0, 0, 0, 0, 0, 0, 0, 0, 3.0429e-07, 0, 4.65678e-11, 0, 0
23.6743, 0, 2.29869e-07, 0, 1.41421, -2.29869e-07, 0, 0, 0, 0, 0, 0, 0, 0, 0, 0, 0, 0, 0, 0, 2.29835e-07, 0, 3.3979e-11, 0, 0
23.6822, 0, 1.72914e-07, 0, 1.41421, -1.72914e-07, 0, 0, 0, 0, 0, 0, 0, 0, 0, 0, 0, 0, 0, 0, 1.72889e-07, 0, 2.46931e-11, 0, 0
23.6901, 0, 1.29513e-07, 0, 1.41421, -1.29513e-07, 0, 0, 0, 0, 0, 0, 0, 0, 0, 0, 0, 0, 0, 0, 1.29495e-07, 0, 1.7865e-11, 0, 0
23.698, 0, 9.66043e-08, 0, 1.41421, -9.66043e-08, 0, 0, 0, 0, 0, 0, 0, 0, 0, 0, 0, 0, 0, 0, 9.65914e-08, 0, 1.28682e-11, 0, 0
23.7059, 0, 7.17495e-08, 0, 1.41421, -7.17495e-08, 0, 0, 0, 0, 0, 0, 0, 0, 0, 0, 0, 0, 0, 0, 7.17403e-08, 0, 9.22309e-12, 0, 0
23.7138, 0, 5.30698e-08, 0, 1.41421, -5.30698e-08, 0, 0, 0, 0, 0, 0, 0, 0, 0, 0, 0, 0, 0, 0, 5.30632e-08, 0, 6.5757e-12, 0, 0
23.7216, 0, 3.90859e-08, 0, 1.41421, -3.90859e-08, 0, 0, 0, 0, 0, 0, 0, 0, 0, 0, 0, 0, 0, 0, 3.90812e-08, 0, 4.65968e-12, 0, 0
23.7295, 0, 2.86686e-08, 0, 1.41421, -2.86686e-08, 0, 0, 0, 0, 0, 0, 0, 0, 0, 0, 0, 0, 0, 0, 2.86653e-08, 0, 3.27927e-12, 0, 0
23.7374, 2, 2.09383e-08, 0, 2, 2, 0, 0, 0, 0, 0, 0, 0, 0, 0, 0, 0, 0, 0, 0, 2.09361e-08, 0, 2.28832e-12, 0, 0
23.7453, 0, 1.523e-08, 0, 1.41421, -1.523e-08, 0, 0, 0, 0, 0, 0, 0, 0, 0, 0, 0, 0, 0, 0, 1.52284e-08, 0, 1.58027e-12, 0, 0
23.7532, 0, 1.10318e-08, 0, 1.41421, -1.10318e-08, 0, 0, 0, 0, 0, 0, 0, 0, 0, 0, 0, 0, 0, 0, 1.10307e-08, 0, 1.07635e-12, 0, 0
23.7611, 0, 7.95702e-09, 0, 1.41421, -7.95702e-09, 0, 0, 0, 0, 0, 0, 0, 0, 0, 0, 0, 0, 0, 0, 7.95627e-09, 0, 7.46802e-13, 0, 0
23.7689, 0, 5.71593e-09, 0, 1.41421, -5.71593e-09, 0, 0, 0, 0, 0, 0, 0, 0, 0, 0, 0, 0, 0, 0, 5.71541e-09, 0, 5.1326e-13, 0, 0
23.7768, 0, 4.08828e-09, 0, 1.41421, -4.08828e-09, 0, 0, 0, 0, 0, 0, 0, 0, 0, 0, 0, 0, 0, 0, 4.08793e-09, 0, 3.48387e-13, 0, 0
23.7847, 0, 2.91246e-09, 0, 1.41421, -2.91246e-09, 0, 0, 0, 0, 0, 0, 0, 0, 0, 0, 0, 0, 0, 0, 2.91223e-09, 0, 2.32724e-13, 0, 0
23.7926, 0, 2.06602e-09, 0, 1.41421, -2.06602e-09, 0, 0, 0, 0, 0, 0, 0, 0, 0, 0, 0, 0, 0, 0, 2.06587e-09, 0, 1.51928e-13, 0, 0
23.8005, 0, 1.45958e-09, 0, 1.41421, -1.45958e-09, 0, 0, 0, 0, 0, 0, 0, 0, 0, 0, 0, 0, 0, 0, 1.45949e-09, 0, 9.57695e-14, 0, 0
23.8084, 0, 1.0267e-09, 0, 1.41421, -1.0267e-09, 0, 0, 0, 0, 0, 0, 0, 0, 0, 0, 0, 0, 0, 0, 1.02663e-09, 0, 6.29484e-14, 0, 0
23.8162, 0, 7.19094e-10, 0, 1.41421, -7.19094e-10, 0, 0, 0, 0, 0, 0, 0, 0, 0, 0, 0, 0, 0, 0, 7.19054e-10, 0, 4.02016e-14, 0, 0
23.8241, 0, 5.012e-10, 0, 1.41421, -5.012e-10, 0, 0, 0, 0, 0, 0, 0, 0, 0, 0, 0, 0, 0, 0, 5.01176e-10, 0, 2.45221e-14, 0, 0
23.832, 0, 3.47256e-10, 0, 1.41421, -3.47256e-10, 0, 0, 0, 0, 0, 0, 0, 0, 0, 0, 0, 0, 0, 0, 3.47242e-10, 0, 1.37889e-14, 0, 0
23.8399, 0, 2.37898e-10, 0, 1.41421, -2.37898e-10, 0, 0, 0, 0, 0, 0, 0, 0, 0, 0, 0, 0, 0, 0, 2.37891e-10, 0, 6.49748e-15, 0, 0
23.8478, 0, 1.55023e-10, 0, 1.41421, -1.55023e-10, 0, 0, 0, 0, 0, 0, 0, 0, 0, 0, 0, 0, 0, 0, 1.55021e-10, 0, 1.60338e-15, 0, 0
23.8557, 0, 5.64837e-11, 0, 1.41421, -5.64837e-11, 0, 0, 0, 0, 0, 0, 0, 0, 0, 0, 0, 0, 0, 0, 5.64827e-11, 0, 1.01748e-15, 0, 0
23.8635, 0, 3.09535e-11, 0, 1.41421, -3.09535e-11, 0, 0, 0, 0, 0, 0, 0, 0, 0, 0, 0, 0, 0, 0, 3.09528e-11, 0, 6.60507e-16, 0, 0
23.8714, 0, 1.90404e-11, 0, 1.41421, -1.90404e-11, 0, 0, 0, 0, 0, 0, 0, 0, 0, 0, 0, 0, 0, 0, 1.904e-11, 0, 4.14074e-16, 0, 0
23.8793, 0, 1.20448e-11, 0, 1.41421, -1.20448e-11, 0, 0, 0, 0, 0, 0, 0, 0, 0, 0, 0, 0, 0, 0, 1.20446e-11, 0, 2.4494e-16, 0, 0
23.8872, 0, 7.64692e-12, 0, 1.41421, -7.64692e-12, 0, 0, 0, 0, 0, 0, 0, 0, 0, 0, 0, 0, 0, 0, 7.64679e-12, 0, 1.29708e-16, 0, 0
23.8951, 0, 4.77536e-12, 0, 1.41421, -4.77536e-12, 0, 0, 0, 0, 0, 0, 0, 0, 0, 0, 0, 0, 0, 0, 4.77531e-12, 0, 5.18587e-17, 0, 0
23.903, 0, 2.4511e-12, 0, 1.41421, -2.4511e-12, 0, 0, 0, 0, 0, 0, 0, 0, 0, 0, 0, 0, 0, 0, 2.4511e-12, 0, 0, 0, 0
23.9108, 0, 1.18871e-12, 0, 1.41421, -1.18871e-12, 0, 0, 0, 0, 0, 0, 0, 0, 0, 0, 0, 0, 0, 0, 1.18871e-12, 0, 0, 0, 0
23.9187, 0, 5.95878e-13, 0, 1.41421, -5.95878e-13, 0, 0, 0, 0, 0, 0, 0, 0, 0, 0, 0, 0, 0, 0, 5.95878e-13, 0, 0, 0, 0
23.9266, 0, 4.07268e-13, 0, 1.41421, -4.07268e-13, 0, 0, 0, 0, 0, 0, 0, 0, 0, 0, 0, 0, 0, 0, 4.07268e-13, 0, 0, 0, 0
23.9345, 2, 1.74153e-13, 0, 2, 2, 0, 0, 0, 0, 0, 0, 0, 0, 0, 0, 0, 0, 0, 0, 1.74153e-13, 0, 0, 0, 0
23.9424, 0, 3.85073e-14, 0, 1.41421, -3.85073e-14, 0, 0, 0, 0, 0, 0, 0, 0, 0, 0, 0, 0, 0, 0, 3.85073e-14, 0, 0, 0, 0
23.9503, 0, 2.16421e-14, 0, 1.41421, -2.16421e-14, 0, 0, 0, 0, 0, 0, 0, 0, 0, 0, 0, 0, 0, 0, 2.16421e-14, 0, 0, 0, 0
23.9582, 0, 1.15777e-14, 0, 1.41421, -1.15777e-14, 0, 0, 0, 0, 0, 0, 0, 0, 0, 0, 0, 0, 0, 0, 1.15777e-14, 0, 0, 0, 0
23.966, 0, 5.56993e-15, 0, 1.41421, -5.56993e-15, 0, 0, 0, 0, 0, 0, 0, 0, 0, 0, 0, 0, 0, 0, 5.56993e-15, 0, 0, 0, 0
23.9739, 0, 2.0304e-15, 0, 1.41421, -2.0304e-15, 0, 0, 0, 0, 0, 0, 0, 0, 0, 0, 0, 0, 0, 0, 2.0304e-15, 0, 0, 0, 0
23.9818, 0, 0, 0, 1.41421, 0, 0, 0, 0, 0, 0, 0, 0, 0, 0, 0, 0, 0, 0, 0, 0, 0, 0, 0, 0
23.9897, 0, 0, 0, 1.41421, 0, 0, 0, 0, 0, 0, 0, 0, 0, 0, 0, 0, 0, 0, 0, 0, 0, 0, 0, 0
23.9976, 0, 0, 0, 1.41421, 0, 0, 0, 0, 0, 0, 0, 0, 0, 0, 0, 0, 0, 0, 0, 0, 0, 0, 0, 0
24.0055, 0, 0, 0, 1.41421, 0, 0, 0, 0, 0, 0, 0, 0, 0, 0, 0, 0, 0, 0, 0, 0, 0, 0, 0, 0
24.0133, 0, 0, 0, 1.41421, 0, 0, 0, 0, 0, 0, 0, 0, 0, 0, 0, 0, 0, 0, 0, 0, 0, 0, 0, 0
24.0212, 0, 0, 0, 1.41421, 0, 0, 0, 0, 0, 0, 0, 0, 0, 0, 0, 0, 0, 0, 0, 0, 0, 0, 0, 0
24.0291, 0, 0, 0, 1.41421, 0, 0, 0, 0, 0, 0, 0, 0, 0, 0, 0, 0, 0, 0, 0, 0, 0, 0, 0, 0
24.037, 0, 0, 0, 1.41421, 0, 0, 0, 0, 0, 0, 0, 0, 0, 0, 0, 0, 0, 0, 0, 0, 0, 0, 0, 0
24.0449, 0, 0, 0, 1.41421, 0, 0, 0, 0, 0, 0, 0, 0, 0, 0, 0, 0, 0, 0, 0, 0, 0, 0, 0, 0
24.0528, 0, 0, 0, 1.41421, 0, 0, 0, 0, 0, 0, 0, 0, 0, 0, 0, 0, 0, 0, 0, 0, 0, 0, 0, 0
24.0606, 0, 0, 0, 1.41421, 0, 0, 0, 0, 0, 0, 0, 0, 0, 0, 0, 0, 0, 0, 0, 0, 0, 0, 0, 0
24.0685, 0, 0, 0, 1.41421, 0, 0, 0, 0, 0, 0, 0, 0, 0, 0, 0, 0, 0, 0, 0, 0, 0, 0, 0, 0
24.0764, 0, 0, 0, 1.41421, 0, 0, 0, 0, 0, 0, 0, 0, 0, 0, 0, 0, 0, 0, 0, 0, 0, 0, 0, 0
24.0843, 0, 0, 0, 1.41421, 0, 0, 0, 0, 0, 0, 0, 0, 0, 0, 0, 0, 0, 0, 0, 0, 0, 0, 0, 0
24.0922, 0, 0, 0, 1.41421, 0, 0, 0, 0, 0, 0, 0, 0, 0, 0, 0, 0, 0, 0, 0, 0, 0, 0, 0, 0
24.1001, 0, 0, 0, 1.41421, 0, 0, 0, 0, 0, 0, 0, 0, 0, 0, 0, 0, 0, 0, 0, 0, 0, 0, 0, 0
24.1079, 0, 0, 0, 1.41421, 0, 0, 0, 0, 0, 0, 0, 0, 0, 0, 0, 0, 0, 0, 0, 0, 0, 0, 0, 0
24.1158, 0, 0, 0, 1.41421, 0, 0, 0, 0, 0, 0, 0, 0, 0, 0, 0, 0, 0, 0, 0, 0, 0, 0, 0, 0
24.1237, 0, 0, 0, 1.41421, 0, 0, 0, 0, 0, 0, 0, 0, 0, 0, 0, 0, 0, 0, 0, 0, 0, 0, 0, 0
24.1316, 0, 0, 0, 1.41421, 0, 0, 0, 0, 0, 0, 0, 0, 0, 0, 0, 0, 0, 0, 0, 0, 0, 0, 0, 0
24.1395, 0, 0, 0, 1.41421, 0, 0, 0, 0, 0, 0, 0, 0, 0, 0, 0, 0, 0, 0, 0, 0, 0, 0, 0, 0
24.1474, 0, 0, 0, 1.41421, 0, 0, 0, 0, 0, 0, 0, 0, 0, 0, 0, 0, 0, 0, 0, 0, 0, 0, 0, 0
24.1552, 0, 0, 0, 1.41421, 0, 0, 0, 0, 0, 0, 0, 0, 0, 0, 0, 0, 0, 0, 0, 0, 0, 0, 0, 0
24.1631, 0, 0, 0, 1.41421, 0, 0, 0, 0, 0, 0, 0, 0, 0, 0, 0, 0, 0, 0, 0, 0, 0, 0, 0, 0
24.171, 0, 0, 0, 1.41421, 0, 0, 0, 0, 0, 0, 0, 0, 0, 0, 0, 0, 0, 0, 0, 0, 0, 0, 0, 0
24.1789, 0, 0, 0, 1.41421, 0, 0, 0, 0, 0, 0, 0, 0, 0, 0, 0, 0, 0, 0, 0, 0, 0, 0, 0, 0
24.1868, 0, 0, 0, 1.41421, 0, 0, 0, 0, 0, 0, 0, 0, 0, 0, 0, 0, 0, 0, 0, 0, 0, 0, 0, 0
24.1947, 0, 0, 0, 1.41421, 0, 0, 0, 0, 0, 0, 0, 0, 0, 0, 0, 0, 0, 0, 0, 0, 0, 0, 0, 0
24.2025, 0, 0, 0, 1.41421, 0, 0, 0, 0, 0, 0, 0, 0, 0, 0, 0, 0, 0, 0, 0, 0, 0, 0, 0, 0
24.2104, 0, 0, 0, 1.41421, 0, 0, 0, 0, 0, 0, 0, 0, 0, 0, 0, 0, 0, 0, 0, 0, 0, 0, 0, 0
24.2183, 0, 0, 0, 1.41421, 0, 0, 0, 0, 0, 0, 0, 0, 0, 0, 0, 0, 0, 0, 0, 0, 0, 0, 0, 0
24.2262, 0, 0, 0, 1.41421, 0, 0, 0, 0, 0, 0, 0, 0, 0, 0, 0, 0, 0, 0, 0, 0, 0, 0, 0, 0
24.2341, 0, 0, 0, 1.41421, 0, 0, 0, 0, 0, 0, 0, 0, 0, 0, 0, 0, 0, 0, 0, 0, 0, 0, 0, 0
24.242, 0, 0, 0, 1.41421, 0, 0, 0, 0, 0, 0, 0, 0, 0, 0, 0, 0, 0, 0, 0, 0, 0, 0, 0, 0
24.2499, 0, 0, 0, 1.41421, 0, 0, 0, 0, 0, 0, 0, 0, 0, 0, 0, 0, 0, 0, 0, 0, 0, 0, 0, 0
24.2577, 0, 0, 0, 1.41421, 0, 0, 0, 0, 0, 0, 0, 0, 0, 0, 0, 0, 0, 0, 0, 0, 0, 0, 0, 0
24.2656, 0, 0, 0, 1.41421, 0, 0, 0, 0, 0, 0, 0, 0, 0, 0, 0, 0, 0, 0, 0, 0, 0, 0, 0, 0
24.2735, 0, 0, 0, 1.41421, 0, 0, 0, 0, 0, 0, 0, 0, 0, 0, 0, 0, 0, 0, 0, 0, 0, 0, 0, 0
24.2814, 0, 0, 0, 1.41421, 0, 0, 0, 0, 0, 0, 0, 0, 0, 0, 0, 0, 0, 0, 0, 0, 0, 0, 0, 0
24.2893, 0, 0, 0, 1.41421, 0, 0, 0, 0, 0, 0, 0, 0, 0, 0, 0, 0, 0, 0, 0, 0, 0, 0, 0, 0
24.2972, 0, 0, 0, 1.41421, 0, 0, 0, 0, 0, 0, 0, 0, 0, 0, 0, 0, 0, 0, 0, 0, 0, 0, 0, 0
24.305, 0, 0, 0, 1.41421, 0, 0, 0, 0, 0, 0, 0, 0, 0, 0, 0, 0, 0, 0, 0, 0, 0, 0, 0, 0
24.3129, 0, 0, 0, 1.41421, 0, 0, 0, 0, 0, 0, 0, 0, 0, 0, 0, 0, 0, 0, 0, 0, 0, 0, 0, 0
24.3208, 0, 0, 0, 1.41421, 0, 0, 0, 0, 0, 0, 0, 0, 0, 0, 0, 0, 0, 0, 0, 0, 0, 0, 0, 0
24.3287, 0, 0, 0, 1.41421, 0, 0, 0, 0, 0, 0, 0, 0, 0, 0, 0, 0, 0, 0, 0, 0, 0, 0, 0, 0
24.3366, 0, 0, 0, 1.41421, 0, 0, 0, 0, 0, 0, 0, 0, 0, 0, 0, 0, 0, 0, 0, 0, 0, 0, 0, 0
24.3445, 0, 0, 0, 1.41421, 0, 0, 0, 0, 0, 0, 0, 0, 0, 0, 0, 0, 0, 0, 0, 0, 0, 0, 0, 0
24.3523, 0, 0, 0, 1.41421, 0, 0, 0, 0, 0, 0, 0, 0, 0, 0, 0, 0, 0, 0, 0, 0, 0, 0, 0, 0
24.3602, 0, 0, 0, 1.41421, 0, 0, 0, 0, 0, 0, 0, 0, 0, 0, 0, 0, 0, 0, 0, 0, 0, 0, 0, 0
24.3681, 0, 0, 0, 1.41421, 0, 0, 0, 0, 0, 0, 0, 0, 0, 0, 0, 0, 0, 0, 0, 0, 0, 0, 0, 0
24.376, 0, 0, 0, 1.41421, 0, 0, 0, 0, 0, 0, 0, 0, 0, 0, 0, 0, 0, 0, 0, 0, 0, 0, 0, 0
24.3839, 0, 0, 0, 1.41421, 0, 0, 0, 0, 0, 0, 0, 0, 0, 0, 0, 0, 0, 0, 0, 0, 0, 0, 0, 0
24.3918, 0, 0, 0, 1.41421, 0, 0, 0, 0, 0, 0, 0, 0, 0, 0, 0, 0, 0, 0, 0, 0, 0, 0, 0, 0
24.3996, 0, 0, 0, 1.41421, 0, 0, 0, 0, 0, 0, 0, 0, 0, 0, 0, 0, 0, 0, 0, 0, 0, 0, 0, 0
24.4075, 0, 0, 0, 1.41421, 0, 0, 0, 0, 0, 0, 0, 0, 0, 0, 0, 0, 0, 0, 0, 0, 0, 0, 0, 0
24.4154, 0, 0, 0, 1.41421, 0, 0, 0, 0, 0, 0, 0, 0, 0, 0, 0, 0, 0, 0, 0, 0, 0, 0, 0, 0
24.4233, 0, 0, 0, 1.41421, 0, 0, 0, 0, 0, 0, 0, 0, 0, 0, 0, 0, 0, 0, 0, 0, 0, 0, 0, 0
24.4312, 0, 0, 0, 1.41421, 0, 0, 0, 0, 0, 0, 0, 0, 0, 0, 0, 0, 0, 0, 0, 0, 0, 0, 0, 0
24.4391, 0, 0, 0, 1.41421, 0, 0, 0, 0, 0, 0, 0, 0, 0, 0, 0, 0, 0, 0, 0, 0, 0, 0, 0, 0
24.4469, 0, 0, 0, 1.41421, 0, 0, 0, 0, 0, 0, 0, 0, 0, 0, 0, 0, 0, 0, 0, 0, 0, 0, 0, 0
24.4548, 0, 0, 0, 1.41421, 0, 0, 0, 0, 0, 0, 0, 0, 0, 0, 0, 0, 0, 0, 0, 0, 0, 0, 0, 0
24.4627, 0, 0, 0, 1.41421, 0, 0, 0, 0, 0, 0, 0, 0, 0, 0, 0, 0, 0, 0, 0, 0, 0, 0, 0, 0
24.4706, 0, 0, 0, 1.41421, 0, 0, 0, 0, 0, 0, 0, 0, 0, 0, 0, 0, 0, 0, 0, 0, 0, 0, 0, 0
24.4785, 0, 0, 0, 1.41421, 0, 0, 0, 0, 0, 0, 0, 0, 0, 0, 0, 0, 0, 0, 0, 0, 0, 0, 0, 0
24.4864, 0, 0, 0, 1.41421, 0, 0, 0, 0, 0, 0, 0, 0, 0, 0, 0, 0, 0, 0, 0, 0, 0, 0, 0, 0
24.4943, 0, 0, 0, 1.41421, 0, 0, 0, 0, 0, 0, 0, 0, 0, 0, 0, 0, 0, 0, 0, 0, 0, 0, 0, 0
24.5021, 0, 0, 0, 1.41421, 0, 0, 0, 0, 0, 0, 0, 0, 0, 0, 0, 0, 0, 0, 0, 0, 0, 0, 0, 0
24.51, 0, 0, 0, 1.41421, 0, 0, 0, 0, 0, 0, 0, 0, 0, 0, 0, 0, 0, 0, 0, 0, 0, 0, 0, 0
24.5179, 0, 0, 0, 1.41421, 0, 0, 0, 0, 0, 0, 0, 0, 0, 0, 0, 0, 0, 0, 0, 0, 0, 0, 0, 0
24.5258, 0, 0, 0, 1.41421, 0, 0, 0, 0, 0, 0, 0, 0, 0, 0, 0, 0, 0, 0, 0, 0, 0, 0, 0, 0
24.5337, 0, 0, 0, 1.41421, 0, 0, 0, 0, 0, 0, 0, 0, 0, 0, 0, 0, 0, 0, 0, 0, 0, 0, 0, 0
24.5416, 0, 0, 0, 1.41421, 0, 0, 0, 0, 0, 0, 0, 0, 0, 0, 0, 0, 0, 0, 0, 0, 0, 0, 0, 0
24.5494, 0, 0, 0, 1.41421, 0, 0, 0, 0, 0, 0, 0, 0, 0, 0, 0, 0, 0, 0, 0, 0, 0, 0, 0, 0
24.5573, 0, 0, 0, 1.41421, 0, 0, 0, 0, 0, 0, 0, 0, 0, 0, 0, 0, 0, 0, 0, 0, 0, 0, 0, 0
24.5652, 0, 0, 0, 1.41421, 0, 0, 0, 0, 0, 0, 0, 0, 0, 0, 0, 0, 0, 0, 0, 0, 0, 0, 0, 0
24.5731, 0, 0, 0, 1.41421, 0, 0, 0, 0, 0, 0, 0, 0, 0, 0, 0, 0, 0, 0, 0, 0, 0, 0, 0, 0
24.581, 0, 0, 0, 1.41421, 0, 0, 0, 0, 0, 0, 0, 0, 0, 0, 0, 0, 0, 0, 0, 0, 0, 0, 0, 0
24.5889, 0, 0, 0, 1.41421, 0, 0, 0, 0, 0, 0, 0, 0, 0, 0, 0, 0, 0, 0, 0, 0, 0, 0, 0, 0
24.5967, 0, 0, 0, 1.41421, 0, 0, 0, 0, 0, 0, 0, 0, 0, 0, 0, 0, 0, 0, 0, 0, 0, 0, 0, 0
24.6046, 0, 0, 0, 1.41421, 0, 0, 0, 0, 0, 0, 0, 0, 0, 0, 0, 0, 0, 0, 0, 0, 0, 0, 0, 0
24.6125, 0, 0, 0, 1.41421, 0, 0, 0, 0, 0, 0, 0, 0, 0, 0, 0, 0, 0, 0, 0, 0, 0, 0, 0, 0
24.6204, 0, 0, 0, 1.41421, 0, 0, 0, 0, 0, 0, 0, 0, 0, 0, 0, 0, 0, 0, 0, 0, 0, 0, 0, 0
24.6283, 0, 0, 0, 1.41421, 0, 0, 0, 0, 0, 0, 0, 0, 0, 0, 0, 0, 0, 0, 0, 0, 0, 0, 0, 0
24.6362, 0, 0, 0, 1.41421, 0, 0, 0, 0, 0, 0, 0, 0, 0, 0, 0, 0, 0, 0, 0, 0, 0, 0, 0, 0
24.644, 0, 0, 0, 1.41421, 0, 0, 0, 0, 0, 0, 0, 0, 0, 0, 0, 0, 0, 0, 0, 0, 0, 0, 0, 0
24.6519, 0, 0, 0, 1.41421, 0, 0, 0, 0, 0, 0, 0, 0, 0, 0, 0, 0, 0, 0, 0, 0, 0, 0, 0, 0
24.6598, 0, 0, 0, 1.41421, 0, 0, 0, 0, 0, 0, 0, 0, 0, 0, 0, 0, 0, 0, 0, 0, 0, 0, 0, 0
24.6677, 0, 0, 0, 1.41421, 0, 0, 0, 0, 0, 0, 0, 0, 0, 0, 0, 0, 0, 0, 0, 0, 0, 0, 0, 0
24.6756, 0, 0, 0, 1.41421, 0, 0, 0, 0, 0, 0, 0, 0, 0, 0, 0, 0, 0, 0, 0, 0, 0, 0, 0, 0
24.6835, 0, 0, 0, 1.41421, 0, 0, 0, 0, 0, 0, 0, 0, 0, 0, 0, 0, 0, 0, 0, 0, 0, 0, 0, 0
24.6913, 0, 0, 0, 1.41421, 0, 0, 0, 0, 0, 0, 0, 0, 0, 0, 0, 0, 0, 0, 0, 0, 0, 0, 0, 0
24.6992, 0, 0, 0, 1.41421, 0, 0, 0, 0, 0, 0, 0, 0, 0, 0, 0, 0, 0, 0, 0, 0, 0, 0, 0, 0
24.7071, 0, 0, 0, 1.41421, 0, 0, 0, 0, 0, 0, 0, 0, 0, 0, 0, 0, 0, 0, 0, 0, 0, 0, 0, 0
24.715, 0, 0, 0, 1.41421, 0, 0, 0, 0, 0, 0, 0, 0, 0, 0, 0, 0, 0, 0, 0, 0, 0, 0, 0, 0
24.7229, 0, 0, 0, 1.41421, 0, 0, 0, 0, 0, 0, 0, 0, 0, 0, 0, 0, 0, 0, 0, 0, 0, 0, 0, 0
24.7308, 0, 0, 0, 1.41421, 0, 0, 0, 0, 0, 0, 0, 0, 0, 0, 0, 0, 0, 0, 0, 0, 0, 0, 0, 0
24.7387, 0, 0, 0, 1.41421, 0, 0, 0, 0, 0, 0, 0, 0, 0, 0, 0, 0, 0, 0, 0, 0, 0, 0, 0, 0
24.7465, 0, 0, 0, 1.41421, 0, 0, 0, 0, 0, 0, 0, 0, 0, 0, 0, 0, 0, 0, 0, 0, 0, 0, 0, 0
24.7544, 0, 0, 0, 1.41421, 0, 0, 0, 0, 0, 0, 0, 0, 0, 0, 0, 0, 0, 0, 0, 0, 0, 0, 0, 0
24.7623, 0, 0, 0, 1.41421, 0, 0, 0, 0, 0, 0, 0, 0, 0, 0, 0, 0, 0, 0, 0, 0, 0, 0, 0, 0
24.7702, 0, 0, 0, 1.41421, 0, 0, 0, 0, 0, 0, 0, 0, 0, 0, 0, 0, 0, 0, 0, 0, 0, 0, 0, 0
24.7781, 0, 0, 0, 1.41421, 0, 0, 0, 0, 0, 0, 0, 0, 0, 0, 0, 0, 0, 0, 0, 0, 0, 0, 0, 0
24.786, 0, 0, 0, 1.41421, 0, 0, 0, 0, 0, 0, 0, 0, 0, 0, 0, 0, 0, 0, 0, 0, 0, 0, 0, 0
24.7938, 0, 0, 0, 1.41421, 0, 0, 0, 0, 0, 0, 0, 0, 0, 0, 0, 0, 0, 0, 0, 0, 0, 0, 0, 0
24.8017, 0, 0, 0, 1.41421, 0, 0, 0, 0, 0, 0, 0, 0, 0, 0, 0, 0, 0, 0, 0, 0, 0, 0, 0, 0
24.8096, 0, 0, 0, 1.41421, 0, 0, 0, 0, 0, 0, 0, 0, 0, 0, 0, 0, 0, 0, 0, 0, 0, 0, 0, 0
24.8175, 0, 0, 0, 1.41421, 0, 0, 0, 0, 0, 0, 0, 0, 0, 0, 0, 0, 0, 0, 0, 0, 0, 0, 0, 0
24.8254, 0, 0, 0, 1.41421, 0, 0, 0, 0, 0, 0, 0, 0, 0, 0, 0, 0, 0, 0, 0, 0, 0, 0, 0, 0
24.8333, 0, 0, 0, 1.41421, 0, 0, 0, 0, 0, 0, 0, 0, 0, 0, 0, 0, 0, 0, 0, 0, 0, 0, 0, 0
24.8411, 0, 0, 0, 1.41421, 0, 0, 0, 0, 0, 0, 0, 0, 0, 0, 0, 0, 0, 0, 0, 0, 0, 0, 0, 0
24.849, 0, 0, 0, 1.41421, 0, 0, 0, 0, 0, 0, 0, 0, 0, 0, 0, 0, 0, 0, 0, 0, 0, 0, 0, 0
24.8569, 0, 0, 0, 1.41421, 0, 0, 0, 0, 0, 0, 0, 0, 0, 0, 0, 0, 0, 0, 0, 0, 0, 0, 0, 0
24.8648, 0, 0, 0, 1.41421, 0, 0, 0, 0, 0, 0, 0, 0, 0, 0, 0, 0, 0, 0, 0, 0, 0, 0, 0, 0
24.8727, 0, 0, 0, 1.41421, 0, 0, 0, 0, 0, 0, 0, 0, 0, 0, 0, 0, 0, 0, 0, 0, 0, 0, 0, 0
24.8806, 0, 0, 0, 1.41421, 0, 0, 0, 0, 0, 0, 0, 0, 0, 0, 0, 0, 0, 0, 0, 0, 0, 0, 0, 0
24.8884, 0, 0, 0, 1.41421, 0, 0, 0, 0, 0, 0, 0, 0, 0, 0, 0, 0, 0, 0, 0, 0, 0, 0, 0, 0
24.8963, 0, 0, 0, 1.41421, 0, 0, 0, 0, 0, 0, 0, 0, 0, 0, 0, 0, 0, 0, 0, 0, 0, 0, 0, 0
24.9042, 0, 0, 0, 1.41421, 0, 0, 0, 0, 0, 0, 0, 0, 0, 0, 0, 0, 0, 0, 0, 0, 0, 0, 0, 0
24.9121, 0, 0, 0, 1.41421, 0, 0, 0, 0, 0, 0, 0, 0, 0, 0, 0, 0, 0, 0, 0, 0, 0, 0, 0, 0
24.92, 0, 0, 0, 1.41421, 0, 0, 0, 0, 0, 0, 0, 0, 0, 0, 0, 0, 0, 0, 0, 0, 0, 0, 0, 0
24.9279, 0, 0, 0, 1.41421, 0, 0, 0, 0, 0, 0, 0, 0, 0, 0, 0, 0, 0, 0, 0, 0, 0, 0, 0, 0
24.9357, 0, 0, 0, 1.41421, 0, 0, 0, 0, 0, 0, 0, 0, 0, 0, 0, 0, 0, 0, 0, 0, 0, 0, 0, 0
24.9436, 0, 0, 0, 1.41421, 0, 0, 0, 0, 0, 0, 0, 0, 0, 0, 0, 0, 0, 0, 0, 0, 0, 0, 0, 0
24.9515, 0, 0, 0, 1.41421, 0, 0, 0, 0, 0, 0, 0, 0, 0, 0, 0, 0, 0, 0, 0, 0, 0, 0, 0, 0
24.9594, 0, 0, 0, 1.41421, 0, 0, 0, 0, 0, 0, 0, 0, 0, 0, 0, 0, 0, 0, 0, 0, 0, 0, 0, 0
24.9673, 0, 0, 0, 1.41421, 0, 0, 0, 0, 0, 0, 0, 0, 0, 0, 0, 0, 0, 0, 0, 0, 0, 0, 0, 0
24.9752, 0, 0, 0, 1.41421, 0, 0, 0, 0, 0, 0, 0, 0, 0, 0, 0, 0, 0, 0, 0, 0, 0, 0, 0, 0
24.9831, 0, 0, 0, 1.41421, 0, 0, 0, 0, 0, 0, 0, 0, 0, 0, 0, 0, 0, 0, 0, 0, 0, 0, 0, 0
24.9909, 0, 0, 0, 1.41421, 0, 0, 0, 0, 0, 0, 0, 0, 0, 0, 0, 0, 0, 0, 0, 0, 0, 0, 0, 0
24.9988, 0, 0, 0, 1.41421, 0, 0, 0, 0, 0, 0, 0, 0, 0, 0, 0, 0, 0, 0, 0, 0, 0, 0, 0, 0
25.0067, 0, 0, 0, 1.41421, 0, 0, 0, 0, 0, 0, 0, 0, 0, 0, 0, 0, 0, 0, 0, 0, 0, 0, 0, 0
25.0146, 0, 0, 0, 1.41421, 0, 0, 0, 0, 0, 0, 0, 0, 0, 0, 0, 0, 0, 0, 0, 0, 0, 0, 0, 0
25.0225, 0, 0, 0, 1.41421, 0, 0, 0, 0, 0, 0, 0, 0, 0, 0, 0, 0, 0, 0, 0, 0, 0, 0, 0, 0
25.0304, 0, 0, 0, 1.41421, 0, 0, 0, 0, 0, 0, 0, 0, 0, 0, 0, 0, 0, 0, 0, 0, 0, 0, 0, 0
25.0382, 0, 0, 0, 1.41421, 0, 0, 0, 0, 0, 0, 0, 0, 0, 0, 0, 0, 0, 0, 0, 0, 0, 0, 0, 0
25.0461, 0, 0, 0, 1.41421, 0, 0, 0, 0, 0, 0, 0, 0, 0, 0, 0, 0, 0, 0, 0, 0, 0, 0, 0, 0
25.054, 0, 0, 0, 1.41421, 0, 0, 0, 0, 0, 0, 0, 0, 0, 0, 0, 0, 0, 0, 0, 0, 0, 0, 0, 0
25.0619, 0, 0, 0, 1.41421, 0, 0, 0, 0, 0, 0, 0, 0, 0, 0, 0, 0, 0, 0, 0, 0, 0, 0, 0, 0
25.0698, 0, 0, 0, 1.41421, 0, 0, 0, 0, 0, 0, 0, 0, 0, 0, 0, 0, 0, 0, 0, 0, 0, 0, 0, 0
25.0777, 0, 0, 0, 1.41421, 0, 0, 0, 0, 0, 0, 0, 0, 0, 0, 0, 0, 0, 0, 0, 0, 0, 0, 0, 0
25.0855, 0, 0, 0, 1.41421, 0, 0, 0, 0, 0, 0, 0, 0, 0, 0, 0, 0, 0, 0, 0, 0, 0, 0, 0, 0
25.0934, 0, 0, 0, 1.41421, 0, 0, 0, 0, 0, 0, 0, 0, 0, 0, 0, 0, 0, 0, 0, 0, 0, 0, 0, 0
25.1013, 0, 0, 0, 1.41421, 0, 0, 0, 0, 0, 0, 0, 0, 0, 0, 0, 0, 0, 0, 0, 0, 0, 0, 0, 0
25.1092, 0, 0, 0, 1.41421, 0, 0, 0, 0, 0, 0, 0, 0, 0, 0, 0, 0, 0, 0, 0, 0, 0, 0, 0, 0
25.1171, 0, 0, 0, 1.41421, 0, 0, 0, 0, 0, 0, 0, 0, 0, 0, 0, 0, 0, 0, 0, 0, 0, 0, 0, 0
25.125, 0, 0, 0, 1.41421, 0, 0, 0, 0, 0, 0, 0, 0, 0, 0, 0, 0, 0, 0, 0, 0, 0, 0, 0, 0
25.1328, 0, 0, 0, 1.41421, 0, 0, 0, 0, 0, 0, 0, 0, 0, 0, 0, 0, 0, 0, 0, 0, 0, 0, 0, 0
25.1407, 0, 0, 0, 1.41421, 0, 0, 0, 0, 0, 0, 0, 0, 0, 0, 0, 0, 0, 0, 0, 0, 0, 0, 0, 0
25.1486, 0, 0, 0, 1.41421, 0, 0, 0, 0, 0, 0, 0, 0, 0, 0, 0, 0, 0, 0, 0, 0, 0, 0, 0, 0
25.1565, 0, 0, 0, 1.41421, 0, 0, 0, 0, 0, 0, 0, 0, 0, 0, 0, 0, 0, 0, 0, 0, 0, 0, 0, 0
25.1644, 0, 0, 0, 1.41421, 0, 0, 0, 0, 0, 0, 0, 0, 0, 0, 0, 0, 0, 0, 0, 0, 0, 0, 0, 0
25.1723, 0, 0, 0, 1.41421, 0, 0, 0, 0, 0, 0, 0, 0, 0, 0, 0, 0, 0, 0, 0, 0, 0, 0, 0, 0
25.1801, 0, 0, 0, 1.41421, 0, 0, 0, 0, 0, 0, 0, 0, 0, 0, 0, 0, 0, 0, 0, 0, 0, 0, 0, 0
25.188, 0, 0, 0, 1.41421, 0, 0, 0, 0, 0, 0, 0, 0, 0, 0, 0, 0, 0, 0, 0, 0, 0, 0, 0, 0
25.1959, 0, 0, 0, 1.41421, 0, 0, 0, 0, 0, 0, 0, 0, 0, 0, 0, 0, 0, 0, 0, 0, 0, 0, 0, 0
25.2038, 0, 0, 0, 1.41421, 0, 0, 0, 0, 0, 0, 0, 0, 0, 0, 0, 0, 0, 0, 0, 0, 0, 0, 0, 0
25.2117, 0, 0, 0, 1.41421, 0, 0, 0, 0, 0, 0, 0, 0, 0, 0, 0, 0, 0, 0, 0, 0, 0, 0, 0, 0
25.2196, 0, 0, 0, 1.41421, 0, 0, 0, 0, 0, 0, 0, 0, 0, 0, 0, 0, 0, 0, 0, 0, 0, 0, 0, 0
25.2274, 0, 0, 0, 1.41421, 0, 0, 0, 0, 0, 0, 0, 0, 0, 0, 0, 0, 0, 0, 0, 0, 0, 0, 0, 0
25.2353, 0, 0, 0, 1.41421, 0, 0, 0, 0, 0, 0, 0, 0, 0, 0, 0, 0, 0, 0, 0, 0, 0, 0, 0, 0
25.2432, 0, 0, 0, 1.41421, 0, 0, 0, 0, 0, 0, 0, 0, 0, 0, 0, 0, 0, 0, 0, 0, 0, 0, 0, 0
25.2511, 0, 0, 0, 1.41421, 0, 0, 0, 0, 0, 0, 0, 0, 0, 0, 0, 0, 0, 0, 0, 0, 0, 0, 0, 0
25.259, 0, 0, 0, 1.41421, 0, 0, 0, 0, 0, 0, 0, 0, 0, 0, 0, 0, 0, 0, 0, 0, 0, 0, 0, 0
25.2669, 0, 0, 0, 1.41421, 0, 0, 0, 0, 0, 0, 0, 0, 0, 0, 0, 0, 0, 0, 0, 0, 0, 0, 0, 0
25.2748, 0, 0, 0, 1.41421, 0, 0, 0, 0, 0, 0, 0, 0, 0, 0, 0, 0, 0, 0, 0, 0, 0, 0, 0, 0
25.2826, 0, 0, 0, 1.41421, 0, 0, 0, 0, 0, 0, 0, 0, 0, 0, 0, 0, 0, 0, 0, 0, 0, 0, 0, 0
25.2905, 0, 0, 0, 1.41421, 0, 0, 0, 0, 0, 0, 0, 0, 0, 0, 0, 0, 0, 0, 0, 0, 0, 0, 0, 0
25.2984, 0, 0, 0, 1.41421, 0, 0, 0, 0, 0, 0, 0, 0, 0, 0, 0, 0, 0, 0, 0, 0, 0, 0, 0, 0
25.3063, 0, 0, 0, 1.41421, 0, 0, 0, 0, 0, 0, 0, 0, 0, 0, 0, 0, 0, 0, 0, 0, 0, 0, 0, 0
25.3142, 0, 0, 0, 1.41421, 0, 0, 0, 0, 0, 0, 0, 0, 0, 0, 0, 0, 0, 0, 0, 0, 0, 0, 0, 0
25.3221, 0, 0, 0, 1.41421, 0, 0, 0, 0, 0, 0, 0, 0, 0, 0, 0, 0, 0, 0, 0, 0, 0, 0, 0, 0
25.3299, 0, 0, 0, 1.41421, 0, 0, 0, 0, 0, 0, 0, 0, 0, 0, 0, 0, 0, 0, 0, 0, 0, 0, 0, 0
25.3378, 0, 0, 0, 1.41421, 0, 0, 0, 0, 0, 0, 0, 0, 0, 0, 0, 0, 0, 0, 0, 0, 0, 0, 0, 0
25.3457, 0, 0, 0, 1.41421, 0, 0, 0, 0, 0, 0, 0, 0, 0, 0, 0, 0, 0, 0, 0, 0, 0, 0, 0, 0
25.3536, 0, 0, 0, 1.41421, 0, 0, 0, 0, 0, 0, 0, 0, 0, 0, 0, 0, 0, 0, 0, 0, 0, 0, 0, 0
25.3615, 0, 0, 0, 1.41421, 0, 0, 0, 0, 0, 0, 0, 0, 0, 0, 0, 0, 0, 0, 0, 0, 0, 0, 0, 0
25.3694, 0, 0, 0, 1.41421, 0, 0, 0, 0, 0, 0, 0, 0, 0, 0, 0, 0, 0, 0, 0, 0, 0, 0, 0, 0
25.3772, 0, 0, 0, 1.41421, 0, 0, 0, 0, 0, 0, 0, 0, 0, 0, 0, 0, 0, 0, 0, 0, 0, 0, 0, 0
25.3851, 0, 0, 0, 1.41421, 0, 0, 0, 0, 0, 0, 0, 0, 0, 0, 0, 0, 0, 0, 0, 0, 0, 0, 0, 0
25.393, 0, 0, 0, 1.41421, 0, 0, 0, 0, 0, 0, 0, 0, 0, 0, 0, 0, 0, 0, 0, 0, 0, 0, 0, 0
25.4009, 0, 0, 0, 1.41421, 0, 0, 0, 0, 0, 0, 0, 0, 0, 0, 0, 0, 0, 0, 0, 0, 0, 0, 0, 0
25.4088, 0, 0, 0, 1.41421, 0, 0, 0, 0, 0, 0, 0, 0, 0, 0, 0, 0, 0, 0, 0, 0, 0, 0, 0, 0
25.4167, 0, 0, 0, 1.41421, 0, 0, 0, 0, 0, 0, 0, 0, 0, 0, 0, 0, 0, 0, 0, 0, 0, 0, 0, 0
25.4245, 0, 0, 0, 1.41421, 0, 0, 0, 0, 0, 0, 0, 0, 0, 0, 0, 0, 0, 0, 0, 0, 0, 0, 0, 0
25.4324, 0, 0, 0, 1.41421, 0, 0, 0, 0, 0, 0, 0, 0, 0, 0, 0, 0, 0, 0, 0, 0, 0, 0, 0, 0
25.4403, 0, 0, 0, 1.41421, 0, 0, 0, 0, 0, 0, 0, 0, 0, 0, 0, 0, 0, 0, 0, 0, 0, 0, 0, 0
25.4482, 0, 0, 0, 1.41421, 0, 0, 0, 0, 0, 0, 0, 0, 0, 0, 0, 0, 0, 0, 0, 0, 0, 0, 0, 0
25.4561, 0, 0, 0, 1.41421, 0, 0, 0, 0, 0, 0, 0, 0, 0, 0, 0, 0, 0, 0, 0, 0, 0, 0, 0, 0
25.464, 0, 0, 0, 1.41421, 0, 0, 0, 0, 0, 0, 0, 0, 0, 0, 0, 0, 0, 0, 0, 0, 0, 0, 0, 0
25.4718, 0, 0, 0, 1.41421, 0, 0, 0, 0, 0, 0, 0, 0, 0, 0, 0, 0, 0, 0, 0, 0, 0, 0, 0, 0
25.4797, 0, 0, 0, 1.41421, 0, 0, 0, 0, 0, 0, 0, 0, 0, 0, 0, 0, 0, 0, 0, 0, 0, 0, 0, 0
25.4876, 0, 0, 0, 1.41421, 0, 0, 0, 0, 0, 0, 0, 0, 0, 0, 0, 0, 0, 0, 0, 0, 0, 0, 0, 0
25.4955, 0, 0, 0, 1.41421, 0, 0, 0, 0, 0, 0, 0, 0, 0, 0, 0, 0, 0, 0, 0, 0, 0, 0, 0, 0
25.5034, 0, 0, 0, 1.41421, 0, 0, 0, 0, 0, 0, 0, 0, 0, 0, 0, 0, 0, 0, 0, 0, 0, 0, 0, 0
25.5113, 0, 0, 0, 1.41421, 0, 0, 0, 0, 0, 0, 0, 0, 0, 0, 0, 0, 0, 0, 0, 0, 0, 0, 0, 0
25.5191, 0, 0, 0, 1.41421, 0, 0, 0, 0, 0, 0, 0, 0, 0, 0, 0, 0, 0, 0, 0, 0, 0, 0, 0, 0
25.527, 0, 0, 0, 1.41421, 0, 0, 0, 0, 0, 0, 0, 0, 0, 0, 0, 0, 0, 0, 0, 0, 0, 0, 0, 0
25.5349, 0, 0, 0, 1.41421, 0, 0, 0, 0, 0, 0, 0, 0, 0, 0, 0, 0, 0, 0, 0, 0, 0, 0, 0, 0
25.5428, 0, 0, 0, 1.41421, 0, 0, 0, 0, 0, 0, 0, 0, 0, 0, 0, 0, 0, 0, 0, 0, 0, 0, 0, 0
25.5507, 0, 0, 0, 1.41421, 0, 0, 0, 0, 0, 0, 0, 0, 0, 0, 0, 0, 0, 0, 0, 0, 0, 0, 0, 0
25.5586, 0, 0, 0, 1.41421, 0, 0, 0, 0, 0, 0, 0, 0, 0, 0, 0, 0, 0, 0, 0, 0, 0, 0, 0, 0
25.5665, 0, 0, 0, 1.41421, 0, 0, 0, 0, 0, 0, 0, 0, 0, 0, 0, 0, 0, 0, 0, 0, 0, 0, 0, 0
25.5743, 0, 0, 0, 1.41421, 0, 0, 0, 0, 0, 0, 0, 0, 0, 0, 0, 0, 0, 0, 0, 0, 0, 0, 0, 0
25.5822, 0, 0, 0, 1.41421, 0, 0, 0, 0, 0, 0, 0, 0, 0, 0, 0, 0, 0, 0, 0, 0, 0, 0, 0, 0
25.5901, 0, 0, 0, 1.41421, 0, 0, 0, 0, 0, 0, 0, 0, 0, 0, 0, 0, 0, 0, 0, 0, 0, 0, 0, 0
25.598, 0, 0, 0, 1.41421, 0, 0, 0, 0, 0, 0, 0, 0, 0, 0, 0, 0, 0, 0, 0, 0, 0, 0, 0, 0
25.6059, 0, 0, 0, 1.41421, 0, 0, 0, 0, 0, 0, 0, 0, 0, 0, 0, 0, 0, 0, 0, 0, 0, 0, 0, 0
25.6138, 0, 0, 0, 1.41421, 0, 0, 0, 0, 0, 0, 0, 0, 0, 0, 0, 0, 0, 0, 0, 0, 0, 0, 0, 0
25.6216, 0, 0, 0, 1.41421, 0, 0, 0, 0, 0, 0, 0, 0, 0, 0, 0, 0, 0, 0, 0, 0, 0, 0, 0, 0
25.6295, 0, 0, 0, 1.41421, 0, 0, 0, 0, 0, 0, 0, 0, 0, 0, 0, 0, 0, 0, 0, 0, 0, 0, 0, 0
25.6374, 0, 0, 0, 1.41421, 0, 0, 0, 0, 0, 0, 0, 0, 0, 0, 0, 0, 0, 0, 0, 0, 0, 0, 0, 0
25.6453, 0, 0, 0, 1.41421, 0, 0, 0, 0, 0, 0, 0, 0, 0, 0, 0, 0, 0, 0, 0, 0, 0, 0, 0, 0
25.6532, 0, 0, 0, 1.41421, 0, 0, 0, 0, 0, 0, 0, 0, 0, 0, 0, 0, 0, 0, 0, 0, 0, 0, 0, 0
25.6611, 0, 0, 0, 1.41421, 0, 0, 0, 0, 0, 0, 0, 0, 0, 0, 0, 0, 0, 0, 0, 0, 0, 0, 0, 0
25.6689, 0, 0, 0, 1.41421, 0, 0, 0, 0, 0, 0, 0, 0, 0, 0, 0, 0, 0, 0, 0, 0, 0, 0, 0, 0
25.6768, 0, 0, 0, 1.41421, 0, 0, 0, 0, 0, 0, 0, 0, 0, 0, 0, 0, 0, 0, 0, 0, 0, 0, 0, 0
25.6847, 0, 0, 0, 1.41421, 0, 0, 0, 0, 0, 0, 0, 0, 0, 0, 0, 0, 0, 0, 0, 0, 0, 0, 0, 0
25.6926, 0, 0, 0, 1.41421, 0, 0, 0, 0, 0, 0, 0, 0, 0, 0, 0, 0, 0, 0, 0, 0, 0, 0, 0, 0
25.7005, 0, 0, 0, 1.41421, 0, 0, 0, 0, 0, 0, 0, 0, 0, 0, 0, 0, 0, 0, 0, 0, 0, 0, 0, 0
25.7084, 0, 0, 0, 1.41421, 0, 0, 0, 0, 0, 0, 0, 0, 0, 0, 0, 0, 0, 0, 0, 0, 0, 0, 0, 0
25.7162, 0, 0, 0, 1.41421, 0, 0, 0, 0, 0, 0, 0, 0, 0, 0, 0, 0, 0, 0, 0, 0, 0, 0, 0, 0
25.7241, 0, 0, 0, 1.41421, 0, 0, 0, 0, 0, 0, 0, 0, 0, 0, 0, 0, 0, 0, 0, 0, 0, 0, 0, 0
25.732, 0, 0, 0, 1.41421, 0, 0, 0, 0, 0, 0, 0, 0, 0, 0, 0, 0, 0, 0, 0, 0, 0, 0, 0, 0
25.7399, 0, 0, 0, 1.41421, 0, 0, 0, 0, 0, 0, 0, 0, 0, 0, 0, 0, 0, 0, 0, 0, 0, 0, 0, 0
25.7478, 0, 0, 0, 1.41421, 0, 0, 0, 0, 0, 0, 0, 0, 0, 0, 0, 0, 0, 0, 0, 0, 0, 0, 0, 0
25.7557, 0, 0, 0, 1.41421, 0, 0, 0, 0, 0, 0, 0, 0, 0, 0, 0, 0, 0, 0, 0, 0, 0, 0, 0, 0
25.7636, 0, 0, 0, 1.41421, 0, 0, 0, 0, 0, 0, 0, 0, 0, 0, 0, 0, 0, 0, 0, 0, 0, 0, 0, 0
25.7714, 0, 0, 0, 1.41421, 0, 0, 0, 0, 0, 0, 0, 0, 0, 0, 0, 0, 0, 0, 0, 0, 0, 0, 0, 0
25.7793, 0, 0, 0, 1.41421, 0, 0, 0, 0, 0, 0, 0, 0, 0, 0, 0, 0, 0, 0, 0, 0, 0, 0, 0, 0
25.7872, 0, 0, 0, 1.41421, 0, 0, 0, 0, 0, 0, 0, 0, 0, 0, 0, 0, 0, 0, 0, 0, 0, 0, 0, 0
25.7951, 0, 0, 0, 1.41421, 0, 0, 0, 0, 0, 0, 0, 0, 0, 0, 0, 0, 0, 0, 0, 0, 0, 0, 0, 0
25.803, 0, 0, 0, 1.41421, 0, 0, 0, 0, 0, 0, 0, 0, 0, 0, 0, 0, 0, 0, 0, 0, 0, 0, 0, 0
25.8109, 0, 0, 0, 1.41421, 0, 0, 0, 0, 0, 0, 0, 0, 0, 0, 0, 0, 0, 0, 0, 0, 0, 0, 0, 0
25.8187, 0, 0, 0, 1.41421, 0, 0, 0, 0, 0, 0, 0, 0, 0, 0, 0, 0, 0, 0, 0, 0, 0, 0, 0, 0
25.8266, 0, 0, 0, 1.41421, 0, 0, 0, 0, 0, 0, 0, 0, 0, 0, 0, 0, 0, 0, 0, 0, 0, 0, 0, 0
25.8345, 0, 0, 0, 1.41421, 0, 0, 0, 0, 0, 0, 0, 0, 0, 0, 0, 0, 0, 0, 0, 0, 0, 0, 0, 0
25.8424, 0, 0, 0, 1.41421, 0, 0, 0, 0, 0, 0, 0, 0, 0, 0, 0, 0, 0, 0, 0, 0, 0, 0, 0, 0
25.8503, 0, 0, 0, 1.41421, 0, 0, 0, 0, 0, 0, 0, 0, 0, 0, 0, 0, 0, 0, 0, 0, 0, 0, 0, 0
25.8582, 0, 0, 0, 1.41421, 0, 0, 0, 0, 0, 0, 0, 0, 0, 0, 0, 0, 0, 0, 0, 0, 0, 0, 0, 0
25.866, 0, 0, 0, 1.41421, 0, 0, 0, 0, 0, 0, 0, 0, 0, 0, 0, 0, 0, 0, 0, 0, 0, 0, 0, 0
25.8739, 0, 0, 0, 1.41421, 0, 0, 0, 0, 0, 0, 0, 0, 0, 0, 0, 0, 0, 0, 0, 0, 0, 0, 0, 0
25.8818, 0, 0, 0, 1.41421, 0, 0, 0, 0, 0, 0, 0, 0, 0, 0, 0, 0, 0, 0, 0, 0, 0, 0, 0, 0
25.8897, 0, 0, 0, 1.41421, 0, 0, 0, 0, 0, 0, 0, 0, 0, 0, 0, 0, 0, 0, 0, 0, 0, 0, 0, 0
25.8976, 0, 0, 0, 1.41421, 0, 0, 0, 0, 0, 0, 0, 0, 0, 0, 0, 0, 0, 0, 0, 0, 0, 0, 0, 0
25.9055, 0, 0, 0, 1.41421, 0, 0, 0, 0, 0, 0, 0, 0, 0, 0, 0, 0, 0, 0, 0, 0, 0, 0, 0, 0
25.9133, 0, 0, 0, 1.41421, 0, 0, 0, 0, 0, 0, 0, 0, 0, 0, 0, 0, 0, 0, 0, 0, 0, 0, 0, 0
25.9212, 0, 0, 0, 1.41421, 0, 0, 0, 0, 0, 0, 0, 0, 0, 0, 0, 0, 0, 0, 0, 0, 0, 0, 0, 0
25.9291, 0, 0, 0, 1.41421, 0, 0, 0, 0, 0, 0, 0, 0, 0, 0, 0, 0, 0, 0, 0, 0, 0, 0, 0, 0
25.937, 0, 0, 0, 1.41421, 0, 0, 0, 0, 0, 0, 0, 0, 0, 0, 0, 0, 0, 0, 0, 0, 0, 0, 0, 0
25.9449, 0, 0, 0, 1.41421, 0, 0, 0, 0, 0, 0, 0, 0, 0, 0, 0, 0, 0, 0, 0, 0, 0, 0, 0, 0
25.9528, 0, 0, 0, 1.41421, 0, 0, 0, 0, 0, 0, 0, 0, 0, 0, 0, 0, 0, 0, 0, 0, 0, 0, 0, 0
25.9606, 0, 0, 0, 1.41421, 0, 0, 0, 0, 0, 0, 0, 0, 0, 0, 0, 0, 0, 0, 0, 0, 0, 0, 0, 0
25.9685, 0, 0, 0, 1.41421, 0, 0, 0, 0, 0, 0, 0, 0, 0, 0, 0, 0, 0, 0, 0, 0, 0, 0, 0, 0
25.9764, 0, 0, 0, 1.41421, 0, 0, 0, 0, 0, 0, 0, 0, 0, 0, 0, 0, 0, 0, 0, 0, 0, 0, 0, 0
25.9843, 0, 0, 0, 1.41421, 0, 0, 0, 0, 0, 0, 0, 0, 0, 0, 0, 0, 0, 0, 0, 0, 0, 0, 0, 0
25.9922, 0, 0, 0, 1.41421, 0, 0, 0, 0, 0, 0, 0, 0, 0, 0, 0, 0, 0, 0, 0, 0, 0, 0, 0, 0
26.0001, 0, 0, 0, 1.41421, 0, 0, 0, 0, 0, 0, 0, 0, 0, 0, 0, 0, 0, 0, 0, 0, 0, 0, 0, 0
26.0079, 0, 0, 0, 1.41421, 0, 0, 0, 0, 0, 0, 0, 0, 0, 0, 0, 0, 0, 0, 0, 0, 0, 0, 0, 0
26.0158, 0, 0, 0, 1.41421, 0, 0, 0, 0, 0, 0, 0, 0, 0, 0, 0, 0, 0, 0, 0, 0, 0, 0, 0, 0
26.0237, 0, 0, 0, 1.41421, 0, 0, 0, 0, 0, 0, 0, 0, 0, 0, 0, 0, 0, 0, 0, 0, 0, 0, 0, 0
26.0316, 0, 0, 0, 1.41421, 0, 0, 0, 0, 0, 0, 0, 0, 0, 0, 0, 0, 0, 0, 0, 0, 0, 0, 0, 0
26.0395, 0, 0, 0, 1.41421, 0, 0, 0, 0, 0, 0, 0, 0, 0, 0, 0, 0, 0, 0, 0, 0, 0, 0, 0, 0
26.0474, 0, 0, 0, 1.41421, 0, 0, 0, 0, 0, 0, 0, 0, 0, 0, 0, 0, 0, 0, 0, 0, 0, 0, 0, 0
26.0553, 0, 0, 0, 1.41421, 0, 0, 0, 0, 0, 0, 0, 0, 0, 0, 0, 0, 0, 0, 0, 0, 0, 0, 0, 0
26.0631, 0, 0, 0, 1.41421, 0, 0, 0, 0, 0, 0, 0, 0, 0, 0, 0, 0, 0, 0, 0, 0, 0, 0, 0, 0
26.071, 0, 0, 0, 1.41421, 0, 0, 0, 0, 0, 0, 0, 0, 0, 0, 0, 0, 0, 0, 0, 0, 0, 0, 0, 0
26.0789, 0, 0, 0, 1.41421, 0, 0, 0, 0, 0, 0, 0, 0, 0, 0, 0, 0, 0, 0, 0, 0, 0, 0, 0, 0
26.0868, 0, 0, 0, 1.41421, 0, 0, 0, 0, 0, 0, 0, 0, 0, 0, 0, 0, 0, 0, 0, 0, 0, 0, 0, 0
26.0947, 0, 0, 0, 1.41421, 0, 0, 0, 0, 0, 0, 0, 0, 0, 0, 0, 0, 0, 0, 0, 0, 0, 0, 0, 0
26.1026, 0, 0, 0, 1.41421, 0, 0, 0, 0, 0, 0, 0, 0, 0, 0, 0, 0, 0, 0, 0, 0, 0, 0, 0, 0
26.1104, 0, 0, 0, 1.41421, 0, 0, 0, 0, 0, 0, 0, 0, 0, 0, 0, 0, 0, 0, 0, 0, 0, 0, 0, 0
26.1183, 0, 0, 0, 1.41421, 0, 0, 0, 0, 0, 0, 0, 0, 0, 0, 0, 0, 0, 0, 0, 0, 0, 0, 0, 0
26.1262, 0, 0, 0, 1.41421, 0, 0, 0, 0, 0, 0, 0, 0, 0, 0, 0, 0, 0, 0, 0, 0, 0, 0, 0, 0
26.1341, 0, 0, 0, 1.41421, 0, 0, 0, 0, 0, 0, 0, 0, 0, 0, 0, 0, 0, 0, 0, 0, 0, 0, 0, 0
26.142, 0, 0, 0, 1.41421, 0, 0, 0, 0, 0, 0, 0, 0, 0, 0, 0, 0, 0, 0, 0, 0, 0, 0, 0, 0
26.1499, 0, 0, 0, 1.41421, 0, 0, 0, 0, 0, 0, 0, 0, 0, 0, 0, 0, 0, 0, 0, 0, 0, 0, 0, 0
26.1577, 0, 0, 0, 1.41421, 0, 0, 0, 0, 0, 0, 0, 0, 0, 0, 0, 0, 0, 0, 0, 0, 0, 0, 0, 0
26.1656, 0, 0, 0, 1.41421, 0, 0, 0, 0, 0, 0, 0, 0, 0, 0, 0, 0, 0, 0, 0, 0, 0, 0, 0, 0
26.1735, 0, 0, 0, 1.41421, 0, 0, 0, 0, 0, 0, 0, 0, 0, 0, 0, 0, 0, 0, 0, 0, 0, 0, 0, 0
26.1814, 0, 0, 0, 1.41421, 0, 0, 0, 0, 0, 0, 0, 0, 0, 0, 0, 0, 0, 0, 0, 0, 0, 0, 0, 0
26.1893, 0, 0, 0, 1.41421, 0, 0, 0, 0, 0, 0, 0, 0, 0, 0, 0, 0, 0, 0, 0, 0, 0, 0, 0, 0
26.1972, 0, 0, 0, 1.41421, 0, 0, 0, 0, 0, 0, 0, 0, 0, 0, 0, 0, 0, 0, 0, 0, 0, 0, 0, 0
26.205, 0, 0, 0, 1.41421, 0, 0, 0, 0, 0, 0, 0, 0, 0, 0, 0, 0, 0, 0, 0, 0, 0, 0, 0, 0
26.2129, 0, 0, 0, 1.41421, 0, 0, 0, 0, 0, 0, 0, 0, 0, 0, 0, 0, 0, 0, 0, 0, 0, 0, 0, 0
26.2208, 0, 0, 0, 1.41421, 0, 0, 0, 0, 0, 0, 0, 0, 0, 0, 0, 0, 0, 0, 0, 0, 0, 0, 0, 0
26.2287, 0, 0, 0, 1.41421, 0, 0, 0, 0, 0, 0, 0, 0, 0, 0, 0, 0, 0, 0, 0, 0, 0, 0, 0, 0
26.2366, 0, 0, 0, 1.41421, 0, 0, 0, 0, 0, 0, 0, 0, 0, 0, 0, 0, 0, 0, 0, 0, 0, 0, 0, 0
26.2445, 0, 0, 0, 1.41421, 0, 0, 0, 0, 0, 0, 0, 0, 0, 0, 0, 0, 0, 0, 0, 0, 0, 0, 0, 0
26.2523, 0, 0, 0, 1.41421, 0, 0, 0, 0, 0, 0, 0, 0, 0, 0, 0, 0, 0, 0, 0, 0, 0, 0, 0, 0
26.2602, 0, 0, 0, 1.41421, 0, 0, 0, 0, 0, 0, 0, 0, 0, 0, 0, 0, 0, 0, 0, 0, 0, 0, 0, 0
26.2681, 0, 0, 0, 1.41421, 0, 0, 0, 0, 0, 0, 0, 0, 0, 0, 0, 0, 0, 0, 0, 0, 0, 0, 0, 0
26.276, 0, 0, 0, 1.41421, 0, 0, 0, 0, 0, 0, 0, 0, 0, 0, 0, 0, 0, 0, 0, 0, 0, 0, 0, 0
26.2839, 0, 0, 0, 1.41421, 0, 0, 0, 0, 0, 0, 0, 0, 0, 0, 0, 0, 0, 0, 0, 0, 0, 0, 0, 0
26.2918, 0, 0, 0, 1.41421, 0, 0, 0, 0, 0, 0, 0, 0, 0, 0, 0, 0, 0, 0, 0, 0, 0, 0, 0, 0
26.2997, 0, 0, 0, 1.41421, 0, 0, 0, 0, 0, 0, 0, 0, 0, 0, 0, 0, 0, 0, 0, 0, 0, 0, 0, 0
26.3075, 0, 0, 0, 1.41421, 0, 0, 0, 0, 0, 0, 0, 0, 0, 0, 0, 0, 0, 0, 0, 0, 0, 0, 0, 0
26.3154, 0, 0, 0, 1.41421, 0, 0, 0, 0, 0, 0, 0, 0, 0, 0, 0, 0, 0, 0, 0, 0, 0, 0, 0, 0
26.3233, 0, 0, 0, 1.41421, 0, 0, 0, 0, 0, 0, 0, 0, 0, 0, 0, 0, 0, 0, 0, 0, 0, 0, 0, 0
26.3312, 0, 0, 0, 1.41421, 0, 0, 0, 0, 0, 0, 0, 0, 0, 0, 0, 0, 0, 0, 0, 0, 0, 0, 0, 0
26.3391, 0, 0, 0, 1.41421, 0, 0, 0, 0, 0, 0, 0, 0, 0, 0, 0, 0, 0, 0, 0, 0, 0, 0, 0, 0
26.347, 0, 0, 0, 1.41421, 0, 0, 0, 0, 0, 0, 0, 0, 0, 0, 0, 0, 0, 0, 0, 0, 0, 0, 0, 0
26.3548, 0, 0, 0, 1.41421, 0, 0, 0, 0, 0, 0, 0, 0, 0, 0, 0, 0, 0, 0, 0, 0, 0, 0, 0, 0
26.3627, 0, 0, 0, 1.41421, 0, 0, 0, 0, 0, 0, 0, 0, 0, 0, 0, 0, 0, 0, 0, 0, 0, 0, 0, 0
26.3706, 0, 0, 0, 1.41421, 0, 0, 0, 0, 0, 0, 0, 0, 0, 0, 0, 0, 0, 0, 0, 0, 0, 0, 0, 0
26.3785, 0, 0, 0, 1.41421, 0, 0, 0, 0, 0, 0, 0, 0, 0, 0, 0, 0, 0, 0, 0, 0, 0, 0, 0, 0
26.3864, 0, 0, 0, 1.41421, 0, 0, 0, 0, 0, 0, 0, 0, 0, 0, 0, 0, 0, 0, 0, 0, 0, 0, 0, 0
26.3943, 0, 0, 0, 1.41421, 0, 0, 0, 0, 0, 0, 0, 0, 0, 0, 0, 0, 0, 0, 0, 0, 0, 0, 0, 0
26.4021, 0, 0, 0, 1.41421, 0, 0, 0, 0, 0, 0, 0, 0, 0, 0, 0, 0, 0, 0, 0, 0, 0, 0, 0, 0
26.41, 0, 0, 0, 1.41421, 0, 0, 0, 0, 0, 0, 0, 0, 0, 0, 0, 0, 0, 0, 0, 0, 0, 0, 0, 0
26.4179, 0, 0, 0, 1.41421, 0, 0, 0, 0, 0, 0, 0, 0, 0, 0, 0, 0, 0, 0, 0, 0, 0, 0, 0, 0
26.4258, 0, 0, 0, 1.41421, 0, 0, 0, 0, 0, 0, 0, 0, 0, 0, 0, 0, 0, 0, 0, 0, 0, 0, 0, 0
26.4337, 0, 0, 0, 1.41421, 0, 0, 0, 0, 0, 0, 0, 0, 0, 0, 0, 0, 0, 0, 0, 0, 0, 0, 0, 0
26.4416, 0, 0, 0, 1.41421, 0, 0, 0, 0, 0, 0, 0, 0, 0, 0, 0, 0, 0, 0, 0, 0, 0, 0, 0, 0
26.4494, 0, 0, 0, 1.41421, 0, 0, 0, 0, 0, 0, 0, 0, 0, 0, 0, 0, 0, 0, 0, 0, 0, 0, 0, 0
26.4573, 0, 0, 0, 1.41421, 0, 0, 0, 0, 0, 0, 0, 0, 0, 0, 0, 0, 0, 0, 0, 0, 0, 0, 0, 0
26.4652, 0, 0, 0, 1.41421, 0, 0, 0, 0, 0, 0, 0, 0, 0, 0, 0, 0, 0, 0, 0, 0, 0, 0, 0, 0
26.4731, 0, 0, 0, 1.41421, 0, 0, 0, 0, 0, 0, 0, 0, 0, 0, 0, 0, 0, 0, 0, 0, 0, 0, 0, 0
26.481, 0, 0, 0, 1.41421, 0, 0, 0, 0, 0, 0, 0, 0, 0, 0, 0, 0, 0, 0, 0, 0, 0, 0, 0, 0
26.4889, 0, 0, 0, 1.41421, 0, 0, 0, 0, 0, 0, 0, 0, 0, 0, 0, 0, 0, 0, 0, 0, 0, 0, 0, 0
26.4967, 0, 0, 0, 1.41421, 0, 0, 0, 0, 0, 0, 0, 0, 0, 0, 0, 0, 0, 0, 0, 0, 0, 0, 0, 0
26.5046, 0, 0, 0, 1.41421, 0, 0, 0, 0, 0, 0, 0, 0, 0, 0, 0, 0, 0, 0, 0, 0, 0, 0, 0, 0
26.5125, 0, 0, 0, 1.41421, 0, 0, 0, 0, 0, 0, 0, 0, 0, 0, 0, 0, 0, 0, 0, 0, 0, 0, 0, 0
26.5204, 0, 0, 0, 1.41421, 0, 0, 0, 0, 0, 0, 0, 0, 0, 0, 0, 0, 0, 0, 0, 0, 0, 0, 0, 0
26.5283, 0, 0, 0, 1.41421, 0, 0, 0, 0, 0, 0, 0, 0, 0, 0, 0, 0, 0, 0, 0, 0, 0, 0, 0, 0
26.5362, 0, 0, 0, 1.41421, 0, 0, 0, 0, 0, 0, 0, 0, 0, 0, 0, 0, 0, 0, 0, 0, 0, 0, 0, 0
26.5441, 0, 0, 0, 1.41421, 0, 0, 0, 0, 0, 0, 0, 0, 0, 0, 0, 0, 0, 0, 0, 0, 0, 0, 0, 0
26.5519, 0, 0, 0, 1.41421, 0, 0, 0, 0, 0, 0, 0, 0, 0, 0, 0, 0, 0, 0, 0, 0, 0, 0, 0, 0
26.5598, 0, 0, 0, 1.41421, 0, 0, 0, 0, 0, 0, 0, 0, 0, 0, 0, 0, 0, 0, 0, 0, 0, 0, 0, 0
26.5677, 0, 0, 0, 1.41421, 0, 0, 0, 0, 0, 0, 0, 0, 0, 0, 0, 0, 0, 0, 0, 0, 0, 0, 0, 0
26.5756, 0, 0, 0, 1.41421, 0, 0, 0, 0, 0, 0, 0, 0, 0, 0, 0, 0, 0, 0, 0, 0, 0, 0, 0, 0
26.5835, 0, 0, 0, 1.41421, 0, 0, 0, 0, 0, 0, 0, 0, 0, 0, 0, 0, 0, 0, 0, 0, 0, 0, 0, 0
26.5914, 0, 0, 0, 1.41421, 0, 0, 0, 0, 0, 0, 0, 0, 0, 0, 0, 0, 0, 0, 0, 0, 0, 0, 0, 0
26.5992, 0, 0, 0, 1.41421, 0, 0, 0, 0, 0, 0, 0, 0, 0, 0, 0, 0, 0, 0, 0, 0, 0, 0, 0, 0
26.6071, 0, 0, 0, 1.41421, 0, 0, 0, 0, 0, 0, 0, 0, 0, 0, 0, 0, 0, 0, 0, 0, 0, 0, 0, 0
26.615, 0, 0, 0, 1.41421, 0, 0, 0, 0, 0, 0, 0, 0, 0, 0, 0, 0, 0, 0, 0, 0, 0, 0, 0, 0
26.6229, 0, 0, 0, 1.41421, 0, 0, 0, 0, 0, 0, 0, 0, 0, 0, 0, 0, 0, 0, 0, 0, 0, 0, 0, 0
26.6308, 0, 0, 0, 1.41421, 0, 0, 0, 0, 0, 0, 0, 0, 0, 0, 0, 0, 0, 0, 0, 0, 0, 0, 0, 0
26.6387, 0, 0, 0, 1.41421, 0, 0, 0, 0, 0, 0, 0, 0, 0, 0, 0, 0, 0, 0, 0, 0, 0, 0, 0, 0
26.6465, 0, 0, 0, 1.41421, 0, 0, 0, 0, 0, 0, 0, 0, 0, 0, 0, 0, 0, 0, 0, 0, 0, 0, 0, 0
26.6544, 0, 0, 0, 1.41421, 0, 0, 0, 0, 0, 0, 0, 0, 0, 0, 0, 0, 0, 0, 0, 0, 0, 0, 0, 0
26.6623, 0, 0, 0, 1.41421, 0, 0, 0, 0, 0, 0, 0, 0, 0, 0, 0, 0, 0, 0, 0, 0, 0, 0, 0, 0
26.6702, 0, 0, 0, 1.41421, 0, 0, 0, 0, 0, 0, 0, 0, 0, 0, 0, 0, 0, 0, 0, 0, 0, 0, 0, 0
26.6781, 0, 0, 0, 1.41421, 0, 0, 0, 0, 0, 0, 0, 0, 0, 0, 0, 0, 0, 0, 0, 0, 0, 0, 0, 0
26.686, 0, 0, 0, 1.41421, 0, 0, 0, 0, 0, 0, 0, 0, 0, 0, 0, 0, 0, 0, 0, 0, 0, 0, 0, 0
26.6938, 0, 0, 0, 1.41421, 0, 0, 0, 0, 0, 0, 0, 0, 0, 0, 0, 0, 0, 0, 0, 0, 0, 0, 0, 0
26.7017, 0, 0, 0, 1.41421, 0, 0, 0, 0, 0, 0, 0, 0, 0, 0, 0, 0, 0, 0, 0, 0, 0, 0, 0, 0
26.7096, 0, 0, 0, 1.41421, 0, 0, 0, 0, 0, 0, 0, 0, 0, 0, 0, 0, 0, 0, 0, 0, 0, 0, 0, 0
26.7175, 0, 0, 0, 1.41421, 0, 0, 0, 0, 0, 0, 0, 0, 0, 0, 0, 0, 0, 0, 0, 0, 0, 0, 0, 0
26.7254, 0, 0, 0, 1.41421, 0, 0, 0, 0, 0, 0, 0, 0, 0, 0, 0, 0, 0, 0, 0, 0, 0, 0, 0, 0
26.7333, 0, 0, 0, 1.41421, 0, 0, 0, 0, 0, 0, 0, 0, 0, 0, 0, 0, 0, 0, 0, 0, 0, 0, 0, 0
26.7411, 0, 0, 0, 1.41421, 0, 0, 0, 0, 0, 0, 0, 0, 0, 0, 0, 0, 0, 0, 0, 0, 0, 0, 0, 0
26.749, 0, 0, 0, 1.41421, 0, 0, 0, 0, 0, 0, 0, 0, 0, 0, 0, 0, 0, 0, 0, 0, 0, 0, 0, 0
26.7569, 0, 0, 0, 1.41421, 0, 0, 0, 0, 0, 0, 0, 0, 0, 0, 0, 0, 0, 0, 0, 0, 0, 0, 0, 0
26.7648, 0, 0, 0, 1.41421, 0, 0, 0, 0, 0, 0, 0, 0, 0, 0, 0, 0, 0, 0, 0, 0, 0, 0, 0, 0
26.7727, 0, 0, 0, 1.41421, 0, 0, 0, 0, 0, 0, 0, 0, 0, 0, 0, 0, 0, 0, 0, 0, 0, 0, 0, 0
26.7806, 0, 0, 0, 1.41421, 0, 0, 0, 0, 0, 0, 0, 0, 0, 0, 0, 0, 0, 0, 0, 0, 0, 0, 0, 0
26.7884, 0, 0, 0, 1.41421, 0, 0, 0, 0, 0, 0, 0, 0, 0, 0, 0, 0, 0, 0, 0, 0, 0, 0, 0, 0
26.7963, 0, 0, 0, 1.41421, 0, 0, 0, 0, 0, 0, 0, 0, 0, 0, 0, 0, 0, 0, 0, 0, 0, 0, 0, 0
26.8042, 0, 0, 0, 1.41421, 0, 0, 0, 0, 0, 0, 0, 0, 0, 0, 0, 0, 0, 0, 0, 0, 0, 0, 0, 0
26.8121, 0, 0, 0, 1.41421, 0, 0, 0, 0, 0, 0, 0, 0, 0, 0, 0, 0, 0, 0, 0, 0, 0, 0, 0, 0
26.82, 0, 0, 0, 1.41421, 0, 0, 0, 0, 0, 0, 0, 0, 0, 0, 0, 0, 0, 0, 0, 0, 0, 0, 0, 0
26.8279, 0, 0, 0, 1.41421, 0, 0, 0, 0, 0, 0, 0, 0, 0, 0, 0, 0, 0, 0, 0, 0, 0, 0, 0, 0
26.8358, 0, 0, 0, 1.41421, 0, 0, 0, 0, 0, 0, 0, 0, 0, 0, 0, 0, 0, 0, 0, 0, 0, 0, 0, 0
26.8436, 0, 0, 0, 1.41421, 0, 0, 0, 0, 0, 0, 0, 0, 0, 0, 0, 0, 0, 0, 0, 0, 0, 0, 0, 0
26.8515, 0, 0, 0, 1.41421, 0, 0, 0, 0, 0, 0, 0, 0, 0, 0, 0, 0, 0, 0, 0, 0, 0, 0, 0, 0
26.8594, 0, 0, 0, 1.41421, 0, 0, 0, 0, 0, 0, 0, 0, 0, 0, 0, 0, 0, 0, 0, 0, 0, 0, 0, 0
26.8673, 0, 0, 0, 1.41421, 0, 0, 0, 0, 0, 0, 0, 0, 0, 0, 0, 0, 0, 0, 0, 0, 0, 0, 0, 0
26.8752, 0, 0, 0, 1.41421, 0, 0, 0, 0, 0, 0, 0, 0, 0, 0, 0, 0, 0, 0, 0, 0, 0, 0, 0, 0
26.8831, 0, 0, 0, 1.41421, 0, 0, 0, 0, 0, 0, 0, 0, 0, 0, 0, 0, 0, 0, 0, 0, 0, 0, 0, 0
26.8909, 0, 0, 0, 1.41421, 0, 0, 0, 0, 0, 0, 0, 0, 0, 0, 0, 0, 0, 0, 0, 0, 0, 0, 0, 0
26.8988, 0, 0, 0, 1.41421, 0, 0, 0, 0, 0, 0, 0, 0, 0, 0, 0, 0, 0, 0, 0, 0, 0, 0, 0, 0
26.9067, 0, 0, 0, 1.41421, 0, 0, 0, 0, 0, 0, 0, 0, 0, 0, 0, 0, 0, 0, 0, 0, 0, 0, 0, 0
26.9146, 0, 0, 0, 1.41421, 0, 0, 0, 0, 0, 0, 0, 0, 0, 0, 0, 0, 0, 0, 0, 0, 0, 0, 0, 0
26.9225, 0, 0, 0, 1.41421, 0, 0, 0, 0, 0, 0, 0, 0, 0, 0, 0, 0, 0, 0, 0, 0, 0, 0, 0, 0
26.9304, 0, 0, 0, 1.41421, 0, 0, 0, 0, 0, 0, 0, 0, 0, 0, 0, 0, 0, 0, 0, 0, 0, 0, 0, 0
26.9382, 0, 0, 0, 1.41421, 0, 0, 0, 0, 0, 0, 0, 0, 0, 0, 0, 0, 0, 0, 0, 0, 0, 0, 0, 0
26.9461, 0, 0, 0, 1.41421, 0, 0, 0, 0, 0, 0, 0, 0, 0, 0, 0, 0, 0, 0, 0, 0, 0, 0, 0, 0
26.954, 0, 0, 0, 1.41421, 0, 0, 0, 0, 0, 0, 0, 0, 0, 0, 0, 0, 0, 0, 0, 0, 0, 0, 0, 0
26.9619, 0, 0, 0, 1.41421, 0, 0, 0, 0, 0, 0, 0, 0, 0, 0, 0, 0, 0, 0, 0, 0, 0, 0, 0, 0
26.9698, 0, 0, 0, 1.41421, 0, 0, 0, 0, 0, 0, 0, 0, 0, 0, 0, 0, 0, 0, 0, 0, 0, 0, 0, 0
26.9777, 0, 0, 0, 1.41421, 0, 0, 0, 0, 0, 0, 0, 0, 0, 0, 0, 0, 0, 0, 0, 0, 0, 0, 0, 0
26.9855, 0, 0, 0, 1.41421, 0, 0, 0, 0, 0, 0, 0, 0, 0, 0, 0, 0, 0, 0, 0, 0, 0, 0, 0, 0
26.9934, 0, 0, 0, 1.41421, 0, 0, 0, 0, 0, 0, 0, 0, 0, 0, 0, 0, 0, 0, 0, 0, 0, 0, 0, 0
27.0013, 0, 0, 0, 1.41421, 0, 0, 0, 0, 0, 0, 0, 0, 0, 0, 0, 0, 0, 0, 0, 0, 0, 0, 0, 0
27.0092, 0, 0, 0, 1.41421, 0, 0, 0, 0, 0, 0, 0, 0, 0, 0, 0, 0, 0, 0, 0, 0, 0, 0, 0, 0
27.0171, 0, 0, 0, 1.41421, 0, 0, 0, 0, 0, 0, 0, 0, 0, 0, 0, 0, 0, 0, 0, 0, 0, 0, 0, 0
27.025, 0, 0, 0, 1.41421, 0, 0, 0, 0, 0, 0, 0, 0, 0, 0, 0, 0, 0, 0, 0, 0, 0, 0, 0, 0
27.0328, 0, 0, 0, 1.41421, 0, 0, 0, 0, 0, 0, 0, 0, 0, 0, 0, 0, 0, 0, 0, 0, 0, 0, 0, 0
27.0407, 0, 0, 0, 1.41421, 0, 0, 0, 0, 0, 0, 0, 0, 0, 0, 0, 0, 0, 0, 0, 0, 0, 0, 0, 0
27.0486, 0, 0, 0, 1.41421, 0, 0, 0, 0, 0, 0, 0, 0, 0, 0, 0, 0, 0, 0, 0, 0, 0, 0, 0, 0
27.0565, 0, 0, 0, 1.41421, 0, 0, 0, 0, 0, 0, 0, 0, 0, 0, 0, 0, 0, 0, 0, 0, 0, 0, 0, 0
27.0644, 0, 0, 0, 1.41421, 0, 0, 0, 0, 0, 0, 0, 0, 0, 0, 0, 0, 0, 0, 0, 0, 0, 0, 0, 0
27.0723, 0, 0, 0, 1.41421, 0, 0, 0, 0, 0, 0, 0, 0, 0, 0, 0, 0, 0, 0, 0, 0, 0, 0, 0, 0
27.0802, 0, 0, 0, 1.41421, 0, 0, 0, 0, 0, 0, 0, 0, 0, 0, 0, 0, 0, 0, 0, 0, 0, 0, 0, 0
27.088, 0, 0, 0, 1.41421, 0, 0, 0, 0, 0, 0, 0, 0, 0, 0, 0, 0, 0, 0, 0, 0, 0, 0, 0, 0
27.0959, 0, 0, 0, 1.41421, 0, 0, 0, 0, 0, 0, 0, 0, 0, 0, 0, 0, 0, 0, 0, 0, 0, 0, 0, 0
27.1038, 0, 0, 0, 1.41421, 0, 0, 0, 0, 0, 0, 0, 0, 0, 0, 0, 0, 0, 0, 0, 0, 0, 0, 0, 0
27.1117, 0, 0, 0, 1.41421, 0, 0, 0, 0, 0, 0, 0, 0, 0, 0, 0, 0, 0, 0, 0, 0, 0, 0, 0, 0
27.1196, 0, 0, 0, 1.41421, 0, 0, 0, 0, 0, 0, 0, 0, 0, 0, 0, 0, 0, 0, 0, 0, 0, 0, 0, 0
27.1275, 0, 0, 0, 1.41421, 0, 0, 0, 0, 0, 0, 0, 0, 0, 0, 0, 0, 0, 0, 0, 0, 0, 0, 0, 0
27.1353, 0, 0, 0, 1.41421, 0, 0, 0, 0, 0, 0, 0, 0, 0, 0, 0, 0, 0, 0, 0, 0, 0, 0, 0, 0
27.1432, 0, 0, 0, 1.41421, 0, 0, 0, 0, 0, 0, 0, 0, 0, 0, 0, 0, 0, 0, 0, 0, 0, 0, 0, 0
27.1511, 0, 0, 0, 1.41421, 0, 0, 0, 0, 0, 0, 0, 0, 0, 0, 0, 0, 0, 0, 0, 0, 0, 0, 0, 0
27.159, 0, 0, 0, 1.41421, 0, 0, 0, 0, 0, 0, 0, 0, 0, 0, 0, 0, 0, 0, 0, 0, 0, 0, 0, 0
27.1669, 0, 0, 0, 1.41421, 0, 0, 0, 0, 0, 0, 0, 0, 0, 0, 0, 0, 0, 0, 0, 0, 0, 0, 0, 0
27.1748, 0, 0, 0, 1.41421, 0, 0, 0, 0, 0, 0, 0, 0, 0, 0, 0, 0, 0, 0, 0, 0, 0, 0, 0, 0
27.1826, 0, 0, 0, 1.41421, 0, 0, 0, 0, 0, 0, 0, 0, 0, 0, 0, 0, 0, 0, 0, 0, 0, 0, 0, 0
27.1905, 0, 0, 0, 1.41421, 0, 0, 0, 0, 0, 0, 0, 0, 0, 0, 0, 0, 0, 0, 0, 0, 0, 0, 0, 0
27.1984, 0, 0, 0, 1.41421, 0, 0, 0, 0, 0, 0, 0, 0, 0, 0, 0, 0, 0, 0, 0, 0, 0, 0, 0, 0
27.2063, 0, 0, 0, 1.41421, 0, 0, 0, 0, 0, 0, 0, 0, 0, 0, 0, 0, 0, 0, 0, 0, 0, 0, 0, 0
27.2142, 0, 0, 0, 1.41421, 0, 0, 0, 0, 0, 0, 0, 0, 0, 0, 0, 0, 0, 0, 0, 0, 0, 0, 0, 0
27.2221, 0, 0, 0, 1.41421, 0, 0, 0, 0, 0, 0, 0, 0, 0, 0, 0, 0, 0, 0, 0, 0, 0, 0, 0, 0
27.2299, 0, 0, 0, 1.41421, 0, 0, 0, 0, 0, 0, 0, 0, 0, 0, 0, 0, 0, 0, 0, 0, 0, 0, 0, 0
27.2378, 0, 0, 0, 1.41421, 0, 0, 0, 0, 0, 0, 0, 0, 0, 0, 0, 0, 0, 0, 0, 0, 0, 0, 0, 0
27.2457, 0, 0, 0, 1.41421, 0, 0, 0, 0, 0, 0, 0, 0, 0, 0, 0, 0, 0, 0, 0, 0, 0, 0, 0, 0
27.2536, 0, 0, 0, 1.41421, 0, 0, 0, 0, 0, 0, 0, 0, 0, 0, 0, 0, 0, 0, 0, 0, 0, 0, 0, 0
27.2615, 0, 0, 0, 1.41421, 0, 0, 0, 0, 0, 0, 0, 0, 0, 0, 0, 0, 0, 0, 0, 0, 0, 0, 0, 0
27.2694, 0, 0, 0, 1.41421, 0, 0, 0, 0, 0, 0, 0, 0, 0, 0, 0, 0, 0, 0, 0, 0, 0, 0, 0, 0
27.2772, 0, 0, 0, 1.41421, 0, 0, 0, 0, 0, 0, 0, 0, 0, 0, 0, 0, 0, 0, 0, 0, 0, 0, 0, 0
27.2851, 0, 0, 0, 1.41421, 0, 0, 0, 0, 0, 0, 0, 0, 0, 0, 0, 0, 0, 0, 0, 0, 0, 0, 0, 0
27.293, 0, 0, 0, 1.41421, 0, 0, 0, 0, 0, 0, 0, 0, 0, 0, 0, 0, 0, 0, 0, 0, 0, 0, 0, 0
27.3009, 0, 0, 0, 1.41421, 0, 0, 0, 0, 0, 0, 0, 0, 0, 0, 0, 0, 0, 0, 0, 0, 0, 0, 0, 0
27.3088, 0, 0, 0, 1.41421, 0, 0, 0, 0, 0, 0, 0, 0, 0, 0, 0, 0, 0, 0, 0, 0, 0, 0, 0, 0
27.3167, 0, 0, 0, 1.41421, 0, 0, 0, 0, 0, 0, 0, 0, 0, 0, 0, 0, 0, 0, 0, 0, 0, 0, 0, 0
27.3246, 0, 0, 0, 1.41421, 0, 0, 0, 0, 0, 0, 0, 0, 0, 0, 0, 0, 0, 0, 0, 0, 0, 0, 0, 0
27.3324, 0, 0, 0, 1.41421, 0, 0, 0, 0, 0, 0, 0, 0, 0, 0, 0, 0, 0, 0, 0, 0, 0, 0, 0, 0
27.3403, 0, 0, 0, 1.41421, 0, 0, 0, 0, 0, 0, 0, 0, 0, 0, 0, 0, 0, 0, 0, 0, 0, 0, 0, 0
27.3482, 0, 0, 0, 1.41421, 0, 0, 0, 0, 0, 0, 0, 0, 0, 0, 0, 0, 0, 0, 0, 0, 0, 0, 0, 0
27.3561, 0, 0, 0, 1.41421, 0, 0, 0, 0, 0, 0, 0, 0, 0, 0, 0, 0, 0, 0, 0, 0, 0, 0, 0, 0
27.364, 0, 0, 0, 1.41421, 0, 0, 0, 0, 0, 0, 0, 0, 0, 0, 0, 0, 0, 0, 0, 0, 0, 0, 0, 0
27.3719, 0, 0, 0, 1.41421, 0, 0, 0, 0, 0, 0, 0, 0, 0, 0, 0, 0, 0, 0, 0, 0, 0, 0, 0, 0
27.3797, 0, 0, 0, 1.41421, 0, 0, 0, 0, 0, 0, 0, 0, 0, 0, 0, 0, 0, 0, 0, 0, 0, 0, 0, 0
27.3876, 0, 0, 0, 1.41421, 0, 0, 0, 0, 0, 0, 0, 0, 0, 0, 0, 0, 0, 0, 0, 0, 0, 0, 0, 0
27.3955, 0, 0, 0, 1.41421, 0, 0, 0, 0, 0, 0, 0, 0, 0, 0, 0, 0, 0, 0, 0, 0, 0, 0, 0, 0
27.4034, 0, 0, 0, 1.41421, 0, 0, 0, 0, 0, 0, 0, 0, 0, 0, 0, 0, 0, 0, 0, 0, 0, 0, 0, 0
27.4113, 0, 0, 0, 1.41421, 0, 0, 0, 0, 0, 0, 0, 0, 0, 0, 0, 0, 0, 0, 0, 0, 0, 0, 0, 0
27.4192, 0, 0, 0, 1.41421, 0, 0, 0, 0, 0, 0, 0, 0, 0, 0, 0, 0, 0, 0, 0, 0, 0, 0, 0, 0
27.427, 0, 0, 0, 1.41421, 0, 0, 0, 0, 0, 0, 0, 0, 0, 0, 0, 0, 0, 0, 0, 0, 0, 0, 0, 0
27.4349, 0, 0, 0, 1.41421, 0, 0, 0, 0, 0, 0, 0, 0, 0, 0, 0, 0, 0, 0, 0, 0, 0, 0, 0, 0
27.4428, 0, 0, 0, 1.41421, 0, 0, 0, 0, 0, 0, 0, 0, 0, 0, 0, 0, 0, 0, 0, 0, 0, 0, 0, 0
27.4507, 0, 0, 0, 1.41421, 0, 0, 0, 0, 0, 0, 0, 0, 0, 0, 0, 0, 0, 0, 0, 0, 0, 0, 0, 0
27.4586, 0, 0, 0, 1.41421, 0, 0, 0, 0, 0, 0, 0, 0, 0, 0, 0, 0, 0, 0, 0, 0, 0, 0, 0, 0
27.4665, 0, 0, 0, 1.41421, 0, 0, 0, 0, 0, 0, 0, 0, 0, 0, 0, 0, 0, 0, 0, 0, 0, 0, 0, 0
27.4743, 0, 0, 0, 1.41421, 0, 0, 0, 0, 0, 0, 0, 0, 0, 0, 0, 0, 0, 0, 0, 0, 0, 0, 0, 0
27.4822, 0, 0, 0, 1.41421, 0, 0, 0, 0, 0, 0, 0, 0, 0, 0, 0, 0, 0, 0, 0, 0, 0, 0, 0, 0
27.4901, 0, 0, 0, 1.41421, 0, 0, 0, 0, 0, 0, 0, 0, 0, 0, 0, 0, 0, 0, 0, 0, 0, 0, 0, 0
27.498, 0, 0, 0, 1.41421, 0, 0, 0, 0, 0, 0, 0, 0, 0, 0, 0, 0, 0, 0, 0, 0, 0, 0, 0, 0
27.5059, 0, 0, 0, 1.41421, 0, 0, 0, 0, 0, 0, 0, 0, 0, 0, 0, 0, 0, 0, 0, 0, 0, 0, 0, 0
27.5138, 0, 0, 0, 1.41421, 0, 0, 0, 0, 0, 0, 0, 0, 0, 0, 0, 0, 0, 0, 0, 0, 0, 0, 0, 0
27.5216, 0, 0, 0, 1.41421, 0, 0, 0, 0, 0, 0, 0, 0, 0, 0, 0, 0, 0, 0, 0, 0, 0, 0, 0, 0
27.5295, 0, 0, 0, 1.41421, 0, 0, 0, 0, 0, 0, 0, 0, 0, 0, 0, 0, 0, 0, 0, 0, 0, 0, 0, 0
27.5374, 0, 0, 0, 1.41421, 0, 0, 0, 0, 0, 0, 0, 0, 0, 0, 0, 0, 0, 0, 0, 0, 0, 0, 0, 0
27.5453, 0, 0, 0, 1.41421, 0, 0, 0, 0, 0, 0, 0, 0, 0, 0, 0, 0, 0, 0, 0, 0, 0, 0, 0, 0
27.5532, 0, 0, 0, 1.41421, 0, 0, 0, 0, 0, 0, 0, 0, 0, 0, 0, 0, 0, 0, 0, 0, 0, 0, 0, 0
27.5611, 0, 0, 0, 1.41421, 0, 0, 0, 0, 0, 0, 0, 0, 0, 0, 0, 0, 0, 0, 0, 0, 0, 0, 0, 0
27.5689, 0, 0, 0, 1.41421, 0, 0, 0, 0, 0, 0, 0, 0, 0, 0, 0, 0, 0, 0, 0, 0, 0, 0, 0, 0
27.5768, 0, 0, 0, 1.41421, 0, 0, 0, 0, 0, 0, 0, 0, 0, 0, 0, 0, 0, 0, 0, 0, 0, 0, 0, 0
27.5847, 0, 0, 0, 1.41421, 0, 0, 0, 0, 0, 0, 0, 0, 0, 0, 0, 0, 0, 0, 0, 0, 0, 0, 0, 0
27.5926, 0, 0, 0, 1.41421, 0, 0, 0, 0, 0, 0, 0, 0, 0, 0, 0, 0, 0, 0, 0, 0, 0, 0, 0, 0
27.6005, 0, 0, 0, 1.41421, 0, 0, 0, 0, 0, 0, 0, 0, 0, 0, 0, 0, 0, 0, 0, 0, 0, 0, 0, 0
27.6084, 0, 0, 0, 1.41421, 0, 0, 0, 0, 0, 0, 0, 0, 0, 0, 0, 0, 0, 0, 0, 0, 0, 0, 0, 0
27.6163, 0, 0, 0, 1.41421, 0, 0, 0, 0, 0, 0, 0, 0, 0, 0, 0, 0, 0, 0, 0, 0, 0, 0, 0, 0
27.6241, 0, 0, 0, 1.41421, 0, 0, 0, 0, 0, 0, 0, 0, 0, 0, 0, 0, 0, 0, 0, 0, 0, 0, 0, 0
27.632, 0, 0, 0, 1.41421, 0, 0, 0, 0, 0, 0, 0, 0, 0, 0, 0, 0, 0, 0, 0, 0, 0, 0, 0, 0
27.6399, 0, 0, 0, 1.41421, 0, 0, 0, 0, 0, 0, 0, 0, 0, 0, 0, 0, 0, 0, 0, 0, 0, 0, 0, 0
27.6478, 0, 0, 0, 1.41421, 0, 0, 0, 0, 0, 0, 0, 0, 0, 0, 0, 0, 0, 0, 0, 0, 0, 0, 0, 0
27.6557, 0, 0, 0, 1.41421, 0, 0, 0, 0, 0, 0, 0, 0, 0, 0, 0, 0, 0, 0, 0, 0, 0, 0, 0, 0
27.6636, 0, 0, 0, 1.41421, 0, 0, 0, 0, 0, 0, 0, 0, 0, 0, 0, 0, 0, 0, 0, 0, 0, 0, 0, 0
27.6714, 0, 0, 0, 1.41421, 0, 0, 0, 0, 0, 0, 0, 0, 0, 0, 0, 0, 0, 0, 0, 0, 0, 0, 0, 0
27.6793, 0, 0, 0, 1.41421, 0, 0, 0, 0, 0, 0, 0, 0, 0, 0, 0, 0, 0, 0, 0, 0, 0, 0, 0, 0
27.6872, 0, 0, 0, 1.41421, 0, 0, 0, 0, 0, 0, 0, 0, 0, 0, 0, 0, 0, 0, 0, 0, 0, 0, 0, 0
27.6951, 0, 0, 0, 1.41421, 0, 0, 0, 0, 0, 0, 0, 0, 0, 0, 0, 0, 0, 0, 0, 0, 0, 0, 0, 0
27.703, 0, 0, 0, 1.41421, 0, 0, 0, 0, 0, 0, 0, 0, 0, 0, 0, 0, 0, 0, 0, 0, 0, 0, 0, 0
27.7109, 0, 0, 0, 1.41421, 0, 0, 0, 0, 0, 0, 0, 0, 0, 0, 0, 0, 0, 0, 0, 0, 0, 0, 0, 0
27.7187, 0, 0, 0, 1.41421, 0, 0, 0, 0, 0, 0, 0, 0, 0, 0, 0, 0, 0, 0, 0, 0, 0, 0, 0, 0
27.7266, 0, 0, 0, 1.41421, 0, 0, 0, 0, 0, 0, 0, 0, 0, 0, 0, 0, 0, 0, 0, 0, 0, 0, 0, 0
27.7345, 0, 0, 0, 1.41421, 0, 0, 0, 0, 0, 0, 0, 0, 0, 0, 0, 0, 0, 0, 0, 0, 0, 0, 0, 0
27.7424, 0, 0, 0, 1.41421, 0, 0, 0, 0, 0, 0, 0, 0, 0, 0, 0, 0, 0, 0, 0, 0, 0, 0, 0, 0
27.7503, 0, 0, 0, 1.41421, 0, 0, 0, 0, 0, 0, 0, 0, 0, 0, 0, 0, 0, 0, 0, 0, 0, 0, 0, 0
27.7582, 0, 0, 0, 1.41421, 0, 0, 0, 0, 0, 0, 0, 0, 0, 0, 0, 0, 0, 0, 0, 0, 0, 0, 0, 0
27.766, 0, 0, 0, 1.41421, 0, 0, 0, 0, 0, 0, 0, 0, 0, 0, 0, 0, 0, 0, 0, 0, 0, 0, 0, 0
27.7739, 0, 0, 0, 1.41421, 0, 0, 0, 0, 0, 0, 0, 0, 0, 0, 0, 0, 0, 0, 0, 0, 0, 0, 0, 0
27.7818, 0, 0, 0, 1.41421, 0, 0, 0, 0, 0, 0, 0, 0, 0, 0, 0, 0, 0, 0, 0, 0, 0, 0, 0, 0
27.7897, 0, 0, 0, 1.41421, 0, 0, 0, 0, 0, 0, 0, 0, 0, 0, 0, 0, 0, 0, 0, 0, 0, 0, 0, 0
27.7976, 0, 0, 0, 1.41421, 0, 0, 0, 0, 0, 0, 0, 0, 0, 0, 0, 0, 0, 0, 0, 0, 0, 0, 0, 0
27.8055, 0, 0, 0, 1.41421, 0, 0, 0, 0, 0, 0, 0, 0, 0, 0, 0, 0, 0, 0, 0, 0, 0, 0, 0, 0
27.8133, 0, 0, 0, 1.41421, 0, 0, 0, 0, 0, 0, 0, 0, 0, 0, 0, 0, 0, 0, 0, 0, 0, 0, 0, 0
27.8212, 0, 0, 0, 1.41421, 0, 0, 0, 0, 0, 0, 0, 0, 0, 0, 0, 0, 0, 0, 0, 0, 0, 0, 0, 0
27.8291, 0, 0, 0, 1.41421, 0, 0, 0, 0, 0, 0, 0, 0, 0, 0, 0, 0, 0, 0, 0, 0, 0, 0, 0, 0
27.837, 0, 0, 0, 1.41421, 0, 0, 0, 0, 0, 0, 0, 0, 0, 0, 0, 0, 0, 0, 0, 0, 0, 0, 0, 0
27.8449, 0, 0, 0, 1.41421, 0, 0, 0, 0, 0, 0, 0, 0, 0, 0, 0, 0, 0, 0, 0, 0, 0, 0, 0, 0
27.8528, 0, 0, 0, 1.41421, 0, 0, 0, 0, 0, 0, 0, 0, 0, 0, 0, 0, 0, 0, 0, 0, 0, 0, 0, 0
27.8607, 0, 0, 0, 1.41421, 0, 0, 0, 0, 0, 0, 0, 0, 0, 0, 0, 0, 0, 0, 0, 0, 0, 0, 0, 0
27.8685, 0, 0, 0, 1.41421, 0, 0, 0, 0, 0, 0, 0, 0, 0, 0, 0, 0, 0, 0, 0, 0, 0, 0, 0, 0
27.8764, 0, 0, 0, 1.41421, 0, 0, 0, 0, 0, 0, 0, 0, 0, 0, 0, 0, 0, 0, 0, 0, 0, 0, 0, 0
27.8843, 0, 0, 0, 1.41421, 0, 0, 0, 0, 0, 0, 0, 0, 0, 0, 0, 0, 0, 0, 0, 0, 0, 0, 0, 0
27.8922, 0, 0, 0, 1.41421, 0, 0, 0, 0, 0, 0, 0, 0, 0, 0, 0, 0, 0, 0, 0, 0, 0, 0, 0, 0
27.9001, 0, 0, 0, 1.41421, 0, 0, 0, 0, 0, 0, 0, 0, 0, 0, 0, 0, 0, 0, 0, 0, 0, 0, 0, 0
27.908, 0, 0, 0, 1.41421, 0, 0, 0, 0, 0, 0, 0, 0, 0, 0, 0, 0, 0, 0, 0, 0, 0, 0, 0, 0
27.9158, 0, 0, 0, 1.41421, 0, 0, 0, 0, 0, 0, 0, 0, 0, 0, 0, 0, 0, 0, 0, 0, 0, 0, 0, 0
27.9237, 0, 0, 0, 1.41421, 0, 0, 0, 0, 0, 0, 0, 0, 0, 0, 0, 0, 0, 0, 0, 0, 0, 0, 0, 0
27.9316, 0, 0, 0, 1.41421, 0, 0, 0, 0, 0, 0, 0, 0, 0, 0, 0, 0, 0, 0, 0, 0, 0, 0, 0, 0
27.9395, 0, 0, 0, 1.41421, 0, 0, 0, 0, 0, 0, 0, 0, 0, 0, 0, 0, 0, 0, 0, 0, 0, 0, 0, 0
27.9474, 0, 0, 0, 1.41421, 0, 0, 0, 0, 0, 0, 0, 0, 0, 0, 0, 0, 0, 0, 0, 0, 0, 0, 0, 0
27.9553, 0, 0, 0, 1.41421, 0, 0, 0, 0, 0, 0, 0, 0, 0, 0, 0, 0, 0, 0, 0, 0, 0, 0, 0, 0
27.9631, 0, 0, 0, 1.41421, 0, 0, 0, 0, 0, 0, 0, 0, 0, 0, 0, 0, 0, 0, 0, 0, 0, 0, 0, 0
27.971, 0, 0, 0, 1.41421, 0, 0, 0, 0, 0, 0, 0, 0, 0, 0, 0, 0, 0, 0, 0, 0, 0, 0, 0, 0
27.9789, 0, 0, 0, 1.41421, 0, 0, 0, 0, 0, 0, 0, 0, 0, 0, 0, 0, 0, 0, 0, 0, 0, 0, 0, 0
27.9868, 0, 0, 0, 1.41421, 0, 0, 0, 0, 0, 0, 0, 0, 0, 0, 0, 0, 0, 0, 0, 0, 0, 0, 0, 0
27.9947, 0, 0, 0, 1.41421, 0, 0, 0, 0, 0, 0, 0, 0, 0, 0, 0, 0, 0, 0, 0, 0, 0, 0, 0, 0
28.0026, 0, 0, 0, 1.41421, 0, 0, 0, 0, 0, 0, 0, 0, 0, 0, 0, 0, 0, 0, 0, 0, 0, 0, 0, 0
28.0104, 0, 0, 0, 1.41421, 0, 0, 0, 0, 0, 0, 0, 0, 0, 0, 0, 0, 0, 0, 0, 0, 0, 0, 0, 0
28.0183, 0, 0, 0, 1.41421, 0, 0, 0, 0, 0, 0, 0, 0, 0, 0, 0, 0, 0, 0, 0, 0, 0, 0, 0, 0
28.0262, 0, 0, 0, 1.41421, 0, 0, 0, 0, 0, 0, 0, 0, 0, 0, 0, 0, 0, 0, 0, 0, 0, 0, 0, 0
28.0341, 0, 0, 0, 1.41421, 0, 0, 0, 0, 0, 0, 0, 0, 0, 0, 0, 0, 0, 0, 0, 0, 0, 0, 0, 0
28.042, 0, 0, 0, 1.41421, 0, 0, 0, 0, 0, 0, 0, 0, 0, 0, 0, 0, 0, 0, 0, 0, 0, 0, 0, 0
28.0499, 0, 0, 0, 1.41421, 0, 0, 0, 0, 0, 0, 0, 0, 0, 0, 0, 0, 0, 0, 0, 0, 0, 0, 0, 0
28.0577, 0, 0, 0, 1.41421, 0, 0, 0, 0, 0, 0, 0, 0, 0, 0, 0, 0, 0, 0, 0, 0, 0, 0, 0, 0
28.0656, 0, 0, 0, 1.41421, 0, 0, 0, 0, 0, 0, 0, 0, 0, 0, 0, 0, 0, 0, 0, 0, 0, 0, 0, 0
28.0735, 0, 0, 0, 1.41421, 0, 0, 0, 0, 0, 0, 0, 0, 0, 0, 0, 0, 0, 0, 0, 0, 0, 0, 0, 0
28.0814, 0, 0, 0, 1.41421, 0, 0, 0, 0, 0, 0, 0, 0, 0, 0, 0, 0, 0, 0, 0, 0, 0, 0, 0, 0
28.0893, 0, 0, 0, 1.41421, 0, 0, 0, 0, 0, 0, 0, 0, 0, 0, 0, 0, 0, 0, 0, 0, 0, 0, 0, 0
28.0972, 0, 0, 0, 1.41421, 0, 0, 0, 0, 0, 0, 0, 0, 0, 0, 0, 0, 0, 0, 0, 0, 0, 0, 0, 0
28.105, 0, 0, 0, 1.41421, 0, 0, 0, 0, 0, 0, 0, 0, 0, 0, 0, 0, 0, 0, 0, 0, 0, 0, 0, 0
28.1129, 0, 0, 0, 1.41421, 0, 0, 0, 0, 0, 0, 0, 0, 0, 0, 0, 0, 0, 0, 0, 0, 0, 0, 0, 0
28.1208, 0, 0, 0, 1.41421, 0, 0, 0, 0, 0, 0, 0, 0, 0, 0, 0, 0, 0, 0, 0, 0, 0, 0, 0, 0
28.1287, 0, 0, 0, 1.41421, 0, 0, 0, 0, 0, 0, 0, 0, 0, 0, 0, 0, 0, 0, 0, 0, 0, 0, 0, 0
28.1366, 0, 0, 0, 1.41421, 0, 0, 0, 0, 0, 0, 0, 0, 0, 0, 0, 0, 0, 0, 0, 0, 0, 0, 0, 0
28.1445, 0, 0, 0, 1.41421, 0, 0, 0, 0, 0, 0, 0, 0, 0, 0, 0, 0, 0, 0, 0, 0, 0, 0, 0, 0
28.1524, 0, 0, 0, 1.41421, 0, 0, 0, 0, 0, 0, 0, 0, 0, 0, 0, 0, 0, 0, 0, 0, 0, 0, 0, 0
28.1602, 0, 0, 0, 1.41421, 0, 0, 0, 0, 0, 0, 0, 0, 0, 0, 0, 0, 0, 0, 0, 0, 0, 0, 0, 0
28.1681, 0, 0, 0, 1.41421, 0, 0, 0, 0, 0, 0, 0, 0, 0, 0, 0, 0, 0, 0, 0, 0, 0, 0, 0, 0
28.176, 0, 0, 0, 1.41421, 0, 0, 0, 0, 0, 0, 0, 0, 0, 0, 0, 0, 0, 0, 0, 0, 0, 0, 0, 0
28.1839, 0, 0, 0, 1.41421, 0, 0, 0, 0, 0, 0, 0, 0, 0, 0, 0, 0, 0, 0, 0, 0, 0, 0, 0, 0
28.1918, 0, 0, 0, 1.41421, 0, 0, 0, 0, 0, 0, 0, 0, 0, 0, 0, 0, 0, 0, 0, 0, 0, 0, 0, 0
28.1997, 0, 0, 0, 1.41421, 0, 0, 0, 0, 0, 0, 0, 0, 0, 0, 0, 0, 0, 0, 0, 0, 0, 0, 0, 0
28.2075, 0, 0, 0, 1.41421, 0, 0, 0, 0, 0, 0, 0, 0, 0, 0, 0, 0, 0, 0, 0, 0, 0, 0, 0, 0
28.2154, 0, 0, 0, 1.41421, 0, 0, 0, 0, 0, 0, 0, 0, 0, 0, 0, 0, 0, 0, 0, 0, 0, 0, 0, 0
28.2233, 0, 0, 0, 1.41421, 0, 0, 0, 0, 0, 0, 0, 0, 0, 0, 0, 0, 0, 0, 0, 0, 0, 0, 0, 0
28.2312, 0, 0, 0, 1.41421, 0, 0, 0, 0, 0, 0, 0, 0, 0, 0, 0, 0, 0, 0, 0, 0, 0, 0, 0, 0
28.2391, 0, 0, 0, 1.41421, 0, 0, 0, 0, 0, 0, 0, 0, 0, 0, 0, 0, 0, 0, 0, 0, 0, 0, 0, 0
28.247, 0, 0, 0, 1.41421, 0, 0, 0, 0, 0, 0, 0, 0, 0, 0, 0, 0, 0, 0, 0, 0, 0, 0, 0, 0
28.2548, 0, 0, 0, 1.41421, 0, 0, 0, 0, 0, 0, 0, 0, 0, 0, 0, 0, 0, 0, 0, 0, 0, 0, 0, 0
28.2627, 0, 0, 0, 1.41421, 0, 0, 0, 0, 0, 0, 0, 0, 0, 0, 0, 0, 0, 0, 0, 0, 0, 0, 0, 0
28.2706, 0, 0, 0, 1.41421, 0, 0, 0, 0, 0, 0, 0, 0, 0, 0, 0, 0, 0, 0, 0, 0, 0, 0, 0, 0
28.2785, 0, 0, 0, 1.41421, 0, 0, 0, 0, 0, 0, 0, 0, 0, 0, 0, 0, 0, 0, 0, 0, 0, 0, 0, 0
28.2864, 0, 0, 0, 1.41421, 0, 0, 0, 0, 0, 0, 0, 0, 0, 0, 0, 0, 0, 0, 0, 0, 0, 0, 0, 0
28.2943, 0, 0, 0, 1.41421, 0, 0, 0, 0, 0, 0, 0, 0, 0, 0, 0, 0, 0, 0, 0, 0, 0, 0, 0, 0
28.3021, 0, 0, 0, 1.41421, 0, 0, 0, 0, 0, 0, 0, 0, 0, 0, 0, 0, 0, 0, 0, 0, 0, 0, 0, 0
28.31, 0, 0, 0, 1.41421, 0, 0, 0, 0, 0, 0, 0, 0, 0, 0, 0, 0, 0, 0, 0, 0, 0, 0, 0, 0
28.3179, 0, 0, 0, 1.41421, 0, 0, 0, 0, 0, 0, 0, 0, 0, 0, 0, 0, 0, 0, 0, 0, 0, 0, 0, 0
28.3258, 0, 0, 0, 1.41421, 0, 0, 0, 0, 0, 0, 0, 0, 0, 0, 0, 0, 0, 0, 0, 0, 0, 0, 0, 0
28.3337, 0, 0, 0, 1.41421, 0, 0, 0, 0, 0, 0, 0, 0, 0, 0, 0, 0, 0, 0, 0, 0, 0, 0, 0, 0
28.3416, 0, 0, 0, 1.41421, 0, 0, 0, 0, 0, 0, 0, 0, 0, 0, 0, 0, 0, 0, 0, 0, 0, 0, 0, 0
28.3494, 0, 0, 0, 1.41421, 0, 0, 0, 0, 0, 0, 0, 0, 0, 0, 0, 0, 0, 0, 0, 0, 0, 0, 0, 0
28.3573, 0, 0, 0, 1.41421, 0, 0, 0, 0, 0, 0, 0, 0, 0, 0, 0, 0, 0, 0, 0, 0, 0, 0, 0, 0
28.3652, 0, 0, 0, 1.41421, 0, 0, 0, 0, 0, 0, 0, 0, 0, 0, 0, 0, 0, 0, 0, 0, 0, 0, 0, 0
28.3731, 0, 0, 0, 1.41421, 0, 0, 0, 0, 0, 0, 0, 0, 0, 0, 0, 0, 0, 0, 0, 0, 0, 0, 0, 0
28.381, 0, 0, 0, 1.41421, 0, 0, 0, 0, 0, 0, 0, 0, 0, 0, 0, 0, 0, 0, 0, 0, 0, 0, 0, 0
28.3889, 0, 0, 0, 1.41421, 0, 0, 0, 0, 0, 0, 0, 0, 0, 0, 0, 0, 0, 0, 0, 0, 0, 0, 0, 0
28.3968, 0, 0, 0, 1.41421, 0, 0, 0, 0, 0, 0, 0, 0, 0, 0, 0, 0, 0, 0, 0, 0, 0, 0, 0, 0
28.4046, 0, 0, 0, 1.41421, 0, 0, 0, 0, 0, 0, 0, 0, 0, 0, 0, 0, 0, 0, 0, 0, 0, 0, 0, 0
28.4125, 0, 0, 0, 1.41421, 0, 0, 0, 0, 0, 0, 0, 0, 0, 0, 0, 0, 0, 0, 0, 0, 0, 0, 0, 0
28.4204, 0, 0, 0, 1.41421, 0, 0, 0, 0, 0, 0, 0, 0, 0, 0, 0, 0, 0, 0, 0, 0, 0, 0, 0, 0
28.4283, 0, 0, 0, 1.41421, 0, 0, 0, 0, 0, 0, 0, 0, 0, 0, 0, 0, 0, 0, 0, 0, 0, 0, 0, 0
28.4362, 0, 0, 0, 1.41421, 0, 0, 0, 0, 0, 0, 0, 0, 0, 0, 0, 0, 0, 0, 0, 0, 0, 0, 0, 0
28.4441, 0, 0, 0, 1.41421, 0, 0, 0, 0, 0, 0, 0, 0, 0, 0, 0, 0, 0, 0, 0, 0, 0, 0, 0, 0
28.4519, 0, 0, 0, 1.41421, 0, 0, 0, 0, 0, 0, 0, 0, 0, 0, 0, 0, 0, 0, 0, 0, 0, 0, 0, 0
28.4598, 0, 0, 0, 1.41421, 0, 0, 0, 0, 0, 0, 0, 0, 0, 0, 0, 0, 0, 0, 0, 0, 0, 0, 0, 0
28.4677, 0, 0, 0, 1.41421, 0, 0, 0, 0, 0, 0, 0, 0, 0, 0, 0, 0, 0, 0, 0, 0, 0, 0, 0, 0
28.4756, 0, 0, 0, 1.41421, 0, 0, 0, 0, 0, 0, 0, 0, 0, 0, 0, 0, 0, 0, 0, 0, 0, 0, 0, 0
28.4835, 0, 0, 0, 1.41421, 0, 0, 0, 0, 0, 0, 0, 0, 0, 0, 0, 0, 0, 0, 0, 0, 0, 0, 0, 0
28.4914, 0, 0, 0, 1.41421, 0, 0, 0, 0, 0, 0, 0, 0, 0, 0, 0, 0, 0, 0, 0, 0, 0, 0, 0, 0
28.4992, 0, 0, 0, 1.41421, 0, 0, 0, 0, 0, 0, 0, 0, 0, 0, 0, 0, 0, 0, 0, 0, 0, 0, 0, 0
28.5071, 0, 0, 0, 1.41421, 0, 0, 0, 0, 0, 0, 0, 0, 0, 0, 0, 0, 0, 0, 0, 0, 0, 0, 0, 0
28.515, 0, 0, 0, 1.41421, 0, 0, 0, 0, 0, 0, 0, 0, 0, 0, 0, 0, 0, 0, 0, 0, 0, 0, 0, 0
28.5229, 0, 0, 0, 1.41421, 0, 0, 0, 0, 0, 0, 0, 0, 0, 0, 0, 0, 0, 0, 0, 0, 0, 0, 0, 0
28.5308, 0, 0, 0, 1.41421, 0, 0, 0, 0, 0, 0, 0, 0, 0, 0, 0, 0, 0, 0, 0, 0, 0, 0, 0, 0
28.5387, 0, 0, 0, 1.41421, 0, 0, 0, 0, 0, 0, 0, 0, 0, 0, 0, 0, 0, 0, 0, 0, 0, 0, 0, 0
28.5465, 0, 0, 0, 1.41421, 0, 0, 0, 0, 0, 0, 0, 0, 0, 0, 0, 0, 0, 0, 0, 0, 0, 0, 0, 0
28.5544, 0, 0, 0, 1.41421, 0, 0, 0, 0, 0, 0, 0, 0, 0, 0, 0, 0, 0, 0, 0, 0, 0, 0, 0, 0
28.5623, 0, 0, 0, 1.41421, 0, 0, 0, 0, 0, 0, 0, 0, 0, 0, 0, 0, 0, 0, 0, 0, 0, 0, 0, 0
28.5702, 0, 0, 0, 1.41421, 0, 0, 0, 0, 0, 0, 0, 0, 0, 0, 0, 0, 0, 0, 0, 0, 0, 0, 0, 0
28.5781, 0, 0, 0, 1.41421, 0, 0, 0, 0, 0, 0, 0, 0, 0, 0, 0, 0, 0, 0, 0, 0, 0, 0, 0, 0
28.586, 0, 0, 0, 1.41421, 0, 0, 0, 0, 0, 0, 0, 0, 0, 0, 0, 0, 0, 0, 0, 0, 0, 0, 0, 0
28.5938, 0, 0, 0, 1.41421, 0, 0, 0, 0, 0, 0, 0, 0, 0, 0, 0, 0, 0, 0, 0, 0, 0, 0, 0, 0
28.6017, 0, 0, 0, 1.41421, 0, 0, 0, 0, 0, 0, 0, 0, 0, 0, 0, 0, 0, 0, 0, 0, 0, 0, 0, 0
28.6096, 0, 0, 0, 1.41421, 0, 0, 0, 0, 0, 0, 0, 0, 0, 0, 0, 0, 0, 0, 0, 0, 0, 0, 0, 0
28.6175, 0, 0, 0, 1.41421, 0, 0, 0, 0, 0, 0, 0, 0, 0, 0, 0, 0, 0, 0, 0, 0, 0, 0, 0, 0
28.6254, 0, 0, 0, 1.41421, 0, 0, 0, 0, 0, 0, 0, 0, 0, 0, 0, 0, 0, 0, 0, 0, 0, 0, 0, 0
28.6333, 0, 0, 0, 1.41421, 0, 0, 0, 0, 0, 0, 0, 0, 0, 0, 0, 0, 0, 0, 0, 0, 0, 0, 0, 0
28.6411, 0, 0, 0, 1.41421, 0, 0, 0, 0, 0, 0, 0, 0, 0, 0, 0, 0, 0, 0, 0, 0, 0, 0, 0, 0
28.649, 0, 0, 0, 1.41421, 0, 0, 0, 0, 0, 0, 0, 0, 0, 0, 0, 0, 0, 0, 0, 0, 0, 0, 0, 0
28.6569, 0, 0, 0, 1.41421, 0, 0, 0, 0, 0, 0, 0, 0, 0, 0, 0, 0, 0, 0, 0, 0, 0, 0, 0, 0
28.6648, 0, 0, 0, 1.41421, 0, 0, 0, 0, 0, 0, 0, 0, 0, 0, 0, 0, 0, 0, 0, 0, 0, 0, 0, 0
28.6727, 0, 0, 0, 1.41421, 0, 0, 0, 0, 0, 0, 0, 0, 0, 0, 0, 0, 0, 0, 0, 0, 0, 0, 0, 0
28.6806, 0, 0, 0, 1.41421, 0, 0, 0, 0, 0, 0, 0, 0, 0, 0, 0, 0, 0, 0, 0, 0, 0, 0, 0, 0
28.6885, 0, 0, 0, 1.41421, 0, 0, 0, 0, 0, 0, 0, 0, 0, 0, 0, 0, 0, 0, 0, 0, 0, 0, 0, 0
28.6963, 0, 0, 0, 1.41421, 0, 0, 0, 0, 0, 0, 0, 0, 0, 0, 0, 0, 0, 0, 0, 0, 0, 0, 0, 0
28.7042, 0, 0, 0, 1.41421, 0, 0, 0, 0, 0, 0, 0, 0, 0, 0, 0, 0, 0, 0, 0, 0, 0, 0, 0, 0
28.7121, 0, 0, 0, 1.41421, 0, 0, 0, 0, 0, 0, 0, 0, 0, 0, 0, 0, 0, 0, 0, 0, 0, 0, 0, 0
28.72, 0, 0, 0, 1.41421, 0, 0, 0, 0, 0, 0, 0, 0, 0, 0, 0, 0, 0, 0, 0, 0, 0, 0, 0, 0
28.7279, 0, 0, 0, 1.41421, 0, 0, 0, 0, 0, 0, 0, 0, 0, 0, 0, 0, 0, 0, 0, 0, 0, 0, 0, 0
28.7358, 0, 0, 0, 1.41421, 0, 0, 0, 0, 0, 0, 0, 0, 0, 0, 0, 0, 0, 0, 0, 0, 0, 0, 0, 0
28.7436, 0, 0, 0, 1.41421, 0, 0, 0, 0, 0, 0, 0, 0, 0, 0, 0, 0, 0, 0, 0, 0, 0, 0, 0, 0
28.7515, 0, 0, 0, 1.41421, 0, 0, 0, 0, 0, 0, 0, 0, 0, 0, 0, 0, 0, 0, 0, 0, 0, 0, 0, 0
28.7594, 0, 0, 0, 1.41421, 0, 0, 0, 0, 0, 0, 0, 0, 0, 0, 0, 0, 0, 0, 0, 0, 0, 0, 0, 0
28.7673, 0, 0, 0, 1.41421, 0, 0, 0, 0, 0, 0, 0, 0, 0, 0, 0, 0, 0, 0, 0, 0, 0, 0, 0, 0
28.7752, 0, 0, 0, 1.41421, 0, 0, 0, 0, 0, 0, 0, 0, 0, 0, 0, 0, 0, 0, 0, 0, 0, 0, 0, 0
28.7831, 0, 0, 0, 1.41421, 0, 0, 0, 0, 0, 0, 0, 0, 0, 0, 0, 0, 0, 0, 0, 0, 0, 0, 0, 0
28.7909, 0, 0, 0, 1.41421, 0, 0, 0, 0, 0, 0, 0, 0, 0, 0, 0, 0, 0, 0, 0, 0, 0, 0, 0, 0
28.7988, 0, 0, 0, 1.41421, 0, 0, 0, 0, 0, 0, 0, 0, 0, 0, 0, 0, 0, 0, 0, 0, 0, 0, 0, 0
28.8067, 0, 0, 0, 1.41421, 0, 0, 0, 0, 0, 0, 0, 0, 0, 0, 0, 0, 0, 0, 0, 0, 0, 0, 0, 0
28.8146, 0, 0, 0, 1.41421, 0, 0, 0, 0, 0, 0, 0, 0, 0, 0, 0, 0, 0, 0, 0, 0, 0, 0, 0, 0
28.8225, 0, 0, 0, 1.41421, 0, 0, 0, 0, 0, 0, 0, 0, 0, 0, 0, 0, 0, 0, 0, 0, 0, 0, 0, 0
28.8304, 0, 0, 0, 1.41421, 0, 0, 0, 0, 0, 0, 0, 0, 0, 0, 0, 0, 0, 0, 0, 0, 0, 0, 0, 0
28.8382, 0, 0, 0, 1.41421, 0, 0, 0, 0, 0, 0, 0, 0, 0, 0, 0, 0, 0, 0, 0, 0, 0, 0, 0, 0
28.8461, 0, 0, 0, 1.41421, 0, 0, 0, 0, 0, 0, 0, 0, 0, 0, 0, 0, 0, 0, 0, 0, 0, 0, 0, 0
28.854, 0, 0, 0, 1.41421, 0, 0, 0, 0, 0, 0, 0, 0, 0, 0, 0, 0, 0, 0, 0, 0, 0, 0, 0, 0
28.8619, 0, 0, 0, 1.41421, 0, 0, 0, 0, 0, 0, 0, 0, 0, 0, 0, 0, 0, 0, 0, 0, 0, 0, 0, 0
28.8698, 0, 0, 0, 1.41421, 0, 0, 0, 0, 0, 0, 0, 0, 0, 0, 0, 0, 0, 0, 0, 0, 0, 0, 0, 0
28.8777, 0, 0, 0, 1.41421, 0, 0, 0, 0, 0, 0, 0, 0, 0, 0, 0, 0, 0, 0, 0, 0, 0, 0, 0, 0
28.8855, 0, 0, 0, 1.41421, 0, 0, 0, 0, 0, 0, 0, 0, 0, 0, 0, 0, 0, 0, 0, 0, 0, 0, 0, 0
28.8934, 0, 0, 0, 1.41421, 0, 0, 0, 0, 0, 0, 0, 0, 0, 0, 0, 0, 0, 0, 0, 0, 0, 0, 0, 0
28.9013, 0, 0, 0, 1.41421, 0, 0, 0, 0, 0, 0, 0, 0, 0, 0, 0, 0, 0, 0, 0, 0, 0, 0, 0, 0
28.9092, 0, 0, 0, 1.41421, 0, 0, 0, 0, 0, 0, 0, 0, 0, 0, 0, 0, 0, 0, 0, 0, 0, 0, 0, 0
28.9171, 0, 0, 0, 1.41421, 0, 0, 0, 0, 0, 0, 0, 0, 0, 0, 0, 0, 0, 0, 0, 0, 0, 0, 0, 0
28.925, 0, 0, 0, 1.41421, 0, 0, 0, 0, 0, 0, 0, 0, 0, 0, 0, 0, 0, 0, 0, 0, 0, 0, 0, 0
28.9329, 0, 0, 0, 1.41421, 0, 0, 0, 0, 0, 0, 0, 0, 0, 0, 0, 0, 0, 0, 0, 0, 0, 0, 0, 0
28.9407, 0, 0, 0, 1.41421, 0, 0, 0, 0, 0, 0, 0, 0, 0, 0, 0, 0, 0, 0, 0, 0, 0, 0, 0, 0
28.9486, 0, 0, 0, 1.41421, 0, 0, 0, 0, 0, 0, 0, 0, 0, 0, 0, 0, 0, 0, 0, 0, 0, 0, 0, 0
28.9565, 0, 0, 0, 1.41421, 0, 0, 0, 0, 0, 0, 0, 0, 0, 0, 0, 0, 0, 0, 0, 0, 0, 0, 0, 0
28.9644, 0, 0, 0, 1.41421, 0, 0, 0, 0, 0, 0, 0, 0, 0, 0, 0, 0, 0, 0, 0, 0, 0, 0, 0, 0
28.9723, 0, 0, 0, 1.41421, 0, 0, 0, 0, 0, 0, 0, 0, 0, 0, 0, 0, 0, 0, 0, 0, 0, 0, 0, 0
28.9802, 0, 0, 0, 1.41421, 0, 0, 0, 0, 0, 0, 0, 0, 0, 0, 0, 0, 0, 0, 0, 0, 0, 0, 0, 0
28.988, 0, 0, 0, 1.41421, 0, 0, 0, 0, 0, 0, 0, 0, 0, 0, 0, 0, 0, 0, 0, 0, 0, 0, 0, 0
28.9959, 0, 0, 0, 1.41421, 0, 0, 0, 0, 0, 0, 0, 0, 0, 0, 0, 0, 0, 0, 0, 0, 0, 0, 0, 0
29.0038, 0, 0, 0, 1.41421, 0, 0, 0, 0, 0, 0, 0, 0, 0, 0, 0, 0, 0, 0, 0, 0, 0, 0, 0, 0
29.0117, 0, 0, 0, 1.41421, 0, 0, 0, 0, 0, 0, 0, 0, 0, 0, 0, 0, 0, 0, 0, 0, 0, 0, 0, 0
29.0196, 0, 0, 0, 1.41421, 0, 0, 0, 0, 0, 0, 0, 0, 0, 0, 0, 0, 0, 0, 0, 0, 0, 0, 0, 0
29.0275, 0, 0, 0, 1.41421, 0, 0, 0, 0, 0, 0, 0, 0, 0, 0, 0, 0, 0, 0, 0, 0, 0, 0, 0, 0
29.0353, 0, 0, 0, 1.41421, 0, 0, 0, 0, 0, 0, 0, 0, 0, 0, 0, 0, 0, 0, 0, 0, 0, 0, 0, 0
29.0432, 0, 0, 0, 1.41421, 0, 0, 0, 0, 0, 0, 0, 0, 0, 0, 0, 0, 0, 0, 0, 0, 0, 0, 0, 0
29.0511, 0, 0, 0, 1.41421, 0, 0, 0, 0, 0, 0, 0, 0, 0, 0, 0, 0, 0, 0, 0, 0, 0, 0, 0, 0
29.059, 0, 0, 0, 1.41421, 0, 0, 0, 0, 0, 0, 0, 0, 0, 0, 0, 0, 0, 0, 0, 0, 0, 0, 0, 0
29.0669, 0, 0, 0, 1.41421, 0, 0, 0, 0, 0, 0, 0, 0, 0, 0, 0, 0, 0, 0, 0, 0, 0, 0, 0, 0
29.0748, 0, 0, 0, 1.41421, 0, 0, 0, 0, 0, 0, 0, 0, 0, 0, 0, 0, 0, 0, 0, 0, 0, 0, 0, 0
29.0826, 0, 0, 0, 1.41421, 0, 0, 0, 0, 0, 0, 0, 0, 0, 0, 0, 0, 0, 0, 0, 0, 0, 0, 0, 0
29.0905, 0, 0, 0, 1.41421, 0, 0, 0, 0, 0, 0, 0, 0, 0, 0, 0, 0, 0, 0, 0, 0, 0, 0, 0, 0
29.0984, 0, 0, 0, 1.41421, 0, 0, 0, 0, 0, 0, 0, 0, 0, 0, 0, 0, 0, 0, 0, 0, 0, 0, 0, 0
29.1063, 0, 0, 0, 1.41421, 0, 0, 0, 0, 0, 0, 0, 0, 0, 0, 0, 0, 0, 0, 0, 0, 0, 0, 0, 0
29.1142, 0, 0, 0, 1.41421, 0, 0, 0, 0, 0, 0, 0, 0, 0, 0, 0, 0, 0, 0, 0, 0, 0, 0, 0, 0
29.1221, 0, 0, 0, 1.41421, 0, 0, 0, 0, 0, 0, 0, 0, 0, 0, 0, 0, 0, 0, 0, 0, 0, 0, 0, 0
29.1299, 0, 0, 0, 1.41421, 0, 0, 0, 0, 0, 0, 0, 0, 0, 0, 0, 0, 0, 0, 0, 0, 0, 0, 0, 0
29.1378, 0, 0, 0, 1.41421, 0, 0, 0, 0, 0, 0, 0, 0, 0, 0, 0, 0, 0, 0, 0, 0, 0, 0, 0, 0
29.1457, 0, 0, 0, 1.41421, 0, 0, 0, 0, 0, 0, 0, 0, 0, 0, 0, 0, 0, 0, 0, 0, 0, 0, 0, 0
29.1536, 0, 0, 0, 1.41421, 0, 0, 0, 0, 0, 0, 0, 0, 0, 0, 0, 0, 0, 0, 0, 0, 0, 0, 0, 0
29.1615, 0, 0, 0, 1.41421, 0, 0, 0, 0, 0, 0, 0, 0, 0, 0, 0, 0, 0, 0, 0, 0, 0, 0, 0, 0
29.1694, 0, 0, 0, 1.41421, 0, 0, 0, 0, 0, 0, 0, 0, 0, 0, 0, 0, 0, 0, 0, 0, 0, 0, 0, 0
29.1773, 0, 0, 0, 1.41421, 0, 0, 0, 0, 0, 0, 0, 0, 0, 0, 0, 0, 0, 0, 0, 0, 0, 0, 0, 0
29.1851, 0, 0, 0, 1.41421, 0, 0, 0, 0, 0, 0, 0, 0, 0, 0, 0, 0, 0, 0, 0, 0, 0, 0, 0, 0
29.193, 0, 0, 0, 1.41421, 0, 0, 0, 0, 0, 0, 0, 0, 0, 0, 0, 0, 0, 0, 0, 0, 0, 0, 0, 0
29.2009, 0, 0, 0, 1.41421, 0, 0, 0, 0, 0, 0, 0, 0, 0, 0, 0, 0, 0, 0, 0, 0, 0, 0, 0, 0
29.2088, 0, 0, 0, 1.41421, 0, 0, 0, 0, 0, 0, 0, 0, 0, 0, 0, 0, 0, 0, 0, 0, 0, 0, 0, 0
29.2167, 0, 0, 0, 1.41421, 0, 0, 0, 0, 0, 0, 0, 0, 0, 0, 0, 0, 0, 0, 0, 0, 0, 0, 0, 0
29.2246, 0, 0, 0, 1.41421, 0, 0, 0, 0, 0, 0, 0, 0, 0, 0, 0, 0, 0, 0, 0, 0, 0, 0, 0, 0
29.2324, 0, 0, 0, 1.41421, 0, 0, 0, 0, 0, 0, 0, 0, 0, 0, 0, 0, 0, 0, 0, 0, 0, 0, 0, 0
29.2403, 0, 0, 0, 1.41421, 0, 0, 0, 0, 0, 0, 0, 0, 0, 0, 0, 0, 0, 0, 0, 0, 0, 0, 0, 0
29.2482, 0, 0, 0, 1.41421, 0, 0, 0, 0, 0, 0, 0, 0, 0, 0, 0, 0, 0, 0, 0, 0, 0, 0, 0, 0
29.2561, 0, 0, 0, 1.41421, 0, 0, 0, 0, 0, 0, 0, 0, 0, 0, 0, 0, 0, 0, 0, 0, 0, 0, 0, 0
29.264, 0, 0, 0, 1.41421, 0, 0, 0, 0, 0, 0, 0, 0, 0, 0, 0, 0, 0, 0, 0, 0, 0, 0, 0, 0
29.2719, 0, 0, 0, 1.41421, 0, 0, 0, 0, 0, 0, 0, 0, 0, 0, 0, 0, 0, 0, 0, 0, 0, 0, 0, 0
29.2797, 0, 0, 0, 1.41421, 0, 0, 0, 0, 0, 0, 0, 0, 0, 0, 0, 0, 0, 0, 0, 0, 0, 0, 0, 0
29.2876, 0, 0, 0, 1.41421, 0, 0, 0, 0, 0, 0, 0, 0, 0, 0, 0, 0, 0, 0, 0, 0, 0, 0, 0, 0
29.2955, 0, 0, 0, 1.41421, 0, 0, 0, 0, 0, 0, 0, 0, 0, 0, 0, 0, 0, 0, 0, 0, 0, 0, 0, 0
29.3034, 0, 0, 0, 1.41421, 0, 0, 0, 0, 0, 0, 0, 0, 0, 0, 0, 0, 0, 0, 0, 0, 0, 0, 0, 0
29.3113, 0, 0, 0, 1.41421, 0, 0, 0, 0, 0, 0, 0, 0, 0, 0, 0, 0, 0, 0, 0, 0, 0, 0, 0, 0
29.3192, 0, 0, 0, 1.41421, 0, 0, 0, 0, 0, 0, 0, 0, 0, 0, 0, 0, 0, 0, 0, 0, 0, 0, 0, 0
29.327, 0, 0, 0, 1.41421, 0, 0, 0, 0, 0, 0, 0, 0, 0, 0, 0, 0, 0, 0, 0, 0, 0, 0, 0, 0
29.3349, 0, 0, 0, 1.41421, 0, 0, 0, 0, 0, 0, 0, 0, 0, 0, 0, 0, 0, 0, 0, 0, 0, 0, 0, 0
29.3428, 0, 0, 0, 1.41421, 0, 0, 0, 0, 0, 0, 0, 0, 0, 0, 0, 0, 0, 0, 0, 0, 0, 0, 0, 0
29.3507, 0, 0, 0, 1.41421, 0, 0, 0, 0, 0, 0, 0, 0, 0, 0, 0, 0, 0, 0, 0, 0, 0, 0, 0, 0
29.3586, 0, 0, 0, 1.41421, 0, 0, 0, 0, 0, 0, 0, 0, 0, 0, 0, 0, 0, 0, 0, 0, 0, 0, 0, 0
29.3665, 0, 0, 0, 1.41421, 0, 0, 0, 0, 0, 0, 0, 0, 0, 0, 0, 0, 0, 0, 0, 0, 0, 0, 0, 0
29.3743, 0, 0, 0, 1.41421, 0, 0, 0, 0, 0, 0, 0, 0, 0, 0, 0, 0, 0, 0, 0, 0, 0, 0, 0, 0
29.3822, 0, 0, 0, 1.41421, 0, 0, 0, 0, 0, 0, 0, 0, 0, 0, 0, 0, 0, 0, 0, 0, 0, 0, 0, 0
29.3901, 0, 0, 0, 1.41421, 0, 0, 0, 0, 0, 0, 0, 0, 0, 0, 0, 0, 0, 0, 0, 0, 0, 0, 0, 0
29.398, 0, 0, 0, 1.41421, 0, 0, 0, 0, 0, 0, 0, 0, 0, 0, 0, 0, 0, 0, 0, 0, 0, 0, 0, 0
29.4059, 0, 0, 0, 1.41421, 0, 0, 0, 0, 0, 0, 0, 0, 0, 0, 0, 0, 0, 0, 0, 0, 0, 0, 0, 0
29.4138, 0, 0, 0, 1.41421, 0, 0, 0, 0, 0, 0, 0, 0, 0, 0, 0, 0, 0, 0, 0, 0, 0, 0, 0, 0
29.4216, 0, 0, 0, 1.41421, 0, 0, 0, 0, 0, 0, 0, 0, 0, 0, 0, 0, 0, 0, 0, 0, 0, 0, 0, 0
29.4295, 0, 0, 0, 1.41421, 0, 0, 0, 0, 0, 0, 0, 0, 0, 0, 0, 0, 0, 0, 0, 0, 0, 0, 0, 0
29.4374, 0, 0, 0, 1.41421, 0, 0, 0, 0, 0, 0, 0, 0, 0, 0, 0, 0, 0, 0, 0, 0, 0, 0, 0, 0
29.4453, 0, 0, 0, 1.41421, 0, 0, 0, 0, 0, 0, 0, 0, 0, 0, 0, 0, 0, 0, 0, 0, 0, 0, 0, 0
29.4532, 0, 0, 0, 1.41421, 0, 0, 0, 0, 0, 0, 0, 0, 0, 0, 0, 0, 0, 0, 0, 0, 0, 0, 0, 0
29.4611, 0, 0, 0, 1.41421, 0, 0, 0, 0, 0, 0, 0, 0, 0, 0, 0, 0, 0, 0, 0, 0, 0, 0, 0, 0
29.469, 0, 0, 0, 1.41421, 0, 0, 0, 0, 0, 0, 0, 0, 0, 0, 0, 0, 0, 0, 0, 0, 0, 0, 0, 0
29.4768, 0, 0, 0, 1.41421, 0, 0, 0, 0, 0, 0, 0, 0, 0, 0, 0, 0, 0, 0, 0, 0, 0, 0, 0, 0
29.4847, 0, 0, 0, 1.41421, 0, 0, 0, 0, 0, 0, 0, 0, 0, 0, 0, 0, 0, 0, 0, 0, 0, 0, 0, 0
29.4926, 0, 0, 0, 1.41421, 0, 0, 0, 0, 0, 0, 0, 0, 0, 0, 0, 0, 0, 0, 0, 0, 0, 0, 0, 0
29.5005, 0, 0, 0, 1.41421, 0, 0, 0, 0, 0, 0, 0, 0, 0, 0, 0, 0, 0, 0, 0, 0, 0, 0, 0, 0
29.5084, 0, 0, 0, 1.41421, 0, 0, 0, 0, 0, 0, 0, 0, 0, 0, 0, 0, 0, 0, 0, 0, 0, 0, 0, 0
29.5163, 0, 0, 0, 1.41421, 0, 0, 0, 0, 0, 0, 0, 0, 0, 0, 0, 0, 0, 0, 0, 0, 0, 0, 0, 0
29.5241, 0, 0, 0, 1.41421, 0, 0, 0, 0, 0, 0, 0, 0, 0, 0, 0, 0, 0, 0, 0, 0, 0, 0, 0, 0
29.532, 0, 0, 0, 1.41421, 0, 0, 0, 0, 0, 0, 0, 0, 0, 0, 0, 0, 0, 0, 0, 0, 0, 0, 0, 0
29.5399, 0, 0, 0, 1.41421, 0, 0, 0, 0, 0, 0, 0, 0, 0, 0, 0, 0, 0, 0, 0, 0, 0, 0, 0, 0
29.5478, 0, 0, 0, 1.41421, 0, 0, 0, 0, 0, 0, 0, 0, 0, 0, 0, 0, 0, 0, 0, 0, 0, 0, 0, 0
29.5557, 0, 0, 0, 1.41421, 0, 0, 0, 0, 0, 0, 0, 0, 0, 0, 0, 0, 0, 0, 0, 0, 0, 0, 0, 0
29.5636, 0, 0, 0, 1.41421, 0, 0, 0, 0, 0, 0, 0, 0, 0, 0, 0, 0, 0, 0, 0, 0, 0, 0, 0, 0
29.5714, 0, 0, 0, 1.41421, 0, 0, 0, 0, 0, 0, 0, 0, 0, 0, 0, 0, 0, 0, 0, 0, 0, 0, 0, 0
29.5793, 0, 0, 0, 1.41421, 0, 0, 0, 0, 0, 0, 0, 0, 0, 0, 0, 0, 0, 0, 0, 0, 0, 0, 0, 0
29.5872, 0, 0, 0, 1.41421, 0, 0, 0, 0, 0, 0, 0, 0, 0, 0, 0, 0, 0, 0, 0, 0, 0, 0, 0, 0
29.5951, 0, 0, 0, 1.41421, 0, 0, 0, 0, 0, 0, 0, 0, 0, 0, 0, 0, 0, 0, 0, 0, 0, 0, 0, 0
29.603, 0, 0, 0, 1.41421, 0, 0, 0, 0, 0, 0, 0, 0, 0, 0, 0, 0, 0, 0, 0, 0, 0, 0, 0, 0
29.6109, 0, 0, 0, 1.41421, 0, 0, 0, 0, 0, 0, 0, 0, 0, 0, 0, 0, 0, 0, 0, 0, 0, 0, 0, 0
29.6187, 0, 0, 0, 1.41421, 0, 0, 0, 0, 0, 0, 0, 0, 0, 0, 0, 0, 0, 0, 0, 0, 0, 0, 0, 0
29.6266, 0, 0, 0, 1.41421, 0, 0, 0, 0, 0, 0, 0, 0, 0, 0, 0, 0, 0, 0, 0, 0, 0, 0, 0, 0
29.6345, 0, 0, 0, 1.41421, 0, 0, 0, 0, 0, 0, 0, 0, 0, 0, 0, 0, 0, 0, 0, 0, 0, 0, 0, 0
29.6424, 0, 0, 0, 1.41421, 0, 0, 0, 0, 0, 0, 0, 0, 0, 0, 0, 0, 0, 0, 0, 0, 0, 0, 0, 0
29.6503, 0, 0, 0, 1.41421, 0, 0, 0, 0, 0, 0, 0, 0, 0, 0, 0, 0, 0, 0, 0, 0, 0, 0, 0, 0
29.6582, 0, 0, 0, 1.41421, 0, 0, 0, 0, 0, 0, 0, 0, 0, 0, 0, 0, 0, 0, 0, 0, 0, 0, 0, 0
29.666, 0, 0, 0, 1.41421, 0, 0, 0, 0, 0, 0, 0, 0, 0, 0, 0, 0, 0, 0, 0, 0, 0, 0, 0, 0
29.6739, 0, 0, 0, 1.41421, 0, 0, 0, 0, 0, 0, 0, 0, 0, 0, 0, 0, 0, 0, 0, 0, 0, 0, 0, 0
29.6818, 0, 0, 0, 1.41421, 0, 0, 0, 0, 0, 0, 0, 0, 0, 0, 0, 0, 0, 0, 0, 0, 0, 0, 0, 0
29.6897, 0, 0, 0, 1.41421, 0, 0, 0, 0, 0, 0, 0, 0, 0, 0, 0, 0, 0, 0, 0, 0, 0, 0, 0, 0
29.6976, 0, 0, 0, 1.41421, 0, 0, 0, 0, 0, 0, 0, 0, 0, 0, 0, 0, 0, 0, 0, 0, 0, 0, 0, 0
29.7055, 0, 0, 0, 1.41421, 0, 0, 0, 0, 0, 0, 0, 0, 0, 0, 0, 0, 0, 0, 0, 0, 0, 0, 0, 0
29.7134, 0, 0, 0, 1.41421, 0, 0, 0, 0, 0, 0, 0, 0, 0, 0, 0, 0, 0, 0, 0, 0, 0, 0, 0, 0
29.7212, 0, 0, 0, 1.41421, 0, 0, 0, 0, 0, 0, 0, 0, 0, 0, 0, 0, 0, 0, 0, 0, 0, 0, 0, 0
29.7291, 0, 0, 0, 1.41421, 0, 0, 0, 0, 0, 0, 0, 0, 0, 0, 0, 0, 0, 0, 0, 0, 0, 0, 0, 0
29.737, 0, 0, 0, 1.41421, 0, 0, 0, 0, 0, 0, 0, 0, 0, 0, 0, 0, 0, 0, 0, 0, 0, 0, 0, 0
29.7449, 0, 0, 0, 1.41421, 0, 0, 0, 0, 0, 0, 0, 0, 0, 0, 0, 0, 0, 0, 0, 0, 0, 0, 0, 0
29.7528, 0, 0, 0, 1.41421, 0, 0, 0, 0, 0, 0, 0, 0, 0, 0, 0, 0, 0, 0, 0, 0, 0, 0, 0, 0
29.7607, 0, 0, 0, 1.41421, 0, 0, 0, 0, 0, 0, 0, 0, 0, 0, 0, 0, 0, 0, 0, 0, 0, 0, 0, 0
29.7685, 0, 0, 0, 1.41421, 0, 0, 0, 0, 0, 0, 0, 0, 0, 0, 0, 0, 0, 0, 0, 0, 0, 0, 0, 0
29.7764, 0, 0, 0, 1.41421, 0, 0, 0, 0, 0, 0, 0, 0, 0, 0, 0, 0, 0, 0, 0, 0, 0, 0, 0, 0
29.7843, 0, 0, 0, 1.41421, 0, 0, 0, 0, 0, 0, 0, 0, 0, 0, 0, 0, 0, 0, 0, 0, 0, 0, 0, 0
29.7922, 0, 0, 0, 1.41421, 0, 0, 0, 0, 0, 0, 0, 0, 0, 0, 0, 0, 0, 0, 0, 0, 0, 0, 0, 0
29.8001, 0, 0, 0, 1.41421, 0, 0, 0, 0, 0, 0, 0, 0, 0, 0, 0, 0, 0, 0, 0, 0, 0, 0, 0, 0
29.808, 0, 0, 0, 1.41421, 0, 0, 0, 0, 0, 0, 0, 0, 0, 0, 0, 0, 0, 0, 0, 0, 0, 0, 0, 0
29.8158, 0, 0, 0, 1.41421, 0, 0, 0, 0, 0, 0, 0, 0, 0, 0, 0, 0, 0, 0, 0, 0, 0, 0, 0, 0
29.8237, 0, 0, 0, 1.41421, 0, 0, 0, 0, 0, 0, 0, 0, 0, 0, 0, 0, 0, 0, 0, 0, 0, 0, 0, 0
29.8316, 0, 0, 0, 1.41421, 0, 0, 0, 0, 0, 0, 0, 0, 0, 0, 0, 0, 0, 0, 0, 0, 0, 0, 0, 0
29.8395, 0, 0, 0, 1.41421, 0, 0, 0, 0, 0, 0, 0, 0, 0, 0, 0, 0, 0, 0, 0, 0, 0, 0, 0, 0
29.8474, 0, 0, 0, 1.41421, 0, 0, 0, 0, 0, 0, 0, 0, 0, 0, 0, 0, 0, 0, 0, 0, 0, 0, 0, 0
29.8553, 0, 0, 0, 1.41421, 0, 0, 0, 0, 0, 0, 0, 0, 0, 0, 0, 0, 0, 0, 0, 0, 0, 0, 0, 0
29.8631, 0, 0, 0, 1.41421, 0, 0, 0, 0, 0, 0, 0, 0, 0, 0, 0, 0, 0, 0, 0, 0, 0, 0, 0, 0
29.871, 0, 0, 0, 1.41421, 0, 0, 0, 0, 0, 0, 0, 0, 0, 0, 0, 0, 0, 0, 0, 0, 0, 0, 0, 0
29.8789, 0, 0, 0, 1.41421, 0, 0, 0, 0, 0, 0, 0, 0, 0, 0, 0, 0, 0, 0, 0, 0, 0, 0, 0, 0
29.8868, 0, 0, 0, 1.41421, 0, 0, 0, 0, 0, 0, 0, 0, 0, 0, 0, 0, 0, 0, 0, 0, 0, 0, 0, 0
29.8947, 0, 0, 0, 1.41421, 0, 0, 0, 0, 0, 0, 0, 0, 0, 0, 0, 0, 0, 0, 0, 0, 0, 0, 0, 0
29.9026, 0, 0, 0, 1.41421, 0, 0, 0, 0, 0, 0, 0, 0, 0, 0, 0, 0, 0, 0, 0, 0, 0, 0, 0, 0
29.9104, 0, 0, 0, 1.41421, 0, 0, 0, 0, 0, 0, 0, 0, 0, 0, 0, 0, 0, 0, 0, 0, 0, 0, 0, 0
29.9183, 0, 0, 0, 1.41421, 0, 0, 0, 0, 0, 0, 0, 0, 0, 0, 0, 0, 0, 0, 0, 0, 0, 0, 0, 0
29.9262, 0, 0, 0, 1.41421, 0, 0, 0, 0, 0, 0, 0, 0, 0, 0, 0, 0, 0, 0, 0, 0, 0, 0, 0, 0
29.9341, 0, 0, 0, 1.41421, 0, 0, 0, 0, 0, 0, 0, 0, 0, 0, 0, 0, 0, 0, 0, 0, 0, 0, 0, 0
29.942, 0, 0, 0, 1.41421, 0, 0, 0, 0, 0, 0, 0, 0, 0, 0, 0, 0, 0, 0, 0, 0, 0, 0, 0, 0
29.9499, 0, 0, 0, 1.41421, 0, 0, 0, 0, 0, 0, 0, 0, 0, 0, 0, 0, 0, 0, 0, 0, 0, 0, 0, 0
29.9578, 0, 0, 0, 1.41421, 0, 0, 0, 0, 0, 0, 0, 0, 0, 0, 0, 0, 0, 0, 0, 0, 0, 0, 0, 0
29.9656, 0, 0, 0, 1.41421, 0, 0, 0, 0, 0, 0, 0, 0, 0, 0, 0, 0, 0, 0, 0, 0, 0, 0, 0, 0
29.9735, 0, 0, 0, 1.41421, 0, 0, 0, 0, 0, 0, 0, 0, 0, 0, 0, 0, 0, 0, 0, 0, 0, 0, 0, 0
29.9814, 0, 0, 0, 1.41421, 0, 0, 0, 0, 0, 0, 0, 0, 0, 0, 0, 0, 0, 0, 0, 0, 0, 0, 0, 0
29.9893, 0, 0, 0, 1.41421, 0, 0, 0, 0, 0, 0, 0, 0, 0, 0, 0, 0, 0, 0, 0, 0, 0, 0, 0, 0
29.9972, 0, 0, 0, 1.41421, 0, 0, 0, 0, 0, 0, 0, 0, 0, 0, 0, 0, 0, 0, 0, 0, 0, 0, 0, 0
30.0051, 0, 0, 0, 1.41421, 0, 0, 0, 0, 0, 0, 0, 0, 0, 0, 0, 0, 0, 0, 0, 0, 0, 0, 0, 0
30.0129, 0, 0, 0, 1.41421, 0, 0, 0, 0, 0, 0, 0, 0, 0, 0, 0, 0, 0, 0, 0, 0, 0, 0, 0, 0
30.0208, 0, 0, 0, 1.41421, 0, 0, 0, 0, 0, 0, 0, 0, 0, 0, 0, 0, 0, 0, 0, 0, 0, 0, 0, 0
30.0287, 0, 0, 0, 1.41421, 0, 0, 0, 0, 0, 0, 0, 0, 0, 0, 0, 0, 0, 0, 0, 0, 0, 0, 0, 0
30.0366, 0, 0, 0, 1.41421, 0, 0, 0, 0, 0, 0, 0, 0, 0, 0, 0, 0, 0, 0, 0, 0, 0, 0, 0, 0
30.0445, 0, 0, 0, 1.41421, 0, 0, 0, 0, 0, 0, 0, 0, 0, 0, 0, 0, 0, 0, 0, 0, 0, 0, 0, 0
30.0524, 0, 0, 0, 1.41421, 0, 0, 0, 0, 0, 0, 0, 0, 0, 0, 0, 0, 0, 0, 0, 0, 0, 0, 0, 0
30.0602, 0, 0, 0, 1.41421, 0, 0, 0, 0, 0, 0, 0, 0, 0, 0, 0, 0, 0, 0, 0, 0, 0, 0, 0, 0
30.0681, 0, 0, 0, 1.41421, 0, 0, 0, 0, 0, 0, 0, 0, 0, 0, 0, 0, 0, 0, 0, 0, 0, 0, 0, 0
30.076, 0, 0, 0, 1.41421, 0, 0, 0, 0, 0, 0, 0, 0, 0, 0, 0, 0, 0, 0, 0, 0, 0, 0, 0, 0
30.0839, 0, 0, 0, 1.41421, 0, 0, 0, 0, 0, 0, 0, 0, 0, 0, 0, 0, 0, 0, 0, 0, 0, 0, 0, 0
30.0918, 0, 0, 0, 1.41421, 0, 0, 0, 0, 0, 0, 0, 0, 0, 0, 0, 0, 0, 0, 0, 0, 0, 0, 0, 0
30.0997, 0, 0, 0, 1.41421, 0, 0, 0, 0, 0, 0, 0, 0, 0, 0, 0, 0, 0, 0, 0, 0, 0, 0, 0, 0
30.1075, 0, 0, 0, 1.41421, 0, 0, 0, 0, 0, 0, 0, 0, 0, 0, 0, 0, 0, 0, 0, 0, 0, 0, 0, 0
30.1154, 0, 0, 0, 1.41421, 0, 0, 0, 0, 0, 0, 0, 0, 0, 0, 0, 0, 0, 0, 0, 0, 0, 0, 0, 0
30.1233, 0, 0, 0, 1.41421, 0, 0, 0, 0, 0, 0, 0, 0, 0, 0, 0, 0, 0, 0, 0, 0, 0, 0, 0, 0
30.1312, 0, 0, 0, 1.41421, 0, 0, 0, 0, 0, 0, 0, 0, 0, 0, 0, 0, 0, 0, 0, 0, 0, 0, 0, 0
30.1391, 0, 0, 0, 1.41421, 0, 0, 0, 0, 0, 0, 0, 0, 0, 0, 0, 0, 0, 0, 0, 0, 0, 0, 0, 0
30.147, 0, 0, 0, 1.41421, 0, 0, 0, 0, 0, 0, 0, 0, 0, 0, 0, 0, 0, 0, 0, 0, 0, 0, 0, 0
30.1548, 0, 0, 0, 1.41421, 0, 0, 0, 0, 0, 0, 0, 0, 0, 0, 0, 0, 0, 0, 0, 0, 0, 0, 0, 0
30.1627, 0, 0, 0, 1.41421, 0, 0, 0, 0, 0, 0, 0, 0, 0, 0, 0, 0, 0, 0, 0, 0, 0, 0, 0, 0
30.1706, 0, 0, 0, 1.41421, 0, 0, 0, 0, 0, 0, 0, 0, 0, 0, 0, 0, 0, 0, 0, 0, 0, 0, 0, 0
30.1785, 0, 0, 0, 1.41421, 0, 0, 0, 0, 0, 0, 0, 0, 0, 0, 0, 0, 0, 0, 0, 0, 0, 0, 0, 0
30.1864, 0, 0, 0, 1.41421, 0, 0, 0, 0, 0, 0, 0, 0, 0, 0, 0, 0, 0, 0, 0, 0, 0, 0, 0, 0
30.1943, 0, 0, 0, 1.41421, 0, 0, 0, 0, 0, 0, 0, 0, 0, 0, 0, 0, 0, 0, 0, 0, 0, 0, 0, 0
30.2022, 0, 0, 0, 1.41421, 0, 0, 0, 0, 0, 0, 0, 0, 0, 0, 0, 0, 0, 0, 0, 0, 0, 0, 0, 0
30.21, 0, 0, 0, 1.41421, 0, 0, 0, 0, 0, 0, 0, 0, 0, 0, 0, 0, 0, 0, 0, 0, 0, 0, 0, 0
30.2179, 0, 0, 0, 1.41421, 0, 0, 0, 0, 0, 0, 0, 0, 0, 0, 0, 0, 0, 0, 0, 0, 0, 0, 0, 0
30.2258, 0, 0, 0, 1.41421, 0, 0, 0, 0, 0, 0, 0, 0, 0, 0, 0, 0, 0, 0, 0, 0, 0, 0, 0, 0
30.2337, 0, 0, 0, 1.41421, 0, 0, 0, 0, 0, 0, 0, 0, 0, 0, 0, 0, 0, 0, 0, 0, 0, 0, 0, 0
30.2416, 0, 0, 0, 1.41421, 0, 0, 0, 0, 0, 0, 0, 0, 0, 0, 0, 0, 0, 0, 0, 0, 0, 0, 0, 0
30.2495, 0, 0, 0, 1.41421, 0, 0, 0, 0, 0, 0, 0, 0, 0, 0, 0, 0, 0, 0, 0, 0, 0, 0, 0, 0
30.2573, 0, 0, 0, 1.41421, 0, 0, 0, 0, 0, 0, 0, 0, 0, 0, 0, 0, 0, 0, 0, 0, 0, 0, 0, 0
30.2652, 0, 0, 0, 1.41421, 0, 0, 0, 0, 0, 0, 0, 0, 0, 0, 0, 0, 0, 0, 0, 0, 0, 0, 0, 0
30.2731, 0, 0, 0, 1.41421, 0, 0, 0, 0, 0, 0, 0, 0, 0, 0, 0, 0, 0, 0, 0, 0, 0, 0, 0, 0
30.281, 0, 0, 0, 1.41421, 0, 0, 0, 0, 0, 0, 0, 0, 0, 0, 0, 0, 0, 0, 0, 0, 0, 0, 0, 0
30.2889, 0, 0, 0, 1.41421, 0, 0, 0, 0, 0, 0, 0, 0, 0, 0, 0, 0, 0, 0, 0, 0, 0, 0, 0, 0
30.2968, 0, 0, 0, 1.41421, 0, 0, 0, 0, 0, 0, 0, 0, 0, 0, 0, 0, 0, 0, 0, 0, 0, 0, 0, 0
30.3046, 0, 0, 0, 1.41421, 0, 0, 0, 0, 0, 0, 0, 0, 0, 0, 0, 0, 0, 0, 0, 0, 0, 0, 0, 0
30.3125, 0, 0, 0, 1.41421, 0, 0, 0, 0, 0, 0, 0, 0, 0, 0, 0, 0, 0, 0, 0, 0, 0, 0, 0, 0
30.3204, 0, 0, 0, 1.41421, 0, 0, 0, 0, 0, 0, 0, 0, 0, 0, 0, 0, 0, 0, 0, 0, 0, 0, 0, 0
30.3283, 0, 0, 0, 1.41421, 0, 0, 0, 0, 0, 0, 0, 0, 0, 0, 0, 0, 0, 0, 0, 0, 0, 0, 0, 0
30.3362, 0, 0, 0, 1.41421, 0, 0, 0, 0, 0, 0, 0, 0, 0, 0, 0, 0, 0, 0, 0, 0, 0, 0, 0, 0
30.3441, 0, 0, 0, 1.41421, 0, 0, 0, 0, 0, 0, 0, 0, 0, 0, 0, 0, 0, 0, 0, 0, 0, 0, 0, 0
30.3519, 0, 0, 0, 1.41421, 0, 0, 0, 0, 0, 0, 0, 0, 0, 0, 0, 0, 0, 0, 0, 0, 0, 0, 0, 0
30.3598, 0, 0, 0, 1.41421, 0, 0, 0, 0, 0, 0, 0, 0, 0, 0, 0, 0, 0, 0, 0, 0, 0, 0, 0, 0
30.3677, 0, 0, 0, 1.41421, 0, 0, 0, 0, 0, 0, 0, 0, 0, 0, 0, 0, 0, 0, 0, 0, 0, 0, 0, 0
30.3756, 0, 0, 0, 1.41421, 0, 0, 0, 0, 0, 0, 0, 0, 0, 0, 0, 0, 0, 0, 0, 0, 0, 0, 0, 0
30.3835, 0, 0, 0, 1.41421, 0, 0, 0, 0, 0, 0, 0, 0, 0, 0, 0, 0, 0, 0, 0, 0, 0, 0, 0, 0
30.3914, 0, 0, 0, 1.41421, 0, 0, 0, 0, 0, 0, 0, 0, 0, 0, 0, 0, 0, 0, 0, 0, 0, 0, 0, 0
30.3992, 0, 0, 0, 1.41421, 0, 0, 0, 0, 0, 0, 0, 0, 0, 0, 0, 0, 0, 0, 0, 0, 0, 0, 0, 0
30.4071, 0, 0, 0, 1.41421, 0, 0, 0, 0, 0, 0, 0, 0, 0, 0, 0, 0, 0, 0, 0, 0, 0, 0, 0, 0
30.415, 0, 0, 0, 1.41421, 0, 0, 0, 0, 0, 0, 0, 0, 0, 0, 0, 0, 0, 0, 0, 0, 0, 0, 0, 0
30.4229, 0, 0, 0, 1.41421, 0, 0, 0, 0, 0, 0, 0, 0, 0, 0, 0, 0, 0, 0, 0, 0, 0, 0, 0, 0
30.4308, 0, 0, 0, 1.41421, 0, 0, 0, 0, 0, 0, 0, 0, 0, 0, 0, 0, 0, 0, 0, 0, 0, 0, 0, 0
30.4387, 0, 0, 0, 1.41421, 0, 0, 0, 0, 0, 0, 0, 0, 0, 0, 0, 0, 0, 0, 0, 0, 0, 0, 0, 0
30.4465, 0, 0, 0, 1.41421, 0, 0, 0, 0, 0, 0, 0, 0, 0, 0, 0, 0, 0, 0, 0, 0, 0, 0, 0, 0
30.4544, 0, 0, 0, 1.41421, 0, 0, 0, 0, 0, 0, 0, 0, 0, 0, 0, 0, 0, 0, 0, 0, 0, 0, 0, 0
30.4623, 0, 0, 0, 1.41421, 0, 0, 0, 0, 0, 0, 0, 0, 0, 0, 0, 0, 0, 0, 0, 0, 0, 0, 0, 0
30.4702, 0, 0, 0, 1.41421, 0, 0, 0, 0, 0, 0, 0, 0, 0, 0, 0, 0, 0, 0, 0, 0, 0, 0, 0, 0
30.4781, 0, 0, 0, 1.41421, 0, 0, 0, 0, 0, 0, 0, 0, 0, 0, 0, 0, 0, 0, 0, 0, 0, 0, 0, 0
30.486, 0, 0, 0, 1.41421, 0, 0, 0, 0, 0, 0, 0, 0, 0, 0, 0, 0, 0, 0, 0, 0, 0, 0, 0, 0
30.4939, 0, 0, 0, 1.41421, 0, 0, 0, 0, 0, 0, 0, 0, 0, 0, 0, 0, 0, 0, 0, 0, 0, 0, 0, 0
30.5017, 0, 0, 0, 1.41421, 0, 0, 0, 0, 0, 0, 0, 0, 0, 0, 0, 0, 0, 0, 0, 0, 0, 0, 0, 0
30.5096, 0, 0, 0, 1.41421, 0, 0, 0, 0, 0, 0, 0, 0, 0, 0, 0, 0, 0, 0, 0, 0, 0, 0, 0, 0
30.5175, 0, 0, 0, 1.41421, 0, 0, 0, 0, 0, 0, 0, 0, 0, 0, 0, 0, 0, 0, 0, 0, 0, 0, 0, 0
30.5254, 0, 0, 0, 1.41421, 0, 0, 0, 0, 0, 0, 0, 0, 0, 0, 0, 0, 0, 0, 0, 0, 0, 0, 0, 0
30.5333, 0, 0, 0, 1.41421, 0, 0, 0, 0, 0, 0, 0, 0, 0, 0, 0, 0, 0, 0, 0, 0, 0, 0, 0, 0
30.5412, 0, 0, 0, 1.41421, 0, 0, 0, 0, 0, 0, 0, 0, 0, 0, 0, 0, 0, 0, 0, 0, 0, 0, 0, 0
30.549, 0, 0, 0, 1.41421, 0, 0, 0, 0, 0, 0, 0, 0, 0, 0, 0, 0, 0, 0, 0, 0, 0, 0, 0, 0
30.5569, 0, 0, 0, 1.41421, 0, 0, 0, 0, 0, 0, 0, 0, 0, 0, 0, 0, 0, 0, 0, 0, 0, 0, 0, 0
30.5648, 0, 0, 0, 1.41421, 0, 0, 0, 0, 0, 0, 0, 0, 0, 0, 0, 0, 0, 0, 0, 0, 0, 0, 0, 0
30.5727, 0, 0, 0, 1.41421, 0, 0, 0, 0, 0, 0, 0, 0, 0, 0, 0, 0, 0, 0, 0, 0, 0, 0, 0, 0
30.5806, 0, 0, 0, 1.41421, 0, 0, 0, 0, 0, 0, 0, 0, 0, 0, 0, 0, 0, 0, 0, 0, 0, 0, 0, 0
30.5885, 0, 0, 0, 1.41421, 0, 0, 0, 0, 0, 0, 0, 0, 0, 0, 0, 0, 0, 0, 0, 0, 0, 0, 0, 0
30.5963, 0, 0, 0, 1.41421, 0, 0, 0, 0, 0, 0, 0, 0, 0, 0, 0, 0, 0, 0, 0, 0, 0, 0, 0, 0
30.6042, 0, 0, 0, 1.41421, 0, 0, 0, 0, 0, 0, 0, 0, 0, 0, 0, 0, 0, 0, 0, 0, 0, 0, 0, 0
30.6121, 0, 0, 0, 1.41421, 0, 0, 0, 0, 0, 0, 0, 0, 0, 0, 0, 0, 0, 0, 0, 0, 0, 0, 0, 0
30.62, 0, 0, 0, 1.41421, 0, 0, 0, 0, 0, 0, 0, 0, 0, 0, 0, 0, 0, 0, 0, 0, 0, 0, 0, 0
30.6279, 0, 0, 0, 1.41421, 0, 0, 0, 0, 0, 0, 0, 0, 0, 0, 0, 0, 0, 0, 0, 0, 0, 0, 0, 0
30.6358, 0, 0, 0, 1.41421, 0, 0, 0, 0, 0, 0, 0, 0, 0, 0, 0, 0, 0, 0, 0, 0, 0, 0, 0, 0
30.6436, 0, 0, 0, 1.41421, 0, 0, 0, 0, 0, 0, 0, 0, 0, 0, 0, 0, 0, 0, 0, 0, 0, 0, 0, 0
30.6515, 0, 0, 0, 1.41421, 0, 0, 0, 0, 0, 0, 0, 0, 0, 0, 0, 0, 0, 0, 0, 0, 0, 0, 0, 0
30.6594, 0, 0, 0, 1.41421, 0, 0, 0, 0, 0, 0, 0, 0, 0, 0, 0, 0, 0, 0, 0, 0, 0, 0, 0, 0
30.6673, 0, 0, 0, 1.41421, 0, 0, 0, 0, 0, 0, 0, 0, 0, 0, 0, 0, 0, 0, 0, 0, 0, 0, 0, 0
30.6752, 0, 0, 0, 1.41421, 0, 0, 0, 0, 0, 0, 0, 0, 0, 0, 0, 0, 0, 0, 0, 0, 0, 0, 0, 0
30.6831, 0, 0, 0, 1.41421, 0, 0, 0, 0, 0, 0, 0, 0, 0, 0, 0, 0, 0, 0, 0, 0, 0, 0, 0, 0
30.6909, 0, 0, 0, 1.41421, 0, 0, 0, 0, 0, 0, 0, 0, 0, 0, 0, 0, 0, 0, 0, 0, 0, 0, 0, 0
30.6988, 0, 0, 0, 1.41421, 0, 0, 0, 0, 0, 0, 0, 0, 0, 0, 0, 0, 0, 0, 0, 0, 0, 0, 0, 0
30.7067, 0, 0, 0, 1.41421, 0, 0, 0, 0, 0, 0, 0, 0, 0, 0, 0, 0, 0, 0, 0, 0, 0, 0, 0, 0
30.7146, 0, 0, 0, 1.41421, 0, 0, 0, 0, 0, 0, 0, 0, 0, 0, 0, 0, 0, 0, 0, 0, 0, 0, 0, 0
30.7225, 0, 0, 0, 1.41421, 0, 0, 0, 0, 0, 0, 0, 0, 0, 0, 0, 0, 0, 0, 0, 0, 0, 0, 0, 0
30.7304, 0, 0, 0, 1.41421, 0, 0, 0, 0, 0, 0, 0, 0, 0, 0, 0, 0, 0, 0, 0, 0, 0, 0, 0, 0
30.7383, 0, 0, 0, 1.41421, 0, 0, 0, 0, 0, 0, 0, 0, 0, 0, 0, 0, 0, 0, 0, 0, 0, 0, 0, 0
30.7461, 0, 0, 0, 1.41421, 0, 0, 0, 0, 0, 0, 0, 0, 0, 0, 0, 0, 0, 0, 0, 0, 0, 0, 0, 0
30.754, 0, 0, 0, 1.41421, 0, 0, 0, 0, 0, 0, 0, 0, 0, 0, 0, 0, 0, 0, 0, 0, 0, 0, 0, 0
30.7619, 0, 0, 0, 1.41421, 0, 0, 0, 0, 0, 0, 0, 0, 0, 0, 0, 0, 0, 0, 0, 0, 0, 0, 0, 0
30.7698, 0, 0, 0, 1.41421, 0, 0, 0, 0, 0, 0, 0, 0, 0, 0, 0, 0, 0, 0, 0, 0, 0, 0, 0, 0
30.7777, 0, 0, 0, 1.41421, 0, 0, 0, 0, 0, 0, 0, 0, 0, 0, 0, 0, 0, 0, 0, 0, 0, 0, 0, 0
30.7856, 0, 0, 0, 1.41421, 0, 0, 0, 0, 0, 0, 0, 0, 0, 0, 0, 0, 0, 0, 0, 0, 0, 0, 0, 0
30.7934, 0, 0, 0, 1.41421, 0, 0, 0, 0, 0, 0, 0, 0, 0, 0, 0, 0, 0, 0, 0, 0, 0, 0, 0, 0
30.8013, 0, 0, 0, 1.41421, 0, 0, 0, 0, 0, 0, 0, 0, 0, 0, 0, 0, 0, 0, 0, 0, 0, 0, 0, 0
30.8092, 0, 0, 0, 1.41421, 0, 0, 0, 0, 0, 0, 0, 0, 0, 0, 0, 0, 0, 0, 0, 0, 0, 0, 0, 0
30.8171, 0, 0, 0, 1.41421, 0, 0, 0, 0, 0, 0, 0, 0, 0, 0, 0, 0, 0, 0, 0, 0, 0, 0, 0, 0
30.825, 0, 0, 0, 1.41421, 0, 0, 0, 0, 0, 0, 0, 0, 0, 0, 0, 0, 0, 0, 0, 0, 0, 0, 0, 0
30.8329, 0, 0, 0, 1.41421, 0, 0, 0, 0, 0, 0, 0, 0, 0, 0, 0, 0, 0, 0, 0, 0, 0, 0, 0, 0
30.8407, 0, 0, 0, 1.41421, 0, 0, 0, 0, 0, 0, 0, 0, 0, 0, 0, 0, 0, 0, 0, 0, 0, 0, 0, 0
30.8486, 0, 0, 0, 1.41421, 0, 0, 0, 0, 0, 0, 0, 0, 0, 0, 0, 0, 0, 0, 0, 0, 0, 0, 0, 0
30.8565, 0, 0, 0, 1.41421, 0, 0, 0, 0, 0, 0, 0, 0, 0, 0, 0, 0, 0, 0, 0, 0, 0, 0, 0, 0
30.8644, 0, 0, 0, 1.41421, 0, 0, 0, 0, 0, 0, 0, 0, 0, 0, 0, 0, 0, 0, 0, 0, 0, 0, 0, 0
30.8723, 0, 0, 0, 1.41421, 0, 0, 0, 0, 0, 0, 0, 0, 0, 0, 0, 0, 0, 0, 0, 0, 0, 0, 0, 0
30.8802, 0, 0, 0, 1.41421, 0, 0, 0, 0, 0, 0, 0, 0, 0, 0, 0, 0, 0, 0, 0, 0, 0, 0, 0, 0
30.888, 0, 0, 0, 1.41421, 0, 0, 0, 0, 0, 0, 0, 0, 0, 0, 0, 0, 0, 0, 0, 0, 0, 0, 0, 0
30.8959, 0, 0, 0, 1.41421, 0, 0, 0, 0, 0, 0, 0, 0, 0, 0, 0, 0, 0, 0, 0, 0, 0, 0, 0, 0
30.9038, 0, 0, 0, 1.41421, 0, 0, 0, 0, 0, 0, 0, 0, 0, 0, 0, 0, 0, 0, 0, 0, 0, 0, 0, 0
30.9117, 0, 0, 0, 1.41421, 0, 0, 0, 0, 0, 0, 0, 0, 0, 0, 0, 0, 0, 0, 0, 0, 0, 0, 0, 0
30.9196, 0, 0, 0, 1.41421, 0, 0, 0, 0, 0, 0, 0, 0, 0, 0, 0, 0, 0, 0, 0, 0, 0, 0, 0, 0
30.9275, 0, 0, 0, 1.41421, 0, 0, 0, 0, 0, 0, 0, 0, 0, 0, 0, 0, 0, 0, 0, 0, 0, 0, 0, 0
30.9353, 0, 0, 0, 1.41421, 0, 0, 0, 0, 0, 0, 0, 0, 0, 0, 0, 0, 0, 0, 0, 0, 0, 0, 0, 0
30.9432, 0, 0, 0, 1.41421, 0, 0, 0, 0, 0, 0, 0, 0, 0, 0, 0, 0, 0, 0, 0, 0, 0, 0, 0, 0
30.9511, 0, 0, 0, 1.41421, 0, 0, 0, 0, 0, 0, 0, 0, 0, 0, 0, 0, 0, 0, 0, 0, 0, 0, 0, 0
30.959, 0, 0, 0, 1.41421, 0, 0, 0, 0, 0, 0, 0, 0, 0, 0, 0, 0, 0, 0, 0, 0, 0, 0, 0, 0
30.9669, 0, 0, 0, 1.41421, 0, 0, 0, 0, 0, 0, 0, 0, 0, 0, 0, 0, 0, 0, 0, 0, 0, 0, 0, 0
30.9748, 0, 0, 0, 1.41421, 0, 0, 0, 0, 0, 0, 0, 0, 0, 0, 0, 0, 0, 0, 0, 0, 0, 0, 0, 0
30.9827, 0, 0, 0, 1.41421, 0, 0, 0, 0, 0, 0, 0, 0, 0, 0, 0, 0, 0, 0, 0, 0, 0, 0, 0, 0
30.9905, 0, 0, 0, 1.41421, 0, 0, 0, 0, 0, 0, 0, 0, 0, 0, 0, 0, 0, 0, 0, 0, 0, 0, 0, 0
30.9984, 0, 0, 0, 1.41421, 0, 0, 0, 0, 0, 0, 0, 0, 0, 0, 0, 0, 0, 0, 0, 0, 0, 0, 0, 0
31.0063, 0, 0, 0, 1.41421, 0, 0, 0, 0, 0, 0, 0, 0, 0, 0, 0, 0, 0, 0, 0, 0, 0, 0, 0, 0
31.0142, 0, 0, 0, 1.41421, 0, 0, 0, 0, 0, 0, 0, 0, 0, 0, 0, 0, 0, 0, 0, 0, 0, 0, 0, 0
31.0221, 0, 0, 0, 1.41421, 0, 0, 0, 0, 0, 0, 0, 0, 0, 0, 0, 0, 0, 0, 0, 0, 0, 0, 0, 0
31.03, 0, 0, 0, 1.41421, 0, 0, 0, 0, 0, 0, 0, 0, 0, 0, 0, 0, 0, 0, 0, 0, 0, 0, 0, 0
31.0378, 0, 0, 0, 1.41421, 0, 0, 0, 0, 0, 0, 0, 0, 0, 0, 0, 0, 0, 0, 0, 0, 0, 0, 0, 0
31.0457, 0, 0, 0, 1.41421, 0, 0, 0, 0, 0, 0, 0, 0, 0, 0, 0, 0, 0, 0, 0, 0, 0, 0, 0, 0
31.0536, 0, 0, 0, 1.41421, 0, 0, 0, 0, 0, 0, 0, 0, 0, 0, 0, 0, 0, 0, 0, 0, 0, 0, 0, 0
31.0615, 0, 0, 0, 1.41421, 0, 0, 0, 0, 0, 0, 0, 0, 0, 0, 0, 0, 0, 0, 0, 0, 0, 0, 0, 0
31.0694, 0, 0, 0, 1.41421, 0, 0, 0, 0, 0, 0, 0, 0, 0, 0, 0, 0, 0, 0, 0, 0, 0, 0, 0, 0
31.0773, 0, 0, 0, 1.41421, 0, 0, 0, 0, 0, 0, 0, 0, 0, 0, 0, 0, 0, 0, 0, 0, 0, 0, 0, 0
31.0851, 0, 0, 0, 1.41421, 0, 0, 0, 0, 0, 0, 0, 0, 0, 0, 0, 0, 0, 0, 0, 0, 0, 0, 0, 0
31.093, 0, 0, 0, 1.41421, 0, 0, 0, 0, 0, 0, 0, 0, 0, 0, 0, 0, 0, 0, 0, 0, 0, 0, 0, 0
31.1009, 0, 0, 0, 1.41421, 0, 0, 0, 0, 0, 0, 0, 0, 0, 0, 0, 0, 0, 0, 0, 0, 0, 0, 0, 0
31.1088, 0, 0, 0, 1.41421, 0, 0, 0, 0, 0, 0, 0, 0, 0, 0, 0, 0, 0, 0, 0, 0, 0, 0, 0, 0
31.1167, 0, 0, 0, 1.41421, 0, 0, 0, 0, 0, 0, 0, 0, 0, 0, 0, 0, 0, 0, 0, 0, 0, 0, 0, 0
31.1246, 0, 0, 0, 1.41421, 0, 0, 0, 0, 0, 0, 0, 0, 0, 0, 0, 0, 0, 0, 0, 0, 0, 0, 0, 0
31.1324, 0, 0, 0, 1.41421, 0, 0, 0, 0, 0, 0, 0, 0, 0, 0, 0, 0, 0, 0, 0, 0, 0, 0, 0, 0
31.1403, 0, 0, 0, 1.41421, 0, 0, 0, 0, 0, 0, 0, 0, 0, 0, 0, 0, 0, 0, 0, 0, 0, 0, 0, 0
31.1482, 0, 0, 0, 1.41421, 0, 0, 0, 0, 0, 0, 0, 0, 0, 0, 0, 0, 0, 0, 0, 0, 0, 0, 0, 0
31.1561, 0, 0, 0, 1.41421, 0, 0, 0, 0, 0, 0, 0, 0, 0, 0, 0, 0, 0, 0, 0, 0, 0, 0, 0, 0
31.164, 0, 0, 0, 1.41421, 0, 0, 0, 0, 0, 0, 0, 0, 0, 0, 0, 0, 0, 0, 0, 0, 0, 0, 0, 0
31.1719, 0, 0, 0, 1.41421, 0, 0, 0, 0, 0, 0, 0, 0, 0, 0, 0, 0, 0, 0, 0, 0, 0, 0, 0, 0
31.1797, 0, 0, 0, 1.41421, 0, 0, 0, 0, 0, 0, 0, 0, 0, 0, 0, 0, 0, 0, 0, 0, 0, 0, 0, 0
31.1876, 0, 0, 0, 1.41421, 0, 0, 0, 0, 0, 0, 0, 0, 0, 0, 0, 0, 0, 0, 0, 0, 0, 0, 0, 0
31.1955, 0, 0, 0, 1.41421, 0, 0, 0, 0, 0, 0, 0, 0, 0, 0, 0, 0, 0, 0, 0, 0, 0, 0, 0, 0
31.2034, 0, 0, 0, 1.41421, 0, 0, 0, 0, 0, 0, 0, 0, 0, 0, 0, 0, 0, 0, 0, 0, 0, 0, 0, 0
31.2113, 0, 0, 0, 1.41421, 0, 0, 0, 0, 0, 0, 0, 0, 0, 0, 0, 0, 0, 0, 0, 0, 0, 0, 0, 0
31.2192, 0, 0, 0, 1.41421, 0, 0, 0, 0, 0, 0, 0, 0, 0, 0, 0, 0, 0, 0, 0, 0, 0, 0, 0, 0
31.2271, 0, 0, 0, 1.41421, 0, 0, 0, 0, 0, 0, 0, 0, 0, 0, 0, 0, 0, 0, 0, 0, 0, 0, 0, 0
31.2349, 0, 0, 0, 1.41421, 0, 0, 0, 0, 0, 0, 0, 0, 0, 0, 0, 0, 0, 0, 0, 0, 0, 0, 0, 0
31.2428, 0, 0, 0, 1.41421, 0, 0, 0, 0, 0, 0, 0, 0, 0, 0, 0, 0, 0, 0, 0, 0, 0, 0, 0, 0
31.2507, 0, 0, 0, 1.41421, 0, 0, 0, 0, 0, 0, 0, 0, 0, 0, 0, 0, 0, 0, 0, 0, 0, 0, 0, 0
31.2586, 0, 0, 0, 1.41421, 0, 0, 0, 0, 0, 0, 0, 0, 0, 0, 0, 0, 0, 0, 0, 0, 0, 0, 0, 0
31.2665, 0, 0, 0, 1.41421, 0, 0, 0, 0, 0, 0, 0, 0, 0, 0, 0, 0, 0, 0, 0, 0, 0, 0, 0, 0
31.2744, 0, 0, 0, 1.41421, 0, 0, 0, 0, 0, 0, 0, 0, 0, 0, 0, 0, 0, 0, 0, 0, 0, 0, 0, 0
31.2822, 0, 0, 0, 1.41421, 0, 0, 0, 0, 0, 0, 0, 0, 0, 0, 0, 0, 0, 0, 0, 0, 0, 0, 0, 0
31.2901, 0, 0, 0, 1.41421, 0, 0, 0, 0, 0, 0, 0, 0, 0, 0, 0, 0, 0, 0, 0, 0, 0, 0, 0, 0
31.298, 0, 0, 0, 1.41421, 0, 0, 0, 0, 0, 0, 0, 0, 0, 0, 0, 0, 0, 0, 0, 0, 0, 0, 0, 0
31.3059, 0, 0, 0, 1.41421, 0, 0, 0, 0, 0, 0, 0, 0, 0, 0, 0, 0, 0, 0, 0, 0, 0, 0, 0, 0
31.3138, 0, 0, 0, 1.41421, 0, 0, 0, 0, 0, 0, 0, 0, 0, 0, 0, 0, 0, 0, 0, 0, 0, 0, 0, 0
31.3217, 0, 0, 0, 1.41421, 0, 0, 0, 0, 0, 0, 0, 0, 0, 0, 0, 0, 0, 0, 0, 0, 0, 0, 0, 0
31.3295, 0, 0, 0, 1.41421, 0, 0, 0, 0, 0, 0, 0, 0, 0, 0, 0, 0, 0, 0, 0, 0, 0, 0, 0, 0
31.3374, 0, 0, 0, 1.41421, 0, 0, 0, 0, 0, 0, 0, 0, 0, 0, 0, 0, 0, 0, 0, 0, 0, 0, 0, 0
31.3453, 0, 0, 0, 1.41421, 0, 0, 0, 0, 0, 0, 0, 0, 0, 0, 0, 0, 0, 0, 0, 0, 0, 0, 0, 0
31.3532, 0, 0, 0, 1.41421, 0, 0, 0, 0, 0, 0, 0, 0, 0, 0, 0, 0, 0, 0, 0, 0, 0, 0, 0, 0
31.3611, 0, 0, 0, 1.41421, 0, 0, 0, 0, 0, 0, 0, 0, 0, 0, 0, 0, 0, 0, 0, 0, 0, 0, 0, 0
31.369, 0, 0, 0, 1.41421, 0, 0, 0, 0, 0, 0, 0, 0, 0, 0, 0, 0, 0, 0, 0, 0, 0, 0, 0, 0
31.3768, 0, 0, 0, 1.41421, 0, 0, 0, 0, 0, 0, 0, 0, 0, 0, 0, 0, 0, 0, 0, 0, 0, 0, 0, 0
31.3847, 0, 0, 0, 1.41421, 0, 0, 0, 0, 0, 0, 0, 0, 0, 0, 0, 0, 0, 0, 0, 0, 0, 0, 0, 0
31.3926, 0, 0, 0, 1.41421, 0, 0, 0, 0, 0, 0, 0, 0, 0, 0, 0, 0, 0, 0, 0, 0, 0, 0, 0, 0
31.4005, 0, 0, 0, 1.41421, 0, 0, 0, 0, 0, 0, 0, 0, 0, 0, 0, 0, 0, 0, 0, 0, 0, 0, 0, 0
31.4084, 0, 0, 0, 1.41421, 0, 0, 0, 0, 0, 0, 0, 0, 0, 0, 0, 0, 0, 0, 0, 0, 0, 0, 0, 0
31.4163, 0, 0, 0, 1.41421, 0, 0, 0, 0, 0, 0, 0, 0, 0, 0, 0, 0, 0, 0, 0, 0, 0, 0, 0, 0
31.4241, 0, 0, 0, 1.41421, 0, 0, 0, 0, 0, 0, 0, 0, 0, 0, 0, 0, 0, 0, 0, 0, 0, 0, 0, 0
31.432, 0, 0, 0, 1.41421, 0, 0, 0, 0, 0, 0, 0, 0, 0, 0, 0, 0, 0, 0, 0, 0, 0, 0, 0, 0
31.4399, 0, 0, 0, 1.41421, 0, 0, 0, 0, 0, 0, 0, 0, 0, 0, 0, 0, 0, 0, 0, 0, 0, 0, 0, 0
31.4478, 0, 0, 0, 1.41421, 0, 0, 0, 0, 0, 0, 0, 0, 0, 0, 0, 0, 0, 0, 0, 0, 0, 0, 0, 0
31.4557, 0, 0, 0, 1.41421, 0, 0, 0, 0, 0, 0, 0, 0, 0, 0, 0, 0, 0, 0, 0, 0, 0, 0, 0, 0
31.4636, 0, 0, 0, 1.41421, 0, 0, 0, 0, 0, 0, 0, 0, 0, 0, 0, 0, 0, 0, 0, 0, 0, 0, 0, 0
31.4714, 0, 0, 0, 1.41421, 0, 0, 0, 0, 0, 0, 0, 0, 0, 0, 0, 0, 0, 0, 0, 0, 0, 0, 0, 0
31.4793, 0, 0, 0, 1.41421, 0, 0, 0, 0, 0, 0, 0, 0, 0, 0, 0, 0, 0, 0, 0, 0, 0, 0, 0, 0
31.4872, 0, 0, 0, 1.41421, 0, 0, 0, 0, 0, 0, 0, 0, 0, 0, 0, 0, 0, 0, 0, 0, 0, 0, 0, 0
31.4951, 0, 0, 0, 1.41421, 0, 0, 0, 0, 0, 0, 0, 0, 0, 0, 0, 0, 0, 0, 0, 0, 0, 0, 0, 0
31.503, 0, 0, 0, 1.41421, 0, 0, 0, 0, 0, 0, 0, 0, 0, 0, 0, 0, 0, 0, 0, 0, 0, 0, 0, 0
31.5109, 0, 0, 0, 1.41421, 0, 0, 0, 0, 0, 0, 0, 0, 0, 0, 0, 0, 0, 0, 0, 0, 0, 0, 0, 0
31.5187, 0, 0, 0, 1.41421, 0, 0, 0, 0, 0, 0, 0, 0, 0, 0, 0, 0, 0, 0, 0, 0, 0, 0, 0, 0
31.5266, 0, 0, 0, 1.41421, 0, 0, 0, 0, 0, 0, 0, 0, 0, 0, 0, 0, 0, 0, 0, 0, 0, 0, 0, 0
31.5345, 0, 0, 0, 1.41421, 0, 0, 0, 0, 0, 0, 0, 0, 0, 0, 0, 0, 0, 0, 0, 0, 0, 0, 0, 0
31.5424, 0, 0, 0, 1.41421, 0, 0, 0, 0, 0, 0, 0, 0, 0, 0, 0, 0, 0, 0, 0, 0, 0, 0, 0, 0
31.5503, 0, 0, 0, 1.41421, 0, 0, 0, 0, 0, 0, 0, 0, 0, 0, 0, 0, 0, 0, 0, 0, 0, 0, 0, 0
31.5582, 0, 0, 0, 1.41421, 0, 0, 0, 0, 0, 0, 0, 0, 0, 0, 0, 0, 0, 0, 0, 0, 0, 0, 0, 0
31.5661, 0, 0, 0, 1.41421, 0, 0, 0, 0, 0, 0, 0, 0, 0, 0, 0, 0, 0, 0, 0, 0, 0, 0, 0, 0
31.5739, 0, 0, 0, 1.41421, 0, 0, 0, 0, 0, 0, 0, 0, 0, 0, 0, 0, 0, 0, 0, 0, 0, 0, 0, 0
31.5818, 0, 0, 0, 1.41421, 0, 0, 0, 0, 0, 0, 0, 0, 0, 0, 0, 0, 0, 0, 0, 0, 0, 0, 0, 0
31.5897, 0, 0, 0, 1.41421, 0, 0, 0, 0, 0, 0, 0, 0, 0, 0, 0, 0, 0, 0, 0, 0, 0, 0, 0, 0
31.5976, 0, 0, 0, 1.41421, 0, 0, 0, 0, 0, 0, 0, 0, 0, 0, 0, 0, 0, 0, 0, 0, 0, 0, 0, 0
31.6055, 0, 0, 0, 1.41421, 0, 0, 0, 0, 0, 0, 0, 0, 0, 0, 0, 0, 0, 0, 0, 0, 0, 0, 0, 0
31.6134, 0, 0, 0, 1.41421, 0, 0, 0, 0, 0, 0, 0, 0, 0, 0, 0, 0, 0, 0, 0, 0, 0, 0, 0, 0
31.6212, 0, 0, 0, 1.41421, 0, 0, 0, 0, 0, 0, 0, 0, 0, 0, 0, 0, 0, 0, 0, 0, 0, 0, 0, 0
31.6291, 0, 0, 0, 1.41421, 0, 0, 0, 0, 0, 0, 0, 0, 0, 0, 0, 0, 0, 0, 0, 0, 0, 0, 0, 0
31.637, 0, 0, 0, 1.41421, 0, 0, 0, 0, 0, 0, 0, 0, 0, 0, 0, 0, 0, 0, 0, 0, 0, 0, 0, 0
31.6449, 0, 0, 0, 1.41421, 0, 0, 0, 0, 0, 0, 0, 0, 0, 0, 0, 0, 0, 0, 0, 0, 0, 0, 0, 0
31.6528, 0, 0, 0, 1.41421, 0, 0, 0, 0, 0, 0, 0, 0, 0, 0, 0, 0, 0, 0, 0, 0, 0, 0, 0, 0
31.6607, 0, 0, 0, 1.41421, 0, 0, 0, 0, 0, 0, 0, 0, 0, 0, 0, 0, 0, 0, 0, 0, 0, 0, 0, 0
31.6685, 0, 0, 0, 1.41421, 0, 0, 0, 0, 0, 0, 0, 0, 0, 0, 0, 0, 0, 0, 0, 0, 0, 0, 0, 0
31.6764, 0, 0, 0, 1.41421, 0, 0, 0, 0, 0, 0, 0, 0, 0, 0, 0, 0, 0, 0, 0, 0, 0, 0, 0, 0
31.6843, 0, 0, 0, 1.41421, 0, 0, 0, 0, 0, 0, 0, 0, 0, 0, 0, 0, 0, 0, 0, 0, 0, 0, 0, 0
31.6922, 0, 0, 0, 1.41421, 0, 0, 0, 0, 0, 0, 0, 0, 0, 0, 0, 0, 0, 0, 0, 0, 0, 0, 0, 0
31.7001, 0, 0, 0, 1.41421, 0, 0, 0, 0, 0, 0, 0, 0, 0, 0, 0, 0, 0, 0, 0, 0, 0, 0, 0, 0
31.708, 0, 0, 0, 1.41421, 0, 0, 0, 0, 0, 0, 0, 0, 0, 0, 0, 0, 0, 0, 0, 0, 0, 0, 0, 0
31.7158, 0, 0, 0, 1.41421, 0, 0, 0, 0, 0, 0, 0, 0, 0, 0, 0, 0, 0, 0, 0, 0, 0, 0, 0, 0
31.7237, 0, 0, 0, 1.41421, 0, 0, 0, 0, 0, 0, 0, 0, 0, 0, 0, 0, 0, 0, 0, 0, 0, 0, 0, 0
31.7316, 0, 0, 0, 1.41421, 0, 0, 0, 0, 0, 0, 0, 0, 0, 0, 0, 0, 0, 0, 0, 0, 0, 0, 0, 0
31.7395, 0, 0, 0, 1.41421, 0, 0, 0, 0, 0, 0, 0, 0, 0, 0, 0, 0, 0, 0, 0, 0, 0, 0, 0, 0
31.7474, 0, 0, 0, 1.41421, 0, 0, 0, 0, 0, 0, 0, 0, 0, 0, 0, 0, 0, 0, 0, 0, 0, 0, 0, 0
31.7553, 0, 0, 0, 1.41421, 0, 0, 0, 0, 0, 0, 0, 0, 0, 0, 0, 0, 0, 0, 0, 0, 0, 0, 0, 0
31.7631, 0, 0, 0, 1.41421, 0, 0, 0, 0, 0, 0, 0, 0, 0, 0, 0, 0, 0, 0, 0, 0, 0, 0, 0, 0
31.771, 0, 0, 0, 1.41421, 0, 0, 0, 0, 0, 0, 0, 0, 0, 0, 0, 0, 0, 0, 0, 0, 0, 0, 0, 0
31.7789, 0, 0, 0, 1.41421, 0, 0, 0, 0, 0, 0, 0, 0, 0, 0, 0, 0, 0, 0, 0, 0, 0, 0, 0, 0
31.7868, 0, 0, 0, 1.41421, 0, 0, 0, 0, 0, 0, 0, 0, 0, 0, 0, 0, 0, 0, 0, 0, 0, 0, 0, 0
31.7947, 0, 0, 0, 1.41421, 0, 0, 0, 0, 0, 0, 0, 0, 0, 0, 0, 0, 0, 0, 0, 0, 0, 0, 0, 0
31.8026, 0, 0, 0, 1.41421, 0, 0, 0, 0, 0, 0, 0, 0, 0, 0, 0, 0, 0, 0, 0, 0, 0, 0, 0, 0
31.8105, 0, 0, 0, 1.41421, 0, 0, 0, 0, 0, 0, 0, 0, 0, 0, 0, 0, 0, 0, 0, 0, 0, 0, 0, 0
31.8183, 0, 0, 0, 1.41421, 0, 0, 0, 0, 0, 0, 0, 0, 0, 0, 0, 0, 0, 0, 0, 0, 0, 0, 0, 0
31.8262, 0, 0, 0, 1.41421, 0, 0, 0, 0, 0, 0, 0, 0, 0, 0, 0, 0, 0, 0, 0, 0, 0, 0, 0, 0
31.8341, 0, 0, 0, 1.41421, 0, 0, 0, 0, 0, 0, 0, 0, 0, 0, 0, 0, 0, 0, 0, 0, 0, 0, 0, 0
31.842, 0, 0, 0, 1.41421, 0, 0, 0, 0, 0, 0, 0, 0, 0, 0, 0, 0, 0, 0, 0, 0, 0, 0, 0, 0
31.8499, 0, 0, 0, 1.41421, 0, 0, 0, 0, 0, 0, 0, 0, 0, 0, 0, 0, 0, 0, 0, 0, 0, 0, 0, 0
31.8578, 0, 0, 0, 1.41421, 0, 0, 0, 0, 0, 0, 0, 0, 0, 0, 0, 0, 0, 0, 0, 0, 0, 0, 0, 0
31.8656, 0, 0, 0, 1.41421, 0, 0, 0, 0, 0, 0, 0, 0, 0, 0, 0, 0, 0, 0, 0, 0, 0, 0, 0, 0
31.8735, 0, 0, 0, 1.41421, 0, 0, 0, 0, 0, 0, 0, 0, 0, 0, 0, 0, 0, 0, 0, 0, 0, 0, 0, 0
31.8814, 0, 0, 0, 1.41421, 0, 0, 0, 0, 0, 0, 0, 0, 0, 0, 0, 0, 0, 0, 0, 0, 0, 0, 0, 0
31.8893, 0, 0, 0, 1.41421, 0, 0, 0, 0, 0, 0, 0, 0, 0, 0, 0, 0, 0, 0, 0, 0, 0, 0, 0, 0
31.8972, 0, 0, 0, 1.41421, 0, 0, 0, 0, 0, 0, 0, 0, 0, 0, 0, 0, 0, 0, 0, 0, 0, 0, 0, 0
31.9051, 0, 0, 0, 1.41421, 0, 0, 0, 0, 0, 0, 0, 0, 0, 0, 0, 0, 0, 0, 0, 0, 0, 0, 0, 0
31.9129, 0, 0, 0, 1.41421, 0, 0, 0, 0, 0, 0, 0, 0, 0, 0, 0, 0, 0, 0, 0, 0, 0, 0, 0, 0
31.9208, 0, 0, 0, 1.41421, 0, 0, 0, 0, 0, 0, 0, 0, 0, 0, 0, 0, 0, 0, 0, 0, 0, 0, 0, 0
31.9287, 0, 0, 0, 1.41421, 0, 0, 0, 0, 0, 0, 0, 0, 0, 0, 0, 0, 0, 0, 0, 0, 0, 0, 0, 0
31.9366, 0, 0, 0, 1.41421, 0, 0, 0, 0, 0, 0, 0, 0, 0, 0, 0, 0, 0, 0, 0, 0, 0, 0, 0, 0
31.9445, 0, 0, 0, 1.41421, 0, 0, 0, 0, 0, 0, 0, 0, 0, 0, 0, 0, 0, 0, 0, 0, 0, 0, 0, 0
31.9524, 0, 0, 0, 1.41421, 0, 0, 0, 0, 0, 0, 0, 0, 0, 0, 0, 0, 0, 0, 0, 0, 0, 0, 0, 0
31.9602, 0, 0, 0, 1.41421, 0, 0, 0, 0, 0, 0, 0, 0, 0, 0, 0, 0, 0, 0, 0, 0, 0, 0, 0, 0
31.9681, 0, 0, 0, 1.41421, 0, 0, 0, 0, 0, 0, 0, 0, 0, 0, 0, 0, 0, 0, 0, 0, 0, 0, 0, 0
31.976, 0, 0, 0, 1.41421, 0, 0, 0, 0, 0, 0, 0, 0, 0, 0, 0, 0, 0, 0, 0, 0, 0, 0, 0, 0
31.9839, 0, 0, 0, 1.41421, 0, 0, 0, 0, 0, 0, 0, 0, 0, 0, 0, 0, 0, 0, 0, 0, 0, 0, 0, 0
31.9918, 0, 0, 0, 1.41421, 0, 0, 0, 0, 0, 0, 0, 0, 0, 0, 0, 0, 0, 0, 0, 0, 0, 0, 0, 0
31.9997, 0, 0, 0, 1.41421, 0, 0, 0, 0, 0, 0, 0, 0, 0, 0, 0, 0, 0, 0, 0, 0, 0, 0, 0, 0
32.0075, 0, 0, 0, 1.41421, 0, 0, 0, 0, 0, 0, 0, 0, 0, 0, 0, 0, 0, 0, 0, 0, 0, 0, 0, 0
32.0154, 0, 0, 0, 1.41421, 0, 0, 0, 0, 0, 0, 0, 0, 0, 0, 0, 0, 0, 0, 0, 0, 0, 0, 0, 0
32.0233, 0, 0, 0, 1.41421, 0, 0, 0, 0, 0, 0, 0, 0, 0, 0, 0, 0, 0, 0, 0, 0, 0, 0, 0, 0
32.0312, 0, 0, 0, 1.41421, 0, 0, 0, 0, 0, 0, 0, 0, 0, 0, 0, 0, 0, 0, 0, 0, 0, 0, 0, 0
32.0391, 0, 0, 0, 1.41421, 0, 0, 0, 0, 0, 0, 0, 0, 0, 0, 0, 0, 0, 0, 0, 0, 0, 0, 0, 0
32.047, 0, 0, 0, 1.41421, 0, 0, 0, 0, 0, 0, 0, 0, 0, 0, 0, 0, 0, 0, 0, 0, 0, 0, 0, 0
32.0549, 0, 0, 0, 1.41421, 0, 0, 0, 0, 0, 0, 0, 0, 0, 0, 0, 0, 0, 0, 0, 0, 0, 0, 0, 0
32.0627, 0, 0, 0, 1.41421, 0, 0, 0, 0, 0, 0, 0, 0, 0, 0, 0, 0, 0, 0, 0, 0, 0, 0, 0, 0
32.0706, 0, 0, 0, 1.41421, 0, 0, 0, 0, 0, 0, 0, 0, 0, 0, 0, 0, 0, 0, 0, 0, 0, 0, 0, 0
32.0785, 0, 0, 0, 1.41421, 0, 0, 0, 0, 0, 0, 0, 0, 0, 0, 0, 0, 0, 0, 0, 0, 0, 0, 0, 0
32.0864, 0, 0, 0, 1.41421, 0, 0, 0, 0, 0, 0, 0, 0, 0, 0, 0, 0, 0, 0, 0, 0, 0, 0, 0, 0
32.0943, 0, 0, 0, 1.41421, 0, 0, 0, 0, 0, 0, 0, 0, 0, 0, 0, 0, 0, 0, 0, 0, 0, 0, 0, 0
32.1022, 0, 0, 0, 1.41421, 0, 0, 0, 0, 0, 0, 0, 0, 0, 0, 0, 0, 0, 0, 0, 0, 0, 0, 0, 0
32.11, 0, 0, 0, 1.41421, 0, 0, 0, 0, 0, 0, 0, 0, 0, 0, 0, 0, 0, 0, 0, 0, 0, 0, 0, 0
32.1179, 0, 0, 0, 1.41421, 0, 0, 0, 0, 0, 0, 0, 0, 0, 0, 0, 0, 0, 0, 0, 0, 0, 0, 0, 0
32.1258, 0, 0, 0, 1.41421, 0, 0, 0, 0, 0, 0, 0, 0, 0, 0, 0, 0, 0, 0, 0, 0, 0, 0, 0, 0
32.1337, 0, 0, 0, 1.41421, 0, 0, 0, 0, 0, 0, 0, 0, 0, 0, 0, 0, 0, 0, 0, 0, 0, 0, 0, 0
32.1416, 0, 0, 0, 1.41421, 0, 0, 0, 0, 0, 0, 0, 0, 0, 0, 0, 0, 0, 0, 0, 0, 0, 0, 0, 0
32.1495, 0, 0, 0, 1.41421, 0, 0, 0, 0, 0, 0, 0, 0, 0, 0, 0, 0, 0, 0, 0, 0, 0, 0, 0, 0
32.1573, 0, 0, 0, 1.41421, 0, 0, 0, 0, 0, 0, 0, 0, 0, 0, 0, 0, 0, 0, 0, 0, 0, 0, 0, 0
32.1652, 0, 0, 0, 1.41421, 0, 0, 0, 0, 0, 0, 0, 0, 0, 0, 0, 0, 0, 0, 0, 0, 0, 0, 0, 0
32.1731, 0, 0, 0, 1.41421, 0, 0, 0, 0, 0, 0, 0, 0, 0, 0, 0, 0, 0, 0, 0, 0, 0, 0, 0, 0
32.181, 0, 0, 0, 1.41421, 0, 0, 0, 0, 0, 0, 0, 0, 0, 0, 0, 0, 0, 0, 0, 0, 0, 0, 0, 0
32.1889, 0, 0, 0, 1.41421, 0, 0, 0, 0, 0, 0, 0, 0, 0, 0, 0, 0, 0, 0, 0, 0, 0, 0, 0, 0
32.1968, 0, 0, 0, 1.41421, 0, 0, 0, 0, 0, 0, 0, 0, 0, 0, 0, 0, 0, 0, 0, 0, 0, 0, 0, 0
32.2046, 0, 0, 0, 1.41421, 0, 0, 0, 0, 0, 0, 0, 0, 0, 0, 0, 0, 0, 0, 0, 0, 0, 0, 0, 0
32.2125, 0, 0, 0, 1.41421, 0, 0, 0, 0, 0, 0, 0, 0, 0, 0, 0, 0, 0, 0, 0, 0, 0, 0, 0, 0
32.2204, 0, 0, 0, 1.41421, 0, 0, 0, 0, 0, 0, 0, 0, 0, 0, 0, 0, 0, 0, 0, 0, 0, 0, 0, 0
32.2283, 0, 0, 0, 1.41421, 0, 0, 0, 0, 0, 0, 0, 0, 0, 0, 0, 0, 0, 0, 0, 0, 0, 0, 0, 0
32.2362, 0, 0, 0, 1.41421, 0, 0, 0, 0, 0, 0, 0, 0, 0, 0, 0, 0, 0, 0, 0, 0, 0, 0, 0, 0
32.2441, 0, 0, 0, 1.41421, 0, 0, 0, 0, 0, 0, 0, 0, 0, 0, 0, 0, 0, 0, 0, 0, 0, 0, 0, 0
32.2519, 0, 0, 0, 1.41421, 0, 0, 0, 0, 0, 0, 0, 0, 0, 0, 0, 0, 0, 0, 0, 0, 0, 0, 0, 0
