   PIQUANT 0.0.0-main  ps__0293_0692986818_000rfs_shot_134.msa
Energy (keV), meas, calc, bkg, sigma, residual, DetCE, Br_K, Zn_K, Ni_K, Fe_K, Mn_K, Ti_K, Ca_K, Cl_K, S_K, P_K, Si_K, Br_L, Al_K, Mg_K, Zn_L, Na_K, Ni_L, Rh_K_coh, Rh_L_coh, Rh_K_inc, Pileup, Rh_L_coh_Lb1
-0.028935, 201.527, 0, 0, 14.2663, 201.527, 0, 0, 0, 0, 0, 0, 0, 0, 0, 0, 0, 0, 0, 0, 0, 0, 0, 0, 0, 0, 0, 0, 0
-0.0210638, 0, 0, 0, 1.41421, 0, 0, 0, 0, 0, 0, 0, 0, 0, 0, 0, 0, 0, 0, 0, 0, 0, 0, 0, 0, 0, 0, 0, 0
-0.0131925, 0, 0, 0, 1.41421, 0, 0, 0, 0, 0, 0, 0, 0, 0, 0, 0, 0, 0, 0, 0, 0, 0, 0, 0, 0, 0, 0, 0, 0
-0.0053212, 0, 0, 0, 1.41421, 0, 0, 0, 0, 0, 0, 0, 0, 0, 0, 0, 0, 0, 0, 0, 0, 0, 0, 0, 0, 0, 0, 0, 0
0.00255008, 0, 7.78054e-23, 0, 1.41421, -7.78054e-23, 0, 0, 0, 0, 0, 0, 0, 0, 0, 0, 0, 0, 7.40812e-26, 0, 0, 7.91239e-28, 0, 4.91747e-28, 0, 7.77301e-23, 0, 0, 0
0.0104214, 0, 2.05076e-22, 0, 1.41421, -2.05076e-22, 0, 0, 0, 0, 0, 0, 0, 0, 0, 0, 0, 0, 1.9526e-25, 0, 0, 2.11791e-27, 0, 1.3296e-27, 0, 2.04877e-22, 0, 0, 0
0.0182926, 0, 5.28023e-22, 0, 1.41421, -5.28023e-22, 0, 0, 0, 0, 0, 0, 0, 0, 0, 0, 0, 0, 5.02748e-25, 0, 0, 5.53784e-27, 0, 3.50485e-27, 0, 5.27511e-22, 0, 0, 0
0.0261639, 0, 1.33061e-21, 0, 1.41421, -1.33061e-21, 0, 0, 0, 0, 0, 0, 0, 0, 0, 0, 0, 0, 1.26692e-24, 0, 0, 1.41723e-26, 0, 9.02786e-27, 0, 1.32932e-21, 0, 0, 0
0.0340352, 0, 3.287e-21, 0, 1.41421, -3.287e-21, 0, 0, 0, 0, 0, 0, 0, 0, 0, 0, 0, 0, 3.12966e-24, 0, 0, 3.55551e-26, 0, 2.2766e-26, 0, 3.28381e-21, 0, 0, 0
0.0419065, 0, 7.97026e-21, 0, 1.41421, -7.97026e-21, 0, 0, 0, 0, 0, 0, 0, 0, 0, 0, 0, 0, 7.58875e-24, 0, 0, 8.75608e-26, 0, 5.62952e-26, 0, 7.96253e-21, 0, 0, 0
0.0497777, 0, 1.89916e-20, 0, 1.41421, -1.89916e-20, 0, 0, 0, 0, 0, 0, 0, 0, 0, 0, 0, 0, 1.80825e-23, 0, 0, 2.11915e-25, 0, 1.36682e-25, 0, 1.89732e-20, 0, 0, 0
0.057649, 0, 4.45138e-20, 0, 1.41421, -4.45138e-20, 0, 0, 0, 0, 0, 0, 0, 0, 0, 0, 0, 0, 4.23831e-23, 0, 0, 5.04533e-25, 0, 3.26212e-25, 0, 4.44706e-20, 0, 0, 0
0.0655203, 0, 1.02716e-19, 0, 1.41421, -1.02716e-19, 0, 0, 0, 0, 0, 0, 0, 0, 0, 0, 0, 0, 9.77995e-23, 0, 0, 1.18269e-24, 0, 7.6606e-25, 0, 1.02617e-19, 0, 0, 0
0.0733916, 0, 2.33516e-19, 0, 1.41421, -2.33516e-19, 0, 0, 0, 0, 0, 0, 0, 0, 0, 0, 0, 0, 2.22338e-22, 0, 0, 2.73167e-24, 0, 1.77161e-24, 0, 2.33289e-19, 0, 0, 0
0.0812629, 0, 5.23371e-19, 0, 1.41421, -5.23371e-19, 0, 0, 0, 0, 0, 0, 0, 0, 0, 0, 0, 0, 4.98319e-22, 0, 0, 6.22093e-24, 0, 4.0378e-24, 0, 5.22863e-19, 0, 0, 0
0.0891341, 0, 1.1571e-18, 0, 1.41421, -1.1571e-18, 0, 0, 0, 0, 0, 0, 0, 0, 0, 0, 0, 0, 1.10172e-21, 0, 0, 1.39768e-23, 0, 9.0757e-24, 0, 1.15598e-18, 0, 0, 0
0.0970054, 0, 2.52479e-18, 0, 1.41421, -2.52479e-18, 0, 0, 0, 0, 0, 0, 0, 0, 0, 0, 0, 0, 2.40393e-21, 0, 0, 3.09968e-23, 0, 2.01293e-23, 0, 2.52234e-18, 0, 0, 0
0.104877, 0, 5.43967e-18, 0, 1.41421, -5.43967e-18, 0, 0, 0, 0, 0, 0, 0, 0, 0, 0, 0, 0, 5.17927e-21, 0, 0, 6.78872e-23, 0, 4.40784e-23, 0, 5.43437e-18, 0, 0, 0
0.112748, 0, 1.1843e-17, 0, 1.41421, -1.1843e-17, 0, 0, 0, 0, 0, 0, 0, 0, 0, 0, 0, 0, 1.12761e-20, 0, 0, 1.51093e-22, 0, 9.80353e-23, 0, 1.18315e-17, 0, 0, 0
0.120619, 0, 2.48447e-17, 0, 1.41421, -2.48447e-17, 0, 0, 0, 0, 0, 0, 0, 0, 0, 0, 0, 0, 2.36554e-20, 0, 0, 3.22256e-22, 0, 2.08986e-22, 0, 2.48205e-17, 0, 0, 0
0.128491, 0, 5.15341e-17, 0, 1.41421, -5.15341e-17, 0, 0, 0, 0, 0, 0, 0, 0, 0, 0, 0, 0, 4.90671e-20, 0, 0, 6.79735e-22, 0, 4.40541e-22, 0, 5.14839e-17, 0, 0, 0
0.136362, 0, 1.05722e-16, 0, 1.41421, -1.05722e-16, 0, 0, 0, 0, 0, 0, 0, 0, 0, 0, 0, 0, 1.00661e-19, 0, 0, 1.41835e-21, 0, 9.1861e-22, 0, 1.05619e-16, 0, 0, 0
0.144233, 0, 2.14561e-16, 0, 1.41421, -2.14561e-16, 0, 0, 0, 0, 0, 0, 0, 0, 0, 0, 0, 0, 2.0429e-19, 0, 0, 2.92854e-21, 0, 1.89532e-21, 0, 2.14352e-16, 0, 0, 0
0.152104, 0, 4.3088e-16, 0, 1.41421, -4.3088e-16, 0, 0, 0, 0, 0, 0, 0, 0, 0, 0, 0, 0, 4.10253e-19, 0, 0, 5.98474e-21, 0, 3.87044e-21, 0, 4.3046e-16, 0, 0, 0
0.159976, 0, 8.56387e-16, 0, 1.41421, -8.56387e-16, 0, 0, 0, 0, 0, 0, 0, 0, 0, 0, 0, 0, 8.15389e-19, 0, 0, 1.21077e-20, 0, 7.82484e-21, 0, 8.55552e-16, 0, 0, 0
0.167847, 0, 1.6849e-15, 0, 1.41421, -1.6849e-15, 0, 0, 0, 0, 0, 0, 0, 0, 0, 0, 0, 0, 1.60424e-18, 0, 0, 2.42543e-20, 0, 1.5665e-20, 0, 1.68326e-15, 0, 0, 0
0.175718, 0, 3.28205e-15, 0, 1.41421, -3.28205e-15, 0, 0, 0, 0, 0, 0, 0, 0, 0, 0, 0, 0, 3.12492e-18, 0, 0, 4.81181e-20, 0, 3.10613e-20, 0, 3.27885e-15, 0, 0, 0
0.183589, 0, 6.33069e-15, 0, 1.41421, -6.33069e-15, 0, 0, 0, 0, 0, 0, 0, 0, 0, 0, 0, 0, 6.02759e-18, 0, 0, 9.45567e-20, 0, 6.10146e-20, 0, 6.32451e-15, 0, 0, 0
0.191461, 0, 1.20936e-14, 0, 1.41421, -1.20936e-14, 0, 0, 0, 0, 0, 0, 0, 0, 0, 0, 0, 0, 1.15146e-17, 0, 0, 1.84082e-19, 0, 1.18756e-19, 0, 1.20818e-14, 0, 0, 0
0.199332, 0, 2.28833e-14, 0, 1.41421, -2.28833e-14, 0, 0, 0, 0, 0, 0, 0, 0, 0, 0, 0, 0, 2.17876e-17, 0, 0, 3.55081e-19, 0, 2.29069e-19, 0, 2.2861e-14, 0, 0, 0
0.207203, 0, 4.28938e-14, 0, 1.41421, -4.28938e-14, 0, 0, 0, 0, 0, 0, 0, 0, 0, 0, 0, 0, 4.08398e-17, 0, 0, 6.78739e-19, 0, 4.37964e-19, 0, 4.28518e-14, 0, 0, 0
0.215075, 0, 7.96582e-14, 0, 1.41421, -7.96582e-14, 0, 0, 0, 0, 0, 0, 0, 0, 0, 0, 0, 0, 7.58436e-17, 0, 0, 1.28592e-18, 0, 8.30133e-19, 0, 7.95802e-14, 0, 0, 0
0.222946, 0, 1.4658e-13, 0, 1.41421, -1.4658e-13, 0, 0, 0, 0, 0, 0, 0, 0, 0, 0, 0, 0, 1.3956e-16, 0, 0, 2.415e-18, 0, 1.56013e-18, 0, 1.46436e-13, 0, 0, 0
0.230817, 0, 2.67281e-13, 0, 1.41421, -2.67281e-13, 0, 0, 0, 0, 0, 0, 0, 0, 0, 0, 0, 0, 2.5448e-16, 0, 0, 4.49649e-18, 0, 2.90768e-18, 0, 2.67019e-13, 0, 0, 0
0.238688, 0, 4.83004e-13, 0, 1.41421, -4.83004e-13, 0, 0, 0, 0, 0, 0, 0, 0, 0, 0, 0, 0, 4.59872e-16, 0, 0, 8.30121e-18, 0, 5.37486e-18, 0, 4.8253e-13, 0, 0, 0
0.24656, 0, 8.65087e-13, 0, 1.41421, -8.65087e-13, 0, 0, 0, 0, 0, 0, 0, 0, 0, 0, 0, 0, 8.23659e-16, 0, 0, 1.51979e-17, 0, 9.85572e-18, 0, 8.64238e-13, 0, 0, 0
0.254431, 0, 1.53578e-12, 0, 1.41421, -1.53578e-12, 0, 0, 0, 0, 0, 0, 0, 0, 0, 0, 0, 0, 1.46224e-15, 0, 0, 2.75974e-17, 0, 1.79296e-17, 0, 1.53427e-12, 0, 0, 0
0.262302, 0, 2.70266e-12, 0, 1.41421, -2.70266e-12, 0, 0, 0, 0, 0, 0, 0, 0, 0, 0, 0, 0, 2.57327e-15, 0, 0, 4.97124e-17, 0, 3.23676e-17, 0, 2.70001e-12, 0, 0, 0
0.270174, 0, 4.71494e-12, 0, 1.41421, -4.71494e-12, 0, 0, 0, 0, 0, 0, 0, 0, 0, 0, 0, 0, 4.48928e-15, 0, 0, 8.88488e-17, 0, 5.79908e-17, 0, 4.71031e-12, 0, 0, 0
0.278045, 0, 8.15478e-12, 0, 1.41421, -8.15478e-12, 0, 0, 0, 0, 0, 0, 0, 0, 0, 0, 0, 0, 7.76468e-15, 0, 0, 1.57585e-16, 0, 1.03131e-16, 0, 8.14676e-12, 0, 0, 0
0.285916, 0, 1.39838e-11, 0, 1.41421, -1.39838e-11, 0, 0, 0, 0, 0, 0, 0, 0, 0, 0, 0, 0, 1.33153e-14, 0, 0, 2.77424e-16, 0, 1.82086e-16, 0, 1.397e-11, 0, 0, 0
0.293787, 0, 2.37761e-11, 0, 1.41421, -2.37761e-11, 0, 0, 0, 0, 0, 0, 0, 0, 0, 0, 0, 0, 2.26407e-14, 0, 0, 4.849e-16, 0, 3.19231e-16, 0, 2.37527e-11, 0, 0, 0
0.301659, 0, 4.00851e-11, 0, 1.41421, -4.00851e-11, 0, 0, 0, 0, 0, 0, 0, 0, 0, 0, 0, 0, 3.81735e-14, 0, 0, 8.41707e-16, 0, 5.55854e-16, 0, 4.00455e-11, 0, 0, 0
0.30953, 0, 6.70154e-11, 0, 1.41421, -6.70154e-11, 0, 0, 0, 0, 0, 0, 0, 0, 0, 0, 0, 0, 6.38255e-14, 0, 0, 1.45144e-15, 0, 9.6149e-16, 0, 6.69491e-11, 0, 0, 0
0.317401, 0, 1.11106e-10, 0, 1.41421, -1.11106e-10, 0, 0, 0, 0, 0, 0, 0, 0, 0, 0, 0, 0, 1.0583e-13, 0, 0, 2.48724e-15, 0, 1.65258e-15, 0, 1.10996e-10, 0, 0, 0
0.325272, 0, 1.8268e-10, 3.53127e-43, 1.41421, -1.8268e-10, 0, 3.53127e-43, 3.53127e-43, 3.53127e-43, 3.53127e-43, 3.53127e-43, 3.53127e-43, 3.53127e-43, 3.53127e-43, 3.53127e-43, 3.53127e-43, 3.53127e-43, 1.74035e-13, 3.53127e-43, 3.53127e-43, 4.23725e-15, 3.53127e-43, 2.82317e-15, 3.53127e-43, 1.82499e-10, 3.53127e-43, 3.53127e-43, 3.53127e-43
0.333144, 0, 2.97892e-10, 6.11667e-42, 1.41421, -2.97892e-10, 0, 6.11667e-42, 6.11667e-42, 6.11667e-42, 6.11667e-42, 6.11667e-42, 6.11667e-42, 6.11667e-42, 6.11667e-42, 6.11667e-42, 6.11667e-42, 6.11667e-42, 2.83856e-13, 6.11667e-42, 6.11667e-42, 7.17928e-15, 6.11667e-42, 4.79512e-15, 6.11667e-42, 2.97596e-10, 6.11667e-42, 6.11667e-42, 6.11667e-42
0.341015, 0, 4.81792e-10, 8.77451e-41, 1.41421, -4.81792e-10, 0, 8.77451e-41, 8.77451e-41, 8.77451e-41, 8.77451e-41, 8.77451e-41, 8.77451e-41, 8.77451e-41, 8.77451e-41, 8.77451e-41, 8.77451e-41, 8.77451e-41, 4.59217e-13, 8.77451e-41, 8.77451e-41, 1.21035e-14, 8.77451e-41, 8.10024e-15, 8.77451e-41, 4.81313e-10, 8.77451e-41, 8.77451e-41, 8.77451e-41
0.348886, 0, 7.72882e-10, 1.11581e-39, 1.41421, -7.72882e-10, 0, 1.11581e-39, 1.11581e-39, 1.11581e-39, 1.11581e-39, 1.11581e-39, 1.11581e-39, 1.11581e-39, 1.11581e-39, 1.11581e-39, 1.11581e-39, 1.11581e-39, 7.36926e-13, 1.11581e-39, 1.11581e-39, 2.03139e-14, 1.11581e-39, 1.36143e-14, 1.11581e-39, 7.72112e-10, 1.11581e-39, 1.11581e-39, 1.11581e-39
0.356758, 0, 1.22982e-09, 1.26903e-38, 1.41421, -1.22982e-09, 0, 1.26903e-38, 1.26903e-38, 1.26903e-38, 1.26903e-38, 1.26903e-38, 1.26903e-38, 1.26903e-38, 1.26903e-38, 1.26903e-38, 1.26903e-38, 1.26903e-38, 1.17312e-12, 1.26903e-38, 1.26903e-38, 3.39594e-14, 1.26903e-38, 2.27754e-14, 1.26903e-38, 1.22859e-09, 1.26903e-38, 1.26903e-38, 1.26903e-38
0.364629, 0, 1.94116e-09, 1.30462e-37, 1.41421, -1.94116e-09, 0, 1.30462e-37, 1.30462e-37, 1.30462e-37, 1.30462e-37, 1.30462e-37, 1.30462e-37, 1.30462e-37, 1.30462e-37, 1.30462e-37, 1.30462e-37, 1.30462e-37, 1.85268e-12, 1.30462e-37, 1.30462e-37, 5.65784e-14, 1.30462e-37, 3.79405e-14, 1.30462e-37, 1.93921e-09, 1.30462e-37, 1.30462e-37, 1.30462e-37
0.3725, 0, 3.03945e-09, 1.21845e-36, 1.41421, -3.03945e-09, 0, 1.21845e-36, 1.21845e-36, 1.21845e-36, 1.21845e-36, 1.21845e-36, 1.21845e-36, 1.21845e-36, 1.21845e-36, 1.21845e-36, 1.21845e-36, 1.21845e-36, 2.9029e-12, 1.21845e-36, 1.21845e-36, 9.39963e-14, 1.21845e-36, 6.29659e-14, 1.21845e-36, 3.03639e-09, 1.21845e-36, 1.21845e-36, 1.21845e-36
0.380371, 0, 4.72133e-09, 1.04064e-35, 1.41421, -4.72133e-09, 0, 1.04064e-35, 1.04064e-35, 1.04064e-35, 1.04064e-35, 1.04064e-35, 1.04064e-35, 1.04064e-35, 1.04064e-35, 1.04064e-35, 1.04064e-35, 1.04064e-35, 4.51299e-12, 1.04064e-35, 1.04064e-35, 1.55803e-13, 1.04064e-35, 1.04156e-13, 1.04064e-35, 4.71656e-09, 1.04064e-35, 1.04064e-35, 1.04064e-35
0.388243, 0, 7.27594e-09, 8.15871e-35, 1.41421, -7.27594e-09, 0, 8.15871e-35, 8.15871e-35, 8.15871e-35, 8.15871e-35, 8.15871e-35, 8.15871e-35, 8.15871e-35, 8.15871e-35, 8.15871e-35, 8.15871e-35, 8.15871e-35, 6.96203e-12, 8.15871e-35, 8.15871e-35, 2.57793e-13, 8.15871e-35, 1.71808e-13, 8.15871e-35, 7.26855e-09, 8.15871e-35, 8.15871e-35, 8.15871e-35
0.396114, 0, 1.11248e-08, 5.8978e-34, 1.41421, -1.11248e-08, 0, 5.8978e-34, 5.8978e-34, 5.8978e-34, 5.8978e-34, 5.8978e-34, 5.8978e-34, 5.8978e-34, 5.8978e-34, 5.8978e-34, 5.8978e-34, 5.8978e-34, 1.06581e-11, 5.8978e-34, 5.8978e-34, 4.25984e-13, 5.8978e-34, 2.82744e-13, 5.8978e-34, 1.11134e-08, 5.8978e-34, 5.8978e-34, 5.8978e-34
0.403985, 0, 1.68779e-08, 9.56706e-33, 1.41421, -1.68779e-08, 0, 9.56706e-33, 9.56706e-33, 9.56706e-33, 9.56706e-33, 9.56706e-33, 9.56706e-33, 9.56706e-33, 9.56706e-33, 9.56706e-33, 9.56706e-33, 9.56706e-33, 1.61946e-11, 9.56706e-33, 9.56706e-33, 7.04317e-13, 9.56706e-33, 4.65107e-13, 9.56706e-33, 1.68605e-08, 9.56706e-33, 9.56706e-33, 9.56706e-33
0.411857, 0, 2.54064e-08, 5.61828e-32, 1.41421, -2.54064e-08, 0, 5.61828e-32, 5.61828e-32, 5.61828e-32, 5.61828e-32, 5.61828e-32, 5.61828e-32, 5.61828e-32, 5.61828e-32, 5.61828e-32, 5.61828e-32, 5.61828e-32, 2.44221e-11, 5.61828e-32, 5.61828e-32, 1.16181e-12, 5.61828e-32, 7.62762e-13, 5.61828e-32, 2.53801e-08, 5.61828e-32, 5.61828e-32, 5.61828e-32
0.419728, 0, 3.79508e-08, 2.94527e-31, 1.41421, -3.79508e-08, 0, 2.94527e-31, 2.94527e-31, 2.94527e-31, 2.94527e-31, 2.94527e-31, 2.94527e-31, 2.94527e-31, 2.94527e-31, 2.94527e-31, 2.94527e-31, 2.94527e-31, 3.65595e-11, 2.94527e-31, 2.94527e-31, 1.9154e-12, 2.94527e-31, 1.2494e-12, 2.94527e-31, 3.79111e-08, 2.94527e-31, 2.94527e-31, 2.94527e-31
0.427599, 0, 5.6257e-08, 1.51758e-30, 1.41421, -5.6257e-08, 0, 1.51758e-30, 1.51758e-30, 1.51758e-30, 1.51758e-30, 1.51758e-30, 1.51758e-30, 1.51758e-30, 1.51758e-30, 1.51758e-30, 1.51758e-30, 1.51758e-30, 5.43339e-11, 1.51758e-30, 1.51758e-30, 3.15603e-12, 1.51758e-30, 2.04445e-12, 1.51758e-30, 5.61975e-08, 1.51758e-30, 1.51758e-30, 1.51758e-30
0.43547, 0, 8.27631e-08, 7.4858e-30, 1.41421, -8.27631e-08, 0, 7.4858e-30, 7.4858e-30, 7.4858e-30, 7.4858e-30, 7.4858e-30, 7.4858e-30, 7.4858e-30, 7.4858e-30, 7.4858e-30, 7.4858e-30, 7.4858e-30, 8.01764e-11, 7.4858e-30, 7.4858e-30, 5.19667e-12, 7.4858e-30, 3.34245e-12, 7.4858e-30, 8.26744e-08, 7.4858e-30, 7.4858e-30, 7.4858e-30
0.443342, 0, 1.20846e-07, 3.50525e-29, 1.41421, -1.20846e-07, 0, 3.50525e-29, 3.50525e-29, 3.50525e-29, 3.50525e-29, 3.50525e-29, 3.50525e-29, 3.50525e-29, 3.50525e-29, 3.50525e-29, 3.50525e-29, 3.50525e-29, 1.17485e-10, 3.50525e-29, 3.50525e-29, 8.54872e-12, 3.50525e-29, 5.45947e-12, 3.50525e-29, 1.20714e-07, 3.50525e-29, 3.50525e-29, 3.50525e-29
0.451213, 0, 1.75141e-07, 1.59232e-28, 1.41421, -1.75141e-07, 0, 1.59232e-28, 1.59232e-28, 1.59232e-28, 1.59232e-28, 1.59232e-28, 1.59232e-28, 1.59232e-28, 1.59232e-28, 1.59232e-28, 1.59232e-28, 1.59232e-28, 1.70978e-10, 1.59232e-28, 1.59232e-28, 1.40446e-11, 1.59232e-28, 8.90765e-12, 1.59232e-28, 1.74947e-07, 1.59232e-28, 1.59232e-28, 1.59232e-28
0.459084, 0, 2.51966e-07, 6.93734e-28, 1.41421, -2.51966e-07, 0, 6.93734e-28, 6.93734e-28, 6.93734e-28, 6.93734e-28, 6.93734e-28, 6.93734e-28, 6.93734e-28, 6.93734e-28, 6.93734e-28, 6.93734e-28, 6.93734e-28, 2.47159e-10, 6.93734e-28, 6.93734e-28, 2.30333e-11, 6.93734e-28, 1.45136e-11, 6.93734e-28, 2.51681e-07, 6.93734e-28, 6.93734e-28, 6.93734e-28
0.466955, 0, 3.59852e-07, 2.88573e-27, 1.41421, -3.59852e-07, 0, 2.88573e-27, 2.88573e-27, 2.88573e-27, 2.88573e-27, 2.88573e-27, 2.88573e-27, 2.88573e-27, 2.88573e-27, 2.88573e-27, 2.88573e-27, 2.88573e-27, 3.54941e-10, 2.88573e-27, 2.88573e-27, 3.76891e-11, 2.88573e-27, 2.36052e-11, 2.88573e-27, 3.59436e-07, 2.88573e-27, 2.88573e-27, 2.88573e-27
0.474827, 0, 5.10233e-07, 1.1465e-26, 1.41421, -5.10233e-07, 0, 1.1465e-26, 1.1465e-26, 1.1465e-26, 1.1465e-26, 1.1465e-26, 1.1465e-26, 1.1465e-26, 1.1465e-26, 1.1465e-26, 1.1465e-26, 1.1465e-26, 5.06458e-10, 1.1465e-26, 1.1465e-26, 6.14956e-11, 1.1465e-26, 3.83034e-11, 1.1465e-26, 5.09627e-07, 1.1465e-26, 1.1465e-26, 1.1465e-26
0.482698, 0, 7.18311e-07, 4.35494e-26, 1.41421, -7.18311e-07, 0, 4.35494e-26, 4.35494e-26, 4.35494e-26, 4.35494e-26, 4.35494e-26, 4.35494e-26, 4.35494e-26, 2.03741e-12, 4.35494e-26, 4.35494e-26, 4.35494e-26, 7.18126e-10, 4.35494e-26, 4.35494e-26, 9.9999e-11, 4.35494e-26, 6.1974e-11, 4.35494e-26, 7.17429e-07, 4.35494e-26, 4.35494e-26, 4.35494e-26
0.490569, 0, 1.00413e-06, 1.58413e-25, 1.41421, -1.00413e-06, 0, 1.58413e-25, 1.58413e-25, 1.58413e-25, 1.58413e-25, 1.58413e-25, 1.58413e-25, 1.58413e-25, 7.07498e-12, 1.58413e-25, 1.58413e-25, 1.58413e-25, 1.01203e-09, 1.58413e-25, 1.58413e-25, 1.61966e-10, 1.58413e-25, 9.99177e-11, 1.58413e-25, 1.00285e-06, 1.58413e-25, 1.58413e-25, 1.58413e-25
0.498441, 0, 1.39392e-06, 5.57143e-25, 1.41421, -1.39392e-06, 0, 5.57143e-25, 5.57143e-25, 5.57143e-25, 5.57143e-25, 5.57143e-25, 5.57143e-25, 5.57143e-25, 1.91269e-11, 5.57143e-25, 5.57143e-25, 5.57143e-25, 1.41768e-09, 5.57143e-25, 5.57143e-25, 2.61151e-10, 5.57143e-25, 1.60414e-10, 5.57143e-25, 1.39206e-06, 5.57143e-25, 5.57143e-25, 5.57143e-25
0.506312, 0, 1.92376e-06, 4.87722e-10, 1.41421, -1.92376e-06, 4.87722e-10, 4.87727e-10, 4.87815e-10, 4.87729e-10, 9.77807e-10, 5.0145e-10, 4.87958e-10, 5.25895e-10, 6.30536e-10, 5.31049e-10, 4.89918e-10, 1.09842e-09, 2.46207e-09, 4.88829e-10, 4.8972e-10, 9.06688e-10, 4.87722e-10, 7.44003e-10, 4.87724e-10, 1.91975e-06, 4.87722e-10, 4.87722e-10, 5.00191e-10
0.514183, 0, 2.63847e-06, 1.6837e-09, 1.41421, -2.63847e-06, 1.6837e-09, 1.68372e-09, 1.68402e-09, 1.68373e-09, 3.3763e-09, 1.73112e-09, 1.68452e-09, 1.81554e-09, 2.12475e-09, 1.83334e-09, 1.69129e-09, 3.79286e-09, 4.41757e-09, 1.68752e-09, 1.6906e-09, 2.35226e-09, 1.6837e-09, 2.09088e-09, 1.68371e-09, 2.63003e-06, 1.6837e-09, 1.6837e-09, 1.72677e-09
0.522054, 0, 3.59856e-06, 4.52676e-09, 1.41421, -3.59856e-06, 4.52676e-09, 4.52681e-09, 4.52762e-09, 4.52682e-09, 9.0805e-09, 4.65432e-09, 4.52895e-09, 4.88145e-09, 5.66659e-09, 4.92934e-09, 4.54716e-09, 1.02012e-08, 8.29109e-09, 4.53704e-09, 4.54532e-09, 5.58732e-09, 4.52676e-09, 5.16967e-09, 4.52677e-09, 3.58067e-06, 4.52676e-09, 4.52676e-09, 4.64262e-09
0.529926, 0, 4.88416e-06, 1.11084e-08, 1.41421, -4.88416e-06, 1.11084e-08, 1.11085e-08, 1.11105e-08, 1.11086e-08, 2.22872e-08, 1.14216e-08, 1.11138e-08, 1.19791e-08, 1.38438e-08, 1.20967e-08, 1.11585e-08, 2.50383e-08, 1.62631e-08, 1.11337e-08, 1.1154e-08, 1.27803e-08, 1.11084e-08, 1.21167e-08, 1.11085e-08, 4.8459e-06, 1.11084e-08, 1.11084e-08, 1.13928e-08
0.537797, 0, 6.60478e-06, 2.59587e-08, 1.41421, -6.60478e-06, 2.59587e-08, 2.5959e-08, 2.59636e-08, 2.5959e-08, 5.20886e-08, 2.66906e-08, 2.59713e-08, 2.7994e-08, 3.22457e-08, 2.82687e-08, 2.60758e-08, 5.85193e-08, 3.29789e-08, 2.60177e-08, 2.60652e-08, 2.85771e-08, 2.59587e-08, 2.75283e-08, 2.59588e-08, 6.52255e-06, 2.59587e-08, 2.59587e-08, 2.66235e-08
0.545668, 0, 8.91549e-06, 5.86381e-08, 1.41421, -8.91549e-06, 5.86381e-08, 5.86387e-08, 5.86493e-08, 5.86389e-08, 1.17675e-07, 6.02918e-08, 5.86665e-08, 6.32365e-08, 7.36212e-08, 6.38573e-08, 5.89026e-08, 1.32204e-07, 6.81478e-08, 5.87714e-08, 5.88788e-08, 6.27111e-08, 5.86381e-08, 6.10658e-08, 5.86383e-08, 8.73824e-06, 5.86381e-08, 5.86381e-08, 6.01401e-08
0.55354, 0, 1.20435e-05, 1.288e-07, 1.41421, -1.20435e-05, 1.288e-07, 1.28801e-07, 1.28824e-07, 1.28801e-07, 2.58497e-07, 1.32433e-07, 1.28862e-07, 1.38902e-07, 1.63522e-07, 1.40266e-07, 1.29381e-07, 2.90417e-07, 1.41614e-07, 1.29092e-07, 1.29328e-07, 1.35091e-07, 1.288e-07, 1.32521e-07, 1.288e-07, 1.16646e-05, 1.288e-07, 1.288e-07, 1.32099e-07
0.561411, 0, 1.63562e-05, 2.75787e-07, 1.41421, -1.63562e-05, 2.75787e-07, 2.7579e-07, 2.7584e-07, 2.75791e-07, 5.53541e-07, 2.83568e-07, 2.75921e-07, 2.97422e-07, 3.72354e-07, 3.00342e-07, 2.77032e-07, 6.21898e-07, 2.92963e-07, 2.76414e-07, 2.76919e-07, 2.85435e-07, 2.75787e-07, 2.81446e-07, 2.75788e-07, 1.5539e-05, 2.75787e-07, 2.75787e-07, 2.82854e-07
0.569282, 0, 2.24186e-05, 5.76323e-07, 1.41421, -2.24186e-05, 5.76323e-07, 5.7633e-07, 5.76433e-07, 5.76331e-07, 1.15684e-06, 5.92585e-07, 5.76603e-07, 6.21541e-07, 8.08736e-07, 6.27645e-07, 5.78925e-07, 1.29971e-06, 5.99228e-07, 5.77634e-07, 5.7869e-07, 5.91012e-07, 5.76323e-07, 5.84854e-07, 5.76325e-07, 2.07019e-05, 5.76323e-07, 5.76323e-07, 5.91093e-07
0.577153, 0, 3.11847e-05, 1.17609e-06, 1.41421, -3.11847e-05, 1.17609e-06, 1.17611e-06, 1.17632e-06, 1.17611e-06, 2.36092e-06, 1.20928e-06, 1.17666e-06, 1.26838e-06, 1.70108e-06, 1.28084e-06, 1.1814e-06, 2.65251e-06, 1.20648e-06, 1.17877e-06, 1.18092e-06, 1.1983e-06, 1.17609e-06, 1.18884e-06, 1.1761e-06, 2.76591e-05, 1.17609e-06, 1.17609e-06, 1.20624e-06
0.585025, 0, 4.42735e-05, 2.3445e-06, 1.41421, -4.42735e-05, 2.3445e-06, 2.34453e-06, 2.34495e-06, 2.34454e-06, 4.70676e-06, 2.41067e-06, 2.34564e-06, 2.5285e-06, 3.48588e-06, 2.55334e-06, 2.35509e-06, 5.28812e-06, 2.38461e-06, 2.34984e-06, 2.35413e-06, 2.37782e-06, 2.3445e-06, 2.3634e-06, 2.34451e-06, 3.71876e-05, 2.3445e-06, 2.3445e-06, 2.40461e-06
0.592896, 0, 6.44552e-05, 4.56665e-06, 1.41421, -6.44552e-05, 4.56665e-06, 4.5667e-06, 4.56752e-06, 4.56671e-06, 9.16859e-06, 4.69556e-06, 4.56887e-06, 4.9251e-06, 6.9785e-06, 4.97349e-06, 4.58727e-06, 1.03012e-05, 4.61934e-06, 4.57704e-06, 4.58541e-06, 4.61628e-06, 4.56665e-06, 4.59443e-06, 4.56667e-06, 5.05125e-05, 4.56665e-06, 4.56665e-06, 4.68374e-06
0.600767, 0, 9.6464e-05, 8.69294e-06, 1.41421, -9.6464e-05, 8.69294e-06, 8.69304e-06, 8.6946e-06, 8.69306e-06, 1.74545e-05, 8.93837e-06, 8.69716e-06, 9.37539e-06, 1.36769e-05, 9.46752e-06, 8.7322e-06, 1.96108e-05, 8.76182e-06, 8.71272e-06, 8.72866e-06, 8.76634e-06, 8.69294e-06, 8.73343e-06, 8.69297e-06, 6.95916e-05, 8.69294e-06, 8.69294e-06, 8.91586e-06
0.608638, 0, 0.000148339, 1.61746e-05, 1.41421, -0.000148339, 1.61746e-05, 1.61748e-05, 1.61777e-05, 1.61749e-05, 3.24798e-05, 1.66314e-05, 1.61825e-05, 1.74447e-05, 2.62943e-05, 1.76161e-05, 1.62477e-05, 3.64925e-05, 1.62643e-05, 1.62114e-05, 1.62411e-05, 1.62824e-05, 1.61746e-05, 1.62332e-05, 1.61747e-05, 9.7569e-05, 1.61746e-05, 1.61746e-05, 1.65895e-05
0.61651, 0, 0.000233501, 2.94221e-05, 1.41421, -0.000233501, 2.94221e-05, 2.94225e-05, 2.94278e-05, 2.94225e-05, 5.90872e-05, 3.02531e-05, 2.94364e-05, 3.17328e-05, 4.96074e-05, 3.20447e-05, 2.95551e-05, 6.6388e-05, 2.95382e-05, 2.94891e-05, 2.95431e-05, 2.95793e-05, 2.94221e-05, 2.95063e-05, 2.94222e-05, 0.000139467, 2.94221e-05, 2.94221e-05, 3.01769e-05
0.624381, 0, 0.000374017, 5.2331e-05, 1.41421, -0.000374017, 5.2331e-05, 5.23316e-05, 5.2341e-05, 5.23318e-05, 0.000105105, 5.38093e-05, 5.23565e-05, 5.64416e-05, 9.18744e-05, 5.69966e-05, 5.25675e-05, 0.000118093, 5.24809e-05, 5.24502e-05, 5.25462e-05, 5.25588e-05, 5.2331e-05, 5.24511e-05, 5.23312e-05, 0.000203235, 5.2331e-05, 5.2331e-05, 5.36737e-05
0.632252, 0, 0.000605418, 9.10257e-05, 1.41421, -0.000605418, 9.10257e-05, 9.10268e-05, 9.10432e-05, 9.1027e-05, 0.000182842, 9.35977e-05, 9.107e-05, 9.81774e-05, 0.000167087, 9.91429e-05, 9.14372e-05, 0.000205438, 9.12184e-05, 9.12331e-05, 9.14001e-05, 9.13538e-05, 9.10257e-05, 9.11962e-05, 9.10261e-05, 0.000301203, 9.10257e-05, 9.10257e-05, 9.33618e-05
0.640124, 0, 0.000983823, 0.00015487, 1.41421, -0.000983823, 0.00015487, 0.000154871, 0.000154899, 0.000154872, 0.000311121, 0.000159247, 0.000154945, 0.00016704, 0.000298479, 0.000168683, 0.00015557, 0.000349575, 0.000155116, 0.000155222, 0.000155507, 0.000155339, 0.00015487, 0.00015511, 0.00015487, 0.000452163, 0.00015487, 0.00015487, 0.000158845
0.647995, 0, 0.00159598, 0.000257777, 1.41421, -0.00159598, 0.000257777, 0.00025778, 0.000257827, 0.000257781, 0.000517921, 0.000265064, 0.000257903, 0.00027804, 0.000523853, 0.000280776, 0.000258943, 0.000581944, 0.000258093, 0.000258365, 0.000258838, 0.000258446, 0.000257777, 0.000258116, 0.000257778, 0.000684111, 0.000257777, 0.000257777, 0.000264396
0.655866, 0, 0.00257313, 0.000419836, 1.41421, -0.00257313, 0.000419836, 0.00041984, 0.000419916, 0.000419842, 0.000843644, 0.000431707, 0.00042004, 0.000452847, 0.000903463, 0.000457303, 0.000421735, 0.000947945, 0.000420237, 0.000420793, 0.000421564, 0.000420783, 0.000419836, 0.00042031, 0.000419837, 0.00103775, 0.000419836, 0.000419836, 0.000430619
0.663737, 0, 0.00410948, 0.000669202, 1.41421, -0.00410948, 0.000669202, 0.00066921, 0.000669331, 0.000669212, 0.00134494, 0.000688131, 0.000669528, 0.000721837, 0.00153135, 0.000728943, 0.000672231, 0.00151125, 0.000669713, 0.000670728, 0.000671958, 0.000670538, 0.000669202, 0.000669865, 0.000669205, 0.00157075, 0.000669202, 0.000669202, 0.000686396
0.671609, 0, 0.00648608, 0.00104416, 1.41421, -0.00648608, 0.00104416, 0.00104417, 0.00104436, 0.00104418, 0.00209887, 0.00107371, 0.00104467, 0.00112631, 0.00255117, 0.0011374, 0.00104889, 0.00235844, 0.00104481, 0.00104654, 0.00104846, 0.00104604, 0.00104416, 0.00104508, 0.00104416, 0.0023627, 0.00104416, 0.00104416, 0.001071
0.67948, 0, 0.0101007, 0.00159515, 1.41421, -0.0101007, 0.00159515, 0.00159517, 0.00159546, 0.00159517, 0.00320701, 0.0016403, 0.00159593, 0.0017207, 0.00417748, 0.00173765, 0.00160237, 0.00360369, 0.00159597, 0.00159879, 0.00160172, 0.00159777, 0.00159515, 0.00159643, 0.00159516, 0.00352045, 0.00159515, 0.00159515, 0.00163616
0.687351, 0, 0.0155033, 0.00238648, 1.41421, -0.0155033, 0.00238648, 0.00238651, 0.00238694, 0.00238651, 0.00479891, 0.00245406, 0.00238764, 0.00257439, 0.0067234, 0.00259975, 0.00239729, 0.00539263, 0.00238751, 0.00239193, 0.00239632, 0.00239013, 0.00238648, 0.00238825, 0.00238649, 0.00518345, 0.00238648, 0.00238648, 0.00244786
0.695223, 0.271857, 0.0234374, 0.00349735, 1.50727, 0.24842, 0.00349735, 0.00349739, 0.00349802, 0.0034974, 0.00703429, 0.00359643, 0.00349906, 0.00377285, 0.0106349, 0.00381004, 0.0035132, 0.00790475, 0.00349865, 0.00350534, 0.00351178, 0.00350242, 0.00349735, 0.00349979, 0.00349737, 0.00752872, 0.00349735, 0.00349735, 0.00358735
0.703094, 0.997594, 0.0348837, 0.00502175, 1.73136, 0.96271, 0.00502175, 0.00502181, 0.00502272, 0.00502183, 0.0101028, 0.00516409, 0.0050242, 0.00541752, 0.0165312, 0.00547095, 0.00504452, 0.0113533, 0.00502338, 0.00503323, 0.00504248, 0.00502875, 0.00502175, 0.00502509, 0.00502177, 0.0107746, 0.00502175, 0.00502175, 0.00515104
0.710965, 1.99758, 0.0511044, 0.00706677, 1.9994, 1.94648, 0.00706677, 0.00706685, 0.00706812, 0.00706687, 0.0142208, 0.00726717, 0.00707021, 0.007624, 0.0252485, 0.00769922, 0.00709882, 0.0159814, 0.00706879, 0.00708292, 0.00709596, 0.00707639, 0.00706677, 0.0070713, 0.00706679, 0.0151833, 0.00706677, 0.00706677, 0.00724881
0.718836, 0.732966, 0.0736827, 0.00974896, 1.65317, 0.659283, 0.00974896, 0.00974907, 0.00975083, 0.0097491, 0.019624, 0.0100256, 0.00975372, 0.0105181, 0.0378843, 0.010622, 0.00979321, 0.0220544, 0.00975147, 0.00977125, 0.00978927, 0.00976213, 0.00974896, 0.00975507, 0.009749, 0.0210612, 0.00974896, 0.00974896, 0.0100003
0.726708, 0, 0.10455, 0.0131886, 1.41421, -0.10455, 0.0131886, 0.0131887, 0.0131911, 0.0131888, 0.0265565, 0.013563, 0.013195, 0.0142298, 0.0558335, 0.0143704, 0.0132485, 0.0298464, 0.0131917, 0.0132188, 0.0132432, 0.0132065, 0.0131886, 0.0131967, 0.0131886, 0.0287584, 0.0131886, 0.0131886, 0.0135288
0.734579, 0, 0.145994, 0.0175017, 1.41421, -0.145994, 0.0175017, 0.0175019, 0.0175051, 0.017502, 0.0352542, 0.017999, 0.0175103, 0.0188845, 0.0808093, 0.0190711, 0.0175813, 0.0396231, 0.0175055, 0.0175418, 0.0175743, 0.017526, 0.0175017, 0.0175125, 0.0175018, 0.0386678, 0.0175017, 0.0175017, 0.0179536
0.74245, 0, 0.200638, 0.0227906, 1.41421, -0.200638, 0.0227906, 0.0227908, 0.022795, 0.0227909, 0.0459261, 0.0234387, 0.0228017, 0.0245926, 0.114835, 0.0248358, 0.0228943, 0.0516199, 0.0227952, 0.0228428, 0.0228853, 0.0228233, 0.0227906, 0.0228046, 0.0227907, 0.0512261, 0.0227906, 0.0227906, 0.0233796
0.750321, 0.509979, 0.271381, 0.0291329, 1.58429, 0.238598, 0.0291329, 0.0291332, 0.0291385, 0.0291333, 0.0587329, 0.029962, 0.0291471, 0.0314385, 0.160196, 0.0317496, 0.0292655, 0.0660176, 0.0291384, 0.0291997, 0.0292543, 0.0291765, 0.0291329, 0.0291508, 0.029133, 0.0669186, 0.0291329, 0.0291329, 0.0298867
0.758193, 1.49002, 0.361296, 0.036571, 1.86816, 1.12873, 0.036571, 0.0365714, 0.0365781, 0.0365715, 0.0737651, 0.0376129, 0.0365889, 0.0394681, 0.21934, 0.039859, 0.0367377, 0.0829187, 0.0365776, 0.0366549, 0.036724, 0.0366288, 0.036571, 0.0365936, 0.0365712, 0.0862936, 0.036571, 0.036571, 0.0375187
0.766064, 0, 0.473476, 0.0451027, 1.41421, -0.473476, 0.0451027, 0.0451032, 0.0451115, 0.0451034, 0.0910242, 0.0463891, 0.0451249, 0.0486796, 0.294711, 0.0491621, 0.0453085, 0.102326, 0.0451105, 0.0452063, 0.0452924, 0.0451788, 0.0451027, 0.0451309, 0.0451029, 0.109986, 0.0451027, 0.0451027, 0.0462736
0.773935, 0, 0.610839, 0.0546741, 1.41421, -0.610839, 0.0546741, 0.0546748, 0.0546847, 0.0546749, 0.110409, 0.0562354, 0.054701, 0.0590154, 0.38853, 0.0596008, 0.0549239, 0.124125, 0.0546832, 0.0547998, 0.0549057, 0.0547732, 0.0546741, 0.0547085, 0.0546744, 0.138757, 0.0546741, 0.0546741, 0.0560965
0.781807, 1, 0.775893, 0.0651765, 1.73205, 0.224107, 0.0651765, 0.0651773, 0.0651892, 0.0651775, 0.131708, 0.0670402, 0.0652086, 0.0703587, 0.502509, 0.0710573, 0.0654747, 0.148081, 0.065187, 0.0653264, 0.0654554, 0.0653046, 0.0651765, 0.0652178, 0.0651768, 0.173544, 0.0651765, 0.0651765, 0.0668767
0.789678, 1.48585, 0.970479, 0.0764477, 1.86704, 0.515372, 0.0764477, 0.0764486, 0.0764626, 0.0764488, 0.154603, 0.078637, 0.0764854, 0.0825353, 0.637534, 0.0833557, 0.0767979, 0.173837, 0.0764597, 0.0766236, 0.0767793, 0.0766119, 0.0764477, 0.0764964, 0.076448, 0.215524, 0.0764477, 0.0764477, 0.0784488
0.797549, 1.51415, 1.19552, 0.0882783, 1.87461, 0.318624, 0.0882783, 0.0882794, 0.0882955, 0.0882796, 0.178681, 0.0908107, 0.0883219, 0.0953199, 0.793346, 0.0962683, 0.0886834, 0.200929, 0.0882918, 0.0884815, 0.0886686, 0.0884871, 0.0882783, 0.0883347, 0.0882787, 0.266179, 0.0882783, 0.0882783, 0.0905992
0.80542, 1, 1.45083, 0.100423, 1.73205, -0.450834, 0.100423, 0.100424, 0.100442, 0.100424, 0.203455, 0.103309, 0.100472, 0.108448, 0.968252, 0.109528, 0.100884, 0.228812, 0.100438, 0.100654, 0.100878, 0.100686, 0.100423, 0.100487, 0.100423, 0.327348, 0.100423, 0.100423, 0.103078
0.813292, 0.707099, 1.73493, 0.112613, 1.64533, -1.02783, 0.112613, 0.112614, 0.112635, 0.112614, 0.228393, 0.115856, 0.112669, 0.121631, 1.15893, 0.122844, 0.113132, 0.256888, 0.112629, 0.112872, 0.113142, 0.112944, 0.112613, 0.112684, 0.112613, 0.401256, 0.112613, 0.112613, 0.115612
0.821163, 4.2929, 2.04499, 0.124576, 2.50857, 2.24791, 0.124576, 0.124577, 0.1246, 0.124578, 0.252953, 0.128172, 0.124638, 0.134575, 1.36037, 0.135919, 0.125151, 0.284547, 0.124594, 0.124862, 0.12519, 0.12499, 0.124576, 0.124654, 0.124576, 0.490491, 0.124576, 0.124576, 0.127925
0.829034, 1, 2.37691, 0.136051, 1.73205, -1.37691, 0.136051, 0.136053, 0.136078, 0.136053, 0.276613, 0.139989, 0.136119, 0.147, 1.56595, 0.148469, 0.136681, 0.311206, 0.136071, 0.136363, 0.136765, 0.136567, 0.136051, 0.136135, 0.136052, 0.597918, 0.136051, 0.136051, 0.139753
0.836906, 1, 2.72542, 0.146806, 1.73205, -1.72542, 0.146806, 0.146808, 0.146835, 0.146808, 0.298908, 0.151067, 0.146879, 0.158653, 1.76777, 0.160241, 0.147487, 0.336341, 0.146827, 0.147141, 0.14764, 0.147448, 0.146806, 0.146895, 0.146807, 0.726502, 0.146806, 0.146806, 0.150864
0.844777, 3, 3.08433, 0.156648, 2.23607, -0.0843296, 0.156648, 0.15665, 0.156679, 0.156651, 0.319452, 0.161209, 0.156727, 0.169329, 1.95712, 0.171025, 0.157378, 0.359518, 0.15667, 0.157005, 0.157632, 0.157447, 0.156648, 0.15674, 0.156649, 0.879048, 0.156648, 0.156648, 0.161068
0.852648, 0.447279, 3.44684, 0.165437, 1.56438, -2.99956, 0.165437, 0.165439, 0.165469, 0.165439, 0.337958, 0.170269, 0.16552, 0.178875, 2.12508, 0.180668, 0.16621, 0.380416, 0.16546, 0.16581, 0.166611, 0.166433, 0.165437, 0.16553, 0.165437, 1.05785, 0.165437, 0.165437, 0.170228
0.860519, 3.77395, 3.80584, 0.173084, 2.40291, -0.0318871, 0.173084, 0.173086, 0.173119, 0.173087, 0.354247, 0.178159, 0.173172, 0.187195, 2.26327, 0.189074, 0.173896, 0.398832, 0.173108, 0.173472, 0.174505, 0.174328, 0.173084, 0.173177, 0.173085, 1.26428, 0.173084, 0.173084, 0.178268
0.868391, 2.43522, 4.15419, 0.179559, 2.106, -1.71897, 0.179559, 0.179561, 0.179595, 0.179562, 0.368248, 0.184844, 0.17965, 0.194256, 2.36456, 0.196207, 0.180404, 0.414686, 0.179583, 0.179956, 0.181298, 0.181115, 0.179559, 0.17965, 0.17956, 1.49835, 0.179559, 0.179559, 0.185169
0.876262, 4.77638, 4.48495, 0.184877, 2.60315, 0.291434, 0.184877, 0.18488, 0.184915, 0.18488, 0.379988, 0.190343, 0.184972, 0.200075, 2.42373, 0.202085, 0.185752, 0.428005, 0.184902, 0.185279, 0.18703, 0.186826, 0.184877, 0.184965, 0.184878, 1.75827, 0.184877, 0.184877, 0.190968
0.884133, 4.78117, 4.79157, 0.1891, 2.60407, -0.0104051, 0.1891, 0.189102, 0.189138, 0.189103, 0.389575, 0.194715, 0.189196, 0.204715, 2.43795, 0.206773, 0.189998, 0.438913, 0.189125, 0.189502, 0.191786, 0.191539, 0.1891, 0.189182, 0.1891, 2.0402, 0.1891, 0.1891, 0.195751
0.892004, 2.786, 5.06794, 0.192318, 2.18769, -2.28194, 0.192318, 0.19232, 0.192357, 0.192321, 0.397186, 0.198057, 0.192417, 0.208275, 2.40705, 0.21037, 0.193236, 0.447605, 0.192343, 0.192716, 0.195687, 0.195365, 0.192318, 0.192394, 0.192319, 2.338, 0.192318, 0.192318, 0.199645
0.899876, 1.20917, 5.30843, 0.194646, 1.79142, -4.09925, 0.194646, 0.194648, 0.194685, 0.194649, 0.403037, 0.200483, 0.194746, 0.210878, 2.3335, 0.212999, 0.19558, 0.454323, 0.194671, 0.195036, 0.198881, 0.198436, 0.194646, 0.194716, 0.194647, 2.64332, 0.194646, 0.194646, 0.202811
0.907747, 4.79083, 5.50789, 0.19621, 2.60592, -0.717063, 0.19621, 0.196212, 0.19625, 0.196213, 0.407369, 0.202125, 0.196312, 0.212657, 2.22221, 0.214797, 0.197156, 0.459337, 0.196234, 0.196588, 0.201528, 0.200893, 0.19621, 0.196273, 0.196211, 2.94587, 0.19621, 0.19621, 0.205434
0.915618, 5.02175, 5.66173, 0.197139, 2.64986, -0.63998, 0.197139, 0.197141, 0.197179, 0.197142, 0.41043, 0.203113, 0.197241, 0.213752, 2.08, 0.215903, 0.198094, 0.462922, 0.197162, 0.197501, 0.203793, 0.202876, 0.197139, 0.197195, 0.197139, 3.23392, 0.197139, 0.197139, 0.207718
0.92349, 5.38215, 5.76598, 0.197557, 2.71701, -0.383827, 0.197557, 0.197559, 0.197598, 0.19756, 0.412456, 0.203577, 0.19766, 0.214296, 1.91499, 0.216452, 0.19852, 0.465344, 0.19758, 0.1979, 0.20584, 0.204512, 0.197557, 0.197606, 0.197558, 3.49511, 0.197557, 0.197557, 0.209887
0.931361, 5.39423, 5.81751, 0.197579, 2.71923, -0.42328, 0.197579, 0.197581, 0.19762, 0.197582, 0.413668, 0.203632, 0.197683, 0.21441, 1.7359, 0.216568, 0.198547, 0.466848, 0.197601, 0.197901, 0.207819, 0.20591, 0.197579, 0.197621, 0.19758, 3.71729, 0.197579, 0.197579, 0.212175
0.939232, 8.59613, 5.8143, 0.197306, 3.25517, 2.78183, 0.197306, 0.197309, 0.197348, 0.197309, 0.414257, 0.203384, 0.197411, 0.214205, 1.55137, 0.216361, 0.198279, 0.46765, 0.197328, 0.197605, 0.209871, 0.20715, 0.197306, 0.197343, 0.197307, 3.88951, 0.197306, 0.197306, 0.21483
0.947103, 3.18986, 5.75573, 0.196826, 2.27813, -2.56587, 0.196826, 0.196828, 0.196867, 0.196829, 0.414389, 0.20292, 0.196931, 0.213772, 1.3693, 0.215924, 0.197801, 0.467933, 0.196846, 0.197099, 0.212112, 0.208289, 0.196826, 0.196857, 0.196827, 4.00296, 0.196826, 0.196826, 0.218115
0.954975, 5.99279, 5.6429, 0.196208, 2.82715, 0.349892, 0.196208, 0.196211, 0.19625, 0.196211, 0.414198, 0.202315, 0.196313, 0.213188, 1.19645, 0.215335, 0.197185, 0.467847, 0.196228, 0.196456, 0.214648, 0.209351, 0.196208, 0.196234, 0.196209, 4.05172, 0.196208, 0.196208, 0.222299
0.962846, 7.18261, 5.47886, 0.195511, 3.03028, 1.70376, 0.195511, 0.195514, 0.195553, 0.195514, 0.413792, 0.201626, 0.195616, 0.212513, 1.03807, 0.214655, 0.196489, 0.467512, 0.19553, 0.195734, 0.217564, 0.210336, 0.195511, 0.195533, 0.195512, 4.03334, 0.195511, 0.195511, 0.227655
0.970717, 6.80292, 5.26871, 0.194779, 2.96697, 1.53421, 0.194779, 0.194781, 0.19482, 0.194782, 0.413255, 0.200899, 0.194884, 0.211796, 0.897796, 0.213932, 0.195758, 0.467022, 0.194797, 0.194978, 0.220937, 0.211225, 0.194779, 0.194797, 0.19478, 3.94903, 0.194779, 0.194779, 0.234451
0.978589, 4.99275, 5.01953, 0.194044, 2.64438, -0.0267773, 0.194044, 0.194047, 0.194086, 0.194047, 0.412648, 0.200168, 0.194149, 0.211071, 0.777708, 0.213202, 0.195024, 0.466447, 0.194062, 0.194221, 0.224838, 0.21198, 0.194044, 0.19406, 0.194045, 3.80359, 0.194044, 0.194044, 0.242931
0.98646, 5.62747, 4.74011, 0.193331, 2.76179, 0.887354, 0.193331, 0.193334, 0.193373, 0.193334, 0.412018, 0.199457, 0.193437, 0.210365, 0.678444, 0.212491, 0.194311, 0.465835, 0.193349, 0.193488, 0.229347, 0.212555, 0.193331, 0.193344, 0.193332, 3.60497, 0.193331, 0.193331, 0.253296
0.994331, 2.5383, 4.4405, 0.192657, 2.13033, -1.90221, 0.192657, 0.19266, 0.192699, 0.19266, 0.411396, 0.198785, 0.192763, 0.209695, 0.59945, 0.211817, 0.193638, 0.465225, 0.192675, 0.192797, 0.234575, 0.212907, 0.192657, 0.192668, 0.192658, 3.36359, 0.192657, 0.192657, 0.265683
1.0022, 5.9904, 4.13143, 0.192033, 2.82673, 1.85897, 0.192033, 0.192036, 0.192075, 0.192037, 0.410804, 0.198162, 0.192139, 0.209074, 0.539248, 0.211192, 0.193014, 0.464638, 0.192051, 0.19216, 0.2407, 0.212996, 0.192033, 0.192043, 0.192034, 3.09149, 0.192033, 0.192033, 0.280134
1.01007, 5.63951, 3.82366, 0.191467, 2.76397, 1.81585, 0.191466, 0.191469, 0.191508, 0.19147, 0.410257, 0.197596, 0.191572, 0.208509, 0.495717, 0.210624, 0.192447, 0.46409, 0.191485, 0.191586, 0.24803, 0.212795, 0.191467, 0.191475, 0.191468, 2.80139, 0.191467, 0.191467, 0.296574
1.01794, 3.16822, 3.52744, 0.190962, 2.27337, -0.359222, 0.190961, 0.190964, 0.191003, 0.190965, 0.409763, 0.197091, 0.191067, 0.208004, 0.466343, 0.210117, 0.191942, 0.463591, 0.190981, 0.191078, 0.257094, 0.212295, 0.190962, 0.190968, 0.190963, 2.50573, 0.190962, 0.190962, 0.31479
1.02582, 2.65151, 3.25202, 0.19052, 2.15674, -0.600507, 0.190519, 0.190523, 0.190562, 0.190523, 0.409329, 0.19665, 0.190626, 0.207564, 0.448437, 0.209674, 0.191501, 0.463144, 0.190542, 0.190641, 0.268793, 0.211503, 0.19052, 0.190526, 0.190521, 2.21591, 0.19052, 0.19052, 0.334419
1.03369, 1.33396, 3.00545, 0.190144, 1.82591, -1.67149, 0.190142, 0.190146, 0.190186, 0.190147, 0.408956, 0.196273, 0.190249, 0.207188, 0.439313, 0.209297, 0.191124, 0.46275, 0.190168, 0.190277, 0.28463, 0.210445, 0.190144, 0.190149, 0.190145, 1.94165, 0.190144, 0.190144, 0.354945
1.04156, 5.99283, 2.7946, 0.189832, 2.82716, 3.19822, 0.18983, 0.189835, 0.189874, 0.189835, 0.408647, 0.195962, 0.189938, 0.206876, 0.436415, 0.208984, 0.190813, 0.462406, 0.189859, 0.189988, 0.307033, 0.209164, 0.189832, 0.189836, 0.189833, 1.69057, 0.189832, 0.189832, 0.375717
1.04943, 3.50262, 2.62565, 0.189585, 2.34577, 0.876969, 0.189582, 0.189587, 0.189626, 0.189588, 0.4084, 0.195714, 0.18969, 0.206628, 0.437419, 0.208736, 0.190565, 0.462105, 0.189616, 0.189775, 0.339823, 0.207712, 0.189585, 0.189588, 0.189585, 1.46804, 0.189585, 0.189585, 0.395973
1.0573, 4, 2.50475, 0.1894, 2.44949, 1.49525, 0.189396, 0.189402, 0.189441, 0.189403, 0.408216, 0.195529, 0.189505, 0.206444, 0.440292, 0.208551, 0.19038, 0.461841, 0.189437, 0.189639, 0.388843, 0.206151, 0.1894, 0.189403, 0.189401, 1.27718, 0.1894, 0.1894, 0.414886
1.06517, 0.15855, 2.43919, 0.189275, 1.4692, -2.28064, 0.18927, 0.189278, 0.189317, 0.189278, 0.408092, 0.195405, 0.189381, 0.206319, 0.443341, 0.208425, 0.190256, 0.461599, 0.189319, 0.18958, 0.46276, 0.204541, 0.189275, 0.189278, 0.189276, 1.11908, 0.189275, 0.189275, 0.431617
1.07304, 6.99761, 2.43876, 0.189207, 2.9996, 4.55884, 0.189201, 0.18921, 0.189249, 0.18921, 0.408024, 0.195337, 0.189313, 0.206251, 0.445236, 0.208357, 0.190188, 0.461362, 0.189261, 0.189599, 0.574065, 0.202941, 0.189207, 0.189209, 0.189208, 0.993103, 0.189207, 0.189207, 0.445372
1.08092, 2.30502, 2.51734, 0.189191, 2.07486, -0.212311, 0.189182, 0.189193, 0.189233, 0.189194, 0.408008, 0.195321, 0.189297, 0.206235, 0.445013, 0.208341, 0.190172, 0.461108, 0.189257, 0.189693, 0.740186, 0.201401, 0.189191, 0.189193, 0.189192, 0.897272, 0.189191, 0.189191, 0.455467
1.08879, 5.14402, 2.69447, 0.189219, 2.67283, 2.44955, 0.189208, 0.189222, 0.189261, 0.189222, 0.408036, 0.195349, 0.189325, 0.206263, 0.442072, 0.208369, 0.1902, 0.460811, 0.1893, 0.189859, 0.984694, 0.199958, 0.189219, 0.189221, 0.18922, 0.828659, 0.189219, 0.189219, 0.46138
1.09666, 4.84153, 2.99692, 0.189283, 2.61563, 1.84461, 0.189268, 0.189285, 0.189324, 0.189286, 0.4081, 0.195412, 0.189388, 0.206327, 0.436145, 0.208432, 0.190263, 0.460437, 0.189384, 0.190092, 1.33837, 0.198638, 0.189283, 0.189284, 0.189283, 0.783766, 0.189283, 0.189283, 0.462792
1.10453, 2.69977, 3.45969, 0.189368, 2.16789, -0.759925, 0.189349, 0.189371, 0.18941, 0.189371, 0.408185, 0.195498, 0.189474, 0.206412, 0.427263, 0.208518, 0.190349, 0.459947, 0.189495, 0.190382, 1.83999, 0.197453, 0.189368, 0.189369, 0.189369, 0.758844, 0.189368, 0.189368, 0.459617
1.1124, 9.00625, 4.12644, 0.18946, 3.31757, 4.87981, 0.189435, 0.189463, 0.189502, 0.189463, 0.408277, 0.19559, 0.189566, 0.206504, 0.415705, 0.20861, 0.190441, 0.459298, 0.189619, 0.190717, 2.53649, 0.196399, 0.18946, 0.189461, 0.189461, 0.750154, 0.18946, 0.18946, 0.452003
1.12027, 11.1306, 5.04887, 0.189539, 3.62361, 6.08171, 0.189507, 0.189541, 0.18958, 0.189542, 0.408356, 0.195668, 0.189644, 0.206583, 0.401931, 0.208689, 0.190519, 0.458444, 0.189741, 0.191082, 3.48223, 0.195462, 0.189539, 0.18954, 0.18954, 0.754156, 0.189539, 0.189539, 0.440318
1.12814, 6.55225, 6.28462, 0.189581, 2.92442, 0.267628, 0.189541, 0.189584, 0.189623, 0.189584, 0.408398, 0.195711, 0.189687, 0.206625, 0.386521, 0.208731, 0.190562, 0.457339, 0.189838, 0.191457, 4.73689, 0.194617, 0.189581, 0.189582, 0.189582, 0.767635, 0.189581, 0.189581, 0.425119
1.13601, 10.3962, 7.89389, 0.18956, 3.52082, 2.50227, 0.189509, 0.189562, 0.189601, 0.189563, 0.408377, 0.195689, 0.189665, 0.206604, 0.370108, 0.20871, 0.19054, 0.455936, 0.189887, 0.191816, 6.36209, 0.193827, 0.18956, 0.189561, 0.189561, 0.787768, 0.18956, 0.18956, 0.407102
1.14389, 14.4404, 9.93396, 0.189444, 4.05468, 4.50646, 0.189381, 0.189447, 0.189486, 0.189447, 0.408261, 0.195574, 0.18955, 0.206488, 0.353316, 0.208594, 0.190425, 0.454197, 0.189861, 0.192131, 8.41604, 0.193054, 0.189444, 0.189445, 0.189445, 0.812149, 0.189444, 0.189444, 0.387047
1.15176, 12.5161, 12.4527, 0.1892, 3.81, 0.0634298, 0.18912, 0.189202, 0.189241, 0.189203, 0.408017, 0.195329, 0.189305, 0.206244, 0.33671, 0.208349, 0.19018, 0.452092, 0.189732, 0.19237, 10.9471, 0.192249, 0.1892, 0.1892, 0.189201, 0.838767, 0.1892, 0.1892, 0.365755
1.15963, 18.3671, 15.4802, 0.18879, 4.513, 2.88697, 0.188692, 0.188793, 0.188832, 0.188793, 0.407607, 0.19492, 0.188896, 0.205834, 0.320761, 0.20794, 0.189771, 0.449605, 0.189468, 0.192498, 13.9858, 0.191365, 0.18879, 0.188791, 0.188791, 0.865977, 0.18879, 0.18879, 0.343995
1.1675, 21.7169, 19.0211, 0.188177, 4.87, 2.69581, 0.188055, 0.18818, 0.188219, 0.18818, 0.406994, 0.194307, 0.188283, 0.205221, 0.30582, 0.207327, 0.189158, 0.44674, 0.189036, 0.192475, 17.5367, 0.19035, 0.188177, 0.188177, 0.188178, 0.89244, 0.188177, 0.188177, 0.322455
1.17537, 23.2253, 23.0462, 0.187321, 5.02248, 0.179052, 0.187171, 0.187324, 0.187363, 0.187324, 0.406139, 0.193451, 0.187427, 0.204365, 0.292115, 0.206471, 0.188302, 0.443525, 0.188404, 0.192264, 21.571, 0.189155, 0.187321, 0.187322, 0.187322, 0.917069, 0.187321, 0.187321, 0.301705
1.18324, 24.95, 27.4875, 0.186184, 5.19134, -2.53742, 0.186, 0.186187, 0.186226, 0.186188, 0.405002, 0.192314, 0.18629, 0.203228, 0.27975, 0.205334, 0.187165, 0.44002, 0.18754, 0.191825, 26.0205, 0.187731, 0.186184, 0.186185, 0.186185, 0.938972, 0.186184, 0.186184, 0.282177
1.19111, 26.9921, 32.234, 0.18473, 5.38443, -5.2419, 0.184505, 0.184733, 0.184772, 0.184734, 0.403548, 0.19086, 0.184836, 0.201774, 0.268724, 0.20388, 0.185711, 0.436315, 0.186411, 0.191121, 30.7747, 0.186035, 0.18473, 0.184731, 0.184731, 0.957397, 0.18473, 0.18473, 0.26416
1.19898, 25.794, 37.1345, 0.182927, 5.272, -11.3405, 0.182653, 0.182929, 0.182969, 0.18293, 0.401744, 0.189057, 0.183033, 0.199971, 0.258952, 0.202077, 0.183908, 0.432542, 0.184989, 0.190121, 35.6826, 0.184027, 0.182927, 0.182927, 0.182928, 0.971696, 0.182927, 0.182927, 0.2478
1.20686, 39.7604, 42.0018, 0.180748, 6.46223, -2.2414, 0.180416, 0.18075, 0.180789, 0.180751, 0.399565, 0.186877, 0.180853, 0.197792, 0.250288, 0.199897, 0.181728, 0.428879, 0.183248, 0.188797, 40.5575, 0.181674, 0.180748, 0.180748, 0.180749, 0.981303, 0.180748, 0.180748, 0.233126
1.21473, 47.1477, 46.6248, 0.178173, 7.01054, 0.522911, 0.177774, 0.178176, 0.178215, 0.178176, 0.39699, 0.184303, 0.178279, 0.195217, 0.242551, 0.197323, 0.179154, 0.425549, 0.181168, 0.187132, 45.1886, 0.178953, 0.178173, 0.178173, 0.178174, 0.985722, 0.178173, 0.178173, 0.220064
1.2226, 43.9408, 50.7818, 0.175193, 6.77796, -6.84101, 0.174714, 0.175196, 0.175235, 0.175196, 0.39401, 0.181323, 0.175299, 0.192237, 0.235548, 0.194343, 0.176174, 0.422831, 0.178732, 0.185121, 49.3548, 0.175848, 0.175193, 0.175193, 0.175194, 0.984536, 0.175193, 0.175193, 0.208471
1.23047, 63.6155, 54.2588, 0.171808, 8.10034, 9.35671, 0.171235, 0.17181, 0.171849, 0.171811, 0.390625, 0.177937, 0.171913, 0.188852, 0.22909, 0.190957, 0.172788, 0.421058, 0.175933, 0.182773, 52.8423, 0.172358, 0.171808, 0.171808, 0.171808, 0.977429, 0.171808, 0.171808, 0.198158
1.23834, 50.5723, 56.8669, 0.168028, 7.25067, -6.29461, 0.167347, 0.16803, 0.16807, 0.168031, 0.386845, 0.174158, 0.168133, 0.185072, 0.223009, 0.187178, 0.169009, 0.420622, 0.172771, 0.18012, 55.4627, 0.168489, 0.168028, 0.168028, 0.168029, 0.96421, 0.168028, 0.168028, 0.188919
1.24621, 67.4409, 58.4602, 0.163877, 8.33312, 8.98077, 0.163069, 0.16388, 0.163919, 0.16388, 0.382693, 0.170007, 0.163983, 0.180921, 0.217165, 0.183027, 0.164858, 0.421974, 0.169256, 0.177219, 57.0698, 0.164264, 0.163877, 0.163877, 0.163878, 0.944851, 0.163877, 0.163877, 0.180548
1.25408, 67.0138, 58.9485, 0.159389, 8.30746, 8.06534, 0.158434, 0.159392, 0.159431, 0.159393, 0.378205, 0.165519, 0.159495, 0.176433, 0.211454, 0.178539, 0.16037, 0.42562, 0.16541, 0.174164, 57.5732, 0.159713, 0.159389, 0.159389, 0.15939, 0.919509, 0.159389, 0.159389, 0.17286
1.26195, 69.5355, 58.3061, 0.15461, 8.45787, 11.2294, 0.153483, 0.154613, 0.154652, 0.154613, 0.373425, 0.16074, 0.154716, 0.171654, 0.205803, 0.17376, 0.155591, 0.432116, 0.161266, 0.171099, 56.9467, 0.15488, 0.15461, 0.15461, 0.154611, 0.888546, 0.15461, 0.15461, 0.165697
1.26983, 39.04, 56.5743, 0.149595, 6.40625, -17.5343, 0.14827, 0.149597, 0.149637, 0.149598, 0.368407, 0.155724, 0.1497, 0.166639, 0.200174, 0.168744, 0.150576, 0.442062, 0.156873, 0.168238, 55.2305, 0.14982, 0.149595, 0.149595, 0.149596, 0.852537, 0.149595, 0.149595, 0.158934
1.2777, 48.4096, 53.8563, 0.144406, 7.09997, -5.4467, 0.142852, 0.144409, 0.144448, 0.144409, 0.363215, 0.150535, 0.144512, 0.161449, 0.194558, 0.163555, 0.145387, 0.456088, 0.152296, 0.165893, 52.5267, 0.144593, 0.144406, 0.144406, 0.144407, 0.812253, 0.144406, 0.144406, 0.152483
1.28557, 64.4747, 50.3081, 0.139112, 8.1532, 14.1666, 0.137294, 0.139115, 0.139154, 0.139115, 0.357915, 0.145241, 0.139218, 0.156155, 0.188968, 0.158261, 0.140093, 0.474842, 0.147614, 0.164507, 48.9896, 0.139268, 0.139112, 0.139112, 0.139113, 0.768634, 0.139112, 0.139112, 0.146291
1.29344, 42.4103, 46.1233, 0.133785, 6.6641, -3.71299, 0.131663, 0.133787, 0.133826, 0.133788, 0.352578, 0.139914, 0.13389, 0.150827, 0.183435, 0.152932, 0.134765, 0.498968, 0.142928, 0.164708, 44.8105, 0.133914, 0.133785, 0.133785, 0.133786, 0.722741, 0.133785, 0.133785, 0.14033
1.30131, 47.7843, 41.5162, 0.128495, 7.0558, 6.26809, 0.126025, 0.128498, 0.128537, 0.128498, 0.347273, 0.134624, 0.128601, 0.145536, 0.178, 0.147641, 0.129476, 0.529089, 0.138356, 0.167361, 40.2017, 0.128602, 0.128495, 0.128495, 0.128496, 0.675703, 0.128495, 0.128495, 0.134597
1.30918, 49.3857, 36.7043, 0.123314, 7.16838, 12.6814, 0.120443, 0.123316, 0.123355, 0.123317, 0.342067, 0.129441, 0.123419, 0.140353, 0.172714, 0.142457, 0.124294, 0.565791, 0.134034, 0.173643, 35.378, 0.123402, 0.123314, 0.123314, 0.123314, 0.628649, 0.123314, 0.123314, 0.129105
1.31705, 46.8045, 31.8925, 0.118304, 6.98602, 14.9121, 0.114976, 0.118306, 0.118345, 0.118307, 0.33702, 0.124431, 0.118409, 0.13534, 0.167626, 0.137444, 0.119284, 0.609596, 0.130121, 0.18511, 30.5411, 0.118376, 0.118304, 0.118304, 0.118305, 0.582649, 0.118304, 0.118304, 0.123879
1.32492, 22.4571, 27.2596, 0.113524, 4.94541, -4.8025, 0.109674, 0.113526, 0.113566, 0.113527, 0.332184, 0.119649, 0.113629, 0.130556, 0.162782, 0.132659, 0.114504, 0.66095, 0.126793, 0.203768, 25.8667, 0.113583, 0.113524, 0.113524, 0.113525, 0.538651, 0.113524, 0.113524, 0.118946
1.3328, 25.5857, 22.9502, 0.109023, 5.25221, 2.63553, 0.104578, 0.109025, 0.109064, 0.109026, 0.327601, 0.115146, 0.109128, 0.126049, 0.158225, 0.128151, 0.110002, 0.720206, 0.124243, 0.232125, 21.4957, 0.109072, 0.109023, 0.109023, 0.109024, 0.497443, 0.109023, 0.109023, 0.114335
1.34067, 21.4615, 19.0695, 0.10484, 4.84371, 2.39199, 0.0997191, 0.104842, 0.104881, 0.104843, 0.323299, 0.11096, 0.104945, 0.121857, 0.153987, 0.123957, 0.105818, 0.787617, 0.12268, 0.273211, 17.5295, 0.104879, 0.10484, 0.10484, 0.104841, 0.459613, 0.10484, 0.10484, 0.110072
1.34854, 9.35632, 15.6839, 0.101003, 3.36991, -6.32758, 0.0951172, 0.101006, 0.101045, 0.101006, 0.319295, 0.107119, 0.101108, 0.118008, 0.150092, 0.120106, 0.101981, 0.863325, 0.12232, 0.330539, 14.0303, 0.101035, 0.101003, 0.101003, 0.101004, 0.425544, 0.101003, 0.101003, 0.106175
1.35641, 13.3325, 12.8231, 0.0975316, 3.91567, 0.509412, 0.0907807, 0.097534, 0.097573, 0.0975347, 0.315592, 0.103641, 0.0976368, 0.11452, 0.146551, 0.116613, 0.0985079, 0.947371, 0.123377, 0.408009, 11.0235, 0.0975576, 0.0975316, 0.0975316, 0.0975325, 0.395406, 0.0975316, 0.0975316, 0.102657
1.36428, 14.5048, 10.4863, 0.0944336, 4.06261, 4.01847, 0.0867076, 0.094436, 0.0944749, 0.0944367, 0.31218, 0.100534, 0.0945387, 0.111399, 0.14337, 0.113487, 0.0954083, 1.03969, 0.126056, 0.509702, 8.50437, 0.0944545, 0.0944336, 0.0944336, 0.0944345, 0.369185, 0.0944336, 0.0944336, 0.0995207
1.37215, 9.11944, 8.64884, 0.0917088, 3.33458, 0.470603, 0.0828864, 0.0917112, 0.09175, 0.0917118, 0.309038, 0.0977981, 0.0918137, 0.108643, 0.140541, 0.110725, 0.0926813, 1.14011, 0.13053, 0.639593, 6.44434, 0.0917256, 0.0917088, 0.0917088, 0.0917097, 0.346702, 0.0917088, 0.0917088, 0.0967628
1.38002, 11.8613, 7.2692, 0.0893497, 3.72307, 4.59209, 0.0792977, 0.0893521, 0.0893908, 0.0893528, 0.306136, 0.0954243, 0.0894544, 0.106244, 0.138051, 0.108317, 0.0903196, 1.24841, 0.136931, 0.801152, 4.79886, 0.0893631, 0.0893497, 0.0893497, 0.0893506, 0.327653, 0.0893497, 0.0893497, 0.0943736
1.38789, 5.05011, 6.29545, 0.0873431, 2.6552, -1.24534, 0.0759156, 0.0873455, 0.0873841, 0.0873461, 0.303437, 0.093399, 0.0874475, 0.104186, 0.135882, 0.106248, 0.0883096, 1.36429, 0.145321, 0.996882, 3.51412, 0.0873537, 0.0873431, 0.0873431, 0.087344, 0.311651, 0.0873431, 0.0873431, 0.0923377
1.39577, 8.87333, 5.67087, 0.0856726, 3.29747, 3.20246, 0.0727102, 0.085675, 0.0857134, 0.0856756, 0.300901, 0.091705, 0.0857766, 0.102452, 0.13401, 0.1045, 0.0866352, 1.4874, 0.155681, 1.22779, 2.53313, 0.085681, 0.0856726, 0.0856726, 0.0856735, 0.298259, 0.0856726, 0.0856726, 0.0906372
1.40364, 7.43162, 5.33791, 0.0843204, 3.07109, 2.0937, 0.0696495, 0.0843228, 0.0843609, 0.0843234, 0.298487, 0.0903241, 0.0844239, 0.101021, 0.132414, 0.103052, 0.0852784, 1.6174, 0.167889, 1.49292, 1.80022, 0.084327, 0.0843204, 0.0843204, 0.0843212, 0.287031, 0.0843204, 0.0843204, 0.0892529
1.41151, 12.5539, 5.24112, 0.0832697, 3.81496, 7.31281, 0.0667017, 0.0832721, 0.08331, 0.0832727, 0.29616, 0.0892389, 0.0833727, 0.0998764, 0.13107, 0.101886, 0.0842226, 1.75392, 0.181707, 1.78889, 1.26426, 0.0832749, 0.0832697, 0.0832697, 0.0832706, 0.277542, 0.0832697, 0.0832697, 0.0881672
1.41938, 5.89263, 5.32866, 0.0825068, 2.80938, 0.56397, 0.0638373, 0.0825092, 0.0825468, 0.0825098, 0.293894, 0.0884353, 0.0826092, 0.0990026, 0.129964, 0.100988, 0.0834543, 1.89663, 0.196787, 2.10965, 0.880507, 0.0825108, 0.0825068, 0.0825068, 0.0825077, 0.269408, 0.0825068, 0.0825068, 0.0873654
1.42725, 5.09292, 5.55321, 0.0820227, 2.66325, -0.460289, 0.0610308, 0.0820251, 0.0820623, 0.0820257, 0.291673, 0.0879042, 0.0821243, 0.0983903, 0.129083, 0.100348, 0.0829648, 2.04524, 0.212667, 2.44645, 0.61144, 0.0820258, 0.0820227, 0.0820227, 0.0820235, 0.262305, 0.0820227, 0.0820227, 0.086838
1.43512, 10.0379, 5.87217, 0.0818146, 3.46957, 4.16577, 0.058262, 0.0818169, 0.0818538, 0.0818176, 0.289497, 0.0876429, 0.0819154, 0.098037, 0.128426, 0.0999631, 0.0827517, 2.19957, 0.228798, 2.78805, 0.426684, 0.081817, 0.0818146, 0.0818146, 0.0818154, 0.255975, 0.0818146, 0.0818146, 0.086582
1.44299, 6.03322, 6.24769, 0.0818871, 2.83429, -0.21447, 0.0555176, 0.0818893, 0.0819257, 0.0818899, 0.287384, 0.0876562, 0.0819869, 0.0979482, 0.128, 0.099839, 0.0828201, 2.35953, 0.244571, 3.12124, 0.302488, 0.0818889, 0.0818871, 0.0818871, 0.0818879, 0.250231, 0.0818871, 0.0818871, 0.0866021
1.45087, 8.90714, 6.64676, 0.0822521, 3.3026, 2.26038, 0.0527907, 0.0822543, 0.0822902, 0.0822549, 0.285368, 0.0879567, 0.0823509, 0.0981375, 0.127822, 0.0999899, 0.0831828, 2.52522, 0.259359, 3.43166, 0.220824, 0.0822534, 0.0822521, 0.0822521, 0.0822528, 0.244952, 0.0822521, 0.0822521, 0.0869106
1.45874, 4.14469, 7.04123, 0.0829293, 2.47885, -2.89654, 0.0500815, 0.0829315, 0.0829669, 0.0829321, 0.283501, 0.0885651, 0.083027, 0.098627, 0.127919, 0.100438, 0.0838603, 2.69704, 0.272558, 3.70477, 0.168416, 0.0829303, 0.0829293, 0.0829293, 0.08293, 0.240081, 0.0829293, 0.0829293, 0.0875278
1.46661, 12.8764, 7.40833, 0.0839453, 3.85699, 5.46807, 0.0473961, 0.0839475, 0.0839824, 0.0839481, 0.281851, 0.089509, 0.0840419, 0.0994463, 0.128327, 0.101215, 0.0848801, 2.87585, 0.28364, 3.92704, 0.135741, 0.0839461, 0.0839453, 0.0839453, 0.0839461, 0.235608, 0.0839453, 0.0839453, 0.0884812
1.47448, 6.0567, 7.73113, 0.0853327, 2.83843, -1.67444, 0.0447458, 0.0853348, 0.0853691, 0.0853354, 0.280497, 0.0908222, 0.0854281, 0.100631, 0.12909, 0.102356, 0.0862759, 3.06323, 0.292193, 4.08702, 0.116157, 0.0853332, 0.0853327, 0.0853327, 0.0853334, 0.23157, 0.0853327, 0.0853327, 0.0898042
1.48235, 7.86251, 7.99936, 0.0871284, 3.14046, -0.136847, 0.0421454, 0.0871305, 0.0871643, 0.0871311, 0.279528, 0.0925431, 0.0872227, 0.102223, 0.130256, 0.103903, 0.0880859, 3.26207, 0.297955, 4.17636, 0.105148, 0.0871289, 0.0871284, 0.0871284, 0.0871292, 0.228028, 0.0871284, 0.0871284, 0.0915353
1.49022, 6.99514, 8.21035, 0.0893727, 2.99919, -1.21521, 0.0396119, 0.0893748, 0.089408, 0.0893754, 0.279038, 0.0947134, 0.0894658, 0.104266, 0.131877, 0.105901, 0.0903514, 3.47729, 0.300837, 4.19054, 0.0997203, 0.0893731, 0.0893727, 0.0893727, 0.0893734, 0.225066, 0.0893727, 0.0893727, 0.0937156
1.49809, 11.0989, 8.37024, 0.0921073, 3.61923, 2.72861, 0.0371623, 0.0921092, 0.092142, 0.0921099, 0.279117, 0.0973761, 0.0921992, 0.106804, 0.134007, 0.108397, 0.0931153, 3.71717, 0.300927, 4.12926, 0.0979447, 0.0921075, 0.0921073, 0.0921073, 0.0921079, 0.222778, 0.0921073, 0.0921073, 0.096388
1.50596, 12.9621, 8.49556, 0.0953736, 3.86809, 4.46658, 0.0348126, 0.0953755, 0.0954077, 0.0953761, 0.279855, 0.100574, 0.0954644, 0.109884, 0.136697, 0.111436, 0.0964204, 3.99525, 0.298482, 3.99647, 0.098609, 0.0953737, 0.0953736, 0.0953736, 0.0953742, 0.221256, 0.0953736, 0.0953736, 0.0995952
1.51384, 7.92454, 8.61543, 0.0992125, 3.15032, -0.690887, 0.0325762, 0.0992144, 0.0992461, 0.099215, 0.28133, 0.104349, 0.0993023, 0.113549, 0.139997, 0.115062, 0.100308, 4.33327, 0.293902, 3.79992, 0.100974, 0.0992126, 0.0992125, 0.0992125, 0.0992131, 0.220589, 0.0992125, 0.0992125, 0.103379
1.52171, 6.05138, 8.7747, 0.103663, 2.83749, -2.72333, 0.0304631, 0.103664, 0.103696, 0.103665, 0.28361, 0.10874, 0.103751, 0.117839, 0.143953, 0.119317, 0.104819, 4.76516, 0.287695, 3.55049, 0.104605, 0.103663, 0.103663, 0.103663, 0.103663, 0.220854, 0.103663, 0.103663, 0.107778
1.52958, 5.92266, 9.03848, 0.10876, 2.81472, -3.11581, 0.0284795, 0.108762, 0.108793, 0.108763, 0.286752, 0.113785, 0.108848, 0.122792, 0.148605, 0.124239, 0.109989, 5.34275, 0.280435, 3.26116, 0.109256, 0.10876, 0.10876, 0.10876, 0.108761, 0.222117, 0.10876, 0.10876, 0.11283
1.53745, 9.06716, 9.49825, 0.114539, 3.32673, -0.431089, 0.0266275, 0.114541, 0.114572, 0.114542, 0.2908, 0.119517, 0.114627, 0.128443, 0.153989, 0.129863, 0.115854, 6.14307, 0.272716, 2.94602, 0.114795, 0.114539, 0.114539, 0.114539, 0.11454, 0.224427, 0.114539, 0.114539, 0.118569
1.54532, 8.99699, 10.2801, 0.121031, 3.31617, -1.28308, 0.0249053, 0.121033, 0.121063, 0.121034, 0.295783, 0.125968, 0.121118, 0.134824, 0.160137, 0.13622, 0.122444, 7.27774, 0.265117, 2.61905, 0.121161, 0.121031, 0.121031, 0.121031, 0.121032, 0.227819, 0.121031, 0.121031, 0.125026
1.55319, 11.9649, 11.5546, 0.128266, 3.73696, 0.410251, 0.0233081, 0.128268, 0.128298, 0.128268, 0.301722, 0.133168, 0.128352, 0.141963, 0.167077, 0.143339, 0.129791, 8.90402, 0.258161, 2.29329, 0.128331, 0.128266, 0.128266, 0.128266, 0.128267, 0.232316, 0.128266, 0.128266, 0.13223
1.56106, 10.0013, 13.5489, 0.136272, 3.46429, -3.54757, 0.0218285, 0.136274, 0.136304, 0.136275, 0.308627, 0.141144, 0.136358, 0.149888, 0.174832, 0.151247, 0.137922, 11.2374, 0.252297, 1.97998, 0.136304, 0.136272, 0.136272, 0.136272, 0.136273, 0.237926, 0.136272, 0.136272, 0.14021
1.56893, 16.0128, 16.5585, 0.145077, 4.24415, -0.545656, 0.0204579, 0.145079, 0.145109, 0.14508, 0.316503, 0.149925, 0.145163, 0.158625, 0.183426, 0.15997, 0.146866, 14.5641, 0.247884, 1.6881, 0.145093, 0.145077, 0.145077, 0.145077, 0.145078, 0.24465, 0.145077, 0.145077, 0.148994
1.57681, 19.961, 20.959, 0.15471, 4.68626, -0.997927, 0.0191864, 0.154712, 0.154742, 0.154713, 0.325346, 0.159536, 0.154795, 0.1682, 0.192879, 0.169535, 0.156651, 19.2534, 0.245186, 1.42411, 0.154718, 0.15471, 0.15471, 0.15471, 0.154711, 0.252484, 0.15471, 0.15471, 0.158609
1.58468, 29.9733, 27.2138, 0.165199, 5.65449, 2.75949, 0.0180046, 0.165201, 0.16523, 0.165202, 0.335153, 0.170007, 0.165284, 0.178639, 0.203213, 0.179967, 0.167305, 25.7645, 0.24438, 1.19198, 0.165203, 0.165199, 0.165199, 0.165199, 0.1652, 0.261416, 0.165199, 0.165199, 0.169082
1.59255, 43.9465, 35.8764, 0.176574, 6.77839, 8.07009, 0.0169034, 0.176576, 0.176605, 0.176576, 0.345915, 0.181365, 0.176658, 0.18997, 0.214448, 0.191294, 0.178856, 34.6494, 0.245564, 0.993389, 0.176576, 0.176574, 0.176574, 0.176574, 0.176575, 0.271433, 0.176574, 0.176574, 0.180442
1.60042, 38.9412, 47.582, 0.188865, 6.39853, -8.64084, 0.015875, 0.188867, 0.188896, 0.188867, 0.357624, 0.19364, 0.188949, 0.20222, 0.226607, 0.203543, 0.191336, 46.5435, 0.248774, 0.828116, 0.188865, 0.188865, 0.188865, 0.188865, 0.188866, 0.282523, 0.188865, 0.188865, 0.19272
1.60829, 62.8688, 63.0277, 0.202104, 8.05412, -0.158939, 0.0149128, 0.202106, 0.202135, 0.202107, 0.37027, 0.206863, 0.202188, 0.215419, 0.239712, 0.216744, 0.204775, 62.1458, 0.254, 0.694437, 0.202104, 0.202104, 0.202104, 0.202104, 0.202105, 0.294673, 0.202104, 0.202104, 0.205945
1.61616, 100.678, 82.935, 0.216324, 10.133, 17.7432, 0.0140114, 0.216326, 0.216355, 0.216326, 0.383845, 0.221066, 0.216408, 0.229596, 0.253786, 0.230927, 0.219205, 82.1809, 0.261199, 0.589612, 0.216324, 0.216324, 0.216324, 0.216324, 0.216325, 0.307872, 0.216324, 0.216324, 0.22015
1.62403, 114.788, 107.998, 0.231557, 10.8069, 6.78956, 0.0131668, 0.231559, 0.231588, 0.231559, 0.398338, 0.236279, 0.23164, 0.244783, 0.268851, 0.246125, 0.234659, 107.347, 0.270314, 0.510292, 0.231557, 0.231557, 0.231557, 0.231557, 0.231558, 0.322111, 0.231557, 0.231557, 0.235366
1.6319, 140.627, 138.814, 0.247835, 11.9426, 1.81276, 0.0123759, 0.247837, 0.247865, 0.247837, 0.413741, 0.252533, 0.247918, 0.26101, 0.28493, 0.262367, 0.251166, 138.243, 0.281277, 0.452897, 0.247835, 0.247835, 0.247835, 0.247835, 0.247836, 0.337383, 0.247835, 0.247835, 0.251624
1.63978, 209.186, 175.8, 0.265189, 14.5322, 33.3863, 0.0116368, 0.26519, 0.265219, 0.265191, 0.430044, 0.269858, 0.265271, 0.278307, 0.302044, 0.279687, 0.268758, 175.292, 0.294022, 0.413889, 0.265189, 0.265189, 0.265189, 0.265189, 0.265189, 0.353684, 0.265189, 0.265189, 0.268953
1.64765, 218.846, 219.105, 0.283646, 14.8609, -0.258484, 0.0109478, 0.283647, 0.283675, 0.283648, 0.447241, 0.288281, 0.283728, 0.296704, 0.320213, 0.298112, 0.287462, 218.646, 0.308487, 0.389981, 0.283646, 0.283646, 0.283646, 0.283646, 0.283646, 0.371011, 0.283646, 0.283646, 0.287381
1.65552, 295.606, 268.527, 0.303229, 17.2512, 27.0786, 0.0103077, 0.303231, 0.303259, 0.303232, 0.465326, 0.307824, 0.303311, 0.316227, 0.339452, 0.31767, 0.3073, 268.106, 0.324614, 0.37825, 0.303229, 0.303229, 0.303229, 0.303229, 0.30323, 0.389362, 0.303229, 0.303229, 0.30693
1.66339, 316.371, 323.44, 0.323956, 17.843, -7.06842, 0.00971536, 0.323958, 0.323985, 0.323959, 0.484296, 0.328504, 0.324037, 0.3369, 0.359772, 0.338383, 0.328288, 323.048, 0.342349, 0.3762, 0.323956, 0.323956, 0.323956, 0.323956, 0.323957, 0.408735, 0.323956, 0.323956, 0.327615
1.67126, 399.679, 382.753, 0.345835, 20.0419, 16.9258, 0.00916945, 0.345837, 0.345864, 0.345837, 0.504151, 0.350328, 0.345915, 0.358742, 0.381179, 0.360265, 0.350435, 382.384, 0.36164, 0.381764, 0.345835, 0.345835, 0.345835, 0.345835, 0.345836, 0.429126, 0.345835, 0.345835, 0.349447
1.67913, 474.621, 444.9, 0.368862, 21.8316, 29.7205, 0.00866854, 0.368864, 0.36889, 0.368864, 0.524892, 0.373293, 0.368941, 0.381764, 0.403666, 0.383322, 0.373737, 444.549, 0.382432, 0.393274, 0.368862, 0.368862, 0.368862, 0.368862, 0.368862, 0.450525, 0.368862, 0.368862, 0.372419
1.687, 512.68, 507.888, 0.393019, 22.6866, 4.7919, 0.00821081, 0.39302, 0.393046, 0.393021, 0.546524, 0.397381, 0.393097, 0.405972, 0.42722, 0.407549, 0.398174, 507.552, 0.404664, 0.409413, 0.393019, 0.393019, 0.393019, 0.393019, 0.393019, 0.47292, 0.393019, 0.393019, 0.396515
1.69487, 539.455, 569.38, 0.418269, 23.2692, -29.9246, 0.00779408, 0.418271, 0.418296, 0.418271, 0.569053, 0.422557, 0.418346, 0.43136, 0.451807, 0.432922, 0.423712, 569.055, 0.42826, 0.429155, 0.418269, 0.418269, 0.418269, 0.418269, 0.41827, 0.496285, 0.418269, 0.418269, 0.421698
1.70275, 597.7, 626.834, 0.444556, 24.4888, -29.1346, 0.00741578, 0.444557, 0.444582, 0.444558, 0.592482, 0.448766, 0.444631, 0.457912, 0.477381, 0.4594, 0.450292, 626.52, 0.45313, 0.451705, 0.444556, 0.444556, 0.444556, 0.444556, 0.444556, 0.520583, 0.444556, 0.444556, 0.447913
1.71062, 639.019, 677.678, 0.471797, 25.3183, -38.6591, 0.00707295, 0.471799, 0.471823, 0.471799, 0.616808, 0.475927, 0.471871, 0.485599, 0.503871, 0.486918, 0.477833, 677.372, 0.479163, 0.476442, 0.471797, 0.471797, 0.471797, 0.471797, 0.471798, 0.545759, 0.471797, 0.471797, 0.475079
1.71849, 728.366, 719.5, 0.499887, 27.0253, 8.86627, 0.0067623, 0.499888, 0.499912, 0.499889, 0.642021, 0.503937, 0.499959, 0.514386, 0.531185, 0.515389, 0.506229, 719.202, 0.506226, 0.502872, 0.499887, 0.499887, 0.499887, 0.499887, 0.499887, 0.57174, 0.499887, 0.499887, 0.503091
1.72636, 772.078, 750.242, 0.528689, 27.8223, 21.8367, 0.0064802, 0.52869, 0.528713, 0.528691, 0.668095, 0.532663, 0.52876, 0.544226, 0.559207, 0.544697, 0.535346, 749.949, 0.534159, 0.530588, 0.528689, 0.528689, 0.528689, 0.528689, 0.528689, 0.59843, 0.528689, 0.528689, 0.531815
1.73423, 754.14, 768.372, 0.558044, 27.498, -14.2322, 0.00622277, 0.558045, 0.558068, 0.558046, 0.69499, 0.56195, 0.558114, 0.575075, 0.587794, 0.574701, 0.565026, 768.084, 0.562783, 0.559239, 0.558044, 0.558044, 0.558044, 0.558044, 0.558044, 0.62571, 0.558044, 0.558044, 0.561094
1.7421, 757.656, 773.018, 0.58777, 27.5619, -15.3617, 0.00598594, 0.587772, 0.587794, 0.587772, 0.722645, 0.591616, 0.587839, 0.606898, 0.616784, 0.605239, 0.595091, 772.732, 0.591895, 0.588514, 0.58777, 0.58777, 0.58777, 0.58777, 0.587771, 0.653442, 0.58777, 0.58777, 0.590747
1.74997, 750.989, 764.032, 0.61767, 27.4406, -13.0437, 0.00576554, 0.617671, 0.617694, 0.617672, 0.75098, 0.621469, 0.617738, 0.639687, 0.645998, 0.636129, 0.625349, 763.748, 0.62128, 0.618128, 0.61767, 0.61767, 0.61767, 0.61767, 0.617671, 0.681469, 0.61767, 0.61767, 0.62058
1.75784, 707.086, 742.007, 0.647537, 26.6287, -34.9204, 0.00555733, 0.647538, 0.64756, 0.647538, 0.779897, 0.651305, 0.647604, 0.673477, 0.675246, 0.667179, 0.655602, 741.721, 0.650716, 0.647816, 0.647537, 0.647537, 0.647537, 0.647537, 0.647537, 0.709622, 0.647537, 0.647537, 0.650386
1.76572, 632.804, 708.206, 0.677169, 25.1953, -75.402, 0.0053572, 0.67717, 0.677193, 0.677171, 0.809285, 0.680924, 0.677236, 0.708374, 0.704342, 0.698201, 0.685665, 707.916, 0.679987, 0.677337, 0.677169, 0.677169, 0.677169, 0.677169, 0.677169, 0.737732, 0.677169, 0.677169, 0.679967
1.77359, 650.954, 664.456, 0.70638, 25.553, -13.5024, 0.00516119, 0.706382, 0.706404, 0.706382, 0.839024, 0.710142, 0.706447, 0.744576, 0.733109, 0.729019, 0.715378, 664.159, 0.708896, 0.70648, 0.70638, 0.70638, 0.70638, 0.70638, 0.706381, 0.765641, 0.70638, 0.70638, 0.709138
1.78146, 597.695, 612.976, 0.735018, 24.4887, -15.2809, 0.00496567, 0.73502, 0.735043, 0.73502, 0.868999, 0.738808, 0.735085, 0.782411, 0.761402, 0.759484, 0.744627, 612.667, 0.737278, 0.735077, 0.735018, 0.735018, 0.735018, 0.735018, 0.735019, 0.793211, 0.735018, 0.735018, 0.737745
1.78933, 578.249, 556.2, 0.762971, 24.0884, 22.0491, 0.00476745, 0.762973, 0.762997, 0.762973, 0.899105, 0.766809, 0.763038, 0.822349, 0.789114, 0.789489, 0.773363, 555.875, 0.765014, 0.763005, 0.762971, 0.762971, 0.762971, 0.762971, 0.762972, 0.820341, 0.762971, 0.762971, 0.765678
1.7972, 524.647, 496.583, 0.790188, 22.9488, 28.0635, 0.00456391, 0.790189, 0.790214, 0.79019, 0.929263, 0.794095, 0.790255, 0.865025, 0.816192, 0.818982, 0.801628, 496.238, 0.792046, 0.790207, 0.790188, 0.790188, 0.790188, 0.790188, 0.790188, 0.846982, 0.790188, 0.790188, 0.792886
1.80507, 403.511, 436.44, 0.816682, 20.1373, -32.9289, 0.00435306, 0.816684, 0.81671, 0.816684, 0.95943, 0.820676, 0.81675, 0.911243, 0.842646, 0.847973, 0.829573, 436.068, 0.818379, 0.816693, 0.816682, 0.816682, 0.816682, 0.816682, 0.816683, 0.873137, 0.816682, 0.816682, 0.819382
1.81294, 399.788, 377.797, 0.842541, 20.0447, 21.9918, 0.00413369, 0.842543, 0.84257, 0.842543, 0.989602, 0.84664, 0.842611, 0.961958, 0.868554, 0.876545, 0.857481, 377.39, 0.844097, 0.842547, 0.842541, 0.842541, 0.842541, 0.842541, 0.842542, 0.898882, 0.842541, 0.842541, 0.845252
1.82082, 333.201, 322.306, 0.867922, 18.3085, 10.8951, 0.00390536, 0.867924, 0.867953, 0.867925, 1.01982, 0.872139, 0.867993, 1.01823, 0.894065, 0.904847, 0.885782, 321.858, 0.869353, 0.867926, 0.867922, 0.867922, 0.867922, 0.867922, 0.867923, 0.924351, 0.867922, 0.867922, 0.870652
1.82869, 272.362, 271.192, 0.893054, 16.5639, 1.16971, 0.00366844, 0.893056, 0.893086, 0.893056, 1.05019, 0.897398, 0.893126, 1.08119, 0.919396, 0.933098, 0.915074, 270.693, 0.894372, 0.893056, 0.893054, 0.893054, 0.893054, 0.893054, 0.893055, 0.949748, 0.893054, 0.893054, 0.895809
1.83656, 246.686, 225.248, 0.918218, 15.7698, 21.4388, 0.00342404, 0.918221, 0.918252, 0.918221, 1.08085, 0.922698, 0.918292, 1.1519, 0.944818, 0.961572, 0.946126, 224.688, 0.919433, 0.918219, 0.918218, 0.918218, 0.918218, 0.918218, 0.91822, 0.975329, 0.918218, 0.918218, 0.921004
1.84443, 207.649, 184.864, 0.943744, 14.4793, 22.7844, 0.00317395, 0.943747, 0.94378, 0.943747, 1.11198, 0.948362, 0.943819, 1.23129, 0.970648, 0.990586, 0.979887, 184.232, 0.944864, 0.943745, 0.943744, 0.943744, 0.943744, 0.943744, 0.943745, 1.00139, 0.943744, 0.943744, 0.946564
1.8523, 168.869, 150.093, 0.969983, 13.0717, 18.7761, 0.00292054, 0.969985, 0.97002, 0.969985, 1.1438, 0.974738, 0.970059, 1.32, 0.997229, 1.02048, 1.01747, 149.377, 0.971014, 0.969983, 0.969983, 0.969983, 0.969983, 0.969983, 0.969984, 1.02826, 0.969983, 0.969983, 0.972839
1.86017, 129.082, 120.711, 0.997294, 11.4491, 8.37164, 0.00266655, 0.997296, 0.997332, 0.997296, 1.17653, 1.00218, 0.997372, 1.41824, 1.02491, 1.05161, 1.06016, 119.898, 0.998242, 0.997294, 0.997294, 0.997294, 0.997294, 0.997294, 0.997295, 1.05628, 0.997294, 0.997294, 1.00019
1.86804, 116.939, 96.3062, 1.02602, 10.9059, 20.6329, 0.00241496, 1.02602, 1.02606, 1.02602, 1.21041, 1.03104, 1.0261, 1.52572, 1.05404, 1.0843, 1.10933, 95.3838, 1.02689, 1.02602, 1.02602, 1.02602, 1.02602, 1.02602, 1.02602, 1.08575, 1.02602, 1.02602, 1.02895
1.87591, 79.19, 76.348, 1.05648, 9.01055, 2.84199, 0.00216881, 1.05649, 1.05652, 1.05649, 1.24568, 1.06162, 1.05656, 1.64152, 1.08493, 1.11887, 1.16643, 75.3035, 1.05728, 1.05648, 1.05648, 1.05648, 1.05648, 1.05648, 1.05648, 1.11699, 1.05648, 1.05648, 1.05945
1.88379, 67.7477, 60.2517, 1.08895, 8.35151, 7.49599, 0.00193103, 1.08895, 1.08899, 1.08895, 1.28252, 1.09419, 1.08903, 1.76402, 1.11785, 1.15558, 1.23292, 59.0731, 1.08967, 1.08895, 1.08895, 1.08895, 1.08895, 1.08895, 1.08895, 1.15025, 1.08895, 1.08895, 1.09194
1.89166, 58.562, 47.4282, 1.12363, 7.78216, 11.1338, 0.00170424, 1.12364, 1.12368, 1.12364, 1.32113, 1.12898, 1.12372, 1.89097, 1.15303, 1.19464, 1.31013, 46.1052, 1.1243, 1.12363, 1.12363, 1.12363, 1.12363, 1.12363, 1.12364, 1.18573, 1.12363, 1.12363, 1.12666
1.89953, 44.1907, 37.3221, 1.1607, 6.79637, 6.86859, 0.00149072, 1.1607, 1.16075, 1.1607, 1.36163, 1.16613, 1.16078, 2.01955, 1.19064, 1.2362, 1.39917, 35.8463, 1.1613, 1.1607, 1.1607, 1.1607, 1.1607, 1.1607, 1.1607, 1.2236, 1.1607, 1.1607, 1.16375
1.9074, 42.1659, 29.432, 1.20025, 6.64574, 12.7339, 0.00129225, 1.20025, 1.20029, 1.20025, 1.40414, 1.20575, 1.20033, 2.14647, 1.2308, 1.28035, 1.50081, 27.7977, 1.20079, 1.20025, 1.20025, 1.20025, 1.20025, 1.20025, 1.20025, 1.26396, 1.20025, 1.20025, 1.20332
1.91527, 35.2479, 23.323, 1.24231, 6.1031, 11.9248, 0.00111009, 1.24232, 1.24236, 1.24231, 1.44872, 1.24787, 1.2424, 2.26822, 1.27357, 1.32714, 1.61533, 21.5278, 1.2428, 1.24231, 1.24231, 1.24231, 1.24231, 1.24231, 1.24231, 1.30684, 1.24231, 1.24231, 1.2454
1.92314, 24.2002, 18.6281, 1.28689, 5.11861, 5.57208, 0.000944976, 1.2869, 1.28694, 1.2869, 1.49538, 1.29251, 1.28698, 2.38129, 1.31897, 1.37656, 1.74239, 16.6733, 1.28733, 1.28689, 1.28689, 1.28689, 1.28689, 1.28689, 1.2869, 1.35227, 1.28689, 1.28689, 1.29
1.93101, 22.7651, 15.0451, 1.33394, 4.97645, 7.72001, 0.000797135, 1.33395, 1.33399, 1.33395, 1.54413, 1.3396, 1.33403, 2.48245, 1.36696, 1.42855, 1.88093, 12.9362, 1.33433, 1.33394, 1.33394, 1.33394, 1.33394, 1.33394, 1.33395, 1.40021, 1.33394, 1.33394, 1.33706
1.93888, 13.7368, 12.3289, 1.38339, 3.96696, 1.40787, 0.000666331, 1.38339, 1.38344, 1.38339, 1.59493, 1.38908, 1.38348, 2.56899, 1.41752, 1.48304, 2.02914, 10.0757, 1.38373, 1.38339, 1.38339, 1.38339, 1.38339, 1.38339, 1.38339, 1.45061, 1.38339, 1.38339, 1.38652
1.94676, 3.10191, 10.284, 1.43513, 2.25874, -7.18209, 0.000551953, 1.43514, 1.43518, 1.43514, 1.64775, 1.44085, 1.43522, 2.63896, 1.47056, 1.53994, 2.18441, 7.9005, 1.43543, 1.43513, 1.43513, 1.43513, 1.43513, 1.43513, 1.43514, 1.50338, 1.43513, 1.43513, 1.43827
1.95463, 7.87889, 8.75488, 1.48907, 3.14307, -0.875996, 0.000453071, 1.48908, 1.48912, 1.48908, 1.70251, 1.49481, 1.48916, 2.69131, 1.52602, 1.59913, 2.34344, 6.25914, 1.48934, 1.48907, 1.48907, 1.48907, 1.48907, 1.48907, 1.48907, 1.55847, 1.48907, 1.48907, 1.49222
1.9625, 7.10658, 7.61905, 1.5451, 3.01771, -0.512468, 0.000368538, 1.5451, 1.54514, 1.5451, 1.75917, 1.55085, 1.54518, 2.726, 1.5838, 1.6605, 2.50236, 5.03273, 1.54532, 1.5451, 1.5451, 1.5451, 1.5451, 1.5451, 1.5451, 1.61578, 1.5451, 1.5451, 1.54825
1.97037, 7.75536, 6.78004, 1.6031, 3.12336, 0.975321, 0.000297054, 1.6031, 1.60315, 1.6031, 1.81764, 1.60887, 1.60319, 2.74398, 1.64383, 1.72396, 2.65697, 4.12774, 1.6033, 1.6031, 1.6031, 1.6031, 1.6031, 1.6031, 1.6031, 1.67526, 1.6031, 1.6031, 1.60626
1.97824, 6.35131, 6.16233, 1.66299, 2.88986, 0.188982, 0.00023725, 1.66299, 1.66304, 1.66299, 1.87787, 1.66876, 1.66308, 2.74712, 1.70603, 1.7894, 2.80299, 3.47077, 1.66316, 1.66299, 1.66299, 1.66299, 1.66299, 1.66299, 1.66299, 1.73683, 1.66299, 1.66299, 1.66615
1.98611, 5.99522, 5.70699, 1.72468, 2.82758, 0.28823, 0.000187743, 1.72468, 1.72473, 1.72468, 1.93981, 1.73046, 1.72477, 2.73803, 1.77033, 1.85673, 2.93639, 3.00408, 1.72483, 1.72468, 1.72468, 1.72468, 1.72468, 1.72468, 1.72468, 1.80047, 1.72468, 1.72468, 1.72784
1.99398, 6.99518, 5.36861, 1.7881, 2.9992, 1.62657, 0.000147185, 1.7881, 1.78815, 1.7881, 2.00341, 1.79388, 1.78819, 2.71987, 1.83668, 1.9259, 3.05366, 2.68235, 1.78823, 1.7881, 1.7881, 1.7881, 1.7881, 1.7881, 1.7881, 1.86612, 1.7881, 1.7881, 1.79127
2.00185, 7.12352, 5.11267, 1.85319, 3.02052, 2.01085, 0.000114301, 1.85319, 1.85324, 1.85319, 2.06862, 1.85897, 1.85327, 2.69608, 1.90504, 1.99684, 3.15214, 2.4701, 1.85329, 1.85319, 1.85319, 1.85319, 1.85319, 1.85319, 1.85319, 1.93377, 1.85319, 1.85319, 1.85636
2.00973, 2.12833, 4.91358, 1.91989, 2.03183, -2.78525, 8.79136e-05, 1.91989, 1.91994, 1.91989, 2.13541, 1.92568, 1.91998, 2.67016, 1.97534, 2.06951, 3.2302, 2.3397, 1.91998, 1.91989, 1.91989, 1.91989, 1.91989, 1.91989, 1.91989, 2.00341, 1.91989, 1.91989, 1.92307
2.0176, 5.86684, 4.75305, 1.98817, 2.80479, 1.11379, 6.6958e-05, 1.98818, 1.98822, 1.98818, 2.20375, 1.99396, 1.98826, 2.6454, 2.04757, 2.1439, 3.2874, 2.26984, 1.98825, 1.98817, 1.98817, 1.98817, 1.98817, 1.98817, 1.98818, 2.07504, 1.98817, 1.98817, 1.99136
2.02547, 4.72643, 4.61864, 2.058, 2.59354, 0.107787, 5.04894e-05, 2.05801, 2.05805, 2.05801, 2.27362, 2.0638, 2.05809, 2.62473, 2.1217, 2.22002, 3.32448, 2.24426, 2.05807, 2.058, 2.058, 2.058, 2.058, 2.058, 2.05801, 2.14866, 2.058, 2.058, 2.0612
2.03334, 9.44079, 4.50256, 2.12936, 3.38242, 4.93823, 3.76836e-05, 2.12936, 2.12941, 2.12936, 2.345, 2.13515, 2.12945, 2.61058, 2.19769, 2.29792, 3.34335, 2.25071, 2.12941, 2.12936, 2.12936, 2.12936, 2.12936, 2.12936, 2.12936, 2.22428, 2.12936, 2.12936, 2.13257
2.04121, 3.68516, 4.4006, 2.20222, 2.38436, -0.71544, 2.78329e-05, 2.20222, 2.20227, 2.20222, 2.41787, 2.20801, 2.20231, 2.60478, 2.27552, 2.37772, 3.34682, 2.2801, 2.20226, 2.20222, 2.20222, 2.20222, 2.20222, 2.20222, 2.20222, 2.3019, 2.20222, 2.20222, 2.20544
2.04908, 6.85235, 4.31116, 2.27657, 2.97529, 2.54119, 2.03383e-05, 2.27657, 2.27662, 2.27657, 2.49223, 2.28236, 2.27666, 2.60854, 2.35517, 2.45962, 3.33846, 2.32579, 2.2766, 2.27657, 2.27657, 2.27657, 2.27657, 2.27657, 2.27657, 2.38154, 2.27657, 2.27657, 2.27982
2.05695, 4.13793, 4.23452, 2.35239, 2.47748, -0.0965929, 1.47e-05, 2.3524, 2.35244, 2.3524, 2.56806, 2.35819, 2.35248, 2.62253, 2.43663, 2.54399, 3.32222, 2.38303, 2.35242, 2.35239, 2.35239, 2.35239, 2.35239, 2.35239, 2.3524, 2.46319, 2.35239, 2.35239, 2.35567
2.06482, 4.14287, 4.17217, 2.42969, 2.47848, -0.0292964, 1.05063e-05, 2.42969, 2.42974, 2.42969, 2.64536, 2.43548, 2.42978, 2.64689, 2.51987, 2.63142, 3.30216, 2.44846, 2.42971, 2.42969, 2.42969, 2.42969, 2.42969, 2.42969, 2.42969, 2.54686, 2.42969, 2.42969, 2.433
2.0727, 3.69746, 4.12637, 2.50844, 2.38693, -0.42892, 7.42363e-06, 2.50844, 2.50849, 2.50844, 2.72411, 2.51423, 2.50853, 2.68135, 2.60489, 2.72285, 3.28218, 2.51976, 2.50846, 2.50844, 2.50844, 2.50844, 2.50844, 2.50844, 2.50844, 2.63255, 2.50844, 2.50844, 2.5118
2.08057, 3.99284, 4.09994, 2.58864, 2.44803, -0.1071, 5.18456e-06, 2.58864, 2.58869, 2.58864, 2.80431, 2.59443, 2.58873, 2.72534, 2.69165, 2.81975, 3.26572, 2.59536, 2.58865, 2.58864, 2.58864, 2.58864, 2.58864, 2.58864, 2.58864, 2.72025, 2.58864, 2.58864, 2.59207
2.08844, 4.30246, 4.09614, 2.67028, 2.51047, 0.206316, 3.57804e-06, 2.67028, 2.67033, 2.67028, 2.88595, 2.67607, 2.67036, 2.77811, 2.78016, 2.92433, 3.25563, 2.6742, 2.67029, 2.67028, 2.67028, 2.67028, 2.67028, 2.67028, 2.67028, 2.80996, 2.67028, 2.67028, 2.67378
2.09631, 5.84026, 4.11882, 2.75335, 2.80005, 1.72144, 2.43959e-06, 2.75335, 2.7534, 2.75335, 2.96902, 2.75914, 2.75344, 2.83877, 2.87038, 3.03985, 3.25405, 2.75561, 2.75336, 2.75335, 2.75335, 2.75335, 2.75335, 2.75335, 2.75335, 2.90168, 2.75335, 2.75335, 2.75694
2.10418, 1.31462, 4.17277, 2.83784, 1.82061, -2.85815, 1.64303e-06, 2.83785, 2.83789, 2.83785, 3.05352, 2.84364, 2.83793, 2.90644, 2.96232, 3.17098, 3.26237, 2.83912, 2.83785, 2.83784, 2.83784, 2.83784, 2.83784, 2.83784, 2.83785, 2.99542, 2.83784, 2.83784, 2.84155
2.11205, 4, 4.26415, 2.92375, 2.44949, -0.264149, 1.09283e-06, 2.92376, 2.9238, 2.92376, 3.13943, 2.92955, 2.92384, 2.98029, 3.05595, 3.32429, 3.28127, 2.92446, 2.92376, 2.92375, 2.92375, 2.92375, 2.92375, 2.92375, 2.92375, 3.0912, 2.92375, 2.92375, 2.92759
2.11992, 5.50634, 4.40109, 3.01107, 2.73977, 1.10525, 7.17741e-07, 3.01107, 3.01112, 3.01107, 3.22674, 3.01686, 3.01116, 3.05954, 3.15125, 3.50869, 3.31083, 3.01146, 3.01107, 3.01107, 3.01107, 3.01107, 3.01107, 3.01107, 3.01107, 3.18904, 3.01107, 3.01107, 3.01506
2.12779, 4.32675, 4.59437, 3.09978, 2.5153, -0.267622, 4.65394e-07, 3.09978, 3.09983, 3.09978, 3.31546, 3.10557, 3.09987, 3.14356, 3.24822, 3.73607, 3.35062, 3.09999, 3.09978, 3.09978, 3.09978, 3.09978, 3.09978, 3.09978, 3.09978, 3.28902, 3.09978, 3.09978, 3.10396
2.13567, 4.65892, 4.85805, 3.18988, 2.58049, -0.19913, 2.97888e-07, 3.18989, 3.18993, 3.18989, 3.40556, 3.19568, 3.18997, 3.23181, 3.34683, 4.02171, 3.39986, 3.18999, 3.18989, 3.18988, 3.18988, 3.18988, 3.18988, 3.18988, 3.18988, 3.39124, 3.18988, 3.18988, 3.19427
2.14354, 5.50799, 5.21, 3.28137, 2.74007, 0.297994, 1.88197e-07, 3.28137, 3.28141, 3.28137, 3.49704, 3.28716, 3.28145, 3.32389, 3.44708, 4.38473, 3.45757, 3.28142, 3.28137, 3.28137, 3.28137, 3.28137, 3.28137, 3.28137, 3.28137, 3.49588, 3.28137, 3.28137, 3.28599
2.15141, 7.82584, 5.67218, 3.37421, 3.13462, 2.15365, 1.17344e-07, 3.37422, 3.37426, 3.37421, 3.58989, 3.38001, 3.3743, 3.41946, 3.54894, 4.84823, 3.52265, 3.37424, 3.37421, 3.37421, 3.37421, 3.37421, 3.37421, 3.37421, 3.37421, 3.6032, 3.37421, 3.37421, 3.3791
2.15928, 8.64442, 6.27071, 3.46842, 3.26258, 2.37372, 7.21997e-08, 3.46842, 3.46847, 3.46842, 3.6841, 3.47421, 3.46851, 3.51829, 3.65241, 5.43926, 3.59403, 3.46844, 3.46842, 3.46842, 3.46842, 3.46842, 3.46842, 3.46842, 3.46842, 3.71358, 3.46842, 3.46842, 3.47361
2.16715, 8.45598, 7.03515, 3.56398, 3.23357, 1.42083, 4.38337e-08, 3.56398, 3.56403, 3.56398, 3.77966, 3.56977, 3.56407, 3.62017, 3.75746, 6.18802, 3.67072, 3.56399, 3.56398, 3.56398, 3.56398, 3.56398, 3.56398, 3.56398, 3.56398, 3.82754, 3.56398, 3.56398, 3.5695
2.17502, 7.98532, 7.99751, 3.66087, 3.15996, -0.0121975, 2.62568e-08, 3.66088, 3.66092, 3.66088, 3.87655, 3.66667, 3.66096, 3.72491, 3.86407, 7.12681, 3.75187, 3.66088, 3.66087, 3.66087, 3.66087, 3.66087, 3.66087, 3.66087, 3.66088, 3.94583, 3.66087, 3.66087, 3.66676
2.18289, 9.61781, 9.19031, 3.75909, 3.40849, 0.427497, 1.55169e-08, 3.75909, 3.75914, 3.75909, 3.97477, 3.76488, 3.75918, 3.83232, 3.97224, 8.28802, 3.83677, 3.75909, 3.75909, 3.75909, 3.75909, 3.75909, 3.75909, 3.75909, 3.75909, 4.06942, 3.75909, 3.75909, 3.76537
2.19077, 14.9812, 10.6442, 3.85862, 4.12082, 4.33694, 9.04579e-09, 3.85863, 3.85867, 3.85863, 4.0743, 3.86442, 3.85871, 3.94218, 4.08193, 9.70179, 3.92488, 3.85862, 3.85862, 3.85862, 3.85862, 3.85862, 3.85862, 3.85862, 3.85863, 4.19961, 3.85862, 3.85862, 3.86533
2.19864, 13.7916, 12.3847, 3.95946, 3.97387, 1.40687, 5.20147e-09, 3.95946, 3.95951, 3.95946, 4.17513, 3.96525, 3.95955, 4.05423, 4.19314, 11.3926, 4.01579, 3.95946, 3.95946, 3.95946, 3.95946, 3.95946, 3.95946, 3.95946, 3.95946, 4.33801, 3.95946, 3.95946, 3.96663
2.20651, 18.1695, 14.4287, 4.06158, 4.49104, 3.74075, 2.94989e-09, 4.06158, 4.06163, 4.06158, 4.27726, 4.06737, 4.06167, 4.16815, 4.30585, 13.3759, 4.10921, 4.06158, 4.06158, 4.06158, 4.06158, 4.06158, 4.06158, 4.06158, 4.06158, 4.48667, 4.06158, 4.06158, 4.06924
2.21438, 22.4006, 16.7805, 4.16497, 4.9397, 5.62011, 1.64984e-09, 4.16497, 4.16502, 4.16497, 4.38065, 4.17076, 4.16506, 4.28354, 4.42002, 15.6541, 4.20494, 4.16497, 4.16497, 4.16497, 4.16497, 4.16497, 4.16497, 4.16497, 4.16497, 4.64799, 4.16497, 4.16497, 4.17315
2.22225, 29.1897, 19.4288, 4.26962, 5.58477, 9.76082, 9.09938e-10, 4.26962, 4.26967, 4.26962, 4.4853, 4.27541, 4.26971, 4.39999, 4.53565, 18.2137, 4.30284, 4.26962, 4.26962, 4.26962, 4.26962, 4.26962, 4.26962, 4.26962, 4.26962, 4.82481, 4.26962, 4.26962, 4.27835
2.23012, 20.9555, 22.3435, 4.37552, 4.79119, -1.388, 4.94822e-10, 4.37552, 4.37557, 4.37552, 4.59119, 4.38131, 4.37561, 4.51705, 4.65272, 21.0218, 4.40282, 4.37552, 4.37552, 4.37552, 4.37552, 4.37552, 4.37552, 4.37552, 4.37552, 5.02029, 4.37552, 4.37552, 4.38482
2.23799, 43.969, 25.4741, 4.48264, 6.78004, 18.4948, 2.65254e-10, 4.48264, 4.48269, 4.48264, 4.69832, 4.48843, 4.48273, 4.63423, 4.7712, 24.0251, 4.50481, 4.48264, 4.48264, 4.48264, 4.48264, 4.48264, 4.48264, 4.48264, 4.48264, 5.23781, 4.48264, 4.48264, 4.49254
2.24586, 37.9512, 28.7498, 4.59097, 6.32069, 9.2014, 1.40127e-10, 4.59097, 4.59102, 4.59097, 4.80665, 4.59676, 4.59106, 4.75108, 4.89107, 27.1498, 4.60874, 4.59097, 4.59097, 4.59097, 4.59097, 4.59097, 4.59097, 4.59097, 4.59097, 5.48079, 4.59097, 4.59097, 4.6015
2.25374, 44.5137, 32.0812, 4.7005, 6.8201, 12.4325, 7.2848e-11, 4.7005, 4.70055, 4.7005, 4.91617, 4.70629, 4.70058, 4.86722, 5.01232, 30.3038, 4.71454, 4.7005, 4.7005, 4.7005, 4.7005, 4.7005, 4.7005, 4.7005, 4.7005, 5.75253, 4.7005, 4.7005, 4.71168
2.26161, 41.3901, 35.3642, 4.8112, 6.58712, 6.02585, 3.7181e-11, 4.81121, 4.81125, 4.81121, 5.02688, 4.817, 4.81129, 4.98231, 5.13492, 33.3804, 4.82214, 4.8112, 4.8112, 4.8112, 4.8112, 4.8112, 4.8112, 4.8112, 4.81121, 6.0558, 4.8112, 4.8112, 4.82306
2.26948, 51.3213, 38.485, 4.92306, 7.30215, 12.8364, 1.85615e-11, 4.92307, 4.92311, 4.92307, 5.13874, 4.92886, 4.92315, 5.09612, 5.25885, 36.2641, 4.93146, 4.92306, 4.92306, 4.92306, 4.92306, 4.92306, 4.92306, 4.92306, 4.92307, 6.39254, 4.92306, 4.92306, 4.93562
2.27735, 54.5191, 41.3276, 5.03606, 7.51792, 13.1916, 8.99994e-12, 5.03606, 5.03611, 5.03606, 5.25174, 5.04185, 5.03615, 5.20852, 5.38409, 38.8383, 5.0424, 5.03606, 5.03606, 5.03606, 5.03606, 5.03606, 5.03606, 5.03606, 5.03606, 6.76356, 5.03606, 5.03606, 5.04934
2.28522, 50.863, 43.7818, 5.15017, 7.27069, 7.08117, 4.1959e-12, 5.15018, 5.15022, 5.15018, 5.36585, 5.15597, 5.15026, 5.31953, 5.51062, 40.9937, 5.1549, 5.15017, 5.15017, 5.15017, 5.15017, 5.15017, 5.15017, 5.15017, 5.15018, 7.16812, 5.15017, 5.15017, 5.1642
2.29309, 50.7116, 45.7507, 5.26539, 7.26028, 4.96094, 2.07117e-12, 5.26539, 5.26544, 5.26539, 5.48107, 5.27118, 5.26548, 5.42927, 5.63842, 42.6356, 5.26885, 5.26539, 5.26539, 5.26539, 5.26539, 5.26539, 5.26539, 5.26539, 5.26539, 7.60367, 5.26539, 5.26539, 5.28018
2.30096, 48.9041, 47.1581, 5.38167, 7.13471, 1.74601, 9.07909e-13, 5.38168, 5.38172, 5.38168, 5.59735, 5.38747, 5.38176, 5.53796, 5.76749, 43.6924, 5.38417, 5.38167, 5.38167, 5.38167, 5.38167, 5.38167, 5.38167, 5.38167, 5.38167, 8.06564, 5.38167, 5.38167, 5.39725
2.30883, 58.3892, 47.9545, 5.49901, 7.77105, 10.4347, 3.76432e-13, 5.49901, 5.49906, 5.49901, 5.71468, 5.5048, 5.49909, 5.64592, 5.89781, 44.1206, 5.50078, 5.49901, 5.49901, 5.49901, 5.49901, 5.49901, 5.49901, 5.49901, 5.49901, 8.5474, 5.49901, 5.49901, 5.51538
2.31671, 33.6289, 48.1204, 5.61736, 5.969, -14.4915, 1.44257e-13, 5.61737, 5.61741, 5.61737, 5.83304, 5.62316, 5.61745, 5.75353, 6.02941, 43.9091, 5.6186, 5.61736, 5.61736, 5.61736, 5.61736, 5.61736, 5.61736, 5.61736, 5.61736, 9.04043, 5.61736, 5.61736, 5.63457
2.32458, 52.5957, 47.668, 5.73671, 7.38889, 4.92774, 5.00916e-14, 5.73672, 5.73676, 5.73672, 5.95239, 5.74251, 5.7368, 5.86119, 6.16234, 43.0795, 5.73756, 5.73671, 5.73671, 5.73671, 5.73671, 5.73671, 5.73671, 5.73671, 5.73671, 9.53455, 5.73671, 5.73671, 5.75476
2.33245, 35.6334, 46.6393, 5.85703, 6.13461, -11.0059, 1.53229e-14, 5.85703, 5.85708, 5.85703, 6.0727, 5.86282, 5.85712, 5.96931, 6.29672, 41.6848, 5.8576, 5.85703, 5.85703, 5.85703, 5.85703, 5.85703, 5.85703, 5.85703, 5.85703, 10.0185, 5.85703, 5.85703, 5.87594
2.34032, 46.9517, 45.103, 5.97827, 6.99655, 1.8487, 4.43603e-15, 5.97827, 5.97832, 5.97827, 6.19394, 5.98406, 5.97836, 6.07828, 6.43278, 39.8045, 5.97865, 5.97827, 5.97827, 5.97827, 5.97827, 5.97827, 5.97827, 5.97827, 5.97827, 10.4805, 5.97827, 5.97827, 5.99806
2.34819, 39.9515, 43.148, 6.10041, 6.477, -3.19646, 1.14214e-15, 6.10041, 6.10046, 6.10041, 6.31608, 6.1062, 6.1005, 6.18843, 6.57093, 37.5382, 6.10066, 6.10041, 6.10041, 6.10041, 6.10041, 6.10041, 6.10041, 6.10041, 6.10041, 10.9091, 6.10041, 6.10041, 6.12111
2.35606, 35.6629, 40.8774, 6.2234, 6.13701, -5.2145, 2.57865e-16, 6.22341, 6.22345, 6.22341, 6.43908, 6.2292, 6.22349, 6.30005, 6.71187, 34.9984, 6.22357, 6.2234, 6.2234, 6.2234, 6.2234, 6.2234, 6.2234, 6.2234, 6.22341, 11.2939, 6.2234, 6.2234, 6.24502
2.36393, 38.6762, 38.4007, 6.34722, 6.37779, 0.275467, 4.95252e-17, 6.34723, 6.34727, 6.34722, 6.5629, 6.35301, 6.34731, 6.41332, 6.8568, 32.3015, 6.34732, 6.34722, 6.34722, 6.34722, 6.34722, 6.34722, 6.34722, 6.34722, 6.34722, 11.6265, 6.34722, 6.34722, 6.36978
2.3718, 31.7244, 35.8269, 6.47181, 5.80727, -4.10252, 7.28564e-18, 6.47181, 6.47186, 6.47181, 6.68749, 6.4776, 6.4719, 6.52838, 7.00761, 29.5603, 6.47187, 6.47181, 6.47181, 6.47181, 6.47181, 6.47181, 6.47181, 6.47181, 6.47181, 11.9009, 6.47181, 6.47181, 6.49532
2.37968, 28.2325, 33.2578, 6.59714, 5.49841, -5.02527, 1.11312e-18, 6.59714, 6.59719, 6.59714, 6.81282, 6.60293, 6.59723, 6.64527, 7.16736, 26.8766, 6.59718, 6.59714, 6.59714, 6.59714, 6.59714, 6.59714, 6.59714, 6.59714, 6.59714, 12.1139, 6.59714, 6.59714, 6.62163
2.38755, 26.2026, 30.7843, 6.72317, 5.31061, -4.58172, 1.43093e-19, 6.72317, 6.72322, 6.72317, 6.93885, 6.72896, 6.72326, 6.764, 7.34071, 24.3364, 6.72319, 6.72317, 6.72317, 6.72317, 6.72317, 6.72317, 6.72317, 6.72317, 6.72317, 12.2656, 6.72317, 6.72317, 6.74865
2.39542, 26.2035, 28.483, 6.84985, 5.31069, -2.2795, 1.35454e-20, 6.84986, 6.8499, 6.84986, 7.06553, 6.85565, 6.84994, 6.88448, 7.53466, 22.0059, 6.84987, 6.84985, 6.84985, 6.84985, 6.84985, 6.84985, 6.84985, 6.84985, 6.84985, 12.3593, 6.84985, 6.84985, 6.87634
2.40329, 19.4791, 26.4155, 6.97716, 4.63455, -6.93637, 5.00005e-22, 6.97716, 6.9772, 6.97716, 7.19283, 6.98295, 6.97724, 7.00663, 7.7595, 19.9305, 6.97716, 6.97716, 6.97716, 6.97716, 6.97716, 6.97716, 6.97716, 6.97716, 6.97716, 12.4012, 6.97716, 6.97716, 7.00467
2.41116, 13.7466, 24.6293, 7.10506, 3.9682, -10.8827, 9.72223e-24, 7.10506, 7.10511, 7.10506, 7.32074, 7.11085, 7.10515, 7.13032, 8.03002, 18.1343, 7.10506, 7.10506, 7.10506, 7.10506, 7.10506, 7.10506, 7.10506, 7.10506, 7.10506, 12.3997, 7.10506, 7.10506, 7.13361
2.41903, 19.2, 23.1609, 7.23353, 4.60434, -3.96093, 2.84628e-26, 7.23353, 7.23358, 7.23353, 7.4492, 7.23932, 7.23361, 7.25542, 8.36684, 16.6227, 7.23353, 7.23353, 7.23353, 7.23353, 7.23353, 7.23353, 7.23353, 7.23353, 7.23353, 12.3653, 7.23353, 7.23353, 7.26313
2.4269, 17.2685, 22.0395, 7.36254, 4.38959, -4.77098, 0, 7.36254, 7.36259, 7.36254, 7.57822, 7.36833, 7.36263, 7.38178, 8.7981, 15.3852, 7.36254, 7.36254, 7.36254, 7.36254, 7.36254, 7.36254, 7.36254, 7.36254, 7.36254, 12.3098, 7.36254, 7.36254, 7.39322
2.43477, 18.466, 21.2921, 7.49209, 4.52393, -2.82612, 0, 7.49209, 7.49214, 7.49209, 7.70776, 7.49788, 7.49218, 7.50927, 9.36119, 14.3988, 7.49209, 7.49209, 7.49209, 7.49209, 7.49209, 7.49209, 7.49209, 7.49209, 7.49209, 12.2458, 7.49209, 7.49209, 7.52385
2.44265, 20.2467, 20.9489, 7.62217, 4.71664, -0.702152, 0, 7.62217, 7.62222, 7.62217, 7.83784, 7.62796, 7.62225, 7.63779, 10.1045, 13.6322, 7.62217, 7.62217, 7.62217, 7.62217, 7.62217, 7.62217, 7.62217, 7.62217, 7.62217, 12.1864, 7.62217, 7.62217, 7.65503
2.45052, 14.5169, 21.0485, 7.75278, 4.0641, -6.53165, 0, 7.75279, 7.75283, 7.75279, 7.96846, 7.75858, 7.75287, 7.76724, 11.0888, 13.0495, 7.75278, 7.75278, 7.75278, 7.75278, 7.75278, 7.75278, 7.75278, 7.75278, 7.75278, 12.1457, 7.75278, 7.75278, 7.78676
2.45839, 12.7222, 21.6433, 7.88394, 3.83696, -8.92107, 0, 7.88394, 7.88398, 7.88394, 8.09961, 7.88973, 7.88402, 7.89753, 12.3883, 12.614, 7.88394, 7.88394, 7.88394, 7.88394, 7.88394, 7.88394, 7.88394, 7.88394, 7.88394, 12.1386, 7.88394, 7.88394, 7.91904
2.46626, 16.3644, 22.8023, 8.01564, 4.28537, -6.43794, 0, 8.01565, 8.01569, 8.01565, 8.23132, 8.02144, 8.01573, 8.02861, 14.0903, 12.2902, 8.01564, 8.01564, 8.01564, 8.01564, 8.01564, 8.01564, 8.01564, 8.01564, 8.01564, 12.1823, 8.01564, 8.01564, 8.05189
2.47413, 18.9731, 24.6145, 8.14792, 4.57964, -5.64138, 0, 8.14793, 8.14797, 8.14793, 8.3636, 8.15372, 8.14802, 8.16045, 16.2943, 12.0467, 8.14792, 8.14792, 8.14792, 8.14792, 8.14792, 8.14792, 8.14792, 8.14792, 8.14793, 12.2978, 8.14792, 8.14792, 8.18533
2.482, 23.597, 27.1882, 8.2808, 5.05935, -3.59116, 0, 8.2808, 8.28084, 8.2808, 8.49647, 8.28659, 8.28089, 8.293, 19.1083, 11.857, 8.2808, 8.2808, 8.2808, 8.2808, 8.2808, 8.2808, 8.2808, 8.2808, 8.2808, 12.512, 8.2808, 8.2808, 8.31937
2.48987, 22.6283, 30.65, 8.41427, 4.96269, -8.0217, 0, 8.41428, 8.41432, 8.41427, 8.62995, 8.42006, 8.41436, 8.42626, 22.6442, 11.7007, 8.41427, 8.41427, 8.41427, 8.41427, 8.41427, 8.41427, 8.41427, 8.41427, 8.41427, 12.8603, 8.41427, 8.41427, 8.45403
2.49775, 35.0134, 35.1402, 8.54837, 6.08387, -0.126755, 0, 8.54837, 8.54842, 8.54837, 8.76405, 8.55416, 8.54847, 8.5602, 27.0101, 11.5627, 8.54837, 8.54837, 8.54837, 8.54837, 8.54837, 8.54837, 8.54837, 8.54837, 8.54837, 13.3897, 8.54837, 8.54837, 8.58933
2.50562, 25.6556, 40.807, 8.6831, 5.25886, -15.1514, 0, 8.68311, 8.68315, 8.68311, 8.89878, 8.6889, 8.6832, 8.69483, 32.3014, 11.4338, 8.6831, 8.6831, 8.6831, 8.6831, 8.6831, 8.6831, 8.6831, 8.6831, 8.68311, 14.1625, 8.6831, 8.6831, 8.72527
2.51349, 41.5526, 47.797, 8.81848, 6.59944, -6.24441, 0, 8.81848, 8.81853, 8.81848, 9.03416, 8.82427, 8.81858, 8.83013, 38.589, 11.309, 8.81848, 8.81848, 8.81848, 8.81848, 8.81848, 8.81848, 8.81848, 8.81848, 8.81848, 15.2593, 8.81848, 8.81848, 8.86188
2.52136, 50.9446, 56.2459, 8.9545, 7.27631, -5.30125, 0, 8.9545, 8.95455, 8.9545, 9.17017, 8.96029, 8.9546, 8.9661, 45.9077, 11.1871, 8.9545, 8.9545, 8.9545, 8.9545, 8.9545, 8.9545, 8.9545, 8.9545, 8.9545, 16.7822, 8.9545, 8.9545, 8.99915
2.52923, 54.0455, 66.2666, 9.09114, 7.48635, -12.2211, 0, 9.09114, 9.09119, 9.09114, 9.30682, 9.09693, 9.09125, 9.10271, 54.2438, 11.0694, 9.09114, 9.09114, 9.09114, 9.09114, 9.09114, 9.09114, 9.09114, 9.09114, 9.09114, 18.8566, 9.09114, 9.09114, 9.13708
2.5371, 77.3353, 77.9398, 9.22841, 8.90704, -0.604462, 0, 9.22841, 9.22846, 9.22841, 9.44409, 9.2342, 9.22853, 9.23996, 63.5255, 10.9591, 9.22841, 9.22841, 9.22841, 9.22841, 9.22841, 9.22841, 9.22841, 9.22841, 9.22841, 21.6315, 9.22841, 9.22841, 9.27569
2.54497, 99.6135, 91.3011, 9.36628, 10.0804, 8.31241, 0, 9.36629, 9.36633, 9.36629, 9.58196, 9.37208, 9.36642, 9.37782, 73.6143, 10.8598, 9.36628, 9.36628, 9.36628, 9.36628, 9.36628, 9.36628, 9.36628, 9.36628, 9.36629, 25.2777, 9.36628, 9.36628, 9.41497
2.55284, 86.6237, 106.334, 9.50473, 9.41402, -19.7102, 0, 9.50474, 9.50478, 9.50474, 9.72041, 9.51053, 9.50489, 9.51625, 84.302, 10.7753, 9.50473, 9.50473, 9.50473, 9.50473, 9.50473, 9.50473, 9.50473, 9.50473, 9.50474, 29.9827, 9.50473, 9.50473, 9.55495
2.56072, 112.725, 122.962, 9.64374, 10.711, -10.2371, 0, 9.64374, 9.64379, 9.64374, 9.85941, 9.64953, 9.64391, 9.65525, 95.3133, 10.7087, 9.64374, 9.64374, 9.64374, 9.64374, 9.64374, 9.64374, 9.64374, 9.64374, 9.64374, 35.942, 9.64374, 9.64374, 9.69569
2.56859, 130.135, 141.046, 9.78326, 11.495, -10.9116, 0, 9.78326, 9.78331, 9.78326, 9.99893, 9.78905, 9.78346, 9.79476, 106.315, 10.6626, 9.78326, 9.78326, 9.78326, 9.78326, 9.78326, 9.78326, 9.78326, 9.78326, 9.78326, 43.3476, 9.78326, 9.78326, 9.83727
2.57646, 148.264, 160.384, 9.92326, 12.2582, -12.1197, 0, 9.92327, 9.92331, 9.92327, 10.1389, 9.92906, 9.92351, 9.93476, 116.931, 10.6383, 9.92326, 9.92326, 9.92326, 9.92326, 9.92326, 9.92326, 9.92326, 9.92326, 9.92326, 52.3712, 9.92326, 9.92326, 9.97988
2.58433, 169.34, 180.708, 10.0637, 13.0897, -11.3673, 0, 10.0637, 10.0638, 10.0637, 10.2794, 10.0695, 10.064, 10.0752, 126.76, 10.6363, 10.0637, 10.0637, 10.0637, 10.0637, 10.0637, 10.0637, 10.0637, 10.0637, 10.0637, 63.1454, 10.0637, 10.0637, 10.1238
2.5922, 172.396, 201.693, 10.2046, 13.2059, -29.2979, 0, 10.2046, 10.2046, 10.2046, 10.4202, 10.2104, 10.2049, 10.2161, 135.406, 10.656, 10.2046, 10.2046, 10.2046, 10.2046, 10.2046, 10.2046, 10.2046, 10.2046, 10.2046, 75.7426, 10.2046, 10.2046, 10.2695
2.60007, 231.005, 222.965, 10.3458, 15.2645, 8.03958, 0, 10.3458, 10.3459, 10.3458, 10.5615, 10.3516, 10.3463, 10.3573, 142.5, 10.6962, 10.3458, 10.3458, 10.3458, 10.3458, 10.3458, 10.3458, 10.3458, 10.3458, 10.3458, 90.1554, 10.3458, 10.3458, 10.4177
2.60794, 249.881, 244.103, 10.4874, 15.8708, 5.77879, 0, 10.4874, 10.4874, 10.4874, 10.7031, 10.4932, 10.4879, 10.4989, 147.731, 10.7552, 10.4874, 10.4874, 10.4874, 10.4874, 10.4874, 10.4874, 10.4874, 10.4874, 10.4874, 106.276, 10.4874, 10.4874, 10.5694
2.61581, 241.481, 264.65, 10.6292, 15.6039, -23.1698, 0, 10.6293, 10.6293, 10.6293, 10.8449, 10.635, 10.6299, 10.6407, 150.867, 10.8308, 10.6292, 10.6292, 10.6292, 10.6292, 10.6292, 10.6292, 10.6292, 10.6292, 10.6293, 123.881, 10.6292, 10.6292, 10.7263
2.62369, 289.841, 284.13, 10.7714, 17.0833, 5.7103, 0, 10.7714, 10.7714, 10.7714, 10.987, 10.7772, 10.7722, 10.7829, 151.772, 10.9207, 10.7714, 10.7714, 10.7714, 10.7714, 10.7714, 10.7714, 10.7714, 10.7714, 10.7714, 142.628, 10.7714, 10.7714, 10.8906
2.63156, 317.466, 302.057, 10.9137, 17.8736, 15.4097, 0, 10.9137, 10.9138, 10.9137, 11.1294, 10.9195, 10.9148, 10.9252, 150.42, 11.0226, 10.9137, 10.9137, 10.9137, 10.9137, 10.9137, 10.9137, 10.9137, 10.9137, 10.9137, 162.056, 10.9137, 10.9137, 11.0652
2.63943, 333.38, 317.947, 11.0562, 18.3134, 15.4331, 0, 11.0562, 11.0563, 11.0562, 11.2719, 11.062, 11.0575, 11.0677, 146.896, 11.1344, 11.0562, 11.0562, 11.0562, 11.0562, 11.0562, 11.0562, 11.0562, 11.0562, 11.0562, 181.597, 11.0562, 11.0562, 11.2543
2.6473, 341.239, 331.344, 11.1988, 18.5267, 9.89465, 0, 11.1988, 11.1989, 11.1988, 11.4145, 11.2046, 11.2004, 11.2103, 141.387, 11.2541, 11.1988, 11.1988, 11.1988, 11.1988, 11.1988, 11.1988, 11.1988, 11.1988, 11.1988, 200.601, 11.1988, 11.1988, 11.4634
2.65517, 392.452, 341.833, 11.3415, 19.8608, 50.6194, 0, 11.3415, 11.3415, 11.3415, 11.5572, 11.3473, 11.3435, 11.353, 134.171, 11.38, 11.3415, 11.3415, 11.3415, 11.3415, 11.3415, 11.3415, 11.3415, 11.3415, 11.3415, 218.372, 11.3415, 11.3415, 11.6992
2.66304, 340.827, 349.063, 11.4841, 18.5156, -8.23563, 0, 11.4841, 11.4842, 11.4841, 11.6998, 11.4899, 11.4865, 11.4957, 125.59, 11.5106, 11.4841, 11.4841, 11.4841, 11.4841, 11.4841, 11.4841, 11.4841, 11.4841, 11.4841, 234.209, 11.4841, 11.4841, 11.9704
2.67091, 376.907, 352.77, 11.6267, 19.4655, 24.1375, 0, 11.6267, 11.6267, 11.6267, 11.8424, 11.6325, 11.6295, 11.6383, 116.034, 11.6445, 11.6267, 11.6267, 11.6267, 11.6267, 11.6267, 11.6267, 11.6267, 11.6267, 11.6267, 247.449, 11.6267, 11.6267, 12.287
2.67878, 398.453, 352.794, 11.769, 20.0113, 45.6595, 0, 11.769, 11.7691, 11.769, 11.9847, 11.7748, 11.7724, 11.7806, 105.905, 11.7809, 11.769, 11.769, 11.769, 11.769, 11.769, 11.769, 11.769, 11.769, 11.769, 257.518, 11.769, 11.769, 12.6611
2.68666, 382.619, 349.098, 11.9111, 19.6117, 33.5212, 0, 11.9111, 11.9111, 11.9111, 12.1268, 11.9169, 11.915, 11.9227, 95.598, 11.9189, 11.9111, 11.9111, 11.9111, 11.9111, 11.9111, 11.9111, 11.9111, 11.9111, 11.9111, 263.972, 11.9111, 11.9111, 13.106
2.69453, 436.415, 341.778, 12.0527, 20.9384, 94.6372, 0, 12.0527, 12.0527, 12.0527, 12.2684, 12.0585, 12.0572, 12.0644, 85.4747, 12.0577, 12.0527, 12.0527, 12.0527, 12.0527, 12.0527, 12.0527, 12.0527, 12.0527, 12.0527, 266.53, 12.0527, 12.0527, 13.6358
2.7024, 371.608, 331.064, 12.1937, 19.3289, 40.5442, 0, 12.1937, 12.1938, 12.1937, 12.4094, 12.1995, 12.1988, 12.2054, 75.8468, 12.1969, 12.1937, 12.1937, 12.1937, 12.1937, 12.1937, 12.1937, 12.1937, 12.1937, 12.1937, 265.098, 12.1937, 12.1937, 14.2652
2.71027, 358.943, 317.315, 12.334, 18.9985, 41.6284, 0, 12.334, 12.334, 12.334, 12.5496, 12.3398, 12.3397, 12.3458, 66.9635, 12.336, 12.334, 12.334, 12.334, 12.334, 12.334, 12.334, 12.334, 12.334, 12.334, 259.771, 12.334, 12.334, 15.0077
2.71814, 371.366, 301.005, 12.4733, 19.3227, 70.3611, 0, 12.4733, 12.4734, 12.4733, 12.689, 12.4791, 12.4797, 12.4852, 59.005, 12.4746, 12.4733, 12.4733, 12.4733, 12.4733, 12.4733, 12.4733, 12.4733, 12.4733, 12.4733, 250.831, 12.4733, 12.4733, 15.8751
2.72601, 334.114, 282.695, 12.6116, 18.3334, 51.4193, 0, 12.6116, 12.6116, 12.6116, 12.8272, 12.6174, 12.6185, 12.6236, 52.0814, 12.6123, 12.6116, 12.6116, 12.6116, 12.6116, 12.6116, 12.6116, 12.6116, 12.6116, 12.6116, 238.72, 12.6116, 12.6116, 16.8756
2.73388, 332.498, 263.005, 12.7485, 18.2893, 69.4923, 0, 12.7485, 12.7486, 12.7485, 12.9642, 12.7543, 12.756, 12.7607, 46.2376, 12.749, 12.7485, 12.7485, 12.7485, 12.7485, 12.7485, 12.7485, 12.7485, 12.7485, 12.7485, 224.011, 12.7485, 12.7485, 18.0122
2.74175, 283.52, 242.579, 12.8841, 16.8973, 40.941, 0, 12.8841, 12.8841, 12.8841, 13.0997, 12.8899, 12.892, 12.8964, 41.4601, 12.8843, 12.8841, 12.8841, 12.8841, 12.8841, 12.8841, 12.8841, 12.8841, 12.8841, 12.8841, 207.364, 12.8841, 12.8841, 19.2816
2.74963, 258.792, 222.047, 13.018, 16.1491, 36.7454, 0, 13.018, 13.018, 13.018, 13.2337, 13.0238, 13.0262, 13.0305, 37.6874, 13.0181, 13.018, 13.018, 13.018, 13.018, 13.018, 13.018, 13.018, 13.018, 13.018, 189.48, 13.018, 13.018, 20.6727
2.7575, 258.271, 201.988, 13.1501, 16.1329, 56.2831, 0, 13.1501, 13.1502, 13.1501, 13.3658, 13.1559, 13.1586, 13.1629, 34.821, 13.1502, 13.1501, 13.1501, 13.1501, 13.1501, 13.1501, 13.1501, 13.1501, 13.1501, 13.1501, 171.059, 13.1501, 13.1501, 22.1657
2.76537, 238.05, 182.91, 13.2805, 15.4936, 55.1407, 0, 13.2805, 13.2805, 13.2805, 13.4961, 13.2862, 13.2891, 13.2934, 32.7376, 13.2805, 13.2805, 13.2805, 13.2805, 13.2805, 13.2805, 13.2805, 13.2805, 13.2805, 13.2805, 152.758, 13.2805, 13.2805, 23.7319
2.77324, 204.737, 165.219, 13.4088, 14.3784, 39.5188, 0, 13.4089, 13.4089, 13.4089, 13.6245, 13.4146, 13.4175, 13.4221, 31.2995, 13.4089, 13.4088, 13.4088, 13.4088, 13.4088, 13.4088, 13.4088, 13.4088, 13.4088, 13.4089, 135.159, 13.4088, 13.4088, 25.334
2.78111, 164.093, 149.213, 13.5353, 12.8877, 14.8801, 0, 13.5353, 13.5353, 13.5353, 13.751, 13.5411, 13.5438, 13.5489, 30.3649, 13.5353, 13.5353, 13.5353, 13.5353, 13.5353, 13.5353, 13.5353, 13.5353, 13.5353, 13.5353, 118.748, 13.5353, 13.5353, 26.9274
2.78898, 167.507, 135.077, 13.6598, 13.0195, 32.4301, 0, 13.6598, 13.6598, 13.6598, 13.8754, 13.6656, 13.668, 13.6738, 29.796, 13.6598, 13.6598, 13.6598, 13.6598, 13.6598, 13.6598, 13.6598, 13.6598, 13.6598, 13.6598, 103.895, 13.6598, 13.6598, 28.4624
2.79685, 141.265, 122.889, 13.7823, 11.9693, 18.3762, 0, 13.7823, 13.7823, 13.7823, 13.998, 13.7881, 13.7901, 13.7967, 29.4657, 13.7823, 13.7823, 13.7823, 13.7823, 13.7823, 13.7823, 13.7823, 13.7823, 13.7823, 13.7823, 90.8574, 13.7823, 13.7823, 29.8864
2.80473, 123.446, 112.631, 13.9029, 11.2003, 10.8157, 0, 13.9029, 13.9029, 13.9029, 14.1186, 13.9087, 13.9103, 13.9178, 29.2627, 13.9029, 13.9029, 13.9029, 13.9029, 13.9029, 13.9029, 13.9029, 13.9029, 13.9029, 13.9029, 79.7825, 13.9029, 13.9029, 31.1473
2.8126, 107.365, 104.208, 14.0216, 10.4578, 3.15691, 0, 14.0216, 14.0216, 14.0216, 14.2373, 14.0274, 14.0284, 14.0371, 29.0946, 14.0216, 14.0216, 14.0216, 14.0216, 14.0216, 14.0216, 14.0216, 14.0216, 14.0216, 14.0216, 70.7157, 14.0216, 14.0216, 32.1972
2.82047, 112.635, 97.4687, 14.1383, 10.7068, 15.166, 0, 14.1383, 14.1383, 14.1383, 14.354, 14.1441, 14.1445, 14.1544, 28.8896, 14.1383, 14.1383, 14.1383, 14.1383, 14.1383, 14.1383, 14.1383, 14.1383, 14.1383, 14.1383, 63.6166, 14.1383, 14.1383, 32.9952
2.82834, 109.97, 92.2228, 14.2529, 10.5816, 17.7472, 0, 14.2529, 14.2529, 14.2529, 14.4686, 14.2587, 14.2585, 14.2696, 28.597, 14.2529, 14.2529, 14.2529, 14.2529, 14.2529, 14.2529, 14.2529, 14.2529, 14.2529, 14.2529, 58.3768, 14.2529, 14.2529, 33.5109
2.83621, 74.6984, 88.2616, 14.3651, 8.75776, -13.5632, 0, 14.3651, 14.3651, 14.3651, 14.5808, 14.3709, 14.3701, 14.3825, 28.1858, 14.3651, 14.3651, 14.3651, 14.3651, 14.3651, 14.3651, 14.3651, 14.3651, 14.3651, 14.3651, 54.8361, 14.3651, 14.3651, 33.7259
2.84408, 84.6743, 85.3728, 14.4745, 9.3099, -0.698555, 0, 14.4745, 14.4745, 14.4745, 14.6901, 14.4803, 14.4788, 14.4926, 27.6433, 14.4745, 14.4745, 14.4745, 14.4745, 14.4745, 14.4745, 14.4745, 14.4745, 14.4745, 14.4745, 52.7987, 14.4745, 14.4745, 33.6358
2.85195, 81.8953, 83.3525, 14.5803, 9.15944, -1.45723, 0, 14.5803, 14.5804, 14.5803, 14.796, 14.5861, 14.5841, 14.5992, 26.9717, 14.5803, 14.5803, 14.5803, 14.5803, 14.5803, 14.5803, 14.5803, 14.5803, 14.5803, 14.5803, 52.0474, 14.5803, 14.5803, 33.2499
2.85982, 78.1152, 82.0128, 14.6818, 8.95071, -3.89766, 0, 14.6818, 14.6818, 14.6818, 14.8975, 14.6876, 14.685, 14.7015, 26.1854, 14.6818, 14.6818, 14.6818, 14.6818, 14.6818, 14.6818, 14.6818, 14.6818, 14.6818, 14.6818, 52.3558, 14.6818, 14.6818, 32.5907
2.8677, 74.6456, 81.1866, 14.7776, 8.75475, -6.54094, 0, 14.7776, 14.7776, 14.7776, 14.9933, 14.7834, 14.7803, 14.7982, 25.3074, 14.7776, 14.7776, 14.7776, 14.7776, 14.7776, 14.7776, 14.7776, 14.7776, 14.7776, 14.7776, 53.4978, 14.7776, 14.7776, 31.6917
2.87557, 66.9075, 80.7283, 14.8663, 8.30105, -13.8208, 0, 14.8663, 14.8663, 14.8663, 15.082, 14.8721, 14.8685, 14.8878, 24.3657, 14.8663, 14.8663, 14.8663, 14.8663, 14.8663, 14.8663, 14.8663, 14.8663, 14.8663, 14.8663, 55.255, 14.8663, 14.8663, 30.5949
2.88344, 60.511, 80.5137, 14.9461, 7.90639, -20.0027, 0, 14.9461, 14.9461, 14.9461, 15.1618, 14.9519, 14.9479, 14.9686, 23.3899, 14.9461, 14.9461, 14.9461, 14.9461, 14.9461, 14.9461, 14.9461, 14.9461, 14.9461, 14.9461, 57.4224, 14.9461, 14.9461, 29.3478
2.89131, 73.9013, 80.4378, 15.015, 8.71213, -6.53659, 0, 15.015, 15.015, 15.015, 15.2306, 15.0207, 15.0164, 15.0384, 22.4088, 15.015, 15.015, 15.015, 15.015, 15.015, 15.015, 15.015, 15.015, 15.015, 15.015, 59.8126, 15.015, 15.015, 27.9998
2.89918, 75.7014, 80.4122, 15.0707, 8.81484, -4.71074, 0, 15.0707, 15.0707, 15.0707, 15.2863, 15.0765, 15.0718, 15.0952, 21.4483, 15.0707, 15.0707, 15.0707, 15.0707, 15.0707, 15.0707, 15.0707, 15.0707, 15.0707, 15.0707, 62.2585, 15.0707, 15.0707, 26.5994
2.90705, 67.3606, 80.3623, 15.1109, 8.3283, -13.0017, 0, 15.1109, 15.111, 15.1109, 15.3266, 15.1167, 15.1118, 15.1365, 20.5294, 15.1109, 15.1109, 15.1109, 15.1109, 15.1109, 15.1109, 15.1109, 15.1109, 15.1109, 15.1109, 64.6155, 15.1109, 15.1109, 25.1911
2.91492, 68.292, 80.2255, 15.1333, 8.38403, -11.9335, 0, 15.1333, 15.1334, 15.1333, 15.349, 15.1391, 15.1341, 15.1601, 19.6676, 15.1333, 15.1333, 15.1333, 15.1333, 15.1333, 15.1333, 15.1333, 15.1333, 15.1333, 15.1333, 66.7624, 15.1333, 15.1333, 23.8132
2.92279, 68.0963, 79.9493, 15.1358, 8.37236, -11.853, 0, 15.1358, 15.1358, 15.1358, 15.3514, 15.1416, 15.1363, 15.1637, 18.8731, 15.1358, 15.1358, 15.1358, 15.1358, 15.1358, 15.1358, 15.1358, 15.1358, 15.1358, 15.1358, 68.601, 15.1358, 15.1358, 22.4967
2.93067, 60.7356, 79.4899, 15.1163, 7.92058, -18.7543, 0, 15.1163, 15.1164, 15.1163, 15.332, 15.1221, 15.1167, 15.1454, 18.1505, 15.1163, 15.1163, 15.1163, 15.1163, 15.1163, 15.1163, 15.1163, 15.1163, 15.1163, 15.1163, 70.0564, 15.1163, 15.1163, 21.2646
2.93854, 72.0838, 78.8119, 15.0735, 8.60719, -6.72811, 0, 15.0735, 15.0735, 15.0735, 15.2891, 15.0793, 15.0738, 15.1038, 17.4998, 15.0735, 15.0735, 15.0735, 15.0735, 15.0735, 15.0735, 15.0735, 15.0735, 15.0735, 15.0735, 71.0751, 15.0735, 15.0735, 20.1317
2.94641, 63.1654, 77.8872, 15.0064, 8.07251, -14.7218, 0, 15.0064, 15.0064, 15.0064, 15.222, 15.0121, 15.0066, 15.0379, 16.9176, 15.0064, 15.0064, 15.0064, 15.0064, 15.0064, 15.0064, 15.0064, 15.0064, 15.0064, 15.0064, 71.6236, 15.0064, 15.0064, 19.1053
2.95428, 65.758, 76.6957, 14.9148, 8.23152, -10.9377, 0, 14.9148, 14.9148, 14.9148, 15.1305, 14.9206, 14.915, 14.9476, 16.3978, 14.9148, 14.9148, 14.9148, 14.9148, 14.9148, 14.9148, 14.9148, 14.9148, 14.9148, 14.9148, 71.6861, 14.9148, 14.9148, 18.1867
2.96215, 62.5426, 75.2247, 14.7993, 8.03384, -12.6821, 0, 14.7993, 14.7994, 14.7993, 15.015, 14.8051, 14.7995, 14.8335, 15.9329, 14.7993, 14.7993, 14.7993, 14.7993, 14.7993, 14.7993, 14.7993, 14.7993, 14.7993, 14.7993, 71.2623, 14.7993, 14.7993, 17.3722
2.97002, 76.3284, 73.4695, 14.6614, 8.85034, 2.85893, 0, 14.6614, 14.6614, 14.6614, 14.877, 14.6672, 14.6615, 14.6969, 15.515, 14.6614, 14.6614, 14.6614, 14.6614, 14.6614, 14.6614, 14.6614, 14.6614, 14.6614, 14.6614, 70.3655, 14.6614, 14.6614, 16.6545
2.97789, 67.6151, 71.4331, 14.5032, 8.34356, -3.81802, 0, 14.5032, 14.5032, 14.5032, 14.7188, 14.509, 14.5033, 14.5401, 15.1365, 14.5032, 14.5032, 14.5032, 14.5032, 14.5032, 14.5032, 14.5032, 14.5032, 14.5032, 14.5032, 69.0201, 14.5032, 14.5032, 16.0243
2.98576, 55.6436, 69.1267, 14.3277, 7.59234, -13.4831, 0, 14.3277, 14.3277, 14.3277, 14.5434, 14.3335, 14.3278, 14.366, 14.7906, 14.3277, 14.3277, 14.3277, 14.3277, 14.3277, 14.3277, 14.3277, 14.3277, 14.3277, 14.3277, 67.2601, 14.3277, 14.3277, 15.4714
2.99364, 49.9163, 66.5698, 14.1385, 7.20529, -16.6535, 0, 14.1385, 14.1385, 14.1385, 14.3542, 14.1443, 14.1386, 14.1783, 14.4718, 14.1385, 14.1385, 14.1385, 14.1385, 14.1385, 14.1385, 14.1385, 14.1385, 14.1385, 14.1385, 65.1277, 14.1385, 14.1385, 14.9858
3.00151, 52.2293, 63.7897, 13.9396, 7.36405, -11.5604, 0, 13.9396, 13.9397, 13.9396, 14.1553, 13.9454, 13.9397, 13.9809, 14.1762, 13.9396, 13.9396, 13.9396, 13.9396, 13.9396, 13.9396, 13.9396, 13.9396, 13.9396, 13.9396, 62.6717, 13.9396, 13.9396, 14.5581
3.00938, 43.4286, 60.8213, 13.7354, 6.74008, -17.3926, 0, 13.7354, 13.7355, 13.7354, 13.9511, 13.7412, 13.7355, 13.7782, 13.9008, 13.7354, 13.7354, 13.7354, 13.7354, 13.7354, 13.7354, 13.7354, 13.7354, 13.7354, 13.7354, 59.9465, 13.7354, 13.7354, 14.1803
3.01725, 33.1935, 57.7061, 13.5301, 5.93241, -24.5126, 0, 13.5301, 13.5302, 13.5301, 13.7458, 13.5359, 13.5303, 13.5745, 13.6441, 13.5301, 13.5301, 13.5301, 13.5301, 13.5301, 13.5301, 13.5301, 13.5301, 13.5301, 13.5301, 57.0108, 13.5301, 13.5301, 13.8455
3.02512, 33.2681, 54.4912, 13.3279, 5.9387, -21.2231, 0, 13.3279, 13.328, 13.3279, 13.5436, 13.3337, 13.3281, 13.3738, 13.4053, 13.3279, 13.3279, 13.3279, 13.3279, 13.3279, 13.3279, 13.3279, 13.3279, 13.3279, 13.3279, 53.926, 13.3279, 13.3279, 13.5482
3.03299, 43.6167, 51.2274, 13.1325, 6.75402, -7.61064, 0, 13.1325, 13.1325, 13.1325, 13.3482, 13.1383, 13.1326, 13.18, 13.1842, 13.1325, 13.1325, 13.1325, 13.1325, 13.1325, 13.1325, 13.1325, 13.1325, 13.1325, 13.1325, 50.7548, 13.1325, 13.1325, 13.2841
3.04086, 35.728, 47.9671, 12.9469, 6.14231, -12.2391, 0, 12.9469, 12.947, 12.9469, 13.1626, 12.9527, 12.9471, 12.996, 12.9811, 12.9469, 12.9469, 12.9469, 12.9469, 12.9469, 12.9469, 12.9469, 12.9469, 12.9469, 12.9469, 47.5593, 12.9469, 12.9469, 13.0498
3.04873, 29.6463, 44.7622, 12.7737, 5.6255, -15.116, 0, 12.7737, 12.7737, 12.7737, 12.9894, 12.7795, 12.7739, 12.8245, 12.7959, 12.7737, 12.7737, 12.7737, 12.7737, 12.7737, 12.7737, 12.7737, 12.7737, 12.7737, 12.7737, 44.3988, 12.7737, 12.7737, 12.8425
3.05661, 34.5145, 41.6616, 12.6144, 6.04273, -7.14701, 0, 12.6145, 12.6145, 12.6145, 12.8301, 12.6202, 12.6147, 12.6669, 12.6287, 12.6144, 12.6144, 12.6144, 12.6144, 12.6144, 12.6144, 12.6144, 12.6144, 12.6144, 12.6145, 41.3278, 12.6144, 12.6144, 12.6598
3.06448, 27.9642, 38.7089, 12.4701, 5.47396, -10.7446, 0, 12.4701, 12.4701, 12.4701, 12.6858, 12.4759, 12.4703, 12.5242, 12.4791, 12.4701, 12.4701, 12.4701, 12.4701, 12.4701, 12.4701, 12.4701, 12.4701, 12.4701, 12.4701, 38.3945, 12.4701, 12.4701, 12.4995
3.07235, 16.0698, 35.9408, 12.3408, 4.25086, -19.871, 0, 12.3408, 12.3408, 12.3408, 12.5565, 12.3466, 12.3411, 12.3967, 12.3464, 12.3408, 12.3408, 12.3408, 12.3408, 12.3408, 12.3408, 12.3408, 12.3408, 12.3408, 12.3408, 35.6386, 12.3408, 12.3408, 12.3596
3.08022, 17.7746, 33.3852, 12.2261, 4.44687, -15.6106, 0, 12.2261, 12.2262, 12.2261, 12.4418, 12.2319, 12.2265, 12.2838, 12.2296, 12.2261, 12.2261, 12.2261, 12.2261, 12.2261, 12.2261, 12.2261, 12.2261, 12.2261, 12.2261, 33.0904, 12.2261, 12.2261, 12.238
3.08809, 26.3525, 31.0611, 12.1252, 5.3247, -4.70865, 0, 12.1252, 12.1253, 12.1252, 12.3409, 12.131, 12.1256, 12.1846, 12.1273, 12.1252, 12.1252, 12.1252, 12.1252, 12.1252, 12.1252, 12.1252, 12.1252, 12.1252, 12.1252, 30.7703, 12.1252, 12.1252, 12.1326
3.09596, 13.2199, 28.9778, 12.0369, 3.90127, -15.7579, 0, 12.0369, 12.0369, 12.0369, 12.2525, 12.0427, 12.0373, 12.0981, 12.0381, 12.0369, 12.0369, 12.0369, 12.0369, 12.0369, 12.0369, 12.0369, 12.0369, 12.0369, 12.0369, 28.6888, 12.0369, 12.0369, 12.0414
3.10383, 11.0608, 27.1356, 11.9597, 3.61398, -16.0748, 0, 11.9597, 11.9598, 11.9597, 12.1754, 11.9655, 11.9602, 12.0227, 11.9604, 11.9597, 11.9597, 11.9597, 11.9597, 11.9597, 11.9597, 11.9597, 11.9597, 11.9597, 11.9597, 26.8471, 11.9597, 11.9597, 11.9625
3.1117, 12.0516, 25.5269, 11.8924, 3.74855, -13.4753, 0, 11.8924, 11.8924, 11.8924, 12.108, 11.8982, 11.893, 11.9572, 11.8928, 11.8924, 11.8924, 11.8924, 11.8924, 11.8924, 11.8924, 11.8924, 11.8924, 11.8924, 11.8924, 25.2378, 11.8924, 11.8924, 11.894
3.11958, 9.51239, 24.1375, 11.8337, 3.39299, -14.6251, 0, 11.8337, 11.8337, 11.8337, 12.0493, 11.8395, 11.8344, 11.9004, 11.8339, 11.8337, 11.8337, 11.8337, 11.8337, 11.8337, 11.8337, 11.8337, 11.8337, 11.8337, 11.8337, 23.8473, 11.8337, 11.8337, 11.8346
3.12745, 13.4538, 22.9482, 11.7826, 3.93113, -9.49444, 0, 11.7826, 11.7826, 11.7826, 11.9983, 11.7884, 11.7834, 11.8512, 11.7827, 11.7826, 11.7826, 11.7826, 11.7826, 11.7826, 11.7826, 11.7826, 11.7826, 11.7826, 11.7826, 22.6566, 11.7826, 11.7826, 11.7832
3.13532, 12.4097, 21.9369, 11.7385, 3.79601, -9.52722, 0, 11.7385, 11.7385, 11.7385, 11.9541, 11.7443, 11.7393, 11.809, 11.7385, 11.7385, 11.7385, 11.7385, 11.7385, 11.7385, 11.7385, 11.7385, 11.7385, 11.7385, 11.7385, 21.6436, 11.7385, 11.7385, 11.7388
3.14319, 14.0344, 21.0797, 11.7009, 4.0043, -7.04523, 0, 11.7009, 11.7009, 11.7009, 11.9166, 11.7067, 11.7018, 11.7734, 11.7009, 11.7009, 11.7009, 11.7009, 11.7009, 11.7009, 11.7009, 11.7009, 11.7009, 11.7009, 11.7009, 20.7845, 11.7009, 11.7009, 11.7011
3.15106, 9.02515, 20.3528, 11.6698, 3.32041, -11.3276, 0, 11.6698, 11.6698, 11.6698, 11.8855, 11.6756, 11.6708, 11.7442, 11.6698, 11.6698, 11.6698, 11.6698, 11.6698, 11.6698, 11.6698, 11.6698, 11.6698, 11.6698, 11.6698, 20.0557, 11.6698, 11.6698, 11.6699
3.15893, 13.4287, 19.7336, 11.6453, 3.92794, -6.30493, 0, 11.6453, 11.6453, 11.6453, 11.861, 11.6511, 11.6464, 11.7217, 11.6453, 11.6453, 11.6453, 11.6453, 11.6453, 11.6453, 11.6453, 11.6453, 11.6453, 11.6453, 11.6453, 19.4345, 11.6453, 11.6453, 11.6453
3.1668, 18.0175, 19.2018, 11.6277, 4.47409, -1.1843, 0, 11.6277, 11.6278, 11.6277, 11.8434, 11.6335, 11.6289, 11.7062, 11.6277, 11.6277, 11.6277, 11.6277, 11.6277, 11.6277, 11.6277, 11.6277, 11.6277, 11.6277, 11.6277, 18.9006, 11.6277, 11.6277, 11.6278
3.17467, 11.4958, 18.7393, 11.6176, 3.67367, -7.24347, 0, 11.6176, 11.6176, 11.6176, 11.8333, 11.6234, 11.6187, 11.698, 11.6176, 11.6176, 11.6176, 11.6176, 11.6176, 11.6176, 11.6176, 11.6176, 11.6176, 11.6176, 11.6176, 18.4361, 11.6176, 11.6176, 11.6176
3.18255, 11.9405, 18.3315, 11.6153, 3.73369, -6.39106, 0, 11.6153, 11.6153, 11.6153, 11.8309, 11.6211, 11.6165, 11.6978, 11.6153, 11.6153, 11.6153, 11.6153, 11.6153, 11.6153, 11.6153, 11.6153, 11.6153, 11.6153, 11.6153, 18.0263, 11.6153, 11.6153, 11.6153
3.19042, 10.4676, 17.9665, 11.6212, 3.53095, -7.49889, 0, 11.6212, 11.6213, 11.6212, 11.8369, 11.627, 11.6224, 11.7058, 11.6212, 11.6212, 11.6212, 11.6212, 11.6212, 11.6212, 11.6212, 11.6212, 11.6212, 11.6212, 11.6212, 17.6592, 11.6212, 11.6212, 11.6212
3.19829, 13.0288, 17.6354, 11.6358, 3.8767, -4.60653, 0, 11.6358, 11.6359, 11.6358, 11.8515, 11.6416, 11.637, 11.7225, 11.6358, 11.6358, 11.6358, 11.6358, 11.6358, 11.6358, 11.6358, 11.6358, 11.6358, 11.6358, 11.6358, 17.3259, 11.6358, 11.6358, 11.6358
3.20616, 11.4802, 17.3316, 11.6591, 3.67154, -5.85136, 0, 11.6591, 11.6592, 11.6591, 11.8748, 11.6649, 11.6603, 11.748, 11.6591, 11.6591, 11.6591, 11.6591, 11.6591, 11.6591, 11.6591, 11.6591, 11.6591, 11.6591, 11.6591, 17.02, 11.6591, 11.6591, 11.6591
3.21403, 7.98569, 17.0508, 11.6912, 3.16001, -9.06512, 0, 11.6912, 11.6912, 11.6912, 11.9069, 11.697, 11.6923, 11.7822, 11.6912, 11.6912, 11.6912, 11.6912, 11.6912, 11.6912, 11.6912, 11.6912, 11.6912, 11.6912, 11.6912, 16.7371, 11.6912, 11.6912, 11.6912
3.2219, 15.4915, 16.7905, 11.7318, 4.18229, -1.29893, 0, 11.7318, 11.7318, 11.7318, 11.9474, 11.7376, 11.7329, 11.8249, 11.7318, 11.7318, 11.7318, 11.7318, 11.7318, 11.7318, 11.7318, 11.7318, 11.7318, 11.7318, 11.7318, 16.4747, 11.7318, 11.7318, 11.7318
3.22977, 9.48823, 16.5492, 11.7805, 3.38943, -7.06097, 0, 11.7805, 11.7805, 11.7805, 11.9962, 11.7863, 11.7815, 11.8758, 11.7805, 11.7805, 11.7805, 11.7805, 11.7805, 11.7805, 11.7805, 11.7805, 11.7805, 11.7805, 11.7805, 16.2312, 11.7805, 11.7805, 11.7805
3.23765, 13.9767, 16.3265, 11.8368, 3.99709, -2.34979, 0, 11.8368, 11.8368, 11.8368, 12.0524, 11.8425, 11.8377, 11.9343, 11.8368, 11.8368, 11.8368, 11.8368, 11.8368, 11.8368, 11.8368, 11.8368, 11.8368, 11.8368, 11.8368, 16.0064, 11.8368, 11.8368, 11.8368
3.24552, 12.4575, 16.1225, 11.8999, 3.80231, -3.66498, 0, 11.8999, 11.9, 11.8999, 12.1156, 11.9057, 11.9008, 11.9997, 11.8999, 11.8999, 11.8999, 11.8999, 11.8999, 11.8999, 11.8999, 11.8999, 11.8999, 11.8999, 11.8999, 15.8002, 11.8999, 11.9, 11.8999
3.25339, 12.5369, 15.9375, 11.9691, 3.81273, -3.40054, 0, 11.9691, 11.9692, 11.9691, 12.1848, 11.9749, 11.9699, 12.0712, 11.9691, 11.9691, 11.9691, 11.9691, 11.9691, 11.9691, 11.9691, 11.9691, 11.9691, 11.9691, 11.9691, 15.6129, 11.9691, 11.9692, 11.9691
3.26126, 13.9059, 15.7717, 12.0435, 3.98822, -1.86581, 0, 12.0435, 12.0435, 12.0435, 12.2591, 12.0492, 12.0442, 12.1479, 12.0435, 12.0435, 12.0435, 12.0435, 12.0435, 12.0435, 12.0435, 12.0435, 12.0435, 12.0435, 12.0435, 15.4448, 12.0435, 12.0437, 12.0435
3.26913, 14.5251, 15.6254, 12.122, 4.06511, -1.10033, 0, 12.122, 12.1221, 12.122, 12.3377, 12.1278, 12.1227, 12.2287, 12.122, 12.122, 12.122, 12.122, 12.122, 12.122, 12.122, 12.122, 12.122, 12.122, 12.122, 15.2962, 12.122, 12.1223, 12.122
3.277, 12.9834, 15.4985, 12.2038, 3.87084, -2.51512, 0, 12.2038, 12.2038, 12.2038, 12.4195, 12.2096, 12.2044, 12.3129, 12.2038, 12.2038, 12.2038, 12.2038, 12.2038, 12.2038, 12.2038, 12.2038, 12.2038, 12.2038, 12.2038, 15.1669, 12.2038, 12.2043, 12.2038
3.28487, 16.0256, 15.3906, 12.2879, 4.24566, 0.635067, 0, 12.2879, 12.2879, 12.2879, 12.5035, 12.2936, 12.2884, 12.3993, 12.2879, 12.2879, 12.2879, 12.2879, 12.2879, 12.2879, 12.2879, 12.2879, 12.2879, 12.2879, 12.2879, 15.0564, 12.2879, 12.2886, 12.2879
3.29274, 9.41644, 15.3008, 12.3732, 3.37882, -5.88436, 0, 12.3732, 12.3733, 12.3732, 12.5889, 12.379, 12.3737, 12.487, 12.3732, 12.3732, 12.3732, 12.3732, 12.3732, 12.3732, 12.3732, 12.3732, 12.3732, 12.3732, 12.3732, 14.964, 12.3732, 12.3743, 12.3732
3.30062, 10.5595, 15.2281, 12.459, 3.54393, -4.66863, 0, 12.459, 12.4591, 12.459, 12.6747, 12.4648, 12.4594, 12.5752, 12.459, 12.459, 12.459, 12.459, 12.459, 12.459, 12.459, 12.459, 12.459, 12.459, 12.459, 14.8885, 12.459, 12.4605, 12.459
3.30849, 7.04504, 15.1711, 12.5443, 3.0075, -8.12604, 0, 12.5443, 12.5444, 12.5443, 12.76, 12.5501, 12.5447, 12.663, 12.5443, 12.5443, 12.5443, 12.5443, 12.5443, 12.5443, 12.5443, 12.5443, 12.5443, 12.5443, 12.5443, 14.8285, 12.5443, 12.5465, 12.5443
3.31636, 5.93088, 15.1281, 12.6284, 2.81618, -9.19722, 0, 12.6285, 12.6285, 12.6285, 12.8441, 12.6342, 12.6287, 12.7495, 12.6284, 12.6284, 12.6284, 12.6284, 12.6284, 12.6284, 12.6284, 12.6284, 12.6284, 12.6284, 12.6285, 14.7822, 12.6284, 12.6314, 12.6284
3.32423, 8.92116, 15.0973, 12.7106, 3.30472, -6.17616, 0, 12.7106, 12.7107, 12.7106, 12.9263, 12.7164, 12.7109, 12.8341, 12.7106, 12.7106, 12.7106, 12.7106, 12.7106, 12.7106, 12.7106, 12.7106, 12.7106, 12.7106, 12.7106, 14.7479, 12.7106, 12.7147, 12.7106
3.3321, 11.0546, 15.0768, 12.7902, 3.61311, -4.02225, 0, 12.7903, 12.7903, 12.7902, 13.0059, 12.796, 12.7904, 12.9163, 12.7902, 12.7902, 12.7902, 12.7902, 12.7902, 12.7902, 12.7902, 12.7902, 12.7902, 12.7902, 12.7902, 14.7235, 12.7902, 12.7958, 12.7902
3.33997, 7.52634, 15.0647, 12.8668, 3.08648, -7.53841, 0, 12.8668, 12.8669, 12.8668, 13.0825, 12.8726, 12.867, 12.9954, 12.8668, 12.8668, 12.8668, 12.8668, 12.8668, 12.8668, 12.8668, 12.8668, 12.8668, 12.8668, 12.8668, 14.7071, 12.8668, 12.8742, 12.8668
3.34784, 5.99021, 15.0592, 12.94, 2.8267, -9.06896, 0, 12.94, 12.9401, 12.94, 13.1557, 12.9458, 12.9402, 13.0711, 12.94, 12.94, 12.94, 12.94, 12.94, 12.94, 12.94, 12.94, 12.94, 12.94, 12.94, 14.6968, 12.94, 12.9497, 12.94
3.35571, 11.5333, 15.0584, 13.0096, 3.67877, -3.5251, 0, 13.0096, 13.0096, 13.0096, 13.2253, 13.0154, 13.0097, 13.1433, 13.0096, 13.0096, 13.0096, 13.0096, 13.0096, 13.0096, 13.0096, 13.0096, 13.0096, 13.0096, 13.0096, 14.6906, 13.0096, 13.022, 13.0096
3.36359, 8.44752, 15.061, 13.0754, 3.23226, -6.61347, 0, 13.0754, 13.0755, 13.0754, 13.2911, 13.0812, 13.0755, 13.2118, 13.0754, 13.0754, 13.0754, 13.0754, 13.0754, 13.0754, 13.0754, 13.0754, 13.0754, 13.0754, 13.0754, 14.6871, 13.0754, 13.0912, 13.0754
3.37146, 10.3467, 15.0656, 13.1376, 3.51379, -4.71889, 0, 13.1376, 13.1377, 13.1376, 13.3533, 13.1434, 13.1377, 13.2769, 13.1376, 13.1376, 13.1376, 13.1376, 13.1376, 13.1376, 13.1376, 13.1376, 13.1376, 13.1376, 13.1376, 14.685, 13.1376, 13.1573, 13.1376
3.37933, 6.18413, 15.0714, 13.1964, 2.86079, -8.88727, 0, 13.1964, 13.1964, 13.1964, 13.4121, 13.2022, 13.1965, 13.3388, 13.1964, 13.1964, 13.1964, 13.1964, 13.1964, 13.1964, 13.1964, 13.1964, 13.1964, 13.1964, 13.1964, 14.6831, 13.1964, 13.2207, 13.1964
3.3872, 5.54546, 15.0777, 13.2521, 2.7469, -9.53227, 0, 13.2522, 13.2522, 13.2522, 13.4678, 13.2579, 13.2522, 13.398, 13.2521, 13.2521, 13.2521, 13.2521, 13.2521, 13.2521, 13.2521, 13.2521, 13.2521, 13.2521, 13.2522, 14.6808, 13.2521, 13.2816, 13.2521
3.39507, 4.88495, 15.0844, 13.3054, 2.62392, -10.1994, 0, 13.3054, 13.3055, 13.3054, 13.5211, 13.3112, 13.3055, 13.4554, 13.3054, 13.3054, 13.3054, 13.3054, 13.3054, 13.3054, 13.3054, 13.3054, 13.3054, 13.3054, 13.3054, 14.6776, 13.3054, 13.3406, 13.3054
3.40294, 7.43298, 15.0916, 13.3568, 3.07132, -7.65859, 0, 13.3568, 13.3568, 13.3568, 13.5725, 13.3626, 13.3569, 13.5121, 13.3568, 13.3568, 13.3568, 13.3568, 13.3568, 13.3568, 13.3568, 13.3568, 13.3568, 13.3568, 13.3568, 14.6733, 13.3568, 13.3982, 13.3568
3.41081, 10.4279, 15.1, 13.407, 3.52533, -4.67209, 0, 13.407, 13.4071, 13.407, 13.6227, 13.4128, 13.4071, 13.5693, 13.407, 13.407, 13.407, 13.407, 13.407, 13.407, 13.407, 13.407, 13.407, 13.407, 13.407, 14.6682, 13.407, 13.455, 13.407
3.41868, 4.79715, 15.1109, 13.4569, 2.60713, -10.3138, 0, 13.4569, 13.457, 13.4569, 13.6726, 13.4627, 13.457, 13.629, 13.4569, 13.4569, 13.4569, 13.4569, 13.4569, 13.4569, 13.4569, 13.4569, 13.4569, 13.4569, 13.4569, 14.6625, 13.4569, 13.5117, 13.4569
3.42656, 5.8682, 15.1264, 13.5072, 2.80503, -9.25815, 0, 13.5072, 13.5073, 13.5072, 13.7229, 13.513, 13.5073, 13.6936, 13.5072, 13.5072, 13.5072, 13.5072, 13.5072, 13.5072, 13.5072, 13.5072, 13.5072, 13.5072, 13.5072, 14.6568, 13.5072, 13.5688, 13.5072
3.43443, 6.42548, 15.1492, 13.5587, 2.90267, -8.72367, 0, 13.5587, 13.5588, 13.5587, 13.7744, 13.5645, 13.5588, 13.7662, 13.5587, 13.5587, 13.5587, 13.5587, 13.5587, 13.5587, 13.5587, 13.5587, 13.5587, 13.5587, 13.5587, 14.6517, 13.5587, 13.627, 13.5587
3.4423, 4.12955, 15.1835, 13.6122, 2.47579, -11.0539, 0, 13.6122, 13.6122, 13.6122, 13.8279, 13.618, 13.6123, 13.8514, 13.6122, 13.6122, 13.6122, 13.6122, 13.6122, 13.6122, 13.6122, 13.6122, 13.6122, 13.6122, 13.6122, 14.6481, 13.6122, 13.6867, 13.6122
3.45017, 10.2794, 15.2351, 13.6682, 3.50419, -4.95571, 0, 13.6682, 13.6683, 13.6682, 13.8839, 13.674, 13.6683, 13.9548, 13.6682, 13.6682, 13.6682, 13.6682, 13.6682, 13.6682, 13.6682, 13.6682, 13.6682, 13.6682, 13.6682, 14.6467, 13.6682, 13.7484, 13.6682
3.45804, 7.98776, 15.3119, 13.7274, 3.16034, -7.32418, 0, 13.7274, 13.7275, 13.7274, 13.9431, 13.7332, 13.7275, 14.0846, 13.7274, 13.7274, 13.7274, 13.7274, 13.7274, 13.7274, 13.7274, 13.7274, 13.7274, 13.7274, 13.7274, 14.6481, 13.7274, 13.8124, 13.7274
3.46591, 7.71844, 15.4249, 13.7901, 3.11744, -7.70651, 0, 13.7901, 13.7902, 13.7901, 14.0058, 13.7959, 13.7902, 14.2515, 13.7901, 13.7901, 13.7901, 13.7901, 13.7901, 13.7901, 13.7901, 13.7901, 13.7901, 13.7901, 13.7901, 14.6532, 13.7901, 13.879, 13.7901
3.47378, 4.8368, 15.5886, 13.8567, 2.61473, -10.7518, 0, 13.8567, 13.8568, 13.8567, 14.0724, 13.8625, 13.8568, 14.4699, 13.8567, 13.8567, 13.8567, 13.8567, 13.8567, 13.8567, 13.8567, 13.8567, 13.8567, 13.8567, 13.8567, 14.6624, 13.8567, 13.9481, 13.8567
3.48165, 12.2454, 15.8222, 13.9273, 3.7743, -3.57689, 0, 13.9273, 13.9274, 13.9273, 14.143, 13.9331, 13.9274, 14.7589, 13.9273, 13.9273, 13.9273, 13.9273, 13.9273, 13.9273, 13.9273, 13.9273, 13.9273, 13.9273, 13.9273, 14.6763, 13.9273, 14.02, 13.9273
3.48953, 9.56728, 16.1507, 14.002, 3.40107, -6.58345, 0, 14.002, 14.002, 14.002, 14.2177, 14.0078, 14.0021, 15.1431, 14.002, 14.002, 14.002, 14.002, 14.002, 14.002, 14.002, 14.002, 14.002, 14.002, 14.002, 14.6953, 14.002, 14.0946, 14.002
3.4974, 9.7448, 16.6057, 14.0806, 3.42707, -6.8609, 0, 14.0806, 14.0807, 14.0806, 14.2963, 14.0864, 14.0807, 15.6538, 14.0806, 14.0806, 14.0806, 14.0806, 14.0806, 14.0806, 14.0806, 14.0806, 14.0806, 14.0806, 14.0806, 14.7196, 14.0806, 14.1719, 14.0806
3.50527, 13.2263, 17.2263, 14.163, 3.90209, -4.00002, 0, 14.1631, 14.1631, 14.1631, 14.3787, 14.1688, 14.1632, 16.3298, 14.163, 14.163, 14.163, 14.163, 14.163, 14.163, 14.163, 14.163, 14.163, 14.163, 14.1631, 14.7494, 14.163, 14.2517, 14.163
3.51314, 10.2118, 18.06, 14.2491, 3.49453, -7.84827, 0, 14.2491, 14.2491, 14.2491, 14.4647, 14.2549, 14.2492, 17.218, 14.2491, 14.2491, 14.2491, 14.2491, 14.2491, 14.2491, 14.2491, 14.2491, 14.2491, 14.2491, 14.2491, 14.7846, 14.2491, 14.3339, 14.2491
3.52101, 19.3844, 19.1626, 14.3384, 4.62433, 0.221848, 0, 14.3384, 14.3384, 14.3384, 14.554, 14.3442, 14.3385, 18.3739, 14.3384, 14.3384, 14.3384, 14.3384, 14.3384, 14.3384, 14.3384, 14.3384, 14.3384, 14.3384, 14.3384, 14.8253, 14.3384, 14.4184, 14.3384
3.52888, 20.9963, 20.5975, 14.4306, 4.79544, 0.39883, 0, 14.4306, 14.4307, 14.4306, 14.6463, 14.4364, 14.4308, 19.8606, 14.4306, 14.4306, 14.4306, 14.4306, 14.4306, 14.4306, 14.4306, 14.4306, 14.4306, 14.4306, 14.4306, 14.8714, 14.4306, 14.505, 14.4306
3.53675, 27.9558, 22.4347, 14.5255, 5.47319, 5.52105, 0, 14.5255, 14.5256, 14.5255, 14.7412, 14.5313, 14.5257, 21.7478, 14.5255, 14.5255, 14.5255, 14.5255, 14.5255, 14.5255, 14.5255, 14.5255, 14.5255, 14.5255, 14.5255, 14.9227, 14.5255, 14.5937, 14.5255
3.54463, 22.7736, 24.7482, 14.6227, 4.97731, -1.97463, 0, 14.6227, 14.6228, 14.6227, 14.8384, 14.6285, 14.6228, 24.1088, 14.6227, 14.6227, 14.6227, 14.6227, 14.6227, 14.6227, 14.6227, 14.6227, 14.6227, 14.6227, 14.6227, 14.9789, 14.6227, 14.6843, 14.6227
3.5525, 24.9553, 27.6125, 14.7219, 5.19185, -2.65717, 0, 14.7219, 14.7219, 14.7219, 14.9375, 14.7276, 14.722, 27.018, 14.7219, 14.7219, 14.7219, 14.7219, 14.7219, 14.7219, 14.7219, 14.7219, 14.7219, 14.7219, 14.7219, 15.0398, 14.7219, 14.7767, 14.7219
3.56037, 41.5359, 31.0974, 14.8227, 6.59817, 10.4385, 0, 14.8227, 14.8227, 14.8227, 15.0384, 14.8285, 14.8228, 30.545, 14.8227, 14.8227, 14.8227, 14.8227, 14.8227, 14.8227, 14.8227, 14.8227, 14.8227, 14.8227, 14.8227, 15.1052, 14.8227, 14.8708, 14.8227
3.56824, 41.0842, 35.2625, 14.9249, 6.56386, 5.82175, 0, 14.9249, 14.925, 14.9249, 15.1406, 14.9307, 14.9251, 34.7492, 14.9249, 14.9249, 14.9249, 14.9249, 14.9249, 14.9249, 14.9249, 14.9249, 14.9249, 14.9249, 14.9249, 15.1748, 14.9249, 14.9666, 14.9249
3.57611, 54.5408, 40.1501, 15.0283, 7.51936, 14.3907, 0, 15.0283, 15.0284, 15.0283, 15.244, 15.0341, 15.0285, 39.6729, 15.0283, 15.0283, 15.0283, 15.0283, 15.0283, 15.0283, 15.0283, 15.0283, 15.0283, 15.0283, 15.0283, 15.2484, 15.0283, 15.0639, 15.0283
3.58398, 63.4489, 45.779, 15.1327, 8.09005, 17.6699, 0, 15.1327, 15.1328, 15.1327, 15.3484, 15.1385, 15.1329, 45.3346, 15.1327, 15.1327, 15.1327, 15.1327, 15.1327, 15.1327, 15.1327, 15.1327, 15.1327, 15.1327, 15.1327, 15.3255, 15.1327, 15.1626, 15.1327
3.59185, 40.4942, 52.1361, 15.238, 6.51876, -11.6419, 0, 15.238, 15.238, 15.238, 15.4536, 15.2437, 15.2381, 51.7215, 15.238, 15.238, 15.238, 15.238, 15.238, 15.238, 15.238, 15.238, 15.238, 15.238, 15.238, 15.4061, 15.238, 15.2628, 15.238
3.59972, 73.7338, 59.1717, 15.3439, 8.70252, 14.5621, 0, 15.3439, 15.3439, 15.3439, 15.5595, 15.3497, 15.344, 58.7837, 15.3439, 15.3439, 15.3439, 15.3439, 15.3439, 15.3439, 15.3439, 15.3439, 15.3439, 15.3439, 15.3439, 15.4899, 15.3439, 15.3641, 15.3439
3.6076, 79.2061, 66.7939, 15.4503, 9.01144, 12.4122, 0, 15.4503, 15.4504, 15.4503, 15.666, 15.4561, 15.4505, 66.4296, 15.4503, 15.4503, 15.4503, 15.4503, 15.4503, 15.4503, 15.4503, 15.4503, 15.4503, 15.4503, 15.4503, 15.5765, 15.4503, 15.4667, 15.4503
3.61547, 106.103, 74.8684, 15.5573, 10.3973, 31.2348, 0, 15.5573, 15.5574, 15.5573, 15.773, 15.5631, 15.5575, 74.5251, 15.5573, 15.5573, 15.5573, 15.5573, 15.5573, 15.5573, 15.5573, 15.5573, 15.5573, 15.5573, 15.5573, 15.6659, 15.5573, 15.5703, 15.5573
3.62334, 106.358, 83.2176, 15.6647, 10.4095, 23.1405, 0, 15.6647, 15.6648, 15.6647, 15.8804, 15.6705, 15.6649, 82.8927, 15.6647, 15.6647, 15.6647, 15.6647, 15.6647, 15.6647, 15.6647, 15.6647, 15.6647, 15.6647, 15.6647, 15.7577, 15.6647, 15.6749, 15.6647
3.63121, 125.733, 91.6261, 15.7725, 11.3019, 34.107, 0, 15.7725, 15.7726, 15.7725, 15.9882, 15.7783, 15.7727, 91.3173, 15.7725, 15.7725, 15.7725, 15.7725, 15.7725, 15.7725, 15.7725, 15.7725, 15.7725, 15.7725, 15.7725, 15.8518, 15.7725, 15.7804, 15.7725
3.63908, 121.527, 99.8484, 15.8807, 11.1143, 21.6791, 0, 15.8807, 15.8807, 15.8807, 16.0964, 15.8865, 15.8809, 99.5535, 15.8807, 15.8807, 15.8807, 15.8807, 15.8807, 15.8807, 15.8807, 15.8807, 15.8807, 15.8807, 15.8807, 15.9479, 15.8807, 15.8867, 15.8807
3.64695, 117.188, 107.621, 15.9892, 10.9173, 9.56698, 0, 15.9892, 15.9892, 15.9892, 16.2049, 15.995, 15.9894, 107.338, 15.9892, 15.9892, 15.9892, 15.9892, 15.9892, 15.9892, 15.9892, 15.9892, 15.9892, 15.9892, 15.9892, 16.046, 15.9892, 15.9937, 15.9892
3.65482, 136.089, 114.674, 16.098, 11.7511, 21.4147, 0, 16.098, 16.098, 16.098, 16.3137, 16.1038, 16.0982, 114.401, 16.098, 16.098, 16.098, 16.098, 16.098, 16.098, 16.098, 16.098, 16.098, 16.098, 16.098, 16.1457, 16.098, 16.1014, 16.098
3.66269, 156.879, 120.75, 16.2071, 12.6047, 36.1285, 0, 16.2071, 16.2072, 16.2071, 16.4228, 16.2129, 16.2073, 120.486, 16.2071, 16.2071, 16.2071, 16.2071, 16.2071, 16.2071, 16.2071, 16.2071, 16.2071, 16.2071, 16.2071, 16.2471, 16.2071, 16.2096, 16.2071
3.67057, 162.571, 125.616, 16.3165, 12.8285, 36.9547, 0, 16.3165, 16.3166, 16.3165, 16.5322, 16.3223, 16.3168, 125.36, 16.3165, 16.3165, 16.3165, 16.3165, 16.3165, 16.3165, 16.3165, 16.3165, 16.3165, 16.3165, 16.3165, 16.3498, 16.3165, 16.3183, 16.3165
3.67844, 155.279, 129.083, 16.4263, 12.5411, 26.1969, 0, 16.4263, 16.4263, 16.4263, 16.6419, 16.4321, 16.4265, 128.832, 16.4263, 16.4263, 16.4263, 16.4263, 16.4263, 16.4263, 16.4263, 16.4263, 16.4263, 16.4263, 16.4263, 16.4538, 16.4263, 16.4275, 16.4263
3.68631, 174.074, 131.012, 16.5363, 13.2693, 43.0619, 0, 16.5363, 16.5363, 16.5363, 16.752, 16.5421, 16.5365, 130.767, 16.5363, 16.5363, 16.5363, 16.5363, 16.5363, 16.5363, 16.5363, 16.5363, 16.5363, 16.5363, 16.5363, 16.5591, 16.5363, 16.5372, 16.5363
3.69418, 154.734, 131.332, 16.6466, 12.5193, 23.402, 0, 16.6466, 16.6467, 16.6466, 16.8623, 16.6524, 16.6469, 131.091, 16.6466, 16.6466, 16.6466, 16.6466, 16.6466, 16.6466, 16.6466, 16.6466, 16.6466, 16.6466, 16.6466, 16.6653, 16.6466, 16.6472, 16.6466
3.70205, 146.08, 130.037, 16.7573, 12.1688, 16.0432, 0, 16.7573, 16.7573, 16.7573, 16.9729, 16.7631, 16.7575, 129.799, 16.7573, 16.7573, 16.7573, 16.7573, 16.7573, 16.7573, 16.7573, 16.7573, 16.7573, 16.7573, 16.7573, 16.7726, 16.7573, 16.7577, 16.7573
3.70992, 135.987, 127.189, 16.8682, 11.7468, 8.79812, 0, 16.8682, 16.8683, 16.8682, 17.0839, 16.874, 16.8685, 126.955, 16.8682, 16.8682, 16.8682, 16.8682, 16.8682, 16.8682, 16.8682, 16.8682, 16.8682, 16.8682, 16.8682, 16.8807, 16.8682, 16.8685, 16.8682
3.71779, 138.566, 122.916, 16.9795, 11.856, 15.6496, 0, 16.9795, 16.9795, 16.9795, 17.1951, 16.9853, 16.9797, 122.684, 16.9795, 16.9795, 16.9795, 16.9795, 16.9795, 16.9795, 16.9795, 16.9795, 16.9795, 16.9795, 16.9795, 16.9896, 16.9795, 16.9797, 16.9795
3.72566, 114.663, 117.398, 17.0911, 10.8011, -2.73528, 0, 17.0911, 17.0911, 17.0911, 17.3067, 17.0968, 17.0913, 117.168, 17.0911, 17.0911, 17.0911, 17.0911, 17.0911, 17.0911, 17.0911, 17.0911, 17.0911, 17.0911, 17.0911, 17.0992, 17.0911, 17.0912, 17.0911
3.73354, 116.488, 110.859, 17.2029, 10.8852, 5.62947, 0, 17.2029, 17.203, 17.2029, 17.4186, 17.2087, 17.2032, 110.63, 17.2029, 17.2029, 17.2029, 17.2029, 17.2029, 17.2029, 17.2029, 17.2029, 17.2029, 17.2029, 17.2029, 17.2095, 17.2029, 17.203, 17.2029
3.74141, 127.817, 103.548, 17.3152, 11.3937, 24.269, 0, 17.3152, 17.3152, 17.3152, 17.5308, 17.321, 17.3154, 103.321, 17.3152, 17.3152, 17.3152, 17.3152, 17.3152, 17.3152, 17.3152, 17.3152, 17.3152, 17.3152, 17.3152, 17.3204, 17.3152, 17.3152, 17.3152
3.74928, 93.8674, 95.73, 17.4277, 9.79119, -1.86263, 0, 17.4277, 17.4278, 17.4277, 17.6434, 17.4335, 17.428, 95.504, 17.4277, 17.4277, 17.4277, 17.4277, 17.4277, 17.4277, 17.4277, 17.4277, 17.4277, 17.4277, 17.4277, 17.4319, 17.4277, 17.4277, 17.4277
3.75715, 87.2349, 87.664, 17.5406, 9.44642, -0.4291, 0, 17.5406, 17.5406, 17.5406, 17.7563, 17.5464, 17.5409, 87.4389, 17.5406, 17.5406, 17.5406, 17.5406, 17.5406, 17.5406, 17.5406, 17.5406, 17.5406, 17.5406, 17.5406, 17.5439, 17.5406, 17.5406, 17.5406
3.76502, 76.5674, 79.5944, 17.6538, 8.86382, -3.02704, 0, 17.6538, 17.6538, 17.6538, 17.8695, 17.6596, 17.6541, 79.3699, 17.6538, 17.6538, 17.6538, 17.6538, 17.6538, 17.6538, 17.6538, 17.6538, 17.6538, 17.6538, 17.6538, 17.6564, 17.6538, 17.6538, 17.6538
3.77289, 66.5842, 71.7374, 17.7673, 8.28156, -5.15317, 0, 17.7673, 17.7674, 17.7673, 17.983, 17.7731, 17.7676, 71.5135, 17.7673, 17.7673, 17.7673, 17.7673, 17.7673, 17.7673, 17.7673, 17.7673, 17.7673, 17.7673, 17.7673, 17.7694, 17.7673, 17.7673, 17.7673
3.78076, 61.9321, 64.2748, 17.8812, 7.99575, -2.34277, 0, 17.8812, 17.8813, 17.8812, 18.0969, 17.887, 17.8815, 64.0514, 17.8812, 17.8812, 17.8812, 17.8812, 17.8812, 17.8812, 17.8812, 17.8812, 17.8812, 17.8812, 17.8812, 17.8828, 17.8812, 17.8812, 17.8812
3.78863, 67.9168, 57.349, 17.9954, 8.36163, 10.5678, 0, 17.9954, 17.9955, 17.9954, 18.2111, 18.0012, 17.9958, 57.1259, 17.9954, 17.9954, 17.9954, 17.9954, 17.9954, 17.9954, 17.9954, 17.9954, 17.9954, 17.9954, 17.9954, 17.9967, 17.9954, 17.9954, 17.9954
3.79651, 42.7662, 51.0613, 18.11, 6.69076, -8.29507, 0, 18.11, 18.11, 18.11, 18.3257, 18.1158, 18.1103, 50.8384, 18.11, 18.11, 18.11, 18.11, 18.11, 18.11, 18.11, 18.11, 18.11, 18.11, 18.11, 18.111, 18.11, 18.11, 18.11
3.80438, 34.3183, 45.4734, 18.2249, 6.02647, -11.1551, 0, 18.2249, 18.2249, 18.2249, 18.4406, 18.2307, 18.2252, 45.2508, 18.2249, 18.2249, 18.2249, 18.2249, 18.2249, 18.2249, 18.2249, 18.2249, 18.2249, 18.2249, 18.2249, 18.2256, 18.2249, 18.2249, 18.2249
3.81225, 28.6437, 40.6125, 18.3401, 5.53568, -11.9687, 0, 18.3401, 18.3402, 18.3401, 18.5558, 18.346, 18.3405, 40.39, 18.3401, 18.3401, 18.3401, 18.3401, 18.3401, 18.3401, 18.3401, 18.3401, 18.3401, 18.3401, 18.3401, 18.3407, 18.3401, 18.3401, 18.3401
3.82012, 26.0198, 36.4754, 18.4557, 5.29337, -10.4556, 0, 18.4557, 18.4557, 18.4557, 18.6713, 18.4615, 18.456, 36.253, 18.4557, 18.4557, 18.4557, 18.4557, 18.4557, 18.4557, 18.4557, 18.4557, 18.4557, 18.4557, 18.4557, 18.4561, 18.4557, 18.4557, 18.4557
3.82799, 29.9714, 33.0358, 18.5715, 5.65432, -3.06446, 0, 18.5715, 18.5716, 18.5715, 18.7872, 18.5774, 18.5719, 32.8135, 18.5715, 18.5715, 18.5715, 18.5715, 18.5715, 18.5715, 18.5715, 18.5715, 18.5715, 18.5715, 18.5715, 18.5718, 18.5715, 18.5715, 18.5715
3.83586, 20.661, 30.2504, 18.6876, 4.76036, -9.5894, 0, 18.6876, 18.6877, 18.6876, 18.9033, 18.6935, 18.688, 30.0281, 18.6876, 18.6876, 18.6876, 18.6876, 18.6876, 18.6876, 18.6876, 18.6876, 18.6876, 18.6876, 18.6876, 18.6879, 18.6876, 18.6876, 18.6876
3.84373, 13.4362, 28.0654, 18.804, 3.92889, -14.6292, 0, 18.804, 18.8041, 18.804, 19.0197, 18.81, 18.8044, 27.8431, 18.804, 18.804, 18.804, 18.804, 18.804, 18.804, 18.804, 18.804, 18.804, 18.804, 18.804, 18.8042, 18.804, 18.804, 18.804
3.8516, 11.9006, 26.4221, 18.9206, 3.72835, -14.5215, 0, 18.9206, 18.9206, 18.9206, 19.1363, 18.9266, 18.921, 26.1998, 18.9206, 18.9206, 18.9206, 18.9206, 18.9206, 18.9206, 18.9206, 18.9206, 18.9206, 18.9206, 18.9206, 18.9207, 18.9206, 18.9206, 18.9206
3.85948, 11.0702, 25.2611, 19.0373, 3.61527, -14.1909, 0, 19.0373, 19.0373, 19.0373, 19.253, 19.0435, 19.0377, 25.0387, 19.0373, 19.0373, 19.0373, 19.0373, 19.0373, 19.0373, 19.0373, 19.0373, 19.0373, 19.0373, 19.0373, 19.0374, 19.0373, 19.0373, 19.0373
3.86735, 18.6854, 24.5257, 19.1541, 4.54812, -5.84031, 0, 19.1541, 19.1541, 19.1541, 19.3698, 19.1604, 19.1545, 24.3032, 19.1541, 19.1541, 19.1541, 19.1541, 19.1541, 19.1541, 19.1541, 19.1541, 19.1541, 19.1541, 19.1541, 19.1542, 19.1541, 19.1541, 19.1541
3.87522, 10.5835, 24.1639, 19.2708, 3.54732, -13.5804, 0, 19.2708, 19.2709, 19.2708, 19.4865, 19.2773, 19.2712, 23.9412, 19.2708, 19.2708, 19.2708, 19.2708, 19.2708, 19.2708, 19.2708, 19.2708, 19.2708, 19.2708, 19.2708, 19.2709, 19.2708, 19.2708, 19.2708
3.88309, 15.9833, 24.1291, 19.3874, 4.24067, -8.14579, 0, 19.3874, 19.3875, 19.3874, 19.6031, 19.3942, 19.3878, 23.9061, 19.3874, 19.3874, 19.3874, 19.3874, 19.3874, 19.3874, 19.3874, 19.3874, 19.3874, 19.3874, 19.3874, 19.3875, 19.3874, 19.3874, 19.3874
3.89096, 10.6901, 24.3803, 19.5037, 3.56232, -13.6902, 0, 19.5037, 19.5038, 19.5037, 19.7194, 19.5109, 19.5042, 24.157, 19.5037, 19.5037, 19.5037, 19.5037, 19.5037, 19.5037, 19.5037, 19.5037, 19.5037, 19.5037, 19.5037, 19.5038, 19.5037, 19.5037, 19.5037
3.89883, 11.9852, 24.8813, 19.6196, 3.73968, -12.8961, 0, 19.6196, 19.6196, 19.6196, 19.8352, 19.6273, 19.62, 24.6574, 19.6196, 19.6196, 19.6196, 19.6196, 19.6196, 19.6196, 19.6196, 19.6196, 19.6196, 19.6196, 19.6196, 19.6196, 19.6196, 19.6196, 19.6196
3.9067, 10.1388, 25.599, 19.7348, 3.48408, -15.4602, 0, 19.7348, 19.7348, 19.7348, 19.9504, 19.7431, 19.7352, 25.3745, 19.7348, 19.7348, 19.7348, 19.7348, 19.7348, 19.7348, 19.7348, 19.7348, 19.7348, 19.7348, 19.7348, 19.7348, 19.7348, 19.7348, 19.7348
3.91458, 12.8325, 26.5023, 19.8491, 3.8513, -13.6697, 0, 19.8491, 19.8491, 19.8491, 20.0648, 19.8584, 19.8495, 26.2768, 19.8491, 19.8491, 19.8491, 19.8491, 19.8491, 19.8491, 19.8491, 19.8491, 19.8491, 19.8491, 19.8491, 19.8491, 19.8491, 19.8491, 19.8491
3.92245, 19.4021, 27.56, 19.9623, 4.62624, -8.15794, 0, 19.9624, 19.9624, 19.9624, 20.178, 19.9728, 19.9628, 27.3334, 19.9623, 19.9623, 19.9623, 19.9623, 19.9623, 19.9623, 19.9623, 19.9623, 19.9623, 19.9623, 19.9624, 19.9624, 19.9623, 19.9623, 19.9623
3.93032, 18.1309, 28.7402, 20.0743, 4.48675, -10.6093, 0, 20.0743, 20.0743, 20.0743, 20.29, 20.0863, 20.0748, 28.512, 20.0743, 20.0743, 20.0743, 20.0743, 20.0743, 20.0743, 20.0743, 20.0743, 20.0743, 20.0743, 20.0743, 20.0743, 20.0743, 20.0743, 20.0743
3.93819, 16.0949, 30.0085, 20.1847, 4.25381, -13.9136, 0, 20.1847, 20.1847, 20.1847, 20.4004, 20.1987, 20.1852, 29.7783, 20.1847, 20.1847, 20.1847, 20.1847, 20.1847, 20.1847, 20.1847, 20.1847, 20.1847, 20.1847, 20.1847, 20.1847, 20.1847, 20.1847, 20.1847
3.94606, 16.8665, 31.328, 20.2933, 4.34356, -14.4615, 0, 20.2933, 20.2934, 20.2933, 20.509, 20.31, 20.2938, 31.0952, 20.2933, 20.2933, 20.2933, 20.2933, 20.2933, 20.2933, 20.2933, 20.2933, 20.2933, 20.2933, 20.2933, 20.2933, 20.2933, 20.2933, 20.2933
3.95393, 21.8017, 32.6592, 20.4, 4.8787, -10.8574, 0, 20.4, 20.4, 20.4, 20.6156, 20.42, 20.4005, 32.423, 20.4, 20.4, 20.4, 20.4, 20.4, 20.4, 20.4, 20.4, 20.4, 20.4, 20.4, 20.4, 20.4, 20.4, 20.4
3.9618, 23.7874, 33.9608, 20.5044, 5.07813, -10.1734, 0, 20.5044, 20.5045, 20.5044, 20.7201, 20.5287, 20.5049, 33.7202, 20.5044, 20.5044, 20.5044, 20.5044, 20.5044, 20.5044, 20.5044, 20.5044, 20.5044, 20.5044, 20.5044, 20.5044, 20.5044, 20.5044, 20.5044
3.96967, 20.6222, 35.1907, 20.6067, 4.75628, -14.5686, 0, 20.6067, 20.6067, 20.6067, 20.8223, 20.6364, 20.6072, 34.9448, 20.6067, 20.6067, 20.6067, 20.6067, 20.6067, 20.6067, 20.6067, 20.6067, 20.6067, 20.6067, 20.6067, 20.6067, 20.6067, 20.6067, 20.6067
3.97755, 23.044, 36.3081, 20.7065, 5.0044, -13.2641, 0, 20.7065, 20.7065, 20.7065, 20.9222, 20.743, 20.707, 36.0553, 20.7065, 20.7065, 20.7065, 20.7065, 20.7065, 20.7065, 20.7065, 20.7065, 20.7065, 20.7065, 20.7065, 20.7065, 20.7065, 20.7065, 20.7065
3.98542, 22.648, 37.2747, 20.804, 4.96467, -14.6268, 0, 20.804, 20.804, 20.804, 21.0196, 20.8489, 20.8045, 37.0135, 20.804, 20.804, 20.804, 20.804, 20.804, 20.804, 20.804, 20.804, 20.804, 20.804, 20.804, 20.804, 20.804, 20.804, 20.804
3.99329, 21.0748, 38.0574, 20.8991, 4.80363, -16.9826, 0, 20.8991, 20.8992, 20.8991, 21.1148, 20.9545, 20.8997, 37.7858, 20.8991, 20.8991, 20.8991, 20.8991, 20.8991, 20.8991, 20.8991, 20.8991, 20.8991, 20.8991, 20.8991, 20.8991, 20.8991, 20.8991, 20.8991
4.00116, 27.8869, 38.6297, 20.9921, 5.46689, -10.7428, 0, 20.9921, 20.9921, 20.9921, 21.2078, 21.0601, 20.9926, 38.3454, 20.9921, 20.9921, 20.9921, 20.9921, 20.9921, 20.9921, 20.9921, 20.9921, 20.9921, 20.9921, 20.9921, 20.9921, 20.9921, 20.9921, 20.9921
4.00903, 20.5221, 38.9733, 21.0831, 4.74574, -18.4512, 0, 21.0831, 21.0831, 21.0831, 21.2987, 21.1663, 21.0836, 38.6737, 21.0831, 21.0831, 21.0831, 21.0831, 21.0831, 21.0831, 21.0831, 21.0831, 21.0831, 21.0831, 21.0831, 21.0831, 21.0831, 21.0831, 21.0831
4.0169, 26.7474, 39.0794, 21.1723, 5.36166, -12.332, 0, 21.1723, 21.1724, 21.1723, 21.388, 21.2737, 21.1729, 38.7616, 21.1723, 21.1723, 21.1723, 21.1723, 21.1723, 21.1723, 21.1723, 21.1723, 21.1723, 21.1723, 21.1723, 21.1723, 21.1723, 21.1723, 21.1723
4.02477, 34.1767, 38.9489, 21.2602, 6.01471, -4.77226, 0, 21.2602, 21.2602, 21.2602, 21.4759, 21.3829, 21.2608, 38.6099, 21.2602, 21.2602, 21.2602, 21.2602, 21.2602, 21.2602, 21.2602, 21.2602, 21.2602, 21.2602, 21.2602, 21.2602, 21.2602, 21.2602, 21.2602
4.03264, 17.2244, 38.5928, 21.3471, 4.38456, -21.3684, 0, 21.3471, 21.3471, 21.3471, 21.5627, 21.4944, 21.3477, 38.2292, 21.3471, 21.3471, 21.3471, 21.3471, 21.3471, 21.3471, 21.3471, 21.3471, 21.3471, 21.3471, 21.3471, 21.3471, 21.3471, 21.3471, 21.3471
4.04052, 23.9634, 38.0305, 21.4333, 5.09543, -14.0671, 0, 21.4333, 21.4334, 21.4333, 21.649, 21.6087, 21.4339, 37.6388, 21.4333, 21.4333, 21.4333, 21.4333, 21.4333, 21.4333, 21.4333, 21.4333, 21.4333, 21.4333, 21.4333, 21.4333, 21.4333, 21.4333, 21.4333
4.04839, 31.2504, 37.2892, 21.5194, 5.76632, -6.03876, 0, 21.5194, 21.5195, 21.5194, 21.7351, 21.7263, 21.52, 36.8659, 21.5194, 21.5194, 21.5194, 21.5194, 21.5194, 21.5194, 21.5194, 21.5194, 21.5194, 21.5194, 21.5194, 21.5194, 21.5194, 21.5194, 21.5194
4.05626, 25.9505, 36.4019, 21.6057, 5.28682, -10.4514, 0, 21.6057, 21.6058, 21.6057, 21.8214, 21.8475, 21.6063, 35.9438, 21.6057, 21.6057, 21.6057, 21.6057, 21.6057, 21.6057, 21.6057, 21.6057, 21.6057, 21.6057, 21.6057, 21.6057, 21.6057, 21.6057, 21.6057
4.06413, 24.4504, 35.405, 21.6927, 5.14299, -10.9546, 0, 21.6927, 21.6927, 21.6927, 21.9084, 21.9722, 21.6933, 34.9091, 21.6927, 21.6927, 21.6927, 21.6927, 21.6927, 21.6927, 21.6927, 21.6927, 21.6927, 21.6927, 21.6927, 21.6927, 21.6927, 21.6927, 21.6927
4.072, 23.9666, 34.3365, 21.7806, 5.09574, -10.3699, 0, 21.7806, 21.7807, 21.7806, 21.9963, 22.1004, 21.7813, 33.8004, 21.7806, 21.7806, 21.7806, 21.7806, 21.7806, 21.7806, 21.7806, 21.7806, 21.7806, 21.7806, 21.7806, 21.7806, 21.7806, 21.7806, 21.7806
4.07987, 24.7313, 33.2337, 21.8699, 5.17023, -8.50243, 0, 21.8699, 21.87, 21.8699, 22.0856, 22.2316, 21.8706, 32.6557, 21.8699, 21.8699, 21.8699, 21.8699, 21.8699, 21.8699, 21.8699, 21.8699, 21.8699, 21.8699, 21.8699, 21.8699, 21.8699, 21.8699, 21.8699
4.08774, 18.0372, 32.1315, 21.9608, 4.4763, -14.0942, 0, 21.9608, 21.9608, 21.9608, 22.1765, 22.3653, 21.9614, 31.5105, 21.9608, 21.9608, 21.9608, 21.9608, 21.9608, 21.9608, 21.9608, 21.9608, 21.9608, 21.9608, 21.9608, 21.9608, 21.9608, 21.9608, 21.9608
4.09561, 26.9, 31.0604, 22.0534, 5.37587, -4.16034, 0, 22.0534, 22.0535, 22.0534, 22.2691, 22.5006, 22.0541, 30.3968, 22.0534, 22.0534, 22.0534, 22.0534, 22.0534, 22.0534, 22.0534, 22.0534, 22.0534, 22.0534, 22.0534, 22.0534, 22.0534, 22.0535, 22.0534
4.10349, 20.2848, 30.0459, 22.148, 4.72067, -9.76116, 0, 22.148, 22.1481, 22.148, 22.3637, 22.6366, 22.1487, 29.3409, 22.148, 22.148, 22.148, 22.148, 22.148, 22.148, 22.148, 22.148, 22.148, 22.148, 22.148, 22.148, 22.148, 22.148, 22.148
4.11136, 20.0736, 29.1077, 22.2446, 4.69826, -9.03403, 0, 22.2446, 22.2447, 22.2446, 22.4603, 22.772, 22.2453, 28.3639, 22.2446, 22.2446, 22.2446, 22.2446, 22.2446, 22.2446, 22.2446, 22.2446, 22.2446, 22.2446, 22.2446, 22.2446, 22.2446, 22.2446, 22.2446
4.11923, 16.886, 28.2595, 22.3432, 4.34581, -11.3735, 0, 22.3432, 22.3433, 22.3432, 22.5589, 22.9056, 22.3439, 27.4806, 22.3432, 22.3432, 22.3432, 22.3432, 22.3432, 22.3432, 22.3432, 22.3432, 22.3432, 22.3432, 22.3432, 22.3432, 22.3432, 22.3432, 22.3432
4.1271, 24.7477, 27.5092, 22.4438, 5.17182, -2.76149, 0, 22.4438, 22.4439, 22.4438, 22.6595, 23.0363, 22.4445, 26.7002, 22.4438, 22.4438, 22.4438, 22.4438, 22.4438, 22.4438, 22.4438, 22.4438, 22.4438, 22.4438, 22.4438, 22.4438, 22.4438, 22.4439, 22.4438
4.13497, 21.9419, 26.8598, 22.5463, 4.89305, -4.9178, 0, 22.5463, 22.5464, 22.5463, 22.762, 23.1629, 22.547, 26.0267, 22.5463, 22.5463, 22.5463, 22.5463, 22.5463, 22.5463, 22.5463, 22.5463, 22.5463, 22.5463, 22.5463, 22.5463, 22.5463, 22.5464, 22.5463
4.14284, 23.7981, 26.3095, 22.6506, 5.07919, -2.51139, 0, 22.6506, 22.6507, 22.6506, 22.8663, 23.2843, 22.6514, 25.4593, 22.6506, 22.6506, 22.6506, 22.6506, 22.6506, 22.6506, 22.6506, 22.6506, 22.6506, 22.6506, 22.6506, 22.6506, 22.6506, 22.6507, 22.6506
4.15071, 17.6217, 25.8535, 22.7566, 4.42964, -8.23185, 0, 22.7566, 22.7567, 22.7566, 22.9723, 23.3999, 22.7574, 24.9936, 22.7566, 22.7566, 22.7566, 22.7566, 22.7566, 22.7566, 22.7566, 22.7566, 22.7566, 22.7566, 22.7566, 22.7566, 22.7566, 22.7568, 22.7566
4.15858, 19.5507, 25.4844, 22.8642, 4.64227, -5.9337, 0, 22.8642, 22.8642, 22.8642, 23.0798, 23.509, 22.8649, 24.6228, 22.8642, 22.8642, 22.8642, 22.8642, 22.8642, 22.8642, 22.8642, 22.8642, 22.8642, 22.8642, 22.8642, 22.8642, 22.8642, 22.8644, 22.8642
4.16646, 20.648, 25.193, 22.9731, 4.75899, -4.54505, 0, 22.9731, 22.9731, 22.9731, 23.1887, 23.6116, 22.9738, 24.3376, 22.9731, 22.9731, 22.9731, 22.9731, 22.9731, 22.9731, 22.9731, 22.9731, 22.9731, 22.9731, 22.9731, 22.9731, 22.9731, 22.9734, 22.9731
4.17433, 25.1341, 24.9698, 23.0832, 5.20904, 0.164351, 0, 23.0832, 23.0833, 23.0832, 23.2989, 23.7076, 23.084, 24.1284, 23.0832, 23.0832, 23.0832, 23.0832, 23.0832, 23.0832, 23.0832, 23.0832, 23.0832, 23.0832, 23.0832, 23.0832, 23.0832, 23.0838, 23.0832
4.1822, 19.3379, 24.8048, 23.1945, 4.61929, -5.46698, 0, 23.1945, 23.1945, 23.1945, 23.4101, 23.7974, 23.1952, 23.9846, 23.1945, 23.1945, 23.1945, 23.1945, 23.1945, 23.1945, 23.1945, 23.1945, 23.1945, 23.1945, 23.1945, 23.1945, 23.1945, 23.1952, 23.1945
4.19007, 17.9949, 24.689, 23.3067, 4.47157, -6.69409, 0, 23.3067, 23.3067, 23.3067, 23.5224, 23.8817, 23.3075, 23.8964, 23.3067, 23.3067, 23.3067, 23.3067, 23.3067, 23.3067, 23.3067, 23.3067, 23.3067, 23.3067, 23.3067, 23.3067, 23.3067, 23.3077, 23.3067
4.19794, 24.971, 24.6139, 23.4198, 5.19336, 0.357153, 0, 23.4198, 23.4198, 23.4198, 23.6354, 23.9614, 23.4206, 23.8542, 23.4198, 23.4198, 23.4198, 23.4198, 23.4198, 23.4198, 23.4198, 23.4198, 23.4198, 23.4198, 23.4198, 23.4198, 23.4198, 23.4212, 23.4198
4.20581, 22.7672, 24.572, 23.5335, 4.97666, -1.8048, 0, 23.5336, 23.5336, 23.5336, 23.7492, 24.0374, 23.5344, 23.8495, 23.5335, 23.5335, 23.5335, 23.5335, 23.5335, 23.5335, 23.5335, 23.5335, 23.5335, 23.5335, 23.5336, 23.5335, 23.5335, 23.5355, 23.5335
4.21368, 22.9662, 24.5571, 23.648, 4.99662, -1.59096, 0, 23.648, 23.6481, 23.648, 23.8637, 24.111, 23.6489, 23.8749, 23.648, 23.648, 23.648, 23.648, 23.648, 23.648, 23.648, 23.648, 23.648, 23.648, 23.648, 23.648, 23.648, 23.6506, 23.648
4.22155, 17.5833, 24.5642, 23.7631, 4.4253, -6.98099, 0, 23.7631, 23.7631, 23.7631, 23.9788, 24.1833, 23.764, 23.9239, 23.7631, 23.7631, 23.7631, 23.7631, 23.7631, 23.7631, 23.7631, 23.7631, 23.7631, 23.7631, 23.7631, 23.7631, 23.7631, 23.7665, 23.7631
4.22943, 25.7278, 24.5892, 23.8786, 5.26572, 1.13859, 0, 23.8786, 23.8787, 23.8786, 24.0943, 24.2554, 23.8797, 23.9912, 23.8786, 23.8786, 23.8786, 23.8786, 23.8786, 23.8786, 23.8786, 23.8786, 23.8786, 23.8786, 23.8786, 23.8786, 23.8786, 23.883, 23.8786
4.2373, 24.4006, 24.6288, 23.9947, 5.13815, -0.228249, 0, 23.9947, 23.9947, 23.9947, 24.2104, 24.3284, 23.9959, 24.0725, 23.9947, 23.9947, 23.9947, 23.9947, 23.9947, 23.9947, 23.9947, 23.9947, 23.9947, 23.9947, 23.9947, 23.9947, 23.9947, 24.0003, 23.9947
4.24517, 19.0464, 24.6806, 24.1112, 4.58764, -5.6342, 0, 24.1112, 24.1112, 24.1112, 24.3269, 24.4032, 24.1126, 24.1642, 24.1112, 24.1112, 24.1112, 24.1112, 24.1112, 24.1112, 24.1112, 24.1112, 24.1112, 24.1112, 24.1112, 24.1112, 24.1112, 24.1183, 24.1112
4.25304, 16.0737, 24.7429, 24.228, 4.25132, -8.66918, 0, 24.228, 24.2281, 24.228, 24.4438, 24.4806, 24.2298, 24.2638, 24.228, 24.228, 24.228, 24.228, 24.228, 24.228, 24.228, 24.228, 24.228, 24.228, 24.228, 24.228, 24.228, 24.2369, 24.228
4.26091, 22.0669, 24.8141, 24.3453, 4.9058, -2.74722, 0, 24.3453, 24.3453, 24.3453, 24.5611, 24.5612, 24.3476, 24.3691, 24.3453, 24.3453, 24.3453, 24.3453, 24.3453, 24.3453, 24.3453, 24.3453, 24.3453, 24.3453, 24.3453, 24.3453, 24.3453, 24.3563, 24.3453
4.26878, 18.1561, 24.8934, 24.4629, 4.48956, -6.73725, 0, 24.4629, 24.463, 24.4629, 24.6788, 24.6454, 24.466, 24.4785, 24.4629, 24.4629, 24.4629, 24.4629, 24.4629, 24.4629, 24.4629, 24.4629, 24.4629, 24.4629, 24.4629, 24.4629, 24.4629, 24.4763, 24.4629
4.27665, 17.9266, 24.9798, 24.5809, 4.46392, -7.05324, 0, 24.5809, 24.5809, 24.5809, 24.7968, 24.7334, 24.585, 24.591, 24.5809, 24.5809, 24.5809, 24.5809, 24.5809, 24.5809, 24.5809, 24.5809, 24.5809, 24.5809, 24.5809, 24.5809, 24.5809, 24.597, 24.5809
4.28452, 19.0245, 25.0729, 24.6992, 4.58524, -6.04845, 0, 24.6992, 24.6992, 24.6992, 24.9153, 24.8253, 24.7049, 24.7057, 24.6992, 24.6992, 24.6992, 24.6992, 24.6992, 24.6992, 24.6992, 24.6992, 24.6992, 24.6992, 24.6992, 24.6992, 24.6992, 24.7184, 24.6992
4.2924, 19.6363, 25.1721, 24.8178, 4.65148, -5.53584, 0, 24.8178, 24.8178, 24.8178, 25.0341, 24.921, 24.8257, 24.8219, 24.8178, 24.8178, 24.8178, 24.8178, 24.8178, 24.8178, 24.8178, 24.8178, 24.8178, 24.8178, 24.8178, 24.8178, 24.8178, 24.8405, 24.8178
4.30027, 15.6457, 25.2772, 24.9367, 4.20067, -9.63153, 0, 24.9367, 24.9368, 24.9367, 25.1534, 25.0205, 24.9478, 24.9393, 24.9367, 24.9367, 24.9367, 24.9367, 24.9367, 24.9367, 24.9367, 24.9367, 24.9367, 24.9367, 24.9367, 24.9367, 24.9367, 24.9631, 24.9367
4.30814, 14.6462, 25.3878, 25.056, 4.07997, -10.7417, 0, 25.056, 25.056, 25.056, 25.2731, 25.1234, 25.0713, 25.0576, 25.056, 25.056, 25.056, 25.056, 25.056, 25.056, 25.056, 25.056, 25.056, 25.056, 25.056, 25.056, 25.056, 25.0864, 25.056
4.31601, 18.1387, 25.5039, 25.1755, 4.48761, -7.3652, 0, 25.1755, 25.1756, 25.1755, 25.3933, 25.2294, 25.1966, 25.1765, 25.1755, 25.1755, 25.1755, 25.1755, 25.1755, 25.1755, 25.1755, 25.1755, 25.1755, 25.1755, 25.1755, 25.1755, 25.1755, 25.2102, 25.1755
4.32388, 17.6532, 25.6253, 25.2954, 4.43319, -7.97219, 0, 25.2954, 25.2954, 25.2954, 25.5141, 25.3382, 25.3241, 25.296, 25.2954, 25.2954, 25.2954, 25.2954, 25.2954, 25.2954, 25.2954, 25.2954, 25.2954, 25.2954, 25.2954, 25.2954, 25.2954, 25.3344, 25.2954
4.33175, 24.4523, 25.7523, 25.4155, 5.14318, -1.30005, 0, 25.4155, 25.4156, 25.4155, 25.6356, 25.4495, 25.4543, 25.4159, 25.4155, 25.4155, 25.4155, 25.4155, 25.4155, 25.4155, 25.4155, 25.4155, 25.4155, 25.4155, 25.4155, 25.4155, 25.4155, 25.4591, 25.4155
4.33962, 22.5036, 25.8851, 25.536, 4.95012, -3.38147, 0, 25.536, 25.536, 25.536, 25.758, 25.563, 25.5878, 25.5362, 25.536, 25.536, 25.536, 25.536, 25.536, 25.536, 25.536, 25.536, 25.536, 25.536, 25.536, 25.536, 25.536, 25.5841, 25.536
4.3475, 17.3659, 26.024, 25.6567, 4.40067, -8.65809, 0, 25.6567, 25.6568, 25.6567, 25.8815, 25.6782, 25.7251, 25.6568, 25.6567, 25.6567, 25.6567, 25.6567, 25.6567, 25.6567, 25.6567, 25.6567, 25.6567, 25.6567, 25.6567, 25.6567, 25.6567, 25.7092, 25.6567
4.35537, 13.5911, 26.1696, 25.7777, 3.94855, -12.5785, 0, 25.7777, 25.7778, 25.7777, 26.0063, 25.795, 25.8668, 25.7778, 25.7777, 25.7777, 25.7777, 25.7777, 25.7777, 25.7777, 25.7777, 25.7777, 25.7777, 25.7777, 25.7777, 25.7777, 25.7777, 25.8345, 25.7777
4.36324, 25.2744, 26.3225, 25.899, 5.22249, -1.04805, 0, 25.899, 25.8991, 25.899, 26.1328, 25.9131, 26.0137, 25.899, 25.899, 25.899, 25.899, 25.899, 25.899, 25.899, 25.899, 25.899, 25.899, 25.899, 25.899, 25.899, 25.899, 25.9598, 25.899
4.37111, 21.6822, 26.4835, 26.0206, 4.86643, -4.80135, 0, 26.0206, 26.0206, 26.0206, 26.2615, 26.0323, 26.1664, 26.0206, 26.0206, 26.0206, 26.0206, 26.0206, 26.0206, 26.0206, 26.0206, 26.0206, 26.0206, 26.0206, 26.0206, 26.0206, 26.0206, 26.085, 26.0206
4.37898, 20.8352, 26.6536, 26.1424, 4.77862, -5.81838, 0, 26.1424, 26.1425, 26.1424, 26.3931, 26.1524, 26.3253, 26.1424, 26.1424, 26.1424, 26.1424, 26.1424, 26.1424, 26.1424, 26.1424, 26.1424, 26.1424, 26.1424, 26.1424, 26.1424, 26.1424, 26.21, 26.1424
4.38685, 22.4035, 26.8337, 26.2646, 4.93999, -4.43018, 0, 26.2646, 26.2646, 26.2646, 26.5284, 26.2732, 26.4909, 26.2646, 26.2646, 26.2646, 26.2646, 26.2646, 26.2646, 26.2646, 26.2646, 26.2646, 26.2646, 26.2646, 26.2646, 26.2646, 26.2646, 26.3348, 26.2646
4.39472, 24.1122, 27.0249, 26.3869, 5.11001, -2.9127, 0, 26.3869, 26.387, 26.3869, 26.6684, 26.3947, 26.6634, 26.3869, 26.3869, 26.3869, 26.3869, 26.3869, 26.3869, 26.3869, 26.3869, 26.3869, 26.3869, 26.3869, 26.3869, 26.3869, 26.3869, 26.4592, 26.3869
4.40259, 26.699, 27.2286, 26.5096, 5.35715, -0.529608, 0, 26.5096, 26.5097, 26.5096, 26.8146, 26.5167, 26.8429, 26.5096, 26.5096, 26.5096, 26.5096, 26.5096, 26.5096, 26.5096, 26.5096, 26.5096, 26.5096, 26.5096, 26.5096, 26.5096, 26.5096, 26.5833, 26.5096
4.41047, 21.0462, 27.446, 26.6326, 4.80065, -6.39983, 0, 26.6326, 26.6326, 26.6326, 26.9686, 26.6392, 27.0289, 26.6326, 26.6326, 26.6326, 26.6326, 26.6326, 26.6326, 26.6326, 26.6326, 26.6326, 26.6326, 26.6326, 26.6326, 26.6326, 26.6326, 26.7069, 26.6326
4.41834, 28.9567, 27.6787, 26.7558, 5.56387, 1.278, 0, 26.7558, 26.7558, 26.7558, 27.1326, 26.7621, 27.221, 26.7558, 26.7558, 26.7558, 26.7558, 26.7558, 26.7558, 26.7558, 26.7558, 26.7558, 26.7558, 26.7558, 26.7558, 26.7558, 26.7558, 26.8302, 26.7558
4.42621, 27.9576, 27.9283, 26.8792, 5.47336, 0.029314, 0, 26.8792, 26.8793, 26.8792, 27.3095, 26.8854, 27.418, 26.8792, 26.8792, 26.8792, 26.8792, 26.8792, 26.8792, 26.8792, 26.8792, 26.8792, 26.8792, 26.8792, 26.8792, 26.8792, 26.8792, 26.9531, 26.8792
4.43408, 40.7031, 28.197, 27.003, 6.53476, 12.5061, 0, 27.003, 27.003, 27.003, 27.5026, 27.009, 27.6187, 27.003, 27.003, 27.003, 27.003, 27.003, 27.003, 27.003, 27.003, 27.003, 27.003, 27.003, 27.003, 27.003, 27.003, 27.0755, 27.003
4.44195, 29.0855, 28.4874, 27.127, 5.57544, 0.598083, 0, 27.127, 27.127, 27.127, 27.7162, 27.1329, 27.8213, 27.127, 27.127, 27.127, 27.127, 27.127, 27.127, 27.127, 27.127, 27.127, 27.127, 27.127, 27.127, 27.127, 27.127, 27.1978, 27.127
4.44982, 27.3497, 28.8026, 27.2512, 5.41754, -1.45292, 0, 27.2512, 27.2513, 27.2512, 27.9554, 27.2572, 28.0239, 27.2512, 27.2512, 27.2512, 27.2512, 27.2512, 27.2512, 27.2512, 27.2512, 27.2512, 27.2512, 27.2512, 27.2512, 27.2512, 27.2512, 27.3197, 27.2512
4.45769, 34.4045, 29.1467, 27.3757, 6.03361, 5.2578, 0, 27.3757, 27.3758, 27.3757, 28.2262, 27.3817, 28.2243, 27.3757, 27.3757, 27.3757, 27.3757, 27.3757, 27.3757, 27.3757, 27.3757, 27.3757, 27.3757, 27.3757, 27.3757, 27.3757, 27.3757, 27.4416, 27.3757
4.46556, 37.8248, 29.5245, 27.5005, 6.31069, 8.30029, 0, 27.5005, 27.5006, 27.5005, 28.5359, 27.5065, 28.4202, 27.5005, 27.5005, 27.5005, 27.5005, 27.5005, 27.5005, 27.5005, 27.5005, 27.5005, 27.5005, 27.5005, 27.5005, 27.5005, 27.5005, 27.5634, 27.5005
4.47344, 32.996, 29.9422, 27.6255, 5.91574, 3.05379, 0, 27.6255, 27.6256, 27.6255, 28.8927, 27.6317, 28.6092, 27.6255, 27.6255, 27.6255, 27.6255, 27.6255, 27.6255, 27.6255, 27.6255, 27.6255, 27.6255, 27.6255, 27.6255, 27.6255, 27.6255, 27.6852, 27.6255
4.48131, 28.7709, 30.407, 27.7508, 5.54716, -1.63606, 0, 27.7508, 27.7508, 27.7508, 29.306, 27.757, 28.7891, 27.7508, 27.7508, 27.7508, 27.7508, 27.7508, 27.7508, 27.7508, 27.7508, 27.7508, 27.7508, 27.7508, 27.7508, 27.7508, 27.7508, 27.8072, 27.7508
4.48918, 31.4077, 30.9273, 27.8763, 5.77994, 0.480412, 0, 27.8763, 27.8764, 27.8763, 29.786, 27.8827, 28.958, 27.8763, 27.8763, 27.8763, 27.8763, 27.8763, 27.8763, 27.8763, 27.8763, 27.8763, 27.8763, 27.8763, 27.8763, 27.8763, 27.8763, 27.9295, 27.8763
4.49705, 29.8524, 31.5126, 28.002, 5.6438, -1.66012, 0, 28.002, 28.0021, 28.002, 30.3437, 28.0086, 29.1143, 28.002, 28.002, 28.002, 28.002, 28.002, 28.002, 28.002, 28.002, 28.002, 28.002, 28.002, 28.002, 28.002, 28.002, 28.0521, 28.002
4.50492, 33.6966, 32.1729, 28.128, 5.97466, 1.52366, 0, 28.128, 28.1281, 28.128, 30.9903, 28.1348, 29.2568, 28.128, 28.128, 28.128, 28.128, 28.128, 28.128, 28.128, 28.128, 28.128, 28.128, 28.128, 28.128, 28.128, 28.128, 28.1751, 28.128
4.51279, 40.9429, 32.9188, 28.2542, 6.55308, 8.02406, 0, 28.2542, 28.2542, 28.2542, 31.7368, 28.2612, 29.3849, 28.2542, 28.2542, 28.2542, 28.2542, 28.2542, 28.2542, 28.2542, 28.2542, 28.2542, 28.2542, 28.2542, 28.2542, 28.2542, 28.2542, 28.2985, 28.2542
4.52066, 41.0435, 33.7603, 28.3806, 6.56075, 7.28314, 0, 28.3806, 28.3806, 28.3806, 32.5932, 28.3879, 29.4985, 28.3806, 28.3806, 28.3806, 28.3806, 28.3806, 28.3806, 28.3806, 28.3806, 28.3806, 28.3806, 28.3806, 28.3806, 28.3806, 28.3806, 28.4224, 28.3806
4.52853, 32.7492, 34.7064, 28.5072, 5.89485, -1.95725, 0, 28.5072, 28.5073, 28.5072, 33.5681, 28.5149, 29.5983, 28.5072, 28.5072, 28.5072, 28.5072, 28.5072, 28.5072, 28.5072, 28.5072, 28.5072, 28.5072, 28.5072, 28.5072, 28.5072, 28.5072, 28.5467, 28.5072
4.53641, 55.5172, 35.7639, 28.634, 7.58401, 19.7534, 0, 28.634, 28.6341, 28.634, 34.667, 28.6422, 29.6852, 28.634, 28.634, 28.634, 28.634, 28.634, 28.634, 28.634, 28.634, 28.634, 28.634, 28.634, 28.634, 28.634, 28.634, 28.6715, 28.634
4.54428, 51.8411, 36.9363, 28.7611, 7.33765, 14.9048, 0, 28.7611, 28.7611, 28.7611, 35.8922, 28.7698, 29.7607, 28.7611, 28.7611, 28.7611, 28.7611, 28.7611, 28.7611, 28.7611, 28.7611, 28.7611, 28.7611, 28.7611, 28.7611, 28.7611, 28.7611, 28.7967, 28.7611
4.55215, 52.0305, 38.2233, 28.8883, 7.35054, 13.8072, 0, 28.8883, 28.8883, 28.8883, 37.2413, 28.8977, 29.8268, 28.8883, 28.8883, 28.8883, 28.8883, 28.8883, 28.8883, 28.8883, 28.8883, 28.8883, 28.8883, 28.8883, 28.8883, 28.8883, 28.8883, 28.9223, 28.8883
4.56002, 36.0461, 39.6192, 29.0157, 6.16815, -3.5731, 0, 29.0157, 29.0157, 29.0157, 38.7064, 29.0259, 29.8855, 29.0157, 29.0157, 29.0157, 29.0157, 29.0157, 29.0157, 29.0157, 29.0157, 29.0157, 29.0157, 29.0157, 29.0157, 29.0157, 29.0157, 29.0482, 29.0157
4.56789, 43.1278, 41.1124, 29.1433, 6.71772, 2.01535, 0, 29.1433, 29.1433, 29.1433, 40.274, 29.1546, 29.9392, 29.1433, 29.1433, 29.1433, 29.1433, 29.1433, 29.1433, 29.1433, 29.1433, 29.1433, 29.1433, 29.1433, 29.1433, 29.1433, 29.1433, 29.1744, 29.1433
4.57576, 40.951, 42.685, 29.271, 6.5537, -1.734, 0, 29.271, 29.2711, 29.271, 41.9236, 29.2836, 29.99, 29.271, 29.271, 29.271, 29.271, 29.271, 29.271, 29.271, 29.271, 29.271, 29.271, 29.271, 29.271, 29.271, 29.271, 29.3008, 29.271
4.58363, 58.7099, 44.3127, 29.399, 7.79165, 14.3972, 0, 29.399, 29.399, 29.399, 43.6288, 29.413, 30.0402, 29.399, 29.399, 29.399, 29.399, 29.399, 29.399, 29.399, 29.399, 29.399, 29.399, 29.399, 29.399, 29.399, 29.399, 29.4274, 29.399
4.59151, 40.508, 45.9648, 29.5271, 6.51982, -5.45681, 0, 29.5271, 29.5271, 29.5271, 45.3571, 29.5429, 30.0918, 29.5271, 29.5271, 29.5271, 29.5271, 29.5271, 29.5271, 29.5271, 29.5271, 29.5271, 29.5271, 29.5271, 29.5271, 29.5271, 29.5271, 29.5541, 29.5271
4.59938, 61.6392, 47.6053, 29.6553, 7.97742, 14.0339, 0, 29.6553, 29.6554, 29.6553, 47.0707, 29.6733, 30.1463, 29.6553, 29.6553, 29.6553, 29.6553, 29.6553, 29.6553, 29.6553, 29.6553, 29.6553, 29.6553, 29.6553, 29.6553, 29.6553, 29.6553, 29.6809, 29.6553
4.60725, 49.1302, 49.1941, 29.7838, 7.15054, -0.0639534, 0, 29.7838, 29.7838, 29.7838, 48.7281, 29.8042, 30.2053, 29.7838, 29.7838, 29.7838, 29.7838, 29.7838, 29.7838, 29.7838, 29.7838, 29.7838, 29.7838, 29.7838, 29.7838, 29.7838, 29.7838, 29.8078, 29.7838
4.61512, 63.9821, 50.6889, 29.9123, 8.12294, 13.2932, 0, 29.9123, 29.9124, 29.9123, 50.2857, 29.9357, 30.2697, 29.9123, 29.9123, 29.9123, 29.9123, 29.9123, 29.9123, 29.9123, 29.9123, 29.9123, 29.9123, 29.9123, 29.9123, 29.9123, 29.9123, 29.9347, 29.9123
4.62299, 66.1192, 52.0464, 30.0411, 8.25344, 14.0728, 0, 30.0411, 30.0411, 30.0411, 51.6999, 30.0677, 30.3403, 30.0411, 30.0411, 30.0411, 30.0411, 30.0411, 30.0411, 30.0411, 30.0411, 30.0411, 30.0411, 30.0411, 30.0411, 30.0411, 30.0411, 30.0618, 30.0411
4.63086, 76.8408, 53.2257, 30.17, 8.87924, 23.6151, 0, 30.17, 30.17, 30.17, 52.9291, 30.2003, 30.4173, 30.17, 30.17, 30.17, 30.17, 30.17, 30.17, 30.17, 30.17, 30.17, 30.17, 30.17, 30.17, 30.17, 30.17, 30.189, 30.17
4.63873, 54.0045, 54.1895, 30.299, 7.48361, -0.18507, 0, 30.2991, 30.2991, 30.2991, 53.936, 30.3334, 30.5009, 30.299, 30.299, 30.299, 30.299, 30.299, 30.299, 30.299, 30.299, 30.299, 30.299, 30.299, 30.299, 30.299, 30.299, 30.3163, 30.299
4.6466, 56.4338, 54.907, 30.4282, 7.6442, 1.52679, 0, 30.4282, 30.4283, 30.4282, 54.6899, 30.467, 30.591, 30.4282, 30.4282, 30.4282, 30.4282, 30.4282, 30.4282, 30.4282, 30.4282, 30.4282, 30.4282, 30.4282, 30.4282, 30.4282, 30.4282, 30.4437, 30.4282
4.65448, 69.6854, 55.3554, 30.5576, 8.46672, 14.33, 0, 30.5576, 30.5576, 30.5576, 55.1683, 30.6012, 30.6872, 30.5576, 30.5576, 30.5576, 30.5576, 30.5576, 30.5576, 30.5576, 30.5576, 30.5576, 30.5576, 30.5576, 30.5576, 30.5576, 30.5576, 30.5713, 30.5576
4.66235, 53.382, 55.5211, 30.687, 7.44191, -2.13903, 0, 30.6871, 30.6871, 30.6871, 55.3582, 30.7357, 30.789, 30.687, 30.687, 30.687, 30.687, 30.687, 30.687, 30.687, 30.687, 30.687, 30.687, 30.687, 30.687, 30.687, 30.687, 30.6991, 30.687
4.67022, 70.6934, 55.4009, 30.8167, 8.52604, 15.2925, 0, 30.8167, 30.8167, 30.8167, 55.2571, 30.8706, 30.8959, 30.8167, 30.8167, 30.8167, 30.8167, 30.8167, 30.8167, 30.8167, 30.8167, 30.8167, 30.8167, 30.8167, 30.8167, 30.8167, 30.8167, 30.8271, 30.8167
4.67809, 59.2465, 55.002, 30.9464, 7.82601, 4.24448, 0, 30.9464, 30.9464, 30.9464, 54.8727, 31.0057, 31.0073, 30.9464, 30.9464, 30.9464, 30.9464, 30.9464, 30.9464, 30.9464, 30.9464, 30.9464, 30.9464, 30.9464, 30.9464, 30.9464, 30.9464, 30.9554, 30.9464
4.68596, 41.3465, 54.3418, 31.0762, 6.58381, -12.9952, 0, 31.0762, 31.0763, 31.0762, 54.2231, 31.1409, 31.1226, 31.0762, 31.0762, 31.0762, 31.0762, 31.0762, 31.0762, 31.0762, 31.0762, 31.0762, 31.0762, 31.0762, 31.0762, 31.0762, 31.0762, 31.0839, 31.0762
4.69383, 53.0265, 53.4463, 31.2062, 7.41799, -0.419754, 0, 31.2062, 31.2062, 31.2062, 53.335, 31.276, 31.2411, 31.2062, 31.2062, 31.2062, 31.2062, 31.2062, 31.2062, 31.2062, 31.2062, 31.2062, 31.2062, 31.2062, 31.2062, 31.2062, 31.2062, 31.2126, 31.2062
4.7017, 51.7057, 52.3493, 31.3362, 7.32842, -0.643642, 0, 31.3363, 31.3363, 31.3363, 52.243, 31.4109, 31.3625, 31.3362, 31.3362, 31.3362, 31.3362, 31.3362, 31.3362, 31.3362, 31.3362, 31.3362, 31.3362, 31.3362, 31.3363, 31.3362, 31.3362, 31.3416, 31.3362
4.70957, 49.855, 51.0901, 31.4664, 7.20104, -1.23512, 0, 31.4664, 31.4665, 31.4664, 50.9868, 31.5456, 31.4861, 31.4664, 31.4664, 31.4664, 31.4664, 31.4664, 31.4664, 31.4664, 31.4664, 31.4664, 31.4664, 31.4664, 31.4664, 31.4664, 31.4664, 31.4707, 31.4664
4.71745, 47.6252, 49.7109, 31.5966, 7.04451, -2.08567, 0, 31.5966, 31.5967, 31.5966, 49.6092, 31.6797, 31.6116, 31.5966, 31.5966, 31.5966, 31.5966, 31.5966, 31.5966, 31.5966, 31.5966, 31.5966, 31.5966, 31.5966, 31.5966, 31.5966, 31.5966, 31.6002, 31.5966
4.72532, 37.1887, 48.2556, 31.727, 6.26009, -11.0669, 0, 31.727, 31.727, 31.727, 48.1547, 31.8132, 31.7388, 31.727, 31.727, 31.727, 31.727, 31.727, 31.727, 31.727, 31.727, 31.727, 31.727, 31.727, 31.727, 31.727, 31.727, 31.7298, 31.727
4.73319, 44.0895, 46.7668, 31.8574, 6.78892, -2.67737, 0, 31.8574, 31.8574, 31.8574, 46.6661, 31.946, 31.8672, 31.8574, 31.8574, 31.8574, 31.8574, 31.8574, 31.8574, 31.8574, 31.8574, 31.8574, 31.8574, 31.8574, 31.8574, 31.8574, 31.8574, 31.8596, 31.8574
4.74106, 43.8077, 45.2844, 31.9878, 6.76814, -1.47668, 0, 31.9878, 31.9879, 31.9878, 45.1835, 32.078, 31.9967, 31.9878, 31.9878, 31.9878, 31.9878, 31.9878, 31.9878, 31.9878, 31.9878, 31.9878, 31.9878, 31.9878, 31.9878, 31.9878, 31.9878, 31.9896, 31.9878
4.74893, 40.7994, 43.844, 32.1184, 6.54212, -3.0446, 0, 32.1184, 32.1184, 32.1184, 43.7428, 32.2092, 32.1273, 32.1184, 32.1184, 32.1184, 32.1184, 32.1184, 32.1184, 32.1184, 32.1184, 32.1184, 32.1184, 32.1184, 32.1184, 32.1184, 32.1184, 32.1197, 32.1184
4.7568, 37.9344, 42.4753, 32.2489, 6.31937, -4.5409, 0, 32.2489, 32.249, 32.2489, 42.3739, 32.3395, 32.2587, 32.2489, 32.2489, 32.2489, 32.2489, 32.2489, 32.2489, 32.2489, 32.2489, 32.2489, 32.2489, 32.2489, 32.2489, 32.2489, 32.2489, 32.2499, 32.2489
4.76467, 29.039, 41.2026, 32.3795, 5.57127, -12.1635, 0, 32.3795, 32.3796, 32.3795, 41.1009, 32.4689, 32.391, 32.3795, 32.3795, 32.3795, 32.3795, 32.3795, 32.3795, 32.3795, 32.3795, 32.3795, 32.3795, 32.3795, 32.3795, 32.3795, 32.3795, 32.3803, 32.3795
4.77254, 36.9806, 40.043, 32.5102, 6.24345, -3.06231, 0, 32.5102, 32.5102, 32.5102, 39.941, 32.5975, 32.5242, 32.5102, 32.5102, 32.5102, 32.5102, 32.5102, 32.5102, 32.5102, 32.5102, 32.5102, 32.5102, 32.5102, 32.5102, 32.5102, 32.5102, 32.5107, 32.5102
4.78042, 32.7684, 39.0077, 32.6409, 5.89648, -6.23928, 0, 32.6409, 32.6409, 32.6409, 38.9054, 32.7253, 32.6583, 32.6409, 32.6409, 32.6409, 32.6409, 32.6409, 32.6409, 32.6409, 32.6409, 32.6409, 32.6409, 32.6409, 32.6409, 32.6409, 32.6409, 32.6413, 32.6409
4.78829, 25.0478, 38.1023, 32.7716, 5.20075, -13.0545, 0, 32.7716, 32.7716, 32.7716, 37.9993, 32.8525, 32.7933, 32.7716, 32.7716, 32.7716, 32.7716, 32.7716, 32.7716, 32.7716, 32.7716, 32.7716, 32.7716, 32.7716, 32.7716, 32.7716, 32.7716, 32.7719, 32.7716
4.79616, 20.9032, 37.327, 32.9023, 4.78573, -16.4238, 0, 32.9023, 32.9024, 32.9023, 37.223, 32.9791, 32.9293, 32.9023, 32.9023, 32.9023, 32.9023, 32.9023, 32.9023, 32.9023, 32.9023, 32.9023, 32.9023, 32.9023, 32.9023, 32.9023, 32.9023, 32.9025, 32.9023
4.80403, 21.9765, 36.6779, 33.0331, 4.89658, -14.7015, 0, 33.0331, 33.0331, 33.0331, 36.5722, 33.1053, 33.0663, 33.0331, 33.0331, 33.0331, 33.0331, 33.0331, 33.0331, 33.0331, 33.0331, 33.0331, 33.0331, 33.0331, 33.0331, 33.0331, 33.0331, 33.0332, 33.0331
4.8119, 22.0197, 36.1479, 33.1638, 4.90099, -14.1282, 0, 33.1638, 33.1638, 33.1638, 36.0398, 33.2313, 33.2043, 33.1638, 33.1638, 33.1638, 33.1638, 33.1638, 33.1638, 33.1638, 33.1638, 33.1638, 33.1638, 33.1638, 33.1638, 33.1638, 33.1638, 33.1639, 33.1638
4.81977, 27.9405, 35.7273, 33.2945, 5.47179, -7.78678, 0, 33.2945, 33.2946, 33.2945, 35.6159, 33.357, 33.3433, 33.2945, 33.2945, 33.2945, 33.2945, 33.2945, 33.2945, 33.2945, 33.2945, 33.2945, 33.2945, 33.2945, 33.2945, 33.2945, 33.2945, 33.2946, 33.2945
4.82764, 23.9803, 35.4052, 33.4253, 5.09709, -11.4249, 0, 33.4253, 33.4253, 33.4253, 35.2895, 33.4828, 33.4833, 33.4253, 33.4253, 33.4253, 33.4253, 33.4253, 33.4253, 33.4253, 33.4253, 33.4253, 33.4253, 33.4253, 33.4253, 33.4253, 33.4253, 33.4253, 33.4253
4.83551, 23.9703, 35.1698, 33.556, 5.0961, -11.1995, 0, 33.556, 33.5561, 33.556, 35.0488, 33.6087, 33.6243, 33.556, 33.556, 33.556, 33.556, 33.556, 33.556, 33.556, 33.556, 33.556, 33.556, 33.556, 33.556, 33.556, 33.556, 33.556, 33.556
4.84339, 19.9723, 35.0091, 33.6867, 4.68746, -15.0368, 0, 33.6867, 33.6868, 33.6867, 34.8819, 33.7347, 33.7659, 33.6867, 33.6867, 33.6867, 33.6867, 33.6867, 33.6867, 33.6867, 33.6867, 33.6867, 33.6867, 33.6867, 33.6867, 33.6867, 33.6867, 33.6867, 33.6867
4.85126, 26.9686, 34.9119, 33.8174, 5.38225, -7.94331, 0, 33.8174, 33.8174, 33.8174, 34.7775, 33.861, 33.9082, 33.8174, 33.8174, 33.8174, 33.8174, 33.8174, 33.8174, 33.8174, 33.8174, 33.8174, 33.8174, 33.8174, 33.8174, 33.8174, 33.8174, 33.8174, 33.8174
4.85913, 14.9898, 34.8674, 33.948, 4.12187, -19.8776, 0, 33.948, 33.9481, 33.948, 34.725, 33.9876, 34.0508, 33.948, 33.948, 33.948, 33.948, 33.948, 33.948, 33.948, 33.948, 33.948, 33.948, 33.948, 33.948, 33.948, 33.948, 33.948, 33.948
4.867, 19.9593, 34.8658, 34.0786, 4.68607, -14.9065, 0, 34.0787, 34.0787, 34.0787, 34.715, 34.1145, 34.1934, 34.0786, 34.0786, 34.0786, 34.0786, 34.0786, 34.0786, 34.0786, 34.0786, 34.0786, 34.0786, 34.0786, 34.0787, 34.0786, 34.0786, 34.0787, 34.0786
4.87487, 33.9326, 34.8986, 34.2092, 5.99438, -0.966003, 0, 34.2092, 34.2093, 34.2092, 34.7392, 34.2418, 34.3359, 34.2092, 34.2092, 34.2092, 34.2092, 34.2092, 34.2092, 34.2092, 34.2092, 34.2092, 34.2092, 34.2092, 34.2092, 34.2092, 34.2092, 34.2092, 34.2092
4.88274, 23.973, 34.9584, 34.3397, 5.09637, -10.9854, 0, 34.3397, 34.3398, 34.3397, 34.7905, 34.3695, 34.4777, 34.3397, 34.3397, 34.3397, 34.3397, 34.3397, 34.3397, 34.3397, 34.3397, 34.3397, 34.3397, 34.3397, 34.3397, 34.3397, 34.3397, 34.3397, 34.3397
4.89061, 22.0675, 35.0389, 34.4701, 4.90586, -12.9714, 0, 34.4702, 34.4702, 34.4702, 34.863, 34.4975, 34.6186, 34.4701, 34.4701, 34.4701, 34.4701, 34.4701, 34.4701, 34.4701, 34.4701, 34.4701, 34.4701, 34.4701, 34.4702, 34.4701, 34.4701, 34.4701, 34.4701
4.89848, 27.828, 35.1348, 34.6005, 5.4615, -7.30677, 0, 34.6005, 34.6006, 34.6005, 34.9516, 34.6259, 34.7582, 34.6005, 34.6005, 34.6005, 34.6005, 34.6005, 34.6005, 34.6005, 34.6005, 34.6005, 34.6005, 34.6005, 34.6005, 34.6005, 34.6005, 34.6005, 34.6005
4.90636, 21.0847, 35.2419, 34.7308, 4.80465, -14.1572, 0, 34.7308, 34.7309, 34.7308, 35.0527, 34.7545, 34.8963, 34.7308, 34.7308, 34.7308, 34.7308, 34.7308, 34.7308, 34.7308, 34.7308, 34.7308, 34.7308, 34.7308, 34.7308, 34.7308, 34.7308, 34.7308, 34.7308
4.91423, 25.9139, 35.3568, 34.861, 5.28336, -9.44291, 0, 34.861, 34.8611, 34.861, 35.1629, 34.8834, 35.0325, 34.861, 34.861, 34.861, 34.861, 34.861, 34.861, 34.861, 34.861, 34.861, 34.861, 34.861, 34.861, 34.861, 34.861, 34.861, 34.861
4.9221, 31.9922, 35.4768, 34.9912, 5.83028, -3.48461, 0, 34.9912, 34.9912, 34.9912, 35.28, 35.0125, 35.1666, 34.9912, 34.9912, 34.9912, 34.9912, 34.9912, 34.9912, 34.9912, 34.9912, 34.9912, 34.9912, 34.9912, 34.9912, 34.9912, 34.9912, 34.9912, 34.9912
4.92997, 22.8963, 35.5999, 35.1212, 4.98962, -12.7037, 0, 35.1212, 35.1213, 35.1212, 35.4021, 35.1417, 35.2985, 35.1212, 35.1212, 35.1212, 35.1212, 35.1212, 35.1212, 35.1212, 35.1212, 35.1212, 35.1212, 35.1212, 35.1212, 35.1212, 35.1212, 35.1212, 35.1212
4.93784, 30.0189, 35.7247, 35.2512, 5.65852, -5.70581, 0, 35.2512, 35.2513, 35.2512, 35.5278, 35.2711, 35.4281, 35.2512, 35.2512, 35.2512, 35.2512, 35.2512, 35.2512, 35.2512, 35.2512, 35.2512, 35.2512, 35.2512, 35.2512, 35.2512, 35.2512, 35.2512, 35.2512
4.94571, 34.7875, 35.85, 35.3811, 6.06527, -1.06252, 0, 35.3811, 35.3811, 35.3811, 35.6561, 35.4006, 35.5555, 35.3811, 35.3811, 35.3811, 35.3811, 35.3811, 35.3811, 35.3811, 35.3811, 35.3811, 35.3811, 35.3811, 35.3811, 35.3811, 35.3811, 35.3811, 35.3811
4.95358, 24.1821, 35.9753, 35.5109, 5.11684, -11.7932, 0, 35.5109, 35.5109, 35.5109, 35.7862, 35.5301, 35.6807, 35.5109, 35.5109, 35.5109, 35.5109, 35.5109, 35.5109, 35.5109, 35.5109, 35.5109, 35.5109, 35.5109, 35.5109, 35.5109, 35.5109, 35.5109, 35.5109
4.96145, 29.8308, 36.1, 35.6406, 5.64188, -6.26928, 0, 35.6406, 35.6406, 35.6406, 35.9175, 35.6597, 35.8038, 35.6406, 35.6406, 35.6406, 35.6406, 35.6406, 35.6406, 35.6406, 35.6406, 35.6406, 35.6406, 35.6406, 35.6406, 35.6406, 35.6406, 35.6406, 35.6406
4.96933, 20.1478, 36.2241, 35.7702, 4.70614, -16.0763, 0, 35.7702, 35.7702, 35.7702, 36.0498, 35.7893, 35.9253, 35.7702, 35.7702, 35.7702, 35.7702, 35.7702, 35.7702, 35.7702, 35.7702, 35.7702, 35.7702, 35.7702, 35.7702, 35.7702, 35.7702, 35.7702, 35.7702
4.9772, 21.0931, 36.3476, 35.8996, 4.80552, -15.2545, 0, 35.8997, 35.8997, 35.8997, 36.1828, 35.9188, 36.0452, 35.8996, 35.8996, 35.8996, 35.8996, 35.8996, 35.8996, 35.8996, 35.8996, 35.8996, 35.8996, 35.8996, 35.8997, 35.8996, 35.8996, 35.8997, 35.8996
4.98507, 31.602, 36.4704, 36.0291, 5.79673, -4.8684, 0, 36.0291, 36.0291, 36.0291, 36.3162, 36.0484, 36.1639, 36.0291, 36.0291, 36.0291, 36.0291, 36.0291, 36.0291, 36.0291, 36.0291, 36.0291, 36.0291, 36.0291, 36.0291, 36.0291, 36.0291, 36.0291, 36.0291
4.99294, 23.2252, 36.593, 36.1584, 5.02247, -13.3678, 0, 36.1584, 36.1584, 36.1584, 36.45, 36.1778, 36.2818, 36.1584, 36.1584, 36.1584, 36.1584, 36.1584, 36.1584, 36.1584, 36.1584, 36.1584, 36.1584, 36.1584, 36.1584, 36.1584, 36.1584, 36.1584, 36.1584
5.00081, 25.021, 36.7154, 36.2875, 5.19817, -11.6945, 0, 36.2875, 36.2876, 36.2875, 36.584, 36.3072, 36.3992, 36.2875, 36.2875, 36.2875, 36.2875, 36.2875, 36.2875, 36.2875, 36.2875, 36.2875, 36.2875, 36.2875, 36.2875, 36.2875, 36.2875, 36.2876, 36.2875
5.00868, 25.9765, 36.8381, 36.4166, 5.28928, -10.8616, 0, 36.4166, 36.4167, 36.4166, 36.7183, 36.4366, 36.5164, 36.4166, 36.4166, 36.4166, 36.4166, 36.4166, 36.4166, 36.4166, 36.4166, 36.4166, 36.4166, 36.4166, 36.4166, 36.4166, 36.4166, 36.4167, 36.4166
5.01655, 23.7675, 36.9612, 36.5456, 5.07617, -13.1937, 0, 36.5456, 36.5456, 36.5456, 36.8529, 36.5658, 36.6337, 36.5456, 36.5456, 36.5456, 36.5456, 36.5456, 36.5456, 36.5456, 36.5456, 36.5456, 36.5456, 36.5456, 36.5456, 36.5456, 36.5456, 36.5456, 36.5456
5.02443, 24.1294, 37.085, 36.6744, 5.1117, -12.9555, 0, 36.6744, 36.6745, 36.6744, 36.9877, 36.6949, 36.7512, 36.6744, 36.6744, 36.6744, 36.6744, 36.6744, 36.6744, 36.6744, 36.6744, 36.6744, 36.6744, 36.6744, 36.6744, 36.6744, 36.6744, 36.6745, 36.6744
5.0323, 34.9176, 37.2098, 36.8032, 6.07598, -2.29222, 0, 36.8032, 36.8032, 36.8032, 37.1228, 36.8239, 36.8693, 36.8032, 36.8032, 36.8032, 36.8032, 36.8032, 36.8032, 36.8032, 36.8032, 36.8032, 36.8032, 36.8032, 36.8032, 36.8032, 36.8032, 36.8032, 36.8032
5.04017, 16.0888, 37.3358, 36.9317, 4.2531, -21.247, 0, 36.9317, 36.9317, 36.9317, 37.2583, 36.9527, 36.988, 36.9317, 36.9317, 36.9317, 36.9317, 36.9317, 36.9317, 36.9317, 36.9317, 36.9317, 36.9317, 36.9317, 36.9317, 36.9317, 36.9317, 36.9318, 36.9317
5.04804, 31.6683, 37.4632, 37.0601, 5.80244, -5.79496, 0, 37.0601, 37.0602, 37.0601, 37.3944, 37.0814, 37.1075, 37.0601, 37.0601, 37.0601, 37.0601, 37.0601, 37.0601, 37.0601, 37.0601, 37.0601, 37.0601, 37.0601, 37.0601, 37.0601, 37.0601, 37.0602, 37.0601
5.05591, 27.1559, 37.5923, 37.1883, 5.39962, -10.4364, 0, 37.1883, 37.1884, 37.1883, 37.5311, 37.21, 37.2277, 37.1883, 37.1883, 37.1883, 37.1883, 37.1883, 37.1883, 37.1883, 37.1883, 37.1883, 37.1883, 37.1883, 37.1883, 37.1883, 37.1883, 37.1885, 37.1883
5.06378, 22.8387, 37.7232, 37.3164, 4.98384, -14.8845, 0, 37.3164, 37.3164, 37.3164, 37.6687, 37.3383, 37.3487, 37.3164, 37.3164, 37.3164, 37.3164, 37.3164, 37.3164, 37.3164, 37.3164, 37.3164, 37.3164, 37.3164, 37.3164, 37.3164, 37.3164, 37.3166, 37.3164
5.07165, 24.3772, 37.8561, 37.4443, 5.13588, -13.4789, 0, 37.4443, 37.4443, 37.4443, 37.8074, 37.4665, 37.4705, 37.4443, 37.4443, 37.4443, 37.4443, 37.4443, 37.4443, 37.4443, 37.4443, 37.4443, 37.4443, 37.4443, 37.4443, 37.4443, 37.4443, 37.4445, 37.4443
5.07952, 29.4131, 37.9915, 37.5719, 5.60474, -8.57835, 0, 37.5719, 37.572, 37.5719, 37.9475, 37.5945, 37.593, 37.5719, 37.5719, 37.5719, 37.5719, 37.5719, 37.5719, 37.5719, 37.5719, 37.5719, 37.5719, 37.5719, 37.5719, 37.5719, 37.5719, 37.5722, 37.5719
5.0874, 26.1082, 38.1295, 37.6994, 5.30171, -12.0213, 0, 37.6994, 37.6994, 37.6994, 38.0895, 37.7223, 37.716, 37.6994, 37.6994, 37.6994, 37.6994, 37.6994, 37.6994, 37.6994, 37.6994, 37.6994, 37.6994, 37.6994, 37.6994, 37.6994, 37.6994, 37.6997, 37.6994
5.09527, 25.497, 38.2706, 37.8266, 5.24376, -12.7736, 0, 37.8266, 37.8266, 37.8266, 38.2339, 37.8498, 37.8396, 37.8266, 37.8266, 37.8266, 37.8266, 37.8266, 37.8266, 37.8266, 37.8266, 37.8266, 37.8266, 37.8266, 37.8266, 37.8266, 37.8266, 37.827, 37.8266
5.10314, 20.8266, 38.4154, 37.9535, 4.77772, -17.5887, 0, 37.9536, 37.9536, 37.9536, 38.3811, 37.9771, 37.9636, 37.9535, 37.9535, 37.9535, 37.9535, 37.9535, 37.9535, 37.9535, 37.9535, 37.9535, 37.9535, 37.9535, 37.9536, 37.9535, 37.9535, 37.9541, 37.9535
5.11101, 22.2206, 38.5643, 38.0802, 4.92144, -16.3438, 0, 38.0802, 38.0803, 38.0802, 38.532, 38.1041, 38.088, 38.0802, 38.0802, 38.0802, 38.0802, 38.0802, 38.0802, 38.0802, 38.0802, 38.0802, 38.0802, 38.0802, 38.0802, 38.0802, 38.0802, 38.081, 38.0802
5.11888, 29.5697, 38.7183, 38.2067, 5.61869, -9.14857, 0, 38.2067, 38.2067, 38.2067, 38.6873, 38.2309, 38.2125, 38.2067, 38.2067, 38.2067, 38.2067, 38.2067, 38.2067, 38.2067, 38.2067, 38.2067, 38.2067, 38.2067, 38.2067, 38.2067, 38.2067, 38.2075, 38.2067
5.12675, 27.9735, 38.878, 38.3328, 5.4748, -10.9045, 0, 38.3328, 38.3328, 38.3328, 38.848, 38.3573, 38.3371, 38.3328, 38.3328, 38.3328, 38.3328, 38.3328, 38.3328, 38.3328, 38.3328, 38.3328, 38.3328, 38.3328, 38.3328, 38.3328, 38.3328, 38.3339, 38.3328
5.13462, 25.0619, 39.0445, 38.4586, 5.20211, -13.9826, 0, 38.4586, 38.4587, 38.4586, 39.015, 38.4835, 38.4618, 38.4586, 38.4586, 38.4586, 38.4586, 38.4586, 38.4586, 38.4586, 38.4586, 38.4586, 38.4586, 38.4586, 38.4586, 38.4586, 38.4586, 38.4599, 38.4586
5.14249, 15.9752, 39.2188, 38.5841, 4.23972, -23.2436, 0, 38.5841, 38.5842, 38.5841, 39.1896, 38.6093, 38.5864, 38.5841, 38.5841, 38.5841, 38.5841, 38.5841, 38.5841, 38.5841, 38.5841, 38.5841, 38.5841, 38.5841, 38.5841, 38.5841, 38.5841, 38.5857, 38.5841
5.15037, 28.6984, 39.4019, 38.7093, 5.54061, -10.7036, 0, 38.7093, 38.7093, 38.7093, 39.3727, 38.7348, 38.7109, 38.7093, 38.7093, 38.7093, 38.7093, 38.7093, 38.7093, 38.7093, 38.7093, 38.7093, 38.7093, 38.7093, 38.7093, 38.7093, 38.7093, 38.7112, 38.7093
5.15824, 20.5393, 39.5952, 38.8341, 4.74755, -19.0559, 0, 38.8341, 38.8341, 38.8341, 39.5658, 38.86, 38.8353, 38.8341, 38.8341, 38.8341, 38.8341, 38.8341, 38.8341, 38.8341, 38.8341, 38.8341, 38.8341, 38.8341, 38.8341, 38.8341, 38.8341, 38.8364, 38.8341
5.16611, 27.3979, 39.7995, 38.9585, 5.42198, -12.4016, 0, 38.9585, 38.9586, 38.9585, 39.7697, 38.9847, 38.9594, 38.9585, 38.9585, 38.9585, 38.9585, 38.9585, 38.9585, 38.9585, 38.9585, 38.9585, 38.9585, 38.9585, 38.9585, 38.9585, 38.9585, 38.9612, 38.9585
5.17398, 26.0685, 40.016, 39.0826, 5.29797, -13.9474, 0, 39.0826, 39.0827, 39.0826, 39.9856, 39.1092, 39.0832, 39.0826, 39.0826, 39.0826, 39.0826, 39.0826, 39.0826, 39.0826, 39.0826, 39.0826, 39.0826, 39.0826, 39.0826, 39.0826, 39.0826, 39.0857, 39.0826
5.18185, 36.5617, 40.2453, 39.2063, 6.20981, -3.68362, 0, 39.2063, 39.2063, 39.2063, 40.2143, 39.2332, 39.2067, 39.2063, 39.2063, 39.2063, 39.2063, 39.2063, 39.2063, 39.2063, 39.2063, 39.2063, 39.2063, 39.2063, 39.2063, 39.2063, 39.2063, 39.2099, 39.2063
5.18972, 22.7994, 40.4881, 39.3296, 4.9799, -17.6887, 0, 39.3296, 39.3296, 39.3296, 40.4563, 39.3568, 39.3299, 39.3296, 39.3296, 39.3296, 39.3296, 39.3296, 39.3296, 39.3296, 39.3296, 39.3296, 39.3296, 39.3296, 39.3296, 39.3296, 39.3296, 39.3338, 39.3296
5.19759, 31.4447, 40.7444, 39.4525, 5.78314, -9.29968, 0, 39.4525, 39.4525, 39.4525, 40.7118, 39.4801, 39.4527, 39.4525, 39.4525, 39.4525, 39.4525, 39.4525, 39.4525, 39.4525, 39.4525, 39.4525, 39.4525, 39.4525, 39.4525, 39.4525, 39.4525, 39.4573, 39.4525
5.20546, 35.4217, 41.014, 39.575, 6.11733, -5.59228, 0, 39.575, 39.575, 39.575, 40.9804, 39.6029, 39.5751, 39.575, 39.575, 39.575, 39.575, 39.575, 39.575, 39.575, 39.575, 39.575, 39.575, 39.575, 39.575, 39.575, 39.575, 39.5804, 39.575
5.21334, 29.8435, 41.2959, 39.697, 5.643, -11.4524, 0, 39.697, 39.6971, 39.697, 41.2613, 39.7253, 39.6971, 39.697, 39.697, 39.697, 39.697, 39.697, 39.697, 39.697, 39.697, 39.697, 39.697, 39.697, 39.697, 39.697, 39.697, 39.7031, 39.697
5.22121, 34.4962, 41.5887, 39.8186, 6.04121, -7.0925, 0, 39.8186, 39.8187, 39.8186, 41.553, 39.8473, 39.8187, 39.8186, 39.8186, 39.8186, 39.8186, 39.8186, 39.8186, 39.8186, 39.8186, 39.8186, 39.8186, 39.8186, 39.8186, 39.8186, 39.8186, 39.8255, 39.8186
5.22908, 37.9458, 41.8903, 39.9398, 6.32027, -3.94445, 0, 39.9398, 39.9398, 39.9398, 41.8535, 39.9688, 39.9398, 39.9398, 39.9398, 39.9398, 39.9398, 39.9398, 39.9398, 39.9398, 39.9398, 39.9398, 39.9398, 39.9398, 39.9398, 39.9398, 39.9398, 39.9475, 39.9398
5.23695, 27.6598, 42.1979, 40.0605, 5.44608, -14.5382, 0, 40.0605, 40.0606, 40.0605, 42.1599, 40.0899, 40.0606, 40.0605, 40.0605, 40.0605, 40.0605, 40.0605, 40.0605, 40.0605, 40.0605, 40.0605, 40.0605, 40.0605, 40.0605, 40.0605, 40.0605, 40.0691, 40.0605
5.24482, 30.0794, 42.5083, 40.1808, 5.66387, -12.4288, 0, 40.1808, 40.1809, 40.1808, 42.4689, 40.2105, 40.1808, 40.1808, 40.1808, 40.1808, 40.1808, 40.1808, 40.1808, 40.1808, 40.1808, 40.1808, 40.1808, 40.1808, 40.1808, 40.1808, 40.1808, 40.1904, 40.1808
5.25269, 32.9623, 42.8174, 40.3006, 5.9129, -9.85504, 0, 40.3006, 40.3007, 40.3006, 42.7767, 40.3307, 40.3006, 40.3006, 40.3006, 40.3006, 40.3006, 40.3006, 40.3006, 40.3006, 40.3006, 40.3006, 40.3006, 40.3006, 40.3006, 40.3006, 40.3006, 40.3112, 40.3006
5.26056, 36.9623, 43.121, 40.42, 6.24198, -6.1587, 0, 40.42, 40.42, 40.42, 43.0789, 40.4504, 40.42, 40.42, 40.42, 40.42, 40.42, 40.42, 40.42, 40.42, 40.42, 40.42, 40.42, 40.42, 40.42, 40.42, 40.42, 40.4316, 40.42
5.26844, 33.1859, 43.4147, 40.5389, 5.93177, -10.2287, 0, 40.5389, 40.5389, 40.5389, 43.371, 40.5697, 40.5389, 40.5389, 40.5389, 40.5389, 40.5389, 40.5389, 40.5389, 40.5389, 40.5389, 40.5389, 40.5389, 40.5389, 40.5389, 40.5389, 40.5389, 40.5516, 40.5389
5.27631, 40.0793, 43.6937, 40.6572, 6.48686, -3.61442, 0, 40.6573, 40.6573, 40.6573, 43.6485, 40.6884, 40.6572, 40.6572, 40.6572, 40.6572, 40.6572, 40.6572, 40.6572, 40.6572, 40.6572, 40.6572, 40.6572, 40.6572, 40.6573, 40.6572, 40.6572, 40.6712, 40.6572
5.28418, 27.4851, 43.9538, 40.7752, 5.43002, -16.4687, 0, 40.7752, 40.7752, 40.7752, 43.907, 40.8067, 40.7752, 40.7752, 40.7752, 40.7752, 40.7752, 40.7752, 40.7752, 40.7752, 40.7752, 40.7752, 40.7752, 40.7752, 40.7752, 40.7752, 40.7752, 40.7904, 40.7752
5.29205, 33.5025, 44.1908, 40.8926, 5.95839, -10.6883, 0, 40.8926, 40.8926, 40.8926, 44.1423, 40.9245, 40.8926, 40.8926, 40.8926, 40.8926, 40.8926, 40.8926, 40.8926, 40.8926, 40.8926, 40.8926, 40.8926, 40.8926, 40.8926, 40.8926, 40.8926, 40.9091, 40.8926
5.29992, 38.4143, 44.4013, 41.0094, 6.35723, -5.98693, 0, 41.0095, 41.0095, 41.0095, 44.3509, 41.0417, 41.0094, 41.0094, 41.0094, 41.0094, 41.0094, 41.0094, 41.0094, 41.0094, 41.0094, 41.0094, 41.0094, 41.0094, 41.0095, 41.0094, 41.0094, 41.0275, 41.0094
5.30779, 31.2418, 44.5824, 41.1258, 5.76557, -13.3407, 0, 41.1258, 41.1259, 41.1258, 44.5302, 41.1585, 41.1258, 41.1258, 41.1258, 41.1258, 41.1258, 41.1258, 41.1258, 41.1258, 41.1258, 41.1258, 41.1258, 41.1258, 41.1258, 41.1258, 41.1258, 41.1454, 41.1258
5.31566, 30.8236, 44.7324, 41.2416, 5.72919, -13.9088, 0, 41.2416, 41.2417, 41.2416, 44.6782, 41.2747, 41.2416, 41.2416, 41.2416, 41.2416, 41.2416, 41.2416, 41.2416, 41.2416, 41.2416, 41.2416, 41.2416, 41.2416, 41.2416, 41.2416, 41.2416, 41.2628, 41.2416
5.32353, 27.9573, 44.8505, 41.357, 5.47333, -16.8932, 0, 41.357, 41.357, 41.357, 44.7943, 41.3904, 41.357, 41.357, 41.357, 41.357, 41.357, 41.357, 41.357, 41.357, 41.357, 41.357, 41.357, 41.357, 41.357, 41.357, 41.357, 41.3798, 41.357
5.33141, 26.4066, 44.9369, 41.4717, 5.32978, -18.5302, 0, 41.4717, 41.4717, 41.4717, 44.8785, 41.5055, 41.4717, 41.4717, 41.4717, 41.4717, 41.4717, 41.4717, 41.4717, 41.4717, 41.4717, 41.4717, 41.4717, 41.4717, 41.4717, 41.4717, 41.4717, 41.4963, 41.4717
5.33928, 40.9147, 44.9927, 41.5859, 6.55093, -4.078, 0, 41.5859, 41.5859, 41.5859, 44.9321, 41.62, 41.5859, 41.5859, 41.5859, 41.5859, 41.5859, 41.5859, 41.5859, 41.5859, 41.5859, 41.5859, 41.5859, 41.5859, 41.5859, 41.5859, 41.5859, 41.6122, 41.5859
5.34715, 32.3279, 45.0202, 41.6995, 5.859, -12.6924, 0, 41.6995, 41.6995, 41.6995, 44.9574, 41.734, 41.6995, 41.6995, 41.6995, 41.6995, 41.6995, 41.6995, 41.6995, 41.6995, 41.6995, 41.6995, 41.6995, 41.6995, 41.6995, 41.6995, 41.6995, 41.7277, 41.6995
5.35502, 28.3524, 45.0225, 41.8125, 5.5093, -16.6701, 0, 41.8125, 41.8125, 41.8125, 44.9574, 41.8474, 41.8125, 41.8125, 41.8125, 41.8125, 41.8125, 41.8125, 41.8125, 41.8125, 41.8125, 41.8125, 41.8125, 41.8125, 41.8125, 41.8125, 41.8125, 41.8426, 41.8125
5.36289, 29.9647, 45.0033, 41.9249, 5.65373, -15.0386, 0, 41.9249, 41.925, 41.9249, 44.936, 41.9602, 41.9249, 41.9249, 41.9249, 41.9249, 41.9249, 41.9249, 41.9249, 41.9249, 41.9249, 41.9249, 41.9249, 41.9249, 41.9249, 41.9249, 41.9249, 41.9569, 41.9249
5.37076, 36.8026, 44.9667, 42.0367, 6.22917, -8.16405, 0, 42.0367, 42.0367, 42.0367, 44.8972, 42.0724, 42.0367, 42.0367, 42.0367, 42.0367, 42.0367, 42.0367, 42.0367, 42.0367, 42.0367, 42.0367, 42.0367, 42.0367, 42.0367, 42.0367, 42.0367, 42.0705, 42.0367
5.37863, 37.311, 44.9172, 42.1479, 6.26985, -7.6062, 0, 42.1479, 42.1479, 42.1479, 44.8456, 42.1839, 42.1479, 42.1479, 42.1479, 42.1479, 42.1479, 42.1479, 42.1479, 42.1479, 42.1479, 42.1479, 42.1479, 42.1479, 42.1479, 42.1479, 42.1479, 42.1834, 42.1479
5.3865, 29.6127, 44.8594, 42.2584, 5.62252, -15.2467, 0, 42.2584, 42.2585, 42.2584, 44.7858, 42.2949, 42.2584, 42.2584, 42.2584, 42.2584, 42.2584, 42.2584, 42.2584, 42.2584, 42.2584, 42.2584, 42.2584, 42.2584, 42.2584, 42.2584, 42.2584, 42.2956, 42.2584
5.39438, 33.6254, 44.7976, 42.3683, 5.9687, -11.1722, 0, 42.3683, 42.3684, 42.3683, 44.7222, 42.4052, 42.3683, 42.3683, 42.3683, 42.3683, 42.3683, 42.3683, 42.3683, 42.3683, 42.3683, 42.3683, 42.3683, 42.3683, 42.3683, 42.3683, 42.3683, 42.4069, 42.3683
5.40225, 30.1266, 44.736, 42.4776, 5.66803, -14.6094, 0, 42.4776, 42.4776, 42.4776, 44.6589, 42.5148, 42.4776, 42.4776, 42.4776, 42.4776, 42.4776, 42.4776, 42.4776, 42.4776, 42.4776, 42.4776, 42.4776, 42.4776, 42.4776, 42.4776, 42.4776, 42.5174, 42.4776
5.41012, 34.3043, 44.6781, 42.5862, 6.0253, -10.3739, 0, 42.5862, 42.5862, 42.5862, 44.5996, 42.6238, 42.5862, 42.5862, 42.5862, 42.5862, 42.5862, 42.5862, 42.5862, 42.5862, 42.5862, 42.5862, 42.5862, 42.5862, 42.5862, 42.5862, 42.5862, 42.627, 42.5862
5.41799, 31.6144, 44.6271, 42.6941, 5.7978, -13.0127, 0, 42.6941, 42.6941, 42.6941, 44.5475, 42.7321, 42.6941, 42.6941, 42.6941, 42.6941, 42.6941, 42.6941, 42.6941, 42.6941, 42.6941, 42.6941, 42.6941, 42.6941, 42.6941, 42.6941, 42.6941, 42.7357, 42.6941
5.42586, 31.8443, 44.5854, 42.8013, 5.81759, -12.7411, 0, 42.8013, 42.8014, 42.8013, 44.5049, 42.8397, 42.8013, 42.8013, 42.8013, 42.8013, 42.8013, 42.8013, 42.8013, 42.8013, 42.8013, 42.8013, 42.8013, 42.8013, 42.8013, 42.8013, 42.8013, 42.8434, 42.8013
5.43373, 27.3301, 44.5548, 42.9079, 5.41573, -17.2247, 0, 42.9079, 42.9079, 42.9079, 44.4738, 42.9467, 42.9079, 42.9079, 42.9079, 42.9079, 42.9079, 42.9079, 42.9079, 42.9079, 42.9079, 42.9079, 42.9079, 42.9079, 42.9079, 42.9079, 42.9079, 42.95, 42.9079
5.4416, 29.43, 44.5365, 43.0137, 5.60625, -15.1065, 0, 43.0137, 43.0138, 43.0137, 44.4553, 43.0529, 43.0137, 43.0137, 43.0137, 43.0137, 43.0137, 43.0137, 43.0137, 43.0137, 43.0137, 43.0137, 43.0137, 43.0137, 43.0137, 43.0137, 43.0137, 43.0556, 43.0137
5.44947, 19.7054, 44.5311, 43.1188, 4.65891, -24.8257, 0, 43.1188, 43.1189, 43.1188, 44.4501, 43.1584, 43.1188, 43.1188, 43.1188, 43.1188, 43.1188, 43.1188, 43.1188, 43.1188, 43.1188, 43.1188, 43.1188, 43.1188, 43.1188, 43.1188, 43.1188, 43.1602, 43.1188
5.45735, 18.4185, 44.5389, 43.2232, 4.51868, -26.1204, 0, 43.2232, 43.2233, 43.2232, 44.4583, 43.2632, 43.2232, 43.2232, 43.2232, 43.2232, 43.2232, 43.2232, 43.2232, 43.2232, 43.2232, 43.2232, 43.2232, 43.2232, 43.2232, 43.2232, 43.2232, 43.2637, 43.2232
5.46522, 33.2144, 44.5593, 43.3269, 5.93417, -11.345, 0, 43.3269, 43.3269, 43.3269, 44.4795, 43.3673, 43.3269, 43.3269, 43.3269, 43.3269, 43.3269, 43.3269, 43.3269, 43.3269, 43.3269, 43.3269, 43.3269, 43.3269, 43.3269, 43.3269, 43.3269, 43.3662, 43.3269
5.47309, 29.5361, 44.5919, 43.4298, 5.6157, -15.0558, 0, 43.4298, 43.4298, 43.4298, 44.5131, 43.4706, 43.4298, 43.4298, 43.4298, 43.4298, 43.4298, 43.4298, 43.4298, 43.4298, 43.4298, 43.4298, 43.4298, 43.4298, 43.4298, 43.4298, 43.4298, 43.4676, 43.4298
5.48096, 35.3876, 44.6356, 43.5319, 6.11454, -9.24802, 0, 43.5319, 43.532, 43.5319, 44.5581, 43.5732, 43.5319, 43.5319, 43.5319, 43.5319, 43.5319, 43.5319, 43.5319, 43.5319, 43.5319, 43.5319, 43.5319, 43.5319, 43.5319, 43.5319, 43.5319, 43.5681, 43.5319
5.48883, 28.7652, 44.6894, 43.6333, 5.54664, -15.9242, 0, 43.6333, 43.6333, 43.6333, 44.6134, 43.6749, 43.6333, 43.6333, 43.6333, 43.6333, 43.6333, 43.6333, 43.6333, 43.6333, 43.6333, 43.6333, 43.6333, 43.6333, 43.6333, 43.6333, 43.6333, 43.6675, 43.6333
5.4967, 25.1506, 44.7522, 43.7338, 5.21062, -19.6016, 0, 43.7338, 43.7339, 43.7338, 44.6778, 43.776, 43.7338, 43.7338, 43.7338, 43.7338, 43.7338, 43.7338, 43.7338, 43.7338, 43.7338, 43.7338, 43.7338, 43.7338, 43.7338, 43.7338, 43.7338, 43.766, 43.7338
5.50457, 20.7662, 44.8227, 43.8336, 4.77139, -24.0565, 0, 43.8336, 43.8337, 43.8336, 44.7499, 43.8762, 43.8336, 43.8336, 43.8336, 43.8336, 43.8336, 43.8336, 43.8336, 43.8336, 43.8336, 43.8336, 43.8336, 43.8336, 43.8336, 43.8336, 43.8336, 43.8637, 43.8336
5.51244, 28.5705, 44.8997, 43.9325, 5.52906, -16.3292, 0, 43.9326, 43.9326, 43.9326, 44.8287, 43.9757, 43.9325, 43.9325, 43.9325, 43.9325, 43.9325, 43.9325, 43.9325, 43.9325, 43.9325, 43.9325, 43.9325, 43.9325, 43.9326, 43.9325, 43.9325, 43.9604, 43.9325
5.52032, 26.1714, 44.9823, 44.0307, 5.30767, -18.8109, 0, 44.0307, 44.0307, 44.0307, 44.9129, 44.0743, 44.0307, 44.0307, 44.0307, 44.0307, 44.0307, 44.0307, 44.0307, 44.0307, 44.0307, 44.0307, 44.0307, 44.0307, 44.0307, 44.0307, 44.0307, 44.0563, 44.0307
5.52819, 20.22, 45.0693, 44.1279, 4.7138, -24.8493, 0, 44.1279, 44.128, 44.128, 45.0015, 44.1723, 44.1279, 44.1279, 44.1279, 44.1279, 44.1279, 44.1279, 44.1279, 44.1279, 44.1279, 44.1279, 44.1279, 44.1279, 44.1279, 44.1279, 44.1279, 44.1513, 44.1279
5.53606, 30.6649, 45.16, 44.2244, 5.71532, -14.4951, 0, 44.2244, 44.2245, 44.2244, 45.0936, 44.2695, 44.2244, 44.2244, 44.2244, 44.2244, 44.2244, 44.2244, 44.2244, 44.2244, 44.2244, 44.2244, 44.2244, 44.2244, 44.2244, 44.2244, 44.2244, 44.2456, 44.2244
5.54393, 23.4483, 45.2536, 44.32, 5.04464, -21.8053, 0, 44.32, 44.32, 44.32, 45.1882, 44.3661, 44.32, 44.32, 44.32, 44.32, 44.32, 44.32, 44.32, 44.32, 44.32, 44.32, 44.32, 44.32, 44.32, 44.32, 44.32, 44.3392, 44.32
5.5518, 19.5419, 45.3496, 44.4147, 4.64133, -25.8077, 0, 44.4147, 44.4147, 44.4147, 45.2848, 44.4622, 44.4147, 44.4147, 44.4147, 44.4147, 44.4147, 44.4147, 44.4147, 44.4147, 44.4147, 44.4147, 44.4147, 44.4147, 44.4147, 44.4147, 44.4147, 44.4319, 44.4147
5.55967, 19.623, 45.4476, 44.5085, 4.65005, -25.8246, 0, 44.5085, 44.5085, 44.5085, 45.3826, 44.558, 44.5085, 44.5085, 44.5085, 44.5085, 44.5085, 44.5085, 44.5085, 44.5085, 44.5085, 44.5085, 44.5085, 44.5085, 44.5085, 44.5085, 44.5085, 44.5238, 44.5085
5.56754, 27.4321, 45.5475, 44.6014, 5.42514, -18.1153, 0, 44.6014, 44.6015, 44.6014, 45.4813, 44.6538, 44.6014, 44.6014, 44.6014, 44.6014, 44.6014, 44.6014, 44.6014, 44.6014, 44.6014, 44.6014, 44.6014, 44.6014, 44.6014, 44.6014, 44.6014, 44.6151, 44.6014
5.57542, 30.9589, 45.6493, 44.6934, 5.74099, -14.6903, 0, 44.6934, 44.6935, 44.6935, 45.5804, 44.75, 44.6934, 44.6934, 44.6934, 44.6934, 44.6934, 44.6934, 44.6934, 44.6934, 44.6934, 44.6934, 44.6934, 44.6934, 44.6934, 44.6934, 44.6934, 44.7055, 44.6934
5.58329, 24.4105, 45.7535, 44.7845, 5.13912, -21.3429, 0, 44.7845, 44.7846, 44.7846, 45.6797, 44.8475, 44.7845, 44.7845, 44.7845, 44.7845, 44.7845, 44.7845, 44.7845, 44.7845, 44.7845, 44.7845, 44.7845, 44.7845, 44.7845, 44.7845, 44.7845, 44.7952, 44.7845
5.59116, 22.8745, 45.8608, 44.8747, 4.98744, -22.9863, 0, 44.8747, 44.8748, 44.8748, 45.7787, 44.9473, 44.8747, 44.8747, 44.8747, 44.8747, 44.8747, 44.8747, 44.8747, 44.8747, 44.8747, 44.8747, 44.8747, 44.8747, 44.8747, 44.8747, 44.8747, 44.8842, 44.8747
5.59903, 30.6713, 45.9727, 44.964, 5.71588, -15.3014, 0, 44.964, 44.964, 44.9641, 45.8774, 45.0508, 44.964, 44.964, 44.964, 44.964, 44.964, 44.964, 44.964, 44.964, 44.964, 44.964, 44.964, 44.964, 44.964, 44.964, 44.964, 44.9723, 44.964
5.6069, 20.9032, 46.0913, 45.0523, 4.78573, -25.1881, 0, 45.0523, 45.0523, 45.0524, 45.9756, 45.1605, 45.0523, 45.0523, 45.0523, 45.0523, 45.0523, 45.0523, 45.0523, 45.0523, 45.0523, 45.0523, 45.0523, 45.0523, 45.0523, 45.0523, 45.0523, 45.0596, 45.0523
5.61477, 27.1712, 46.2196, 45.1397, 5.40104, -19.0484, 0, 45.1397, 45.1397, 45.1398, 46.0732, 45.2795, 45.1397, 45.1397, 45.1397, 45.1397, 45.1397, 45.1397, 45.1397, 45.1397, 45.1397, 45.1397, 45.1397, 45.1397, 45.1397, 45.1397, 45.1397, 45.1461, 45.1397
5.62264, 27.6724, 46.362, 45.2261, 5.44724, -18.6896, 0, 45.2261, 45.2261, 45.2262, 46.1701, 45.4122, 45.2261, 45.2261, 45.2261, 45.2261, 45.2261, 45.2261, 45.2261, 45.2261, 45.2261, 45.2261, 45.2261, 45.2261, 45.2261, 45.2261, 45.2261, 45.2317, 45.2261
5.63051, 29.0103, 46.5246, 45.3115, 5.56869, -17.5143, 0, 45.3115, 45.3116, 45.3117, 46.2662, 45.5647, 45.3115, 45.3115, 45.3115, 45.3115, 45.3115, 45.3115, 45.3115, 45.3115, 45.3115, 45.3115, 45.3115, 45.3115, 45.3115, 45.3115, 45.3115, 45.3165, 45.3115
5.63839, 27.9285, 46.7154, 45.396, 5.47069, -18.7869, 0, 45.396, 45.396, 45.3962, 46.3615, 45.7452, 45.396, 45.396, 45.396, 45.396, 45.396, 45.396, 45.396, 45.396, 45.396, 45.396, 45.396, 45.396, 45.396, 45.396, 45.396, 45.4004, 45.396
5.64626, 24.2124, 46.9455, 45.4795, 5.1198, -22.7331, 0, 45.4795, 45.4795, 45.4797, 46.4559, 45.9649, 45.4795, 45.4795, 45.4795, 45.4795, 45.4795, 45.4795, 45.4795, 45.4795, 45.4795, 45.4795, 45.4795, 45.4795, 45.4795, 45.4795, 45.4795, 45.4834, 45.4795
5.65413, 32.9831, 47.2291, 45.5619, 5.91466, -14.246, 0, 45.5619, 45.562, 45.5621, 46.5494, 46.2379, 45.5619, 45.5619, 45.5619, 45.5619, 45.5619, 45.5619, 45.5619, 45.5619, 45.5619, 45.5619, 45.5619, 45.5619, 45.5619, 45.5619, 45.5619, 45.5654, 45.5619
5.662, 34.209, 47.5848, 45.6434, 6.01739, -13.3758, 0, 45.6434, 45.6434, 45.6436, 46.642, 46.5828, 45.6434, 45.6434, 45.6434, 45.6434, 45.6434, 45.6434, 45.6434, 45.6434, 45.6434, 45.6434, 45.6434, 45.6434, 45.6434, 45.6434, 45.6434, 45.6465, 45.6434
5.66987, 28.2174, 48.0357, 45.7238, 5.49703, -19.8184, 0, 45.7238, 45.7239, 45.7241, 46.7337, 47.0228, 45.7238, 45.7238, 45.7238, 45.7238, 45.7238, 45.7238, 45.7238, 45.7238, 45.7238, 45.7238, 45.7238, 45.7238, 45.7238, 45.7238, 45.7238, 45.7266, 45.7238
5.67774, 31.966, 48.6108, 45.8032, 5.82803, -16.6449, 0, 45.8032, 45.8033, 45.8035, 46.8244, 47.5869, 45.8032, 45.8032, 45.8032, 45.8032, 45.8032, 45.8032, 45.8032, 45.8032, 45.8032, 45.8032, 45.8032, 45.8032, 45.8032, 45.8032, 45.8032, 45.8057, 45.8032
5.68561, 26.1971, 49.345, 45.8815, 5.3101, -23.1479, 0, 45.8816, 45.8816, 45.8819, 46.914, 48.31, 45.8815, 45.8815, 45.8815, 45.8815, 45.8815, 45.8815, 45.8815, 45.8815, 45.8815, 45.8815, 45.8815, 45.8815, 45.8816, 45.8815, 45.8815, 45.8837, 45.8815
5.69348, 31.7361, 50.28, 45.9588, 5.80828, -18.544, 0, 45.9588, 45.9589, 45.9592, 47.0027, 49.2338, 45.9588, 45.9588, 45.9588, 45.9588, 45.9588, 45.9588, 45.9588, 45.9588, 45.9588, 45.9588, 45.9588, 45.9588, 45.9588, 45.9588, 45.9588, 45.9608, 45.9588
5.70136, 34.7047, 51.4645, 46.035, 6.05844, -16.7598, 0, 46.035, 46.0351, 46.0354, 47.0904, 50.4071, 46.035, 46.035, 46.035, 46.035, 46.035, 46.035, 46.035, 46.035, 46.035, 46.035, 46.035, 46.035, 46.035, 46.035, 46.035, 46.0368, 46.035
5.70923, 38.6447, 52.9534, 46.1101, 6.37532, -14.3088, 0, 46.1101, 46.1102, 46.1105, 47.1769, 51.8846, 46.1101, 46.1101, 46.1101, 46.1101, 46.1101, 46.1101, 46.1101, 46.1101, 46.1101, 46.1101, 46.1101, 46.1101, 46.1101, 46.1101, 46.1101, 46.1117, 46.1101
5.7171, 40.4188, 54.8079, 46.1841, 6.51297, -14.3891, 0, 46.1841, 46.1842, 46.1845, 47.2625, 53.7277, 46.1841, 46.1841, 46.1841, 46.1841, 46.1841, 46.1841, 46.1841, 46.1841, 46.1841, 46.1841, 46.1841, 46.1841, 46.1841, 46.1841, 46.1841, 46.1855, 46.1841
5.72497, 39.4834, 57.0935, 46.257, 6.44076, -17.6101, 0, 46.257, 46.2571, 46.2574, 47.347, 56.0018, 46.257, 46.257, 46.257, 46.257, 46.257, 46.257, 46.257, 46.257, 46.257, 46.257, 46.257, 46.257, 46.257, 46.257, 46.257, 46.2582, 46.257
5.73284, 42.3082, 59.8777, 46.3288, 6.65644, -17.5695, 0, 46.3288, 46.3288, 46.3291, 47.4304, 58.7746, 46.3288, 46.3288, 46.3288, 46.3288, 46.3288, 46.3288, 46.3288, 46.3288, 46.3288, 46.3288, 46.3288, 46.3288, 46.3288, 46.3288, 46.3288, 46.3298, 46.3288
5.74071, 45.3155, 63.2283, 46.3994, 6.87863, -17.9128, 0, 46.3994, 46.3994, 46.3997, 47.5126, 62.1136, 46.3994, 46.3994, 46.3994, 46.3994, 46.3994, 46.3994, 46.3994, 46.3994, 46.3994, 46.3994, 46.3994, 46.3994, 46.3994, 46.3994, 46.3994, 46.4003, 46.3994
5.74858, 53.7486, 67.2079, 46.4688, 7.4665, -13.4594, 0, 46.4688, 46.4689, 46.4692, 47.5938, 66.0817, 46.4688, 46.4688, 46.4688, 46.4688, 46.4688, 46.4688, 46.4688, 46.4688, 46.4688, 46.4688, 46.4688, 46.4688, 46.4688, 46.4688, 46.4688, 46.4696, 46.4688
5.75645, 63.4269, 71.8716, 46.5371, 8.08869, -8.44468, 0, 46.5371, 46.5372, 46.5375, 47.6739, 70.7337, 46.5371, 46.5371, 46.5371, 46.5371, 46.5371, 46.5371, 46.5371, 46.5371, 46.5371, 46.5371, 46.5371, 46.5371, 46.5371, 46.5371, 46.5371, 46.5378, 46.5371
5.76433, 77.751, 77.2607, 46.6043, 8.93034, 0.490288, 0, 46.6043, 46.6043, 46.6046, 47.7528, 76.1111, 46.6043, 46.6043, 46.6043, 46.6043, 46.6043, 46.6043, 46.6043, 46.6043, 46.6043, 46.6043, 46.6043, 46.6043, 46.6043, 46.6043, 46.6043, 46.6049, 46.6043
5.7722, 76.7623, 83.3974, 46.6702, 8.87481, -6.63509, 0, 46.6702, 46.6703, 46.6706, 47.8306, 82.2361, 46.6702, 46.6702, 46.6702, 46.6702, 46.6702, 46.6702, 46.6702, 46.6702, 46.6702, 46.6702, 46.6702, 46.6702, 46.6702, 46.6702, 46.6702, 46.6707, 46.6702
5.78007, 96.0679, 90.281, 46.735, 9.90292, 5.78695, 0, 46.735, 46.7351, 46.7353, 47.9073, 89.1079, 46.735, 46.735, 46.735, 46.735, 46.735, 46.735, 46.735, 46.735, 46.735, 46.735, 46.735, 46.735, 46.735, 46.735, 46.735, 46.7355, 46.735
5.78794, 81.8996, 97.8826, 46.7987, 9.15967, -15.983, 0, 46.7987, 46.7987, 46.799, 47.9828, 96.6978, 46.7987, 46.7987, 46.7987, 46.7987, 46.7987, 46.7987, 46.7987, 46.7987, 46.7987, 46.7987, 46.7987, 46.7987, 46.7987, 46.7987, 46.7987, 46.799, 46.7987
5.79581, 103.833, 106.14, 46.8611, 10.2875, -2.30672, 0, 46.8611, 46.8611, 46.8613, 48.0571, 104.943, 46.8611, 46.8611, 46.8611, 46.8611, 46.8611, 46.8611, 46.8611, 46.8611, 46.8611, 46.8611, 46.8611, 46.8611, 46.8611, 46.8611, 46.8611, 46.8614, 46.8611
5.80368, 102.329, 114.957, 46.9224, 10.2141, -12.6284, 0, 46.9224, 46.9224, 46.9226, 48.1304, 113.749, 46.9224, 46.9224, 46.9224, 46.9224, 46.9224, 46.9224, 46.9224, 46.9224, 46.9224, 46.9224, 46.9224, 46.9224, 46.9224, 46.9224, 46.9224, 46.9226, 46.9224
5.81155, 122.519, 124.202, 46.9825, 11.1588, -1.68359, 0, 46.9825, 46.9825, 46.9827, 48.2025, 122.982, 46.9825, 46.9825, 46.9825, 46.9825, 46.9825, 46.9825, 46.9825, 46.9825, 46.9825, 46.9825, 46.9825, 46.9825, 46.9825, 46.9825, 46.9825, 46.9827, 46.9825
5.81942, 123.26, 133.709, 47.0415, 11.1919, -10.4498, 0, 47.0415, 47.0415, 47.0417, 48.2735, 132.477, 47.0415, 47.0415, 47.0415, 47.0415, 47.0415, 47.0415, 47.0415, 47.0415, 47.0415, 47.0415, 47.0415, 47.0415, 47.0415, 47.0415, 47.0415, 47.0416, 47.0415
5.8273, 148.55, 143.283, 47.0993, 12.2699, 5.26704, 0, 47.0993, 47.0994, 47.0995, 48.3435, 142.039, 47.0993, 47.0993, 47.0993, 47.0993, 47.0993, 47.0993, 47.0993, 47.0993, 47.0993, 47.0993, 47.0993, 47.0993, 47.0993, 47.0993, 47.0993, 47.0995, 47.0993
5.83517, 178.408, 152.701, 47.1562, 13.4316, 25.7075, 0, 47.1562, 47.1562, 47.1563, 48.4124, 151.444, 47.1562, 47.1562, 47.1562, 47.1562, 47.1562, 47.1562, 47.1562, 47.1562, 47.1562, 47.1562, 47.1562, 47.1562, 47.1562, 47.1562, 47.1562, 47.1563, 47.1562
5.84304, 148.281, 161.725, 47.2119, 12.2589, -13.4441, 0, 47.2119, 47.212, 47.2121, 48.4803, 160.456, 47.2119, 47.2119, 47.2119, 47.2119, 47.2119, 47.2119, 47.2119, 47.2119, 47.2119, 47.2119, 47.2119, 47.2119, 47.2119, 47.2119, 47.2119, 47.212, 47.2119
5.85091, 180.57, 170.111, 47.2668, 13.5119, 10.4596, 0, 47.2668, 47.2668, 47.2669, 48.5473, 168.83, 47.2668, 47.2668, 47.2668, 47.2668, 47.2668, 47.2668, 47.2668, 47.2668, 47.2668, 47.2668, 47.2668, 47.2668, 47.2668, 47.2668, 47.2668, 47.2668, 47.2668
5.85878, 178.121, 177.616, 47.3207, 13.4209, 0.504761, 0, 47.3207, 47.3207, 47.3208, 48.6134, 176.323, 47.3207, 47.3207, 47.3207, 47.3207, 47.3207, 47.3207, 47.3207, 47.3207, 47.3207, 47.3207, 47.3207, 47.3207, 47.3207, 47.3207, 47.3207, 47.3207, 47.3207
5.86665, 191.703, 184.016, 47.3738, 13.9177, 7.68718, 0, 47.3738, 47.3738, 47.3739, 48.6788, 182.711, 47.3738, 47.3738, 47.3738, 47.3738, 47.3738, 47.3738, 47.3738, 47.3738, 47.3738, 47.3738, 47.3738, 47.3738, 47.3738, 47.3738, 47.3738, 47.3738, 47.3738
5.87452, 183.495, 189.111, 47.4263, 13.6197, -5.61609, 0, 47.4263, 47.4263, 47.4263, 48.7436, 187.794, 47.4263, 47.4263, 47.4263, 47.4263, 47.4263, 47.4263, 47.4263, 47.4263, 47.4263, 47.4263, 47.4263, 47.4263, 47.4263, 47.4263, 47.4263, 47.4263, 47.4263
5.88239, 190.286, 192.74, 47.4781, 13.8667, -2.45375, 0, 47.4781, 47.4782, 47.4782, 48.8078, 191.41, 47.4781, 47.4781, 47.4781, 47.4781, 47.4781, 47.4781, 47.4781, 47.4781, 47.4781, 47.4781, 47.4781, 47.4781, 47.4781, 47.4781, 47.4781, 47.4781, 47.4781
5.89027, 223.743, 194.787, 47.5295, 15.0247, 28.9557, 0, 47.5295, 47.5296, 47.5296, 48.8717, 193.445, 47.5295, 47.5295, 47.5295, 47.5295, 47.5295, 47.5295, 47.5295, 47.5295, 47.5295, 47.5295, 47.5295, 47.5295, 47.5295, 47.5295, 47.5295, 47.5295, 47.5295
5.89814, 186.679, 195.189, 47.5806, 13.736, -8.51001, 0, 47.5806, 47.5807, 47.5807, 48.9353, 193.834, 47.5806, 47.5806, 47.5806, 47.5806, 47.5806, 47.5806, 47.5806, 47.5806, 47.5806, 47.5806, 47.5806, 47.5806, 47.5806, 47.5806, 47.5806, 47.5807, 47.5806
5.90601, 230.958, 193.938, 47.6316, 15.263, 37.0202, 0, 47.6317, 47.6317, 47.6317, 48.9989, 192.57, 47.6316, 47.6316, 47.6316, 47.6316, 47.6316, 47.6316, 47.6316, 47.6316, 47.6316, 47.6316, 47.6316, 47.6316, 47.6317, 47.6316, 47.6316, 47.6317, 47.6316
5.91388, 198.424, 191.081, 47.6827, 14.1571, 7.34274, 0, 47.6827, 47.6828, 47.6828, 49.0626, 189.701, 47.6827, 47.6827, 47.6827, 47.6827, 47.6827, 47.6827, 47.6827, 47.6827, 47.6827, 47.6827, 47.6827, 47.6827, 47.6827, 47.6827, 47.6827, 47.6827, 47.6827
5.92175, 196.079, 186.721, 47.7341, 14.0741, 9.35834, 0, 47.7341, 47.7341, 47.7341, 49.1266, 185.328, 47.7341, 47.7341, 47.7341, 47.7341, 47.7341, 47.7341, 47.7341, 47.7341, 47.7341, 47.7341, 47.7341, 47.7341, 47.7341, 47.7341, 47.7341, 47.7341, 47.7341
5.92962, 221.717, 181.004, 47.7859, 14.9572, 40.7132, 0, 47.7859, 47.7859, 47.7859, 49.1912, 179.599, 47.7859, 47.7859, 47.7859, 47.7859, 47.7859, 47.7859, 47.7859, 47.7859, 47.7859, 47.7859, 47.7859, 47.7859, 47.7859, 47.7859, 47.7859, 47.7859, 47.7859
5.93749, 188.435, 174.118, 47.8384, 13.7998, 14.3162, 0, 47.8384, 47.8384, 47.8384, 49.2566, 172.7, 47.8384, 47.8384, 47.8384, 47.8384, 47.8384, 47.8384, 47.8384, 47.8384, 47.8384, 47.8384, 47.8384, 47.8384, 47.8384, 47.8384, 47.8384, 47.8384, 47.8384
5.94536, 179.136, 166.28, 47.8917, 13.4587, 12.856, 0, 47.8917, 47.8918, 47.8917, 49.3229, 164.849, 47.8917, 47.8917, 47.8917, 47.8917, 47.8917, 47.8917, 47.8917, 47.8917, 47.8917, 47.8917, 47.8917, 47.8917, 47.8917, 47.8917, 47.8917, 47.8917, 47.8917
5.95324, 151.525, 157.723, 47.9461, 12.3905, -6.19727, 0, 47.9461, 47.9462, 47.9461, 49.3904, 156.278, 47.9461, 47.9461, 47.9461, 47.9461, 47.9461, 47.9461, 47.9461, 47.9461, 47.9461, 47.9461, 47.9461, 47.9461, 47.9461, 47.9461, 47.9461, 47.9461, 47.9461
5.96111, 136.174, 148.688, 48.0017, 11.7547, -12.5138, 0, 48.0017, 48.0018, 48.0017, 49.4592, 147.23, 48.0017, 48.0017, 48.0017, 48.0017, 48.0017, 48.0017, 48.0017, 48.0017, 48.0017, 48.0017, 48.0017, 48.0017, 48.0017, 48.0017, 48.0017, 48.0017, 48.0017
5.96898, 131.144, 139.411, 48.0588, 11.5388, -8.26741, 0, 48.0588, 48.0588, 48.0588, 49.5298, 137.94, 48.0588, 48.0588, 48.0588, 48.0588, 48.0588, 48.0588, 48.0588, 48.0588, 48.0588, 48.0588, 48.0588, 48.0588, 48.0588, 48.0588, 48.0588, 48.0588, 48.0588
5.97685, 125.861, 130.116, 48.1174, 11.3076, -4.255, 0, 48.1174, 48.1174, 48.1174, 49.6022, 128.631, 48.1174, 48.1174, 48.1174, 48.1174, 48.1174, 48.1174, 48.1174, 48.1174, 48.1174, 48.1174, 48.1174, 48.1174, 48.1174, 48.1174, 48.1174, 48.1174, 48.1174
5.98472, 122.408, 121.003, 48.1776, 11.1538, 1.40561, 0, 48.1776, 48.1777, 48.1776, 49.6768, 119.503, 48.1776, 48.1776, 48.1776, 48.1776, 48.1776, 48.1776, 48.1776, 48.1776, 48.1776, 48.1776, 48.1776, 48.1776, 48.1776, 48.1776, 48.1776, 48.1776, 48.1776
5.99259, 104.226, 112.244, 48.2396, 10.3066, -8.01777, 0, 48.2396, 48.2397, 48.2396, 49.7538, 110.729, 48.2396, 48.2396, 48.2396, 48.2396, 48.2396, 48.2396, 48.2396, 48.2396, 48.2396, 48.2396, 48.2396, 48.2396, 48.2396, 48.2396, 48.2396, 48.2396, 48.2396
6.00046, 111.516, 103.981, 48.3035, 10.6544, 7.53535, 0, 48.3035, 48.3035, 48.3035, 49.8337, 102.45, 48.3035, 48.3035, 48.3035, 48.3035, 48.3035, 48.3035, 48.3035, 48.3035, 48.3035, 48.3035, 48.3035, 48.3035, 48.3035, 48.3035, 48.3035, 48.3035, 48.3035
6.00834, 104.718, 96.32, 48.3691, 10.3304, 8.39815, 0, 48.3691, 48.3691, 48.3691, 49.917, 94.772, 48.3691, 48.3691, 48.3691, 48.3691, 48.3691, 48.3691, 48.3691, 48.3691, 48.3691, 48.3691, 48.3691, 48.3691, 48.3691, 48.3691, 48.3691, 48.3691, 48.3691
6.01621, 92.8204, 89.3358, 48.4365, 9.73758, 3.48466, 0, 48.4365, 48.4365, 48.4365, 50.0049, 87.7673, 48.4365, 48.4365, 48.4365, 48.4365, 48.4365, 48.4365, 48.4365, 48.4365, 48.4365, 48.4365, 48.4365, 48.4365, 48.4365, 48.4365, 48.4365, 48.4365, 48.4365
6.02408, 78.928, 83.0715, 48.5057, 8.996, -4.14352, 0, 48.5057, 48.5057, 48.5057, 50.0987, 81.4784, 48.5057, 48.5057, 48.5057, 48.5057, 48.5057, 48.5057, 48.5057, 48.5057, 48.5057, 48.5057, 48.5057, 48.5057, 48.5057, 48.5057, 48.5057, 48.5057, 48.5057
6.03195, 60.4557, 77.5419, 48.5765, 7.90289, -17.0862, 0, 48.5765, 48.5765, 48.5765, 50.2009, 75.9174, 48.5765, 48.5765, 48.5765, 48.5765, 48.5765, 48.5765, 48.5765, 48.5765, 48.5765, 48.5765, 48.5765, 48.5765, 48.5765, 48.5765, 48.5765, 48.5765, 48.5765
6.03982, 64.0149, 72.7399, 48.6488, 8.12495, -8.72498, 0, 48.6488, 48.6489, 48.6488, 50.315, 71.0736, 48.6488, 48.6488, 48.6488, 48.6488, 48.6488, 48.6488, 48.6488, 48.6488, 48.6488, 48.6488, 48.6488, 48.6488, 48.6488, 48.6488, 48.6488, 48.6488, 48.6488
6.04769, 62.5908, 68.64, 48.7226, 8.03684, -6.04926, 0, 48.7226, 48.7227, 48.7226, 50.4468, 66.9157, 48.7226, 48.7226, 48.7226, 48.7226, 48.7226, 48.7226, 48.7226, 48.7226, 48.7226, 48.7226, 48.7226, 48.7226, 48.7226, 48.7226, 48.7226, 48.7226, 48.7226
6.05556, 56.0887, 65.2054, 48.7976, 7.62159, -9.11671, 0, 48.7976, 48.7977, 48.7976, 50.6052, 63.3977, 48.7976, 48.7976, 48.7976, 48.7976, 48.7976, 48.7976, 48.7976, 48.7976, 48.7976, 48.7976, 48.7976, 48.7976, 48.7976, 48.7976, 48.7976, 48.7976, 48.7976
6.06343, 54.0668, 62.394, 48.8737, 7.48778, -8.32713, 0, 48.8737, 48.8737, 48.8737, 50.8035, 60.4641, 48.8737, 48.8737, 48.8737, 48.8737, 48.8737, 48.8737, 48.8737, 48.8737, 48.8737, 48.8737, 48.8737, 48.8737, 48.8737, 48.8737, 48.8737, 48.8737, 48.8737
6.07131, 50.912, 60.1641, 48.9506, 7.27406, -9.25215, 0, 48.9506, 48.9507, 48.9506, 51.0619, 58.0527, 48.9506, 48.9506, 48.9506, 48.9506, 48.9506, 48.9506, 48.9506, 48.9506, 48.9506, 48.9506, 48.9506, 48.9506, 48.9506, 48.9506, 48.9506, 48.9506, 48.9506
6.07918, 41.8225, 58.4818, 49.0282, 6.61986, -16.6594, 0, 49.0282, 49.0283, 49.0282, 51.4105, 56.0995, 49.0282, 49.0282, 49.0282, 49.0282, 49.0282, 49.0282, 49.0282, 49.0282, 49.0282, 49.0282, 49.0282, 49.0282, 49.0282, 49.0282, 49.0282, 49.0283, 49.0282
6.08705, 39.2249, 57.3282, 49.1063, 6.42066, -18.1033, 0, 49.1063, 49.1063, 49.1063, 51.8932, 54.5412, 49.1063, 49.1063, 49.1063, 49.1063, 49.1063, 49.1063, 49.1063, 49.1063, 49.1063, 49.1063, 49.1063, 49.1063, 49.1063, 49.1063, 49.1063, 49.1063, 49.1063
6.09492, 47.4685, 56.7066, 49.1846, 7.03338, -9.23815, 0, 49.1846, 49.1847, 49.1846, 52.5738, 53.3173, 49.1846, 49.1846, 49.1846, 49.1846, 49.1846, 49.1846, 49.1846, 49.1846, 49.1846, 49.1846, 49.1846, 49.1846, 49.1846, 49.1846, 49.1846, 49.1847, 49.1846
6.10279, 57.7627, 56.6525, 49.2631, 7.73063, 1.11021, 0, 49.2631, 49.2631, 49.2631, 53.5431, 52.3723, 49.2631, 49.2631, 49.2631, 49.2631, 49.2631, 49.2631, 49.2631, 49.2631, 49.2631, 49.2631, 49.2631, 49.2631, 49.2631, 49.2631, 49.2631, 49.2632, 49.2631
6.11066, 49.6897, 57.2437, 49.3414, 7.18956, -7.554, 0, 49.3414, 49.3414, 49.3414, 54.9288, 51.656, 49.3414, 49.3414, 49.3414, 49.3414, 49.3414, 49.3414, 49.3414, 49.3414, 49.3414, 49.3414, 49.3414, 49.3414, 49.3414, 49.3414, 49.3414, 49.3415, 49.3414
6.11853, 51.4221, 58.6141, 49.4194, 7.30904, -7.19197, 0, 49.4194, 49.4195, 49.4194, 56.9086, 51.1246, 49.4194, 49.4194, 49.4194, 49.4194, 49.4194, 49.4194, 49.4194, 49.4194, 49.4194, 49.4194, 49.4194, 49.4194, 49.4194, 49.4194, 49.4194, 49.4196, 49.4194
6.1264, 61.1546, 60.9683, 49.4971, 7.94699, 0.186371, 0, 49.4971, 49.4971, 49.4971, 59.7247, 50.7404, 49.4971, 49.4971, 49.4971, 49.4971, 49.4971, 49.4971, 49.4971, 49.4971, 49.4971, 49.4971, 49.4971, 49.4971, 49.4971, 49.4971, 49.4971, 49.4973, 49.4971
6.13428, 60.9662, 64.6013, 49.5742, 7.93512, -3.6351, 0, 49.5742, 49.5742, 49.5742, 63.7035, 50.4716, 49.5742, 49.5742, 49.5742, 49.5742, 49.5742, 49.5742, 49.5742, 49.5742, 49.5742, 49.5742, 49.5742, 49.5742, 49.5742, 49.5742, 49.5742, 49.5745, 49.5742
6.14215, 72.1306, 69.9204, 49.6506, 8.60991, 2.21019, 0, 49.6506, 49.6507, 49.6506, 69.2784, 50.2921, 49.6506, 49.6506, 49.6506, 49.6506, 49.6506, 49.6506, 49.6506, 49.6506, 49.6506, 49.6506, 49.6506, 49.6506, 49.6506, 49.6506, 49.6506, 49.651, 49.6506
6.15002, 76.3215, 77.469, 49.7262, 8.84994, -1.14757, 0, 49.7262, 49.7263, 49.7263, 77.014, 50.1806, 49.7262, 49.7262, 49.7262, 49.7262, 49.7262, 49.7262, 49.7262, 49.7262, 49.7262, 49.7262, 49.7262, 49.7262, 49.7262, 49.7262, 49.7262, 49.7268, 49.7262
6.15789, 94.6848, 87.9573, 49.801, 9.83284, 6.7275, 0, 49.801, 49.801, 49.801, 87.6372, 50.1203, 49.801, 49.801, 49.801, 49.801, 49.801, 49.801, 49.801, 49.801, 49.801, 49.801, 49.801, 49.801, 49.801, 49.801, 49.801, 49.8017, 49.801
6.16576, 100.288, 102.287, 49.8748, 10.1138, -1.99912, 0, 49.8748, 49.8749, 49.8748, 102.063, 50.098, 49.8748, 49.8748, 49.8748, 49.8748, 49.8748, 49.8748, 49.8748, 49.8748, 49.8748, 49.8748, 49.8748, 49.8748, 49.8748, 49.8748, 49.8748, 49.8757, 49.8748
6.17363, 150.1, 121.587, 49.9476, 12.3329, 28.5128, 0, 49.9476, 49.9477, 49.9476, 121.43, 50.1034, 49.9476, 49.9476, 49.9476, 49.9476, 49.9476, 49.9476, 49.9476, 49.9476, 49.9476, 49.9476, 49.9476, 49.9476, 49.9476, 49.9476, 49.9476, 49.9487, 49.9476
6.1815, 170.089, 147.237, 50.0193, 13.1183, 22.8522, 0, 50.0193, 50.0194, 50.0193, 147.126, 50.1289, 50.0193, 50.0193, 50.0193, 50.0193, 50.0193, 50.0193, 50.0193, 50.0193, 50.0193, 50.0193, 50.0193, 50.0193, 50.0193, 50.0193, 50.0193, 50.0206, 50.0193
6.18937, 224.098, 180.885, 50.0899, 15.0365, 43.2124, 0, 50.0899, 50.09, 50.09, 180.805, 50.1689, 50.0899, 50.0899, 50.0899, 50.0899, 50.0899, 50.0899, 50.0899, 50.0899, 50.0899, 50.0899, 50.0899, 50.0899, 50.0899, 50.0899, 50.0899, 50.0915, 50.0899
6.19725, 268.748, 224.468, 50.1594, 16.4544, 44.2798, 0, 50.1594, 50.1595, 50.1594, 224.406, 50.2194, 50.1594, 50.1594, 50.1594, 50.1594, 50.1594, 50.1594, 50.1594, 50.1594, 50.1594, 50.1594, 50.1594, 50.1594, 50.1594, 50.1594, 50.1594, 50.1613, 50.1594
6.20512, 337.543, 280.209, 50.2277, 18.4267, 57.3335, 0, 50.2277, 50.2277, 50.2277, 280.157, 50.2778, 50.2277, 50.2277, 50.2277, 50.2277, 50.2277, 50.2277, 50.2277, 50.2277, 50.2277, 50.2277, 50.2277, 50.2277, 50.2277, 50.2277, 50.2277, 50.2299, 50.2277
6.21299, 400.667, 350.585, 50.2948, 20.0666, 50.0812, 0, 50.2948, 50.2948, 50.2948, 350.535, 50.3425, 50.2948, 50.2948, 50.2948, 50.2948, 50.2948, 50.2948, 50.2948, 50.2948, 50.2948, 50.2948, 50.2948, 50.2948, 50.2948, 50.2948, 50.2948, 50.2974, 50.2948
6.22086, 479.384, 438.309, 50.3606, 21.9405, 41.0744, 0, 50.3606, 50.3607, 50.3606, 438.254, 50.4129, 50.3606, 50.3606, 50.3606, 50.3606, 50.3606, 50.3606, 50.3606, 50.3606, 50.3606, 50.3606, 50.3606, 50.3606, 50.3606, 50.3606, 50.3606, 50.3637, 50.3606
6.22873, 611.142, 546.226, 50.4253, 24.7617, 64.9162, 0, 50.4253, 50.4253, 50.4253, 546.159, 50.4891, 50.4253, 50.4253, 50.4253, 50.4253, 50.4253, 50.4253, 50.4253, 50.4253, 50.4253, 50.4253, 50.4253, 50.4253, 50.4253, 50.4253, 50.4253, 50.4288, 50.4253
6.2366, 780.634, 677.248, 50.4887, 27.9756, 103.386, 0, 50.4887, 50.4888, 50.4887, 677.161, 50.572, 50.4887, 50.4887, 50.4887, 50.4887, 50.4887, 50.4887, 50.4887, 50.4887, 50.4887, 50.4887, 50.4887, 50.4887, 50.4887, 50.4887, 50.4887, 50.4927, 50.4887
6.24447, 893.173, 834.216, 50.5509, 29.9194, 58.9573, 0, 50.5509, 50.5509, 50.5509, 834.099, 50.6633, 50.5509, 50.5509, 50.5509, 50.5509, 50.5509, 50.5509, 50.5509, 50.5509, 50.5509, 50.5509, 50.5509, 50.5509, 50.5509, 50.5509, 50.5509, 50.5554, 50.5509
6.25234, 1083.87, 1019.7, 50.6118, 32.9526, 64.1736, 0, 50.6118, 50.6118, 50.6118, 1019.54, 50.7655, 50.6118, 50.6118, 50.6118, 50.6118, 50.6118, 50.6118, 50.6118, 50.6118, 50.6118, 50.6118, 50.6118, 50.6118, 50.6118, 50.6118, 50.6118, 50.6168, 50.6118
6.26022, 1360.1, 1235.88, 50.6714, 36.9066, 124.218, 0, 50.6714, 50.6715, 50.6714, 1235.66, 50.8818, 50.6714, 50.6714, 50.6714, 50.6714, 50.6714, 50.6714, 50.6714, 50.6714, 50.6714, 50.6714, 50.6714, 50.6714, 50.6714, 50.6714, 50.6714, 50.677, 50.6714
6.26809, 1557.25, 1484.31, 50.7298, 39.4873, 72.9408, 0, 50.7298, 50.7298, 50.7298, 1484.01, 51.0163, 50.7298, 50.7298, 50.7298, 50.7298, 50.7298, 50.7298, 50.7298, 50.7298, 50.7298, 50.7298, 50.7298, 50.7298, 50.7298, 50.7298, 50.7298, 50.736, 50.7298
6.27596, 1855.74, 1765.65, 50.7869, 43.1016, 90.0942, 0, 50.7869, 50.7869, 50.7869, 1765.26, 51.174, 50.7869, 50.7869, 50.7869, 50.7869, 50.7869, 50.7869, 50.7869, 50.7869, 50.7869, 50.7869, 50.7869, 50.7869, 50.7869, 50.7869, 50.7869, 50.7937, 50.7869
6.28383, 2220.32, 2079.6, 50.8427, 47.1414, 140.712, 0, 50.8427, 50.8427, 50.8427, 2079.08, 51.3612, 50.8427, 50.8427, 50.8427, 50.8427, 50.8427, 50.8427, 50.8427, 50.8427, 50.8427, 50.8427, 50.8427, 50.8427, 50.8427, 50.8427, 50.8427, 50.85, 50.8427
6.2917, 2487.92, 2424.55, 50.8971, 49.8991, 63.3647, 0, 50.8971, 50.8972, 50.8971, 2423.86, 51.5846, 50.8971, 50.8971, 50.8971, 50.8971, 50.8971, 50.8971, 50.8971, 50.8971, 50.8971, 50.8971, 50.8971, 50.8971, 50.8971, 50.8971, 50.8971, 50.9051, 50.8971
6.29957, 2853.88, 2797.58, 50.9502, 53.4404, 56.2998, 0, 50.9502, 50.9503, 50.9502, 2796.67, 51.8522, 50.9502, 50.9502, 50.9502, 50.9502, 50.9502, 50.9502, 50.9502, 50.9502, 50.9502, 50.9502, 50.9502, 50.9502, 50.9502, 50.9502, 50.9502, 50.9587, 50.9502
6.30744, 3327.5, 3194.29, 51.0019, 57.7018, 133.209, 0, 51.0019, 51.002, 51.002, 3193.11, 52.1727, 51.0019, 51.0019, 51.0019, 51.0019, 51.0019, 51.0019, 51.0019, 51.0019, 51.0019, 51.0019, 51.0019, 51.0019, 51.0019, 51.0019, 51.0019, 51.0109, 51.0019
6.31531, 3643.42, 3608.78, 51.0522, 60.3773, 34.6353, 0, 51.0522, 51.0523, 51.0522, 3607.27, 52.5554, 51.0522, 51.0522, 51.0522, 51.0522, 51.0522, 51.0522, 51.0522, 51.0522, 51.0522, 51.0522, 51.0522, 51.0522, 51.0522, 51.0522, 51.0522, 51.0617, 51.0522
6.32319, 4069.72, 4033.78, 51.101, 63.81, 35.9434, 0, 51.101, 51.101, 51.101, 4031.86, 53.01, 51.101, 51.101, 51.101, 51.101, 51.101, 51.101, 51.101, 51.101, 51.101, 51.101, 51.101, 51.101, 51.101, 51.101, 51.101, 51.1109, 51.101
6.33106, 4472.57, 4460.77, 51.1482, 66.8922, 11.8032, 0, 51.1482, 51.1482, 51.1482, 4458.36, 53.546, 51.1482, 51.1482, 51.1482, 51.1482, 51.1482, 51.1482, 51.1482, 51.1482, 51.1482, 51.1482, 51.1482, 51.1482, 51.1482, 51.1482, 51.1482, 51.1585, 51.1482
6.33893, 4897.33, 4880.16, 51.1936, 69.9952, 17.168, 0, 51.1936, 51.1937, 51.1936, 4877.17, 54.1723, 51.1936, 51.1936, 51.1936, 51.1936, 51.1936, 51.1936, 51.1936, 51.1936, 51.1936, 51.1936, 51.1936, 51.1936, 51.1936, 51.1936, 51.1936, 51.2042, 51.1936
6.3468, 5162.82, 5281.8, 51.2373, 71.8667, -118.983, 0, 51.2373, 51.2373, 51.2373, 5278.13, 54.8968, 51.2373, 51.2373, 51.2373, 51.2373, 51.2373, 51.2373, 51.2373, 51.2373, 51.2373, 51.2373, 51.2373, 51.2373, 51.2373, 51.2373, 51.2373, 51.2481, 51.2373
6.35467, 5583.04, 5655.16, 51.2789, 74.7331, -72.1133, 0, 51.2789, 51.2789, 51.2789, 5650.7, 55.7252, 51.2789, 51.2789, 51.2789, 51.2789, 51.2789, 51.2789, 51.2789, 51.2789, 51.2789, 51.2789, 51.2789, 51.2789, 51.2789, 51.2789, 51.2789, 51.2899, 51.2789
6.36254, 5900.96, 5989.94, 51.3183, 76.8307, -88.9873, 0, 51.3183, 51.3184, 51.3183, 5984.59, 56.6612, 51.3183, 51.3183, 51.3183, 51.3183, 51.3183, 51.3183, 51.3183, 51.3183, 51.3183, 51.3183, 51.3183, 51.3183, 51.3183, 51.3183, 51.3183, 51.3295, 51.3183
6.37041, 6255.55, 6276.52, 51.3553, 79.1047, -20.9756, 0, 51.3553, 51.3554, 51.3554, 6270.16, 57.7049, 51.3553, 51.3553, 51.3553, 51.3553, 51.3553, 51.3553, 51.3553, 51.3553, 51.3553, 51.3553, 51.3553, 51.3553, 51.3553, 51.3553, 51.3553, 51.3666, 51.3553
6.37828, 6474.39, 6506.32, 51.3897, 80.4761, -31.9282, 0, 51.3897, 51.3897, 51.3897, 6498.85, 58.8526, 51.3897, 51.3897, 51.3897, 51.3897, 51.3897, 51.3897, 51.3897, 51.3897, 51.3897, 51.3897, 51.3897, 51.3897, 51.3897, 51.3897, 51.3897, 51.4009, 51.3897
6.38616, 6738.3, 6672.35, 51.4211, 82.0993, 65.9482, 0, 51.4211, 51.4211, 51.4211, 6663.67, 60.0962, 51.4211, 51.4211, 51.4211, 51.4211, 51.4211, 51.4211, 51.4211, 51.4211, 51.4211, 51.4211, 51.4211, 51.4211, 51.4211, 51.4211, 51.4211, 51.4322, 51.4211
6.39403, 6764.1, 6769.51, 51.4492, 82.2563, -5.41162, 0, 51.4492, 51.4492, 51.4492, 6759.52, 61.4229, 51.4492, 51.4492, 51.4492, 51.4492, 51.4492, 51.4492, 51.4492, 51.4492, 51.4492, 51.4492, 51.4492, 51.4492, 51.4492, 51.4492, 51.4492, 51.4601, 51.4492
6.4019, 6770.68, 6794.82, 51.4736, 82.2963, -24.1455, 0, 51.4736, 51.4737, 51.4737, 6783.47, 62.8147, 51.4736, 51.4736, 51.4736, 51.4736, 51.4736, 51.4736, 51.4736, 51.4736, 51.4736, 51.4736, 51.4736, 51.4736, 51.4736, 51.4736, 51.4736, 51.4844, 51.4736
6.40977, 6705.13, 6747.65, 51.4941, 81.8971, -42.5127, 0, 51.4941, 51.4941, 51.4941, 6734.88, 64.2493, 51.4941, 51.4941, 51.4941, 51.4941, 51.4941, 51.4941, 51.4941, 51.4941, 51.4941, 51.4941, 51.4941, 51.4941, 51.4941, 51.4941, 51.4941, 51.5046, 51.4941
6.41764, 6591.54, 6629.66, 51.5101, 81.2006, -38.127, 0, 51.5101, 51.5102, 51.5102, 6615.46, 65.6991, 51.5101, 51.5101, 51.5101, 51.5101, 51.5101, 51.5101, 51.5101, 51.5101, 51.5101, 51.5101, 51.5101, 51.5101, 51.5101, 51.5101, 51.5101, 51.5203, 51.5101
6.42551, 6461.64, 6444.79, 51.5214, 80.3967, 16.8511, 0, 51.5214, 51.5214, 51.5214, 6429.16, 67.1335, 51.5214, 51.5214, 51.5214, 51.5214, 51.5214, 51.5214, 51.5214, 51.5214, 51.5214, 51.5214, 51.5214, 51.5214, 51.5214, 51.5214, 51.5214, 51.5312, 51.5214
6.43338, 6296.18, 6198.92, 51.5276, 79.3611, 97.2549, 0, 51.5276, 51.5276, 51.5276, 6181.92, 68.519, 51.5276, 51.5276, 51.5276, 51.5276, 51.5276, 51.5276, 51.5276, 51.5276, 51.5276, 51.5276, 51.5276, 51.5276, 51.5276, 51.5276, 51.5276, 51.5371, 51.5276
6.44126, 5829.66, 5899.75, 51.5283, 76.3653, -70.0854, 0, 51.5283, 51.5283, 51.5283, 5881.44, 69.8203, 51.5283, 51.5283, 51.5283, 51.5283, 51.5283, 51.5283, 51.5283, 51.5283, 51.5283, 51.5283, 51.5283, 51.5283, 51.5283, 51.5283, 51.5283, 51.5374, 51.5283
6.44913, 5565.97, 5556.18, 51.5232, 74.6188, 9.78564, 0, 51.5233, 51.5233, 51.5233, 5536.69, 71.0022, 51.5232, 51.5232, 51.5232, 51.5232, 51.5232, 51.5232, 51.5232, 51.5232, 51.5232, 51.5232, 51.5232, 51.5232, 51.5233, 51.5232, 51.5232, 51.532, 51.5232
6.457, 5223.16, 5178.02, 51.5123, 72.2852, 45.1382, 0, 51.5123, 51.5123, 51.5123, 5157.49, 72.0312, 51.5123, 51.5123, 51.5123, 51.5123, 51.5123, 51.5123, 51.5123, 51.5123, 51.5123, 51.5123, 51.5123, 51.5123, 51.5123, 51.5123, 51.5123, 51.5206, 51.5123
6.46487, 4935.2, 4775.54, 51.4953, 70.2652, 159.661, 0, 51.4953, 51.4953, 51.4953, 4754.15, 72.8766, 51.4953, 51.4953, 51.4953, 51.4953, 51.4953, 51.4953, 51.4953, 51.4953, 51.4953, 51.4953, 51.4953, 51.4953, 51.4953, 51.4953, 51.4953, 51.5032, 51.4953
6.47274, 4367.13, 4358.87, 51.4721, 66.0994, 8.25879, 0, 51.4721, 51.4722, 51.4722, 4336.82, 73.5126, 51.4721, 51.4721, 51.4721, 51.4721, 51.4721, 51.4721, 51.4721, 51.4721, 51.4721, 51.4721, 51.4721, 51.4721, 51.4721, 51.4721, 51.4721, 51.4797, 51.4721
6.48061, 4003.71, 3937.8, 51.443, 63.2907, 65.9111, 0, 51.443, 51.4431, 51.4431, 3915.32, 73.9189, 51.443, 51.443, 51.443, 51.443, 51.443, 51.443, 51.443, 51.443, 51.443, 51.443, 51.443, 51.443, 51.443, 51.443, 51.443, 51.4502, 51.443
6.48848, 3497.79, 3521.25, 51.4081, 59.159, -23.4653, 0, 51.4081, 51.4081, 51.4081, 3498.57, 74.0824, 51.4081, 51.4081, 51.4081, 51.4081, 51.4081, 51.4081, 51.4081, 51.4081, 51.4081, 51.4081, 51.4081, 51.4081, 51.4081, 51.4081, 51.4081, 51.4149, 51.4081
6.49635, 3128.14, 3117.04, 51.3676, 55.9476, 11.0972, 0, 51.3676, 51.3677, 51.3677, 3094.4, 73.9977, 51.3676, 51.3676, 51.3676, 51.3676, 51.3676, 51.3676, 51.3676, 51.3676, 51.3676, 51.3676, 51.3676, 51.3676, 51.3676, 51.3676, 51.3676, 51.3741, 51.3676
6.50423, 2826.56, 2731.8, 51.3221, 53.1842, 94.7649, 0, 51.3221, 51.3222, 51.3222, 2709.45, 73.667, 51.3221, 51.3221, 51.3221, 51.3221, 51.3221, 51.3221, 51.3221, 51.3221, 51.3221, 51.3221, 51.3221, 51.3221, 51.3221, 51.3221, 51.3221, 51.3282, 51.3221
6.5121, 2405.03, 2370.7, 51.2721, 49.0615, 34.3279, 0, 51.2721, 51.2722, 51.2722, 2348.87, 73.1006, 51.2721, 51.2721, 51.2721, 51.2721, 51.2721, 51.2721, 51.2721, 51.2721, 51.2721, 51.2721, 51.2721, 51.2721, 51.2721, 51.2721, 51.2721, 51.2779, 51.2721
6.51997, 2038.82, 2037.52, 51.2183, 45.1755, 1.30237, 0, 51.2183, 51.2184, 51.2184, 2016.42, 72.3157, 51.2183, 51.2183, 51.2183, 51.2183, 51.2183, 51.2183, 51.2183, 51.2183, 51.2183, 51.2183, 51.2183, 51.2183, 51.2183, 51.2183, 51.2183, 51.2237, 51.2183
6.52784, 1795.7, 1734.72, 51.1614, 42.3993, 60.9736, 0, 51.1614, 51.1614, 51.1614, 1714.54, 71.336, 51.1614, 51.1614, 51.1614, 51.1614, 51.1614, 51.1614, 51.1614, 51.1614, 51.1614, 51.1614, 51.1614, 51.1614, 51.1614, 51.1614, 51.1614, 51.1665, 51.1614
6.53571, 1536.31, 1463.45, 51.1021, 39.2212, 72.8567, 0, 51.1021, 51.1022, 51.1022, 1444.36, 70.1903, 51.1021, 51.1021, 51.1021, 51.1021, 51.1021, 51.1021, 51.1021, 51.1021, 51.1021, 51.1021, 51.1021, 51.1021, 51.1021, 51.1021, 51.1021, 51.1069, 51.1021
6.54358, 1265.48, 1223.81, 51.0414, 35.6017, 41.672, 0, 51.0415, 51.0415, 51.0415, 1205.93, 68.9111, 51.0414, 51.0414, 51.0414, 51.0414, 51.0414, 51.0414, 51.0414, 51.0414, 51.0414, 51.0414, 51.0414, 51.0414, 51.0415, 51.0414, 51.0414, 51.0459, 51.0414
6.55145, 1065.53, 1014.93, 50.9801, 32.6731, 50.5999, 0, 50.9802, 50.9802, 50.9802, 998.374, 67.5328, 50.9801, 50.9801, 50.9801, 50.9801, 50.9801, 50.9801, 50.9801, 50.9801, 50.9801, 50.9801, 50.9801, 50.9801, 50.9802, 50.9801, 50.9801, 50.9843, 50.9801
6.55932, 904.466, 835.228, 50.9191, 30.1076, 69.2381, 0, 50.9191, 50.9192, 50.9192, 820.053, 66.0907, 50.9191, 50.9191, 50.9191, 50.9191, 50.9191, 50.9191, 50.9191, 50.9191, 50.9191, 50.9191, 50.9191, 50.9191, 50.9191, 50.9191, 50.9191, 50.9229, 50.9191
6.5672, 715.19, 682.606, 50.8591, 26.7804, 32.5834, 0, 50.8591, 50.8591, 50.8591, 668.843, 64.619, 50.8591, 50.8591, 50.8591, 50.8591, 50.8591, 50.8591, 50.8591, 50.8591, 50.8591, 50.8591, 50.8591, 50.8591, 50.8591, 50.8591, 50.8591, 50.8626, 50.8591
6.57507, 594.122, 554.583, 50.8008, 24.4156, 39.5387, 0, 50.8008, 50.8009, 50.8008, 542.231, 63.1499, 50.8008, 50.8008, 50.8008, 50.8008, 50.8008, 50.8008, 50.8008, 50.8008, 50.8008, 50.8008, 50.8008, 50.8008, 50.8008, 50.8008, 50.8008, 50.804, 50.8008
6.58294, 505.793, 448.492, 50.7449, 22.5343, 57.3008, 0, 50.7449, 50.745, 50.745, 437.522, 61.712, 50.7449, 50.7449, 50.7449, 50.7449, 50.7449, 50.7449, 50.7449, 50.7449, 50.7449, 50.7449, 50.7449, 50.7449, 50.7449, 50.7449, 50.7449, 50.7478, 50.7449
6.59081, 400.5, 361.633, 50.692, 20.0624, 38.867, 0, 50.692, 50.692, 50.692, 351.992, 60.3304, 50.692, 50.692, 50.692, 50.692, 50.692, 50.692, 50.692, 50.692, 50.692, 50.692, 50.692, 50.692, 50.692, 50.692, 50.692, 50.6946, 50.692
6.59868, 298.772, 291.343, 50.6424, 17.3428, 7.42953, 0, 50.6424, 50.6424, 50.6424, 282.958, 59.0249, 50.6424, 50.6424, 50.6424, 50.6424, 50.6424, 50.6424, 50.6424, 50.6424, 50.6424, 50.6424, 50.6424, 50.6424, 50.6424, 50.6424, 50.6424, 50.6447, 50.6424
6.60655, 250.241, 235.121, 50.5964, 15.8821, 15.1205, 0, 50.5964, 50.5965, 50.5965, 227.904, 57.8112, 50.5964, 50.5964, 50.5964, 50.5964, 50.5964, 50.5964, 50.5964, 50.5964, 50.5964, 50.5964, 50.5964, 50.5964, 50.5964, 50.5964, 50.5964, 50.5985, 50.5964
6.61442, 175.079, 190.657, 50.5544, 13.3071, -15.5781, 0, 50.5544, 50.5545, 50.5544, 184.509, 56.6998, 50.5544, 50.5544, 50.5544, 50.5544, 50.5544, 50.5544, 50.5544, 50.5544, 50.5544, 50.5544, 50.5544, 50.5544, 50.5544, 50.5544, 50.5544, 50.5562, 50.5544
6.62229, 144.272, 155.88, 50.5163, 12.0943, -11.6078, 0, 50.5163, 50.5163, 50.5163, 150.698, 55.6968, 50.5163, 50.5163, 50.5163, 50.5163, 50.5163, 50.5163, 50.5163, 50.5163, 50.5163, 50.5163, 50.5163, 50.5163, 50.5163, 50.5163, 50.5163, 50.5178, 50.5163
6.63017, 131.032, 128.982, 50.482, 11.5339, 2.05034, 0, 50.482, 50.4821, 50.482, 124.658, 54.8041, 50.482, 50.482, 50.482, 50.482, 50.482, 50.482, 50.482, 50.482, 50.482, 50.482, 50.482, 50.482, 50.482, 50.482, 50.482, 50.4833, 50.482
6.63804, 124.003, 108.399, 50.4515, 11.2251, 15.6046, 0, 50.4515, 50.4516, 50.4515, 104.828, 54.0205, 50.4515, 50.4515, 50.4515, 50.4515, 50.4515, 50.4515, 50.4515, 50.4515, 50.4515, 50.4515, 50.4515, 50.4515, 50.4515, 50.4515, 50.4515, 50.4526, 50.4515
6.64591, 89.3923, 92.8146, 50.4246, 9.55993, -3.42237, 0, 50.4246, 50.4247, 50.4246, 89.8967, 53.3414, 50.4246, 50.4246, 50.4246, 50.4246, 50.4246, 50.4246, 50.4246, 50.4246, 50.4246, 50.4246, 50.4246, 50.4246, 50.4246, 50.4246, 50.4246, 50.4255, 50.4246
6.65378, 84.8303, 81.1398, 50.4009, 9.31828, 3.69052, 0, 50.4009, 50.4011, 50.401, 78.7793, 52.7604, 50.4009, 50.4009, 50.4009, 50.4009, 50.4009, 50.4009, 50.4009, 50.4009, 50.4009, 50.4009, 50.4009, 50.4009, 50.4009, 50.4009, 50.4009, 50.4018, 50.4009
6.66165, 66.6949, 72.4822, 50.3803, 8.28824, -5.78731, 0, 50.3803, 50.3805, 50.3803, 70.5922, 52.2694, 50.3803, 50.3803, 50.3803, 50.3803, 50.3803, 50.3803, 50.3803, 50.3803, 50.3803, 50.3803, 50.3803, 50.3803, 50.3803, 50.3803, 50.3803, 50.381, 50.3803
6.66952, 60.2577, 66.1277, 50.3623, 7.89036, -5.86996, 0, 50.3623, 50.3625, 50.3623, 64.6298, 51.8594, 50.3623, 50.3623, 50.3623, 50.3623, 50.3623, 50.3623, 50.3623, 50.3623, 50.3623, 50.3623, 50.3623, 50.3623, 50.3623, 50.3623, 50.3623, 50.3629, 50.3623
6.67739, 58.8892, 61.5098, 50.3466, 7.80315, -2.62054, 0, 50.3466, 50.3468, 50.3466, 60.3346, 51.521, 50.3466, 50.3466, 50.3466, 50.3466, 50.3466, 50.3466, 50.3466, 50.3466, 50.3466, 50.3466, 50.3466, 50.3466, 50.3466, 50.3466, 50.3466, 50.347, 50.3466
6.68527, 52.6446, 58.1869, 50.3328, 7.3922, -5.54226, 0, 50.3328, 50.3331, 50.3328, 57.2742, 51.2448, 50.3328, 50.3328, 50.3328, 50.3328, 50.3328, 50.3328, 50.3328, 50.3328, 50.3328, 50.3328, 50.3328, 50.3328, 50.3328, 50.3328, 50.3328, 50.3332, 50.3328
6.69314, 53.4526, 55.8199, 50.3206, 7.44665, -2.36729, 0, 50.3206, 50.3209, 50.3206, 55.1182, 51.0216, 50.3206, 50.3206, 50.3206, 50.3206, 50.3206, 50.3206, 50.3206, 50.3206, 50.3206, 50.3206, 50.3206, 50.3206, 50.3206, 50.3206, 50.3206, 50.3209, 50.3206
6.70101, 51.8396, 54.1513, 50.3096, 7.33755, -2.3117, 0, 50.3096, 50.3101, 50.3096, 53.6172, 50.843, 50.3096, 50.3096, 50.3096, 50.3096, 50.3096, 50.3096, 50.3096, 50.3096, 50.3096, 50.3096, 50.3096, 50.3096, 50.3096, 50.3096, 50.3096, 50.3098, 50.3096
6.70888, 50.637, 52.9887, 50.2995, 7.25514, -2.35166, 0, 50.2995, 50.3, 50.2995, 52.5861, 50.7013, 50.2995, 50.2995, 50.2995, 50.2995, 50.2995, 50.2995, 50.2995, 50.2995, 50.2995, 50.2995, 50.2995, 50.2995, 50.2995, 50.2995, 50.2995, 50.2997, 50.2995
6.71675, 54.6455, 52.1909, 50.2901, 7.52632, 2.45462, 0, 50.2901, 50.2908, 50.2901, 51.8905, 50.5898, 50.2901, 50.2901, 50.2901, 50.2901, 50.2901, 50.2901, 50.2901, 50.2901, 50.2901, 50.2901, 50.2901, 50.2901, 50.2901, 50.2901, 50.2901, 50.2903, 50.2901
6.72462, 65.3522, 51.656, 50.2811, 8.20684, 13.6962, 0, 50.2811, 50.2819, 50.2811, 51.4339, 50.5023, 50.2811, 50.2811, 50.2811, 50.2811, 50.2811, 50.2811, 50.2811, 50.2811, 50.2811, 50.2811, 50.2811, 50.2811, 50.2811, 50.2811, 50.2811, 50.2812, 50.2811
6.73249, 67.9207, 51.3129, 50.2723, 8.36186, 16.6078, 0, 50.2723, 50.2732, 50.2723, 51.1502, 50.434, 50.2723, 50.2723, 50.2723, 50.2723, 50.2723, 50.2723, 50.2723, 50.2723, 50.2723, 50.2723, 50.2723, 50.2723, 50.2723, 50.2723, 50.2723, 50.2724, 50.2723
6.74036, 57.4027, 51.1141, 50.2634, 7.70732, 6.28859, 0, 50.2634, 50.2645, 50.2634, 50.996, 50.3804, 50.2634, 50.2634, 50.2634, 50.2634, 50.2634, 50.2634, 50.2634, 50.2634, 50.2634, 50.2634, 50.2634, 50.2634, 50.2634, 50.2634, 50.2634, 50.2635, 50.2634
6.74824, 57.0278, 51.0312, 50.2544, 7.68296, 5.99658, 0, 50.2544, 50.2557, 50.2544, 50.9461, 50.3382, 50.2544, 50.2544, 50.2544, 50.2544, 50.2544, 50.2544, 50.2544, 50.2544, 50.2544, 50.2544, 50.2544, 50.2544, 50.2544, 50.2544, 50.2544, 50.2544, 50.2544
6.75611, 66.6758, 51.0514, 50.245, 8.28708, 15.6244, 0, 50.245, 50.2465, 50.245, 50.9904, 50.3045, 50.245, 50.245, 50.245, 50.245, 50.245, 50.245, 50.245, 50.245, 50.245, 50.245, 50.245, 50.245, 50.245, 50.245, 50.245, 50.2451, 50.245
6.76398, 66.9986, 51.1756, 50.2353, 8.30654, 15.823, 0, 50.2353, 50.237, 50.2353, 51.1321, 50.277, 50.2353, 50.2353, 50.2353, 50.2353, 50.2353, 50.2353, 50.2353, 50.2353, 50.2353, 50.2353, 50.2353, 50.2353, 50.2353, 50.2353, 50.2353, 50.2353, 50.2353
6.77185, 64.1531, 51.4182, 50.225, 8.13345, 12.7349, 0, 50.225, 50.2269, 50.225, 51.3872, 50.254, 50.225, 50.225, 50.225, 50.225, 50.225, 50.225, 50.225, 50.225, 50.225, 50.225, 50.225, 50.225, 50.225, 50.225, 50.225, 50.225, 50.225
6.77972, 62.913, 51.8069, 50.2141, 8.05686, 11.1062, 0, 50.2141, 50.2163, 50.2141, 51.7846, 50.2341, 50.2141, 50.2141, 50.2141, 50.2141, 50.2141, 50.2141, 50.2141, 50.2141, 50.2141, 50.2141, 50.2141, 50.2141, 50.2141, 50.2141, 50.2141, 50.2141, 50.2141
6.78759, 64.4781, 52.3844, 50.2026, 8.15341, 12.0936, 0, 50.2026, 50.2051, 50.2026, 52.3682, 50.2162, 50.2026, 50.2026, 50.2026, 50.2026, 50.2026, 50.2026, 50.2026, 50.2026, 50.2026, 50.2026, 50.2026, 50.2026, 50.2026, 50.2026, 50.2026, 50.2026, 50.2026
6.79546, 65.9641, 53.2108, 50.1903, 8.24403, 12.7533, 0, 50.1903, 50.1931, 50.1903, 53.1987, 50.1995, 50.1903, 50.1903, 50.1903, 50.1903, 50.1903, 50.1903, 50.1903, 50.1903, 50.1903, 50.1903, 50.1903, 50.1903, 50.1903, 50.1903, 50.1903, 50.1903, 50.1903
6.80333, 77.1003, 54.3657, 50.1773, 8.89384, 22.7346, 0, 50.1773, 50.1804, 50.1773, 54.3564, 50.1834, 50.1773, 50.1773, 50.1773, 50.1773, 50.1773, 50.1773, 50.1773, 50.1773, 50.1773, 50.1773, 50.1773, 50.1773, 50.1773, 50.1773, 50.1773, 50.1773, 50.1773
6.81121, 70.1025, 55.9524, 50.1633, 8.49132, 14.1501, 0, 50.1633, 50.1668, 50.1633, 55.9448, 50.1674, 50.1633, 50.1633, 50.1633, 50.1633, 50.1633, 50.1633, 50.1633, 50.1633, 50.1633, 50.1633, 50.1633, 50.1633, 50.1633, 50.1633, 50.1633, 50.1633, 50.1633
6.81908, 78.2416, 58.1007, 50.1485, 8.95777, 20.1409, 0, 50.1485, 50.1523, 50.1485, 58.0942, 50.1512, 50.1485, 50.1485, 50.1485, 50.1485, 50.1485, 50.1485, 50.1485, 50.1485, 50.1485, 50.1485, 50.1485, 50.1485, 50.1485, 50.1485, 50.1485, 50.1485, 50.1485
6.82695, 84.7415, 60.9713, 50.1325, 9.31351, 23.7702, 0, 50.1325, 50.1366, 50.1326, 60.9655, 50.1343, 50.1325, 50.1325, 50.1325, 50.1325, 50.1325, 50.1325, 50.1325, 50.1325, 50.1325, 50.1325, 50.1325, 50.1325, 50.1325, 50.1325, 50.1325, 50.1325, 50.1325
6.83482, 91.6763, 64.759, 50.1154, 9.67865, 26.9173, 0, 50.1154, 50.1198, 50.1154, 64.7535, 50.1165, 50.1154, 50.1154, 50.1154, 50.1154, 50.1154, 50.1154, 50.1154, 50.1154, 50.1154, 50.1154, 50.1154, 50.1154, 50.1154, 50.1154, 50.1154, 50.1154, 50.1154
6.84269, 105.448, 69.6944, 50.0968, 10.3657, 35.7531, 0, 50.0968, 50.1014, 50.0968, 69.6891, 50.0975, 50.0968, 50.0968, 50.0968, 50.0968, 50.0968, 50.0968, 50.0968, 50.0968, 50.0968, 50.0968, 50.0968, 50.0968, 50.0968, 50.0968, 50.0968, 50.0968, 50.0968
6.85056, 107.109, 76.0474, 50.0765, 10.4455, 31.0616, 0, 50.0765, 50.0814, 50.0765, 76.0421, 50.0769, 50.0765, 50.0765, 50.0765, 50.0765, 50.0765, 50.0765, 50.0765, 50.0765, 50.0765, 50.0765, 50.0765, 50.0765, 50.0765, 50.0765, 50.0765, 50.0765, 50.0765
6.85843, 103.8, 84.124, 50.054, 10.2859, 19.6765, 0, 50.054, 50.0591, 50.0541, 84.1186, 50.0543, 50.054, 50.054, 50.054, 50.054, 50.054, 50.054, 50.054, 50.054, 50.054, 50.054, 50.054, 50.054, 50.054, 50.054, 50.054, 50.054, 50.054
6.8663, 121.798, 94.2663, 50.029, 11.1265, 27.5317, 0, 50.029, 50.0342, 50.029, 94.2608, 50.0292, 50.029, 50.029, 50.029, 50.029, 50.029, 50.029, 50.029, 50.029, 50.029, 50.029, 50.029, 50.029, 50.029, 50.029, 50.029, 50.029, 50.029
6.87418, 160.433, 106.846, 50.0006, 12.7449, 53.5864, 0, 50.0006, 50.006, 50.0006, 106.841, 50.0007, 50.0006, 50.0006, 50.0006, 50.0006, 50.0006, 50.0006, 50.0006, 50.0006, 50.0006, 50.0006, 50.0006, 50.0006, 50.0006, 50.0006, 50.0006, 50.0006, 50.0006
6.88205, 156.528, 122.254, 49.9681, 12.5908, 34.2739, 0, 49.9681, 49.9735, 49.9681, 122.249, 49.9681, 49.9681, 49.9681, 49.9681, 49.9681, 49.9681, 49.9681, 49.9681, 49.9681, 49.9681, 49.9681, 49.9681, 49.9681, 49.9681, 49.9681, 49.9681, 49.9681, 49.9681
6.88992, 166.335, 140.889, 49.9302, 12.9744, 25.4451, 0, 49.9302, 49.9356, 49.9302, 140.884, 49.9302, 49.9302, 49.9302, 49.9302, 49.9302, 49.9302, 49.9302, 49.9302, 49.9302, 49.9302, 49.9302, 49.9302, 49.9302, 49.9302, 49.9302, 49.9302, 49.9302, 49.9302
6.89779, 213.458, 163.143, 49.8855, 14.6785, 50.3152, 0, 49.8855, 49.891, 49.8856, 163.138, 49.8856, 49.8855, 49.8855, 49.8855, 49.8855, 49.8855, 49.8855, 49.8855, 49.8855, 49.8855, 49.8855, 49.8855, 49.8855, 49.8855, 49.8855, 49.8855, 49.8855, 49.8855
6.90566, 246.67, 189.373, 49.8324, 15.7693, 57.2966, 0, 49.8324, 49.8378, 49.8324, 189.368, 49.8324, 49.8324, 49.8324, 49.8324, 49.8324, 49.8324, 49.8324, 49.8324, 49.8324, 49.8324, 49.8324, 49.8324, 49.8324, 49.8324, 49.8324, 49.8324, 49.8324, 49.8324
6.91353, 264.16, 219.888, 49.7685, 16.3144, 44.2711, 0, 49.7685, 49.7737, 49.7685, 219.883, 49.7685, 49.7685, 49.7685, 49.7685, 49.7685, 49.7685, 49.7685, 49.7685, 49.7685, 49.7685, 49.7685, 49.7685, 49.7685, 49.7685, 49.7685, 49.7685, 49.7685, 49.7685
6.9214, 275.451, 254.912, 49.6913, 16.6569, 20.5388, 0, 49.6913, 49.6963, 49.6913, 254.907, 49.6913, 49.6913, 49.6913, 49.6913, 49.6913, 49.6913, 49.6913, 49.6913, 49.6913, 49.6913, 49.6913, 49.6913, 49.6913, 49.6913, 49.6913, 49.6913, 49.6913, 49.6913
6.92927, 344.437, 294.565, 49.5976, 18.6128, 49.8715, 0, 49.5976, 49.6024, 49.5976, 294.56, 49.5976, 49.5976, 49.5976, 49.5976, 49.5976, 49.5976, 49.5976, 49.5976, 49.5976, 49.5976, 49.5976, 49.5976, 49.5976, 49.5976, 49.5976, 49.5976, 49.5976, 49.5976
6.93715, 371.608, 338.835, 49.4838, 19.3289, 32.7735, 0, 49.4838, 49.4884, 49.4838, 338.83, 49.4838, 49.4838, 49.4838, 49.4838, 49.4838, 49.4838, 49.4838, 49.4838, 49.4838, 49.4838, 49.4838, 49.4838, 49.4838, 49.4838, 49.4838, 49.4838, 49.4838, 49.4838
6.94502, 421.369, 387.541, 49.3456, 20.5759, 33.8277, 0, 49.3456, 49.3499, 49.3456, 387.537, 49.3456, 49.3456, 49.3456, 49.3456, 49.3456, 49.3456, 49.3456, 49.3456, 49.3456, 49.3456, 49.3456, 49.3456, 49.3456, 49.3456, 49.3456, 49.3456, 49.3456, 49.3456
6.95289, 493.039, 440.333, 49.1782, 22.2495, 52.7063, 0, 49.1782, 49.1822, 49.1782, 440.329, 49.1782, 49.1782, 49.1782, 49.1782, 49.1782, 49.1782, 49.1782, 49.1782, 49.1782, 49.1782, 49.1782, 49.1782, 49.1782, 49.1782, 49.1782, 49.1782, 49.1782, 49.1782
6.96076, 535.543, 496.666, 48.9764, 23.185, 38.877, 0, 48.9764, 48.9801, 48.9764, 496.662, 48.9764, 48.9764, 48.9764, 48.9764, 48.9764, 48.9764, 48.9764, 48.9764, 48.9764, 48.9764, 48.9764, 48.9764, 48.9764, 48.9764, 48.9764, 48.9764, 48.9764, 48.9764
6.96863, 550.576, 555.788, 48.7344, 23.5069, -5.2124, 0, 48.7344, 48.7378, 48.7344, 555.785, 48.7344, 48.7344, 48.7344, 48.7344, 48.7344, 48.7344, 48.7344, 48.7344, 48.7344, 48.7344, 48.7344, 48.7344, 48.7344, 48.7344, 48.7344, 48.7344, 48.7344, 48.7344
6.9765, 603.988, 616.767, 48.446, 24.6168, -12.7792, 0, 48.446, 48.449, 48.446, 616.764, 48.446, 48.446, 48.446, 48.446, 48.446, 48.446, 48.446, 48.446, 48.446, 48.446, 48.446, 48.446, 48.446, 48.446, 48.446, 48.446, 48.446, 48.446
6.98437, 658.455, 678.479, 48.1049, 25.6993, -20.0241, 0, 48.1049, 48.1076, 48.1049, 678.476, 48.1049, 48.1049, 48.1049, 48.1049, 48.1049, 48.1049, 48.1049, 48.1049, 48.1049, 48.1049, 48.1049, 48.1049, 48.1049, 48.1049, 48.1049, 48.1049, 48.1049, 48.1049
6.99224, 747.35, 739.662, 47.7046, 27.3743, 7.68793, 0, 47.7046, 47.707, 47.7046, 739.66, 47.7046, 47.7046, 47.7046, 47.7046, 47.7046, 47.7046, 47.7046, 47.7046, 47.7046, 47.7046, 47.7046, 47.7046, 47.7046, 47.7046, 47.7046, 47.7046, 47.7046, 47.7046
7.00012, 778.072, 799.123, 47.4179, 27.9298, -21.0507, 0, 47.4179, 47.42, 47.4179, 799.121, 47.4179, 47.4179, 47.4179, 47.4179, 47.4179, 47.4179, 47.4179, 47.4179, 47.4179, 47.4179, 47.4179, 47.4179, 47.4179, 47.4179, 47.4179, 47.4179, 47.4179, 47.4179
7.00799, 798.661, 854.506, 46.3289, 28.2959, -55.8456, 0, 46.3289, 46.3308, 46.3289, 854.504, 46.3289, 46.3289, 46.3289, 46.3289, 46.3289, 46.3289, 46.3289, 46.3289, 46.3289, 46.3289, 46.3289, 46.3289, 46.3289, 46.3289, 46.3289, 46.3289, 46.3289, 46.3289
7.01586, 815.462, 905.117, 45.1777, 28.5913, -89.655, 0, 45.1778, 45.1794, 45.1778, 905.115, 45.1777, 45.1777, 45.1777, 45.1777, 45.1777, 45.1777, 45.1777, 45.1777, 45.1777, 45.1777, 45.1777, 45.1777, 45.1777, 45.1778, 45.1777, 45.1777, 45.1777, 45.1777
7.02373, 920.34, 949.576, 43.9664, 30.3701, -29.2358, 0, 43.9664, 43.9678, 43.9664, 949.575, 43.9664, 43.9664, 43.9664, 43.9664, 43.9664, 43.9664, 43.9664, 43.9664, 43.9664, 43.9664, 43.9664, 43.9664, 43.9664, 43.9664, 43.9664, 43.9664, 43.9664, 43.9664
7.0316, 903.556, 986.613, 42.6985, 30.0925, -83.0563, 0, 42.6985, 42.6997, 42.6985, 986.612, 42.6985, 42.6985, 42.6985, 42.6985, 42.6985, 42.6985, 42.6985, 42.6985, 42.6985, 42.6985, 42.6985, 42.6985, 42.6985, 42.6985, 42.6985, 42.6985, 42.6985, 42.6985
7.03947, 937.772, 1015.14, 41.3791, 30.6557, -77.3702, 0, 41.3791, 41.3801, 41.3791, 1015.14, 41.3791, 41.3791, 41.3791, 41.3791, 41.3791, 41.3791, 41.3791, 41.3791, 41.3791, 41.3791, 41.3791, 41.3791, 41.3791, 41.3791, 41.3791, 41.3791, 41.3791, 41.3791
7.04734, 935.803, 1034.3, 40.0151, 30.6236, -98.4966, 0, 40.0151, 40.016, 40.0151, 1034.3, 40.0151, 40.0151, 40.0151, 40.0151, 40.0151, 40.0151, 40.0151, 40.0151, 40.0151, 40.0151, 40.0151, 40.0151, 40.0151, 40.0151, 40.0151, 40.0151, 40.0151, 40.0151
7.05521, 916.764, 1043.49, 38.6145, 30.3111, -126.731, 0, 38.6145, 38.6153, 38.6146, 1043.49, 38.6145, 38.6145, 38.6145, 38.6145, 38.6145, 38.6145, 38.6145, 38.6145, 38.6145, 38.6145, 38.6145, 38.6145, 38.6145, 38.6145, 38.6145, 38.6145, 38.6145, 38.6145
7.06309, 962.842, 1042.43, 37.187, 31.0619, -79.5931, 0, 37.187, 37.1876, 37.187, 1042.43, 37.187, 37.187, 37.187, 37.187, 37.187, 37.187, 37.187, 37.187, 37.187, 37.187, 37.187, 37.187, 37.187, 37.187, 37.187, 37.187, 37.187, 37.187
7.07096, 942.282, 1031.14, 35.7434, 30.7292, -88.8588, 0, 35.7434, 35.7439, 35.7434, 1031.14, 35.7434, 35.7434, 35.7434, 35.7434, 35.7434, 35.7434, 35.7434, 35.7434, 35.7434, 35.7434, 35.7434, 35.7434, 35.7434, 35.7434, 35.7434, 35.7434, 35.7434, 35.7434
7.07883, 914.026, 1009.94, 34.2954, 30.2659, -95.9167, 0, 34.2954, 34.2958, 34.2954, 1009.94, 34.2954, 34.2954, 34.2954, 34.2954, 34.2954, 34.2954, 34.2954, 34.2954, 34.2954, 34.2954, 34.2954, 34.2954, 34.2954, 34.2954, 34.2954, 34.2954, 34.2954, 34.2954
7.0867, 907.711, 979.467, 32.8554, 30.1614, -71.7565, 0, 32.8554, 32.8558, 32.8554, 979.467, 32.8554, 32.8554, 32.8554, 32.8554, 32.8554, 32.8554, 32.8554, 32.8554, 32.8554, 32.8554, 32.8554, 32.8554, 32.8554, 32.8554, 32.8554, 32.8554, 32.8554, 32.8554
7.09457, 822, 940.601, 31.4356, 28.7054, -118.602, 0, 31.4356, 31.4359, 31.4356, 940.601, 31.4356, 31.4356, 31.4356, 31.4356, 31.4356, 31.4356, 31.4356, 31.4356, 31.4356, 31.4356, 31.4356, 31.4356, 31.4356, 31.4356, 31.4356, 31.4356, 31.4356, 31.4356
7.10244, 799.093, 894.446, 30.0479, 28.3036, -95.3525, 0, 30.0479, 30.0482, 30.0479, 894.446, 30.0479, 30.0479, 30.0479, 30.0479, 30.0479, 30.0479, 30.0479, 30.0479, 30.0479, 30.0479, 30.0479, 30.0479, 30.0479, 30.0479, 30.0479, 30.0479, 30.0479, 30.0479
7.11031, 759.244, 842.276, 28.704, 27.5907, -83.0317, 0, 28.704, 28.7042, 28.704, 842.275, 28.704, 28.704, 28.704, 28.704, 28.704, 28.704, 28.704, 28.704, 28.704, 28.704, 28.704, 28.704, 28.704, 28.704, 28.704, 28.704, 28.704, 28.704
7.11819, 716.078, 785.463, 27.4137, 26.797, -69.3847, 0, 27.4138, 27.4139, 27.4138, 785.463, 27.4137, 27.4137, 27.4137, 27.4137, 27.4137, 27.4137, 27.4137, 27.4137, 27.4137, 27.4137, 27.4137, 27.4137, 27.4137, 27.4137, 27.4137, 27.4137, 27.4138, 27.4137
7.12606, 680.684, 725.425, 26.186, 26.1282, -44.741, 0, 26.186, 26.1862, 26.186, 725.425, 26.186, 26.186, 26.186, 26.186, 26.186, 26.186, 26.186, 26.186, 26.186, 26.186, 26.186, 26.186, 26.186, 26.186, 26.186, 26.186, 26.186, 26.186
7.13393, 592.09, 663.576, 25.0274, 24.374, -71.4855, 0, 25.0274, 25.0275, 25.0274, 663.576, 25.0274, 25.0274, 25.0274, 25.0274, 25.0274, 25.0274, 25.0274, 25.0274, 25.0274, 25.0274, 25.0274, 25.0274, 25.0274, 25.0274, 25.0274, 25.0274, 25.0274, 25.0274
7.1418, 526.705, 601.25, 23.9429, 22.9936, -74.5446, 0, 23.9429, 23.9431, 23.943, 601.25, 23.9429, 23.9429, 23.9429, 23.9429, 23.9429, 23.9429, 23.9429, 23.9429, 23.9429, 23.9429, 23.9429, 23.9429, 23.9429, 23.9429, 23.9429, 23.9429, 23.9429, 23.9429
7.14967, 473.318, 539.684, 22.9358, 21.8018, -66.3663, 0, 22.9358, 22.9359, 22.9358, 539.684, 22.9358, 22.9358, 22.9358, 22.9358, 22.9358, 22.9358, 22.9358, 22.9358, 22.9358, 22.9358, 22.9358, 22.9358, 22.9358, 22.9358, 22.9358, 22.9358, 22.9358, 22.9358
7.15754, 411.368, 479.958, 22.0074, 20.3315, -68.5896, 0, 22.0074, 22.0075, 22.0074, 479.958, 22.0074, 22.0074, 22.0074, 22.0074, 22.0074, 22.0074, 22.0074, 22.0074, 22.0074, 22.0074, 22.0074, 22.0074, 22.0074, 22.0074, 22.0074, 22.0074, 22.0074, 22.0074
7.16541, 421.592, 422.976, 21.1571, 20.5813, -1.38385, 0, 21.1571, 21.1572, 21.1572, 422.975, 21.1571, 21.1571, 21.1571, 21.1571, 21.1571, 21.1571, 21.1571, 21.1571, 21.1571, 21.1571, 21.1571, 21.1571, 21.1571, 21.1571, 21.1571, 21.1571, 21.1571, 21.1571
7.17328, 371.171, 369.467, 20.383, 19.3176, 1.7034, 0, 20.383, 20.3831, 20.3831, 369.467, 20.383, 20.383, 20.383, 20.383, 20.383, 20.383, 20.383, 20.383, 20.383, 20.383, 20.383, 20.383, 20.383, 20.383, 20.383, 20.383, 20.3831, 20.383
7.18116, 313.045, 319.961, 19.681, 17.7495, -6.91586, 0, 19.681, 19.6811, 19.6812, 319.96, 19.681, 19.681, 19.681, 19.681, 19.681, 19.681, 19.681, 19.681, 19.681, 19.681, 19.681, 19.681, 19.681, 19.681, 19.681, 19.681, 19.6811, 19.681
7.18903, 255.556, 274.8, 19.046, 16.0486, -19.2437, 0, 19.046, 19.0461, 19.0463, 274.799, 19.046, 19.046, 19.046, 19.046, 19.046, 19.046, 19.046, 19.046, 19.046, 19.046, 19.046, 19.046, 19.046, 19.046, 19.046, 19.046, 19.0461, 19.046
7.1969, 214.698, 234.166, 18.4721, 14.7207, -19.4674, 0, 18.4721, 18.4722, 18.4724, 234.165, 18.4721, 18.4721, 18.4721, 18.4721, 18.4721, 18.4721, 18.4721, 18.4721, 18.4721, 18.4721, 18.4721, 18.4721, 18.4721, 18.4721, 18.4721, 18.4721, 18.4722, 18.4721
7.20477, 178.152, 198.077, 17.9525, 13.4221, -19.9247, 0, 17.9525, 17.9526, 17.9529, 198.076, 17.9525, 17.9525, 17.9525, 17.9525, 17.9525, 17.9525, 17.9525, 17.9525, 17.9525, 17.9525, 17.9525, 17.9525, 17.9525, 17.9525, 17.9525, 17.9525, 17.9526, 17.9525
7.21264, 151.345, 166.432, 17.48, 12.3832, -15.0875, 0, 17.48, 17.4801, 17.4806, 166.431, 17.48, 17.48, 17.48, 17.48, 17.48, 17.48, 17.48, 17.48, 17.48, 17.48, 17.48, 17.48, 17.48, 17.48, 17.48, 17.48, 17.4802, 17.48
7.22051, 117.404, 139.021, 17.0474, 10.9272, -21.6168, 0, 17.0474, 17.0475, 17.0483, 139.02, 17.0474, 17.0474, 17.0474, 17.0474, 17.0474, 17.0474, 17.0474, 17.0474, 17.0474, 17.0474, 17.0474, 17.0474, 17.0474, 17.0474, 17.0474, 17.0474, 17.0477, 17.0474
7.22838, 106.53, 115.557, 16.6475, 10.4178, -9.02627, 0, 16.6475, 16.6476, 16.6487, 115.555, 16.6475, 16.6475, 16.6475, 16.6475, 16.6475, 16.6475, 16.6475, 16.6475, 16.6475, 16.6475, 16.6475, 16.6475, 16.6475, 16.6475, 16.6475, 16.6475, 16.6478, 16.6475
7.23625, 89.1328, 95.7022, 16.2737, 9.54635, -6.56941, 0, 16.2737, 16.2738, 16.2752, 95.7002, 16.2737, 16.2737, 16.2737, 16.2737, 16.2737, 16.2737, 16.2737, 16.2737, 16.2737, 16.2737, 16.2737, 16.2737, 16.2737, 16.2737, 16.2737, 16.2737, 16.2741, 16.2737
7.24413, 62.726, 79.0875, 15.9198, 8.04525, -16.3616, 0, 15.9198, 15.9199, 15.9219, 79.0849, 15.9198, 15.9198, 15.9198, 15.9198, 15.9198, 15.9198, 15.9198, 15.9198, 15.9198, 15.9198, 15.9198, 15.9198, 15.9198, 15.9198, 15.9198, 15.9198, 15.9203, 15.9198
7.252, 67.9223, 65.3302, 15.5798, 8.36196, 2.59206, 0, 15.5798, 15.5799, 15.5826, 65.3268, 15.5798, 15.5798, 15.5798, 15.5798, 15.5798, 15.5798, 15.5798, 15.5798, 15.5798, 15.5798, 15.5798, 15.5798, 15.5798, 15.5798, 15.5798, 15.5798, 15.5803, 15.5798
7.25987, 55.8301, 54.0552, 15.2484, 7.60461, 1.77489, 0, 15.2484, 15.2485, 15.252, 54.0508, 15.2484, 15.2484, 15.2484, 15.2484, 15.2484, 15.2484, 15.2484, 15.2484, 15.2484, 15.2484, 15.2484, 15.2484, 15.2484, 15.2484, 15.2484, 15.2484, 15.249, 15.2484
7.26774, 43.6098, 44.9011, 14.9211, 6.7535, -1.29124, 0, 14.9211, 14.9212, 14.9259, 44.8954, 14.9211, 14.9211, 14.9211, 14.9211, 14.9211, 14.9211, 14.9211, 14.9211, 14.9211, 14.9211, 14.9211, 14.9211, 14.9211, 14.9211, 14.9211, 14.9211, 14.9218, 14.9211
7.27561, 36.6804, 37.534, 14.5937, 6.21936, -0.853584, 0, 14.5937, 14.5938, 14.5999, 37.5268, 14.5937, 14.5937, 14.5937, 14.5937, 14.5937, 14.5937, 14.5937, 14.5937, 14.5937, 14.5937, 14.5937, 14.5937, 14.5937, 14.5937, 14.5937, 14.5937, 14.5945, 14.5937
7.28348, 27.7353, 31.6503, 14.263, 5.45301, -3.91496, 0, 14.263, 14.2631, 14.2709, 31.6412, 14.263, 14.263, 14.263, 14.263, 14.263, 14.263, 14.263, 14.263, 14.263, 14.263, 14.263, 14.263, 14.263, 14.263, 14.263, 14.263, 14.264, 14.263
7.29135, 21.2114, 26.981, 13.9267, 4.81782, -5.76961, 0, 13.9267, 13.9268, 13.9367, 26.9697, 13.9267, 13.9267, 13.9267, 13.9267, 13.9267, 13.9267, 13.9267, 13.9267, 13.9267, 13.9267, 13.9267, 13.9267, 13.9267, 13.9267, 13.9267, 13.9267, 13.9278, 13.9267
7.29922, 16.2262, 23.2473, 13.537, 4.26921, -7.02112, 0, 13.537, 13.5371, 13.5496, 23.2333, 13.537, 13.537, 13.537, 13.537, 13.537, 13.537, 13.537, 13.537, 13.537, 13.537, 13.537, 13.537, 13.537, 13.537, 13.537, 13.537, 13.5382, 13.537
7.3071, 17.4741, 20.3406, 13.1834, 4.41295, -2.86646, 0, 13.1834, 13.1835, 13.1991, 20.3233, 13.1834, 13.1834, 13.1834, 13.1834, 13.1834, 13.1834, 13.1834, 13.1834, 13.1834, 13.1834, 13.1834, 13.1834, 13.1834, 13.1834, 13.1834, 13.1834, 13.1848, 13.1834
7.31497, 21.4643, 18.0992, 12.8705, 4.84399, 3.36509, 0, 12.8705, 12.8706, 12.8898, 18.0782, 12.8705, 12.8705, 12.8705, 12.8705, 12.8705, 12.8705, 12.8705, 12.8705, 12.8705, 12.8705, 12.8705, 12.8705, 12.8705, 12.8705, 12.8705, 12.8705, 12.872, 12.8705
7.32284, 15.0361, 16.3483, 12.5603, 4.12748, -1.31221, 0, 12.5603, 12.5605, 12.584, 16.3229, 12.5603, 12.5603, 12.5603, 12.5603, 12.5603, 12.5603, 12.5603, 12.5603, 12.5603, 12.5603, 12.5603, 12.5603, 12.5603, 12.5603, 12.5603, 12.5603, 12.562, 12.5603
7.33071, 12.2301, 14.9765, 12.2533, 3.77228, -2.74642, 0, 12.2533, 12.2534, 12.2818, 14.9461, 12.2533, 12.2533, 12.2533, 12.2533, 12.2533, 12.2533, 12.2533, 12.2533, 12.2533, 12.2533, 12.2533, 12.2533, 12.2533, 12.2533, 12.2533, 12.2533, 12.255, 12.2533
7.33858, 9.64696, 13.8949, 11.9496, 3.41276, -4.24795, 0, 11.9496, 11.9498, 11.9837, 13.8589, 11.9496, 11.9496, 11.9496, 11.9496, 11.9496, 11.9496, 11.9496, 11.9496, 11.9496, 11.9496, 11.9496, 11.9496, 11.9496, 11.9496, 11.9496, 11.9496, 11.9515, 11.9496
7.34645, 18.5635, 13.0332, 11.6498, 4.5347, 5.53032, 0, 11.6498, 11.6499, 11.6901, 12.9908, 11.6498, 11.6498, 11.6498, 11.6498, 11.6498, 11.6498, 11.6498, 11.6498, 11.6498, 11.6498, 11.6498, 11.6498, 11.6498, 11.6498, 11.6498, 11.6498, 11.6518, 11.6498
7.35432, 8.75331, 12.3359, 11.3535, 3.27922, -3.58261, 0, 11.3535, 11.3536, 11.4007, 12.2865, 11.3535, 11.3535, 11.3535, 11.3535, 11.3535, 11.3535, 11.3535, 11.3535, 11.3535, 11.3535, 11.3535, 11.3535, 11.3535, 11.3535, 11.3535, 11.3535, 11.3556, 11.3535
7.3622, 7.75775, 11.761, 11.0609, 3.12374, -4.0033, 0, 11.0609, 11.061, 11.1156, 11.7041, 11.0609, 11.0609, 11.0609, 11.0609, 11.0609, 11.0609, 11.0609, 11.0609, 11.0609, 11.0609, 11.0609, 11.0609, 11.0609, 11.0609, 11.0609, 11.0609, 11.063, 11.0609
7.37007, 15.4452, 11.2765, 10.7721, 4.17674, 4.16868, 0, 10.7721, 10.7722, 10.8349, 11.2113, 10.7721, 10.7721, 10.7721, 10.7721, 10.7721, 10.7721, 10.7721, 10.7721, 10.7721, 10.7721, 10.7721, 10.7721, 10.7721, 10.7721, 10.7721, 10.7721, 10.7743, 10.7721
7.37794, 8.98587, 10.8582, 10.4873, 3.31449, -1.87235, 0, 10.4873, 10.4874, 10.5586, 10.7845, 10.4873, 10.4873, 10.4873, 10.4873, 10.4873, 10.4873, 10.4873, 10.4873, 10.4873, 10.4873, 10.4873, 10.4873, 10.4873, 10.4873, 10.4873, 10.4873, 10.4895, 10.4873
7.38581, 10.4307, 10.4881, 10.2061, 3.52572, -0.0573196, 0, 10.2061, 10.2062, 10.2864, 10.4053, 10.2061, 10.2061, 10.2061, 10.2061, 10.2061, 10.2061, 10.2061, 10.2061, 10.2061, 10.2061, 10.2061, 10.2061, 10.2061, 10.2061, 10.2061, 10.2061, 10.2084, 10.2061
7.39368, 9.09988, 10.153, 9.92875, 3.33165, -1.05308, 0, 9.92876, 9.92889, 10.0181, 10.0611, 9.92875, 9.92875, 9.92875, 9.92875, 9.92875, 9.92875, 9.92875, 9.92875, 9.92875, 9.92875, 9.92875, 9.92875, 9.92875, 9.92875, 9.92875, 9.92875, 9.9311, 9.92875
7.40155, 8.42619, 10.0292, 9.84103, 3.22896, -1.603, 0, 9.84103, 9.84117, 9.93956, 9.92812, 9.84103, 9.84103, 9.84103, 9.84103, 9.84103, 9.84103, 9.84103, 9.84103, 9.84103, 9.84103, 9.84103, 9.84103, 9.84103, 9.84103, 9.84103, 9.84103, 9.84341, 9.84103
7.40942, 9.20058, 9.92034, 9.75341, 3.34673, -0.719761, 0, 9.75342, 9.75356, 9.86095, 9.81021, 9.75341, 9.75341, 9.75341, 9.75341, 9.75341, 9.75341, 9.75341, 9.75341, 9.75341, 9.75341, 9.75341, 9.75341, 9.75341, 9.75342, 9.75341, 9.75341, 9.75586, 9.75341
7.41729, 11.5571, 9.82175, 9.66619, 3.682, 1.73537, 0, 9.6662, 9.66634, 9.78239, 9.7029, 9.66619, 9.66619, 9.66619, 9.66619, 9.66619, 9.66619, 9.66619, 9.66619, 9.66619, 9.66619, 9.66619, 9.66619, 9.66619, 9.6662, 9.66619, 9.66619, 9.66871, 9.66619
7.42517, 9.19852, 9.73019, 9.57962, 3.34642, -0.531671, 0, 9.57963, 9.57977, 9.70392, 9.60313, 9.57962, 9.57962, 9.57962, 9.57962, 9.57962, 9.57962, 9.57962, 9.57962, 9.57962, 9.57962, 9.57962, 9.57962, 9.57962, 9.57963, 9.57962, 9.57962, 9.58224, 9.57962
7.43304, 10.3612, 9.64266, 9.49319, 3.51584, 0.718495, 0, 9.4932, 9.49334, 9.62483, 9.5081, 9.49319, 9.49319, 9.49319, 9.49319, 9.49319, 9.49319, 9.49319, 9.49319, 9.49319, 9.49319, 9.49319, 9.49319, 9.49319, 9.49319, 9.49319, 9.49319, 9.49595, 9.49319
7.44091, 10.0213, 9.55768, 9.40715, 3.46717, 0.463573, 0, 9.40716, 9.4073, 9.54519, 9.41653, 9.40715, 9.40715, 9.40715, 9.40715, 9.40715, 9.40715, 9.40715, 9.40715, 9.40715, 9.40715, 9.40715, 9.40715, 9.40715, 9.40715, 9.40715, 9.40715, 9.41011, 9.40715
7.44878, 12.1678, 9.47428, 9.32174, 3.76401, 2.69351, 0, 9.32174, 9.32189, 9.46505, 9.32758, 9.32174, 9.32174, 9.32174, 9.32174, 9.32174, 9.32174, 9.32174, 9.32174, 9.32174, 9.32174, 9.32174, 9.32174, 9.32174, 9.32174, 9.32174, 9.32174, 9.32496, 9.32174
7.45665, 8.79445, 9.39115, 9.23649, 3.28549, -0.596704, 0, 9.23649, 9.23664, 9.38381, 9.2401, 9.23649, 9.23649, 9.23649, 9.23649, 9.23649, 9.23649, 9.23649, 9.23649, 9.23649, 9.23649, 9.23649, 9.23649, 9.23649, 9.23649, 9.23649, 9.23649, 9.24007, 9.23649
7.46452, 10.1782, 9.30797, 9.15163, 3.48973, 0.870255, 0, 9.15164, 9.15178, 9.30157, 9.15384, 9.15163, 9.15163, 9.15163, 9.15163, 9.15163, 9.15163, 9.15163, 9.15163, 9.15163, 9.15163, 9.15163, 9.15163, 9.15163, 9.15163, 9.15163, 9.15163, 9.15567, 9.15163
7.47239, 12.8022, 9.22459, 9.06737, 3.84736, 3.5776, 0, 9.06738, 9.06753, 9.21847, 9.06871, 9.06737, 9.06737, 9.06737, 9.06737, 9.06737, 9.06737, 9.06737, 9.06737, 9.06737, 9.06737, 9.06737, 9.06737, 9.06737, 9.06738, 9.06737, 9.06737, 9.07199, 9.06737
7.48026, 6.79911, 9.14038, 8.9833, 2.96633, -2.34127, 0, 8.98331, 8.98346, 9.13408, 8.98411, 8.9833, 8.9833, 8.9833, 8.9833, 8.9833, 8.9833, 8.9833, 8.9833, 8.9833, 8.9833, 8.9833, 8.9833, 8.9833, 8.98331, 8.9833, 8.9833, 8.98864, 8.9833
7.48814, 7.33346, 9.05543, 8.89963, 3.05507, -1.72198, 0, 8.89963, 8.89978, 9.04859, 8.90011, 8.89963, 8.89963, 8.89963, 8.89963, 8.89963, 8.89963, 8.89963, 8.89963, 8.89963, 8.89963, 8.89963, 8.89963, 8.89963, 8.89963, 8.89963, 8.89963, 8.90583, 8.89963
7.49601, 15.79, 8.96994, 8.81652, 4.21781, 6.82003, 0, 8.81653, 8.81668, 8.96226, 8.81681, 8.81652, 8.81652, 8.81652, 8.81652, 8.81652, 8.81652, 8.81652, 8.81652, 8.81652, 8.81652, 8.81652, 8.81652, 8.81652, 8.81653, 8.81652, 8.81652, 8.82375, 8.81652
7.50388, 14.0487, 8.88358, 8.73364, 4.00608, 5.16512, 0, 8.73364, 8.7338, 8.87482, 8.7338, 8.73364, 8.73364, 8.73364, 8.73364, 8.73364, 8.73364, 8.73364, 8.73364, 8.73364, 8.73364, 8.73364, 8.73364, 8.73364, 8.73364, 8.73364, 8.73364, 8.74206, 8.73364
7.51175, 5.72898, 8.79664, 8.65114, 2.7801, -3.06766, 0, 8.65114, 8.6513, 8.78658, 8.65124, 8.65114, 8.65114, 8.65114, 8.65114, 8.65114, 8.65114, 8.65114, 8.65114, 8.65114, 8.65114, 8.65114, 8.65114, 8.65114, 8.65114, 8.65114, 8.65114, 8.66094, 8.65114
7.51962, 11.6195, 8.70943, 8.56921, 3.69047, 2.9101, 0, 8.56921, 8.56937, 8.69786, 8.56926, 8.56921, 8.56921, 8.56921, 8.56921, 8.56921, 8.56921, 8.56921, 8.56921, 8.56921, 8.56921, 8.56921, 8.56921, 8.56921, 8.56921, 8.56921, 8.56921, 8.58056, 8.56921
7.52749, 9.16741, 8.62178, 8.48749, 3.34177, 0.545629, 0, 8.4875, 8.48766, 8.60852, 8.48752, 8.48749, 8.48749, 8.48749, 8.48749, 8.48749, 8.48749, 8.48749, 8.48749, 8.48749, 8.48749, 8.48749, 8.48749, 8.48749, 8.4875, 8.48749, 8.48749, 8.50056, 8.48749
7.53536, 10.6317, 8.53403, 8.40617, 3.55411, 2.09764, 0, 8.40618, 8.40634, 8.51891, 8.40618, 8.40617, 8.40617, 8.40617, 8.40617, 8.40617, 8.40617, 8.40617, 8.40617, 8.40617, 8.40617, 8.40617, 8.40617, 8.40617, 8.40618, 8.40617, 8.40617, 8.42112, 8.40617
7.54323, 6.46729, 8.44652, 8.3254, 2.90986, -1.97924, 0, 8.3254, 8.32556, 8.42939, 8.3254, 8.3254, 8.3254, 8.3254, 8.3254, 8.3254, 8.3254, 8.3254, 8.3254, 8.3254, 8.3254, 8.3254, 8.3254, 8.3254, 8.3254, 8.3254, 8.3254, 8.34235, 8.3254
7.55111, 4.85762, 8.35912, 8.24487, 2.61871, -3.5015, 0, 8.24487, 8.24504, 8.33987, 8.24487, 8.24487, 8.24487, 8.24487, 8.24487, 8.24487, 8.24487, 8.24487, 8.24487, 8.24487, 8.24487, 8.24487, 8.24487, 8.24487, 8.24487, 8.24487, 8.24487, 8.26394, 8.24487
7.55898, 9.47677, 8.27212, 8.16473, 3.38774, 1.20464, 0, 8.16473, 8.1649, 8.25068, 8.16473, 8.16473, 8.16473, 8.16473, 8.16473, 8.16473, 8.16473, 8.16473, 8.16473, 8.16473, 8.16473, 8.16473, 8.16473, 8.16473, 8.16473, 8.16473, 8.16473, 8.186, 8.16473
7.56685, 6.32702, 8.18581, 8.08512, 2.88566, -1.85879, 0, 8.08512, 8.08529, 8.16213, 8.08512, 8.08512, 8.08512, 8.08512, 8.08512, 8.08512, 8.08512, 8.08512, 8.08512, 8.08512, 8.08512, 8.08512, 8.08512, 8.08512, 8.08512, 8.08512, 8.08512, 8.10862, 8.08512
7.57472, 9.49373, 8.1, 8.00576, 3.39024, 1.39373, 0, 8.00576, 8.00594, 8.07409, 8.00576, 8.00576, 8.00576, 8.00576, 8.00576, 8.00576, 8.00576, 8.00576, 8.00576, 8.00576, 8.00576, 8.00576, 8.00576, 8.00576, 8.00576, 8.00576, 8.00576, 8.03149, 8.00576
7.58259, 9.13194, 8.01492, 7.92679, 3.33646, 1.11702, 0, 7.9268, 7.92698, 7.98684, 7.92679, 7.92679, 7.92679, 7.92679, 7.92679, 7.92679, 7.92679, 7.92679, 7.92679, 7.92679, 7.92679, 7.92679, 7.92679, 7.92679, 7.9268, 7.92679, 7.92679, 7.95469, 7.92679
7.59046, 10.3378, 7.94702, 7.86461, 3.51252, 2.3908, 0, 7.86462, 7.8648, 7.91688, 7.86461, 7.86461, 7.86461, 7.86461, 7.86461, 7.86461, 7.86461, 7.86461, 7.86461, 7.86461, 7.86461, 7.86461, 7.86461, 7.86461, 7.86461, 7.86461, 7.86461, 7.89456, 7.86461
7.59833, 6.35824, 7.87764, 7.80054, 2.89106, -1.5194, 0, 7.80055, 7.80073, 7.84559, 7.80054, 7.80054, 7.80054, 7.80054, 7.80054, 7.80054, 7.80054, 7.80054, 7.80054, 7.80054, 7.80054, 7.80054, 7.80054, 7.80054, 7.80054, 7.80054, 7.80054, 7.83239, 7.80054
7.6062, 8.9285, 7.80558, 7.73338, 3.30583, 1.12292, 0, 7.73338, 7.73358, 7.77184, 7.73338, 7.73338, 7.73338, 7.73338, 7.73338, 7.73338, 7.73338, 7.73338, 7.73338, 7.73338, 7.73338, 7.73338, 7.73338, 7.73338, 7.73338, 7.73338, 7.73338, 7.76692, 7.73338
7.61408, 8.37199, 7.73062, 7.66291, 3.22056, 0.641379, 0, 7.66291, 7.66311, 7.69543, 7.66291, 7.66291, 7.66291, 7.66291, 7.66291, 7.66291, 7.66291, 7.66291, 7.66291, 7.66291, 7.66291, 7.66291, 7.66291, 7.66291, 7.66291, 7.66291, 7.66291, 7.69788, 7.66291
7.62195, 7.44381, 7.65358, 7.59001, 3.07308, -0.209773, 0, 7.59002, 7.59023, 7.61725, 7.59001, 7.59001, 7.59001, 7.59001, 7.59001, 7.59001, 7.59001, 7.59001, 7.59001, 7.59001, 7.59001, 7.59001, 7.59001, 7.59001, 7.59002, 7.59001, 7.59001, 7.62612, 7.59001
7.62982, 6.68977, 7.57585, 7.5161, 2.94784, -0.886075, 0, 7.5161, 7.51632, 7.5387, 7.5161, 7.5161, 7.5161, 7.5161, 7.5161, 7.5161, 7.5161, 7.5161, 7.5161, 7.5161, 7.5161, 7.5161, 7.5161, 7.5161, 7.5161, 7.5161, 7.5161, 7.55302, 7.5161
7.63769, 5.9903, 7.49873, 7.44254, 2.82671, -1.50843, 0, 7.44255, 7.44278, 7.46111, 7.44254, 7.44254, 7.44254, 7.44254, 7.44254, 7.44254, 7.44254, 7.44254, 7.44254, 7.44254, 7.44254, 7.44254, 7.44254, 7.44254, 7.44255, 7.44254, 7.44254, 7.47993, 7.44254
7.64556, 7.41912, 7.51645, 7.46361, 3.06906, -0.0973272, 0, 7.46361, 7.46385, 7.47872, 7.46361, 7.46361, 7.46361, 7.46361, 7.46361, 7.46361, 7.46361, 7.46361, 7.46361, 7.46361, 7.46361, 7.46361, 7.46361, 7.46361, 7.46361, 7.46361, 7.46361, 7.50108, 7.46361
7.65343, 10.1397, 7.53418, 7.48453, 3.4842, 2.60547, 0, 7.48453, 7.48479, 7.49671, 7.48453, 7.48453, 7.48453, 7.48453, 7.48453, 7.48453, 7.48453, 7.48453, 7.48453, 7.48453, 7.48453, 7.48453, 7.48453, 7.48453, 7.48453, 7.48453, 7.48453, 7.52173, 7.48453
7.6613, 6.13581, 7.55207, 7.50548, 2.85233, -1.41626, 0, 7.50548, 7.50576, 7.51521, 7.50548, 7.50548, 7.50548, 7.50548, 7.50548, 7.50548, 7.50548, 7.50548, 7.50548, 7.50548, 7.50548, 7.50548, 7.50548, 7.50548, 7.50548, 7.50548, 7.50548, 7.54206, 7.50548
7.66917, 8.99517, 7.57022, 7.52662, 3.3159, 1.42494, 0, 7.52662, 7.52691, 7.53431, 7.52662, 7.52662, 7.52662, 7.52662, 7.52662, 7.52662, 7.52662, 7.52662, 7.52662, 7.52662, 7.52662, 7.52662, 7.52662, 7.52662, 7.52662, 7.52662, 7.52662, 7.56222, 7.52662
7.67705, 5.39562, 7.58832, 7.54764, 2.71949, -2.19269, 0, 7.54764, 7.54795, 7.55367, 7.54764, 7.54764, 7.54764, 7.54764, 7.54764, 7.54764, 7.54764, 7.54764, 7.54764, 7.54764, 7.54764, 7.54764, 7.54764, 7.54764, 7.54764, 7.54764, 7.54764, 7.58196, 7.54764
7.68492, 8.11863, 7.60643, 7.56863, 3.18098, 0.512199, 0, 7.56864, 7.56897, 7.57331, 7.56863, 7.56863, 7.56863, 7.56863, 7.56863, 7.56863, 7.56863, 7.56863, 7.56863, 7.56863, 7.56863, 7.56863, 7.56863, 7.56863, 7.56863, 7.56863, 7.56863, 7.6014, 7.56863
7.69279, 10.5998, 7.6243, 7.58935, 3.54962, 2.97549, 0, 7.58935, 7.58972, 7.59295, 7.58935, 7.58935, 7.58935, 7.58935, 7.58935, 7.58935, 7.58935, 7.58935, 7.58935, 7.58935, 7.58935, 7.58935, 7.58935, 7.58935, 7.58935, 7.58935, 7.58935, 7.62033, 7.58935
7.70066, 9.11892, 7.64209, 7.60994, 3.3345, 1.47684, 0, 7.60994, 7.61033, 7.61268, 7.60994, 7.60994, 7.60994, 7.60994, 7.60994, 7.60994, 7.60994, 7.60994, 7.60994, 7.60994, 7.60994, 7.60994, 7.60994, 7.60994, 7.60994, 7.60994, 7.60994, 7.63894, 7.60994
7.70853, 7.99058, 7.65995, 7.63055, 3.16079, 0.330634, 0, 7.63056, 7.63098, 7.63262, 7.63055, 7.63055, 7.63055, 7.63055, 7.63055, 7.63055, 7.63055, 7.63055, 7.63055, 7.63055, 7.63055, 7.63055, 7.63055, 7.63055, 7.63055, 7.63055, 7.63055, 7.65744, 7.63055
7.7164, 7.35403, 7.67802, 7.65131, 3.05844, -0.323994, 0, 7.65132, 7.65177, 7.65286, 7.65131, 7.65131, 7.65131, 7.65131, 7.65131, 7.65131, 7.65131, 7.65131, 7.65131, 7.65131, 7.65131, 7.65131, 7.65131, 7.65131, 7.65131, 7.65131, 7.65131, 7.676, 7.65131
7.72427, 7.50768, 7.69609, 7.67198, 3.08345, -0.188403, 0, 7.67198, 7.67248, 7.67312, 7.67198, 7.67198, 7.67198, 7.67198, 7.67198, 7.67198, 7.67198, 7.67198, 7.67198, 7.67198, 7.67198, 7.67198, 7.67198, 7.67198, 7.67198, 7.67198, 7.67198, 7.69443, 7.67198
7.73214, 10.9929, 7.71406, 7.69245, 3.60457, 3.27886, 0, 7.69245, 7.69299, 7.69329, 7.69245, 7.69245, 7.69245, 7.69245, 7.69245, 7.69245, 7.69245, 7.69245, 7.69245, 7.69245, 7.69245, 7.69245, 7.69245, 7.69245, 7.69245, 7.69245, 7.69245, 7.71268, 7.69245
7.74002, 4.10647, 7.73185, 7.71261, 2.47113, -3.62538, 0, 7.71262, 7.71319, 7.71323, 7.71261, 7.71261, 7.71261, 7.71261, 7.71261, 7.71261, 7.71261, 7.71261, 7.71261, 7.71261, 7.71261, 7.71261, 7.71261, 7.71261, 7.71262, 7.71261, 7.71261, 7.73066, 7.71261
7.74789, 8.76715, 7.74964, 7.73264, 3.28133, 1.01751, 0, 7.73264, 7.73325, 7.73308, 7.73264, 7.73264, 7.73264, 7.73264, 7.73264, 7.73264, 7.73264, 7.73264, 7.73264, 7.73264, 7.73264, 7.73264, 7.73264, 7.73264, 7.73264, 7.73264, 7.73264, 7.74858, 7.73264
7.75576, 8.32306, 7.76761, 7.75269, 3.21295, 0.55545, 0, 7.75269, 7.75333, 7.753, 7.75269, 7.75269, 7.75269, 7.75269, 7.75269, 7.75269, 7.75269, 7.75269, 7.75269, 7.75269, 7.75269, 7.75269, 7.75269, 7.75269, 7.75269, 7.75269, 7.75269, 7.76664, 7.75269
7.76363, 6.77416, 7.78582, 7.7728, 2.96212, -1.01166, 0, 7.77281, 7.77349, 7.77303, 7.7728, 7.7728, 7.7728, 7.7728, 7.7728, 7.7728, 7.7728, 7.7728, 7.7728, 7.7728, 7.7728, 7.7728, 7.7728, 7.7728, 7.77281, 7.7728, 7.7728, 7.78491, 7.7728
7.7715, 12.724, 7.80408, 7.7928, 3.83718, 4.91989, 0, 7.7928, 7.79352, 7.79296, 7.7928, 7.7928, 7.7928, 7.7928, 7.7928, 7.7928, 7.7928, 7.7928, 7.7928, 7.7928, 7.7928, 7.7928, 7.7928, 7.7928, 7.7928, 7.7928, 7.7928, 7.8032, 7.7928
7.77937, 14.2617, 7.82213, 7.81239, 4.03258, 6.43958, 0, 7.8124, 7.81315, 7.8125, 7.81239, 7.81239, 7.81239, 7.81239, 7.81239, 7.81239, 7.81239, 7.81239, 7.81239, 7.81239, 7.81239, 7.81239, 7.81239, 7.81239, 7.8124, 7.81239, 7.81239, 7.82126, 7.81239
7.78724, 6.39147, 7.83982, 7.83146, 2.8968, -1.44835, 0, 7.83146, 7.83224, 7.83153, 7.83146, 7.83146, 7.83146, 7.83146, 7.83146, 7.83146, 7.83146, 7.83146, 7.83146, 7.83146, 7.83146, 7.83146, 7.83146, 7.83146, 7.83146, 7.83146, 7.83146, 7.83895, 7.83146
7.79512, 9.59385, 7.85694, 7.84977, 3.40497, 1.73691, 0, 7.84977, 7.85058, 7.84982, 7.84977, 7.84977, 7.84977, 7.84977, 7.84977, 7.84977, 7.84977, 7.84977, 7.84977, 7.84977, 7.84977, 7.84977, 7.84977, 7.84977, 7.84977, 7.84977, 7.84977, 7.85607, 7.84977
7.80299, 6.08777, 7.87344, 7.86729, 2.8439, -1.78567, 0, 7.86729, 7.86812, 7.86732, 7.86729, 7.86729, 7.86729, 7.86729, 7.86729, 7.86729, 7.86729, 7.86729, 7.86729, 7.86729, 7.86729, 7.86729, 7.86729, 7.86729, 7.86729, 7.86729, 7.86729, 7.87257, 7.86729
7.81086, 8.80535, 7.88953, 7.88421, 3.28715, 0.915824, 0, 7.88421, 7.88506, 7.88424, 7.88421, 7.88421, 7.88421, 7.88421, 7.88421, 7.88421, 7.88421, 7.88421, 7.88421, 7.88421, 7.88421, 7.88421, 7.88421, 7.88421, 7.88421, 7.88421, 7.88421, 7.88865, 7.88421
7.81873, 4.17509, 7.9055, 7.90085, 2.48497, -3.73041, 0, 7.90085, 7.90171, 7.90086, 7.90085, 7.90085, 7.90085, 7.90085, 7.90085, 7.90085, 7.90085, 7.90085, 7.90085, 7.90085, 7.90085, 7.90085, 7.90085, 7.90085, 7.90085, 7.90085, 7.90085, 7.90462, 7.90085
7.8266, 7.81537, 7.92119, 7.91701, 3.13295, -0.105822, 0, 7.91702, 7.91788, 7.91703, 7.91701, 7.91701, 7.91701, 7.91701, 7.91701, 7.91701, 7.91701, 7.91701, 7.91701, 7.91701, 7.91701, 7.91701, 7.91701, 7.91701, 7.91702, 7.91701, 7.91701, 7.9203, 7.91701
7.83447, 4.99528, 7.93647, 7.93258, 2.64486, -2.94119, 0, 7.93259, 7.93345, 7.93259, 7.93258, 7.93258, 7.93258, 7.93258, 7.93258, 7.93258, 7.93258, 7.93258, 7.93258, 7.93258, 7.93258, 7.93258, 7.93258, 7.93258, 7.93259, 7.93258, 7.93258, 7.93559, 7.93258
7.84234, 5.16036, 7.95114, 7.94733, 2.67588, -2.79078, 0, 7.94734, 7.94819, 7.94734, 7.94733, 7.94733, 7.94733, 7.94733, 7.94733, 7.94733, 7.94733, 7.94733, 7.94733, 7.94733, 7.94733, 7.94733, 7.94733, 7.94733, 7.94733, 7.94733, 7.94733, 7.95027, 7.94733
7.85021, 11.5531, 7.96521, 7.96123, 3.68145, 3.58789, 0, 7.96123, 7.96208, 7.96124, 7.96123, 7.96123, 7.96123, 7.96123, 7.96123, 7.96123, 7.96123, 7.96123, 7.96123, 7.96123, 7.96123, 7.96123, 7.96123, 7.96123, 7.96123, 7.96123, 7.96123, 7.96435, 7.96123
7.85809, 15.818, 7.97892, 7.97449, 4.22114, 7.83912, 0, 7.97449, 7.97532, 7.97449, 7.97449, 7.97449, 7.97449, 7.97449, 7.97449, 7.97449, 7.97449, 7.97449, 7.97449, 7.97449, 7.97449, 7.97449, 7.97449, 7.97449, 7.97449, 7.97449, 7.97449, 7.97808, 7.97449
7.86596, 8.52439, 7.99269, 7.98743, 3.24413, 0.531702, 0, 7.98743, 7.98824, 7.98743, 7.98743, 7.98743, 7.98743, 7.98743, 7.98743, 7.98743, 7.98743, 7.98743, 7.98743, 7.98743, 7.98743, 7.98743, 7.98743, 7.98743, 7.98743, 7.98743, 7.98743, 7.99187, 7.98743
7.87383, 6.99294, 8.00654, 7.99999, 2.99882, -1.0136, 0, 8, 8.00078, 8, 7.99999, 7.99999, 7.99999, 7.99999, 7.99999, 7.99999, 7.99999, 7.99999, 7.99999, 7.99999, 7.99999, 7.99999, 7.99999, 7.99999, 7.99999, 7.99999, 7.99999, 8.00574, 7.99999
7.8817, 9.99294, 8.02055, 8.01214, 3.46308, 1.97238, 0, 8.01215, 8.0129, 8.01214, 8.01214, 8.01214, 8.01214, 8.01214, 8.01214, 8.01214, 8.01214, 8.01214, 8.01214, 8.01214, 8.01214, 8.01214, 8.01214, 8.01214, 8.01214, 8.01214, 8.01214, 8.01978, 8.01214
7.88957, 8.12941, 8.0351, 8.02409, 3.18267, 0.0943079, 0, 8.02409, 8.02481, 8.02409, 8.02409, 8.02409, 8.02409, 8.02409, 8.02409, 8.02409, 8.02409, 8.02409, 8.02409, 8.02409, 8.02409, 8.02409, 8.02409, 8.02409, 8.02409, 8.02409, 8.02409, 8.03436, 8.02409
7.89744, 9.11935, 8.05018, 8.03562, 3.33457, 1.06917, 0, 8.03562, 8.03631, 8.03562, 8.03562, 8.03562, 8.03562, 8.03562, 8.03562, 8.03562, 8.03562, 8.03562, 8.03562, 8.03562, 8.03562, 8.03562, 8.03562, 8.03562, 8.03562, 8.03562, 8.03562, 8.04947, 8.03562
7.90531, 13.92, 8.06602, 8.04673, 3.98999, 5.85399, 0, 8.04674, 8.04739, 8.04674, 8.04673, 8.04673, 8.04673, 8.04673, 8.04673, 8.04673, 8.04673, 8.04673, 8.04673, 8.04673, 8.04673, 8.04673, 8.04673, 8.04673, 8.04674, 8.04673, 8.04673, 8.06536, 8.04673
7.91318, 7.92439, 8.08315, 8.05765, 3.1503, -0.15876, 0, 8.05765, 8.05827, 8.05765, 8.05765, 8.05765, 8.05765, 8.05765, 8.05765, 8.05765, 8.05765, 8.05765, 8.05765, 8.05765, 8.05765, 8.05765, 8.05765, 8.05765, 8.05765, 8.05765, 8.05765, 8.08252, 8.05765
7.92106, 11.1049, 8.10212, 8.06857, 3.62006, 3.00273, 0, 8.06857, 8.06916, 8.06857, 8.06857, 8.06857, 8.06857, 8.06857, 8.06857, 8.06857, 8.06857, 8.06857, 8.06857, 8.06857, 8.06857, 8.06857, 8.06857, 8.06857, 8.06857, 8.06857, 8.06857, 8.10152, 8.06857
7.92893, 13.7585, 8.12336, 8.07952, 3.9697, 5.63512, 0, 8.07952, 8.08007, 8.07952, 8.07952, 8.07952, 8.07952, 8.07952, 8.07952, 8.07952, 8.07952, 8.07952, 8.07952, 8.07952, 8.07952, 8.07952, 8.07952, 8.07952, 8.07952, 8.07952, 8.07952, 8.1228, 8.07952
7.9368, 7.10043, 8.14719, 8.09034, 3.01669, -1.04675, 0, 8.09034, 8.09086, 8.09034, 8.09034, 8.09034, 8.09034, 8.09034, 8.09034, 8.09034, 8.09034, 8.09034, 8.09034, 8.09034, 8.09034, 8.09034, 8.09034, 8.09034, 8.09034, 8.09034, 8.09034, 8.14665, 8.09034
7.94467, 8.9879, 8.17375, 8.10067, 3.3148, 0.814157, 0, 8.10067, 8.10116, 8.10068, 8.10067, 8.10067, 8.10067, 8.10067, 8.10067, 8.10067, 8.10067, 8.10067, 8.10067, 8.10067, 8.10067, 8.10067, 8.10067, 8.10067, 8.10067, 8.10067, 8.10067, 8.17324, 8.10067
7.95254, 10.8899, 8.20361, 8.11051, 3.59025, 2.68631, 0, 8.11051, 8.11097, 8.11052, 8.11051, 8.11051, 8.11051, 8.11051, 8.11051, 8.11051, 8.11051, 8.11051, 8.11051, 8.11051, 8.11051, 8.11051, 8.11051, 8.11051, 8.11051, 8.11051, 8.11051, 8.20313, 8.11051
7.96041, 10.2262, 8.23761, 8.12011, 3.4966, 1.98859, 0, 8.12011, 8.12054, 8.12013, 8.12011, 8.12011, 8.12011, 8.12011, 8.12011, 8.12011, 8.12011, 8.12011, 8.12011, 8.12011, 8.12011, 8.12011, 8.12011, 8.12011, 8.12011, 8.12011, 8.12011, 8.23716, 8.12011
7.96828, 14.8035, 8.27663, 8.12971, 4.0992, 6.52683, 0, 8.12972, 8.13012, 8.12974, 8.12971, 8.12971, 8.12971, 8.12971, 8.12971, 8.12971, 8.12971, 8.12971, 8.12971, 8.12971, 8.12971, 8.12971, 8.12971, 8.12971, 8.12971, 8.12971, 8.12971, 8.27619, 8.12971
7.97615, 5.99035, 8.32127, 8.13934, 2.82672, -2.33093, 0, 8.13934, 8.13972, 8.13938, 8.13934, 8.13934, 8.13934, 8.13934, 8.13934, 8.13934, 8.13934, 8.13934, 8.13934, 8.13934, 8.13934, 8.13934, 8.13934, 8.13934, 8.13934, 8.13934, 8.13934, 8.32084, 8.13934
7.98403, 11.9118, 8.37195, 8.14881, 3.72985, 3.53982, 0, 8.14881, 8.14917, 8.14886, 8.14881, 8.14881, 8.14881, 8.14881, 8.14881, 8.14881, 8.14881, 8.14881, 8.14881, 8.14881, 8.14881, 8.14881, 8.14881, 8.14881, 8.14881, 8.14881, 8.14881, 8.37153, 8.14881
7.9919, 7.14275, 8.42872, 8.15768, 3.0237, -1.28597, 0, 8.15768, 8.15803, 8.15775, 8.15768, 8.15768, 8.15768, 8.15768, 8.15768, 8.15768, 8.15768, 8.15768, 8.15768, 8.15768, 8.15768, 8.15768, 8.15768, 8.15768, 8.15768, 8.15768, 8.15768, 8.4283, 8.15768
7.99977, 8.98586, 8.49203, 8.16599, 3.31449, 0.493829, 0, 8.16599, 8.16632, 8.16609, 8.16599, 8.16599, 8.16599, 8.16599, 8.16599, 8.16599, 8.16599, 8.16599, 8.16599, 8.16599, 8.16599, 8.16599, 8.16599, 8.16599, 8.16599, 8.16599, 8.16599, 8.49159, 8.16599
8.00764, 9.01767, 8.56244, 8.17402, 3.31929, 0.455231, 0, 8.17403, 8.17434, 8.17416, 8.17402, 8.17402, 8.17402, 8.17402, 8.17402, 8.17402, 8.17402, 8.17402, 8.17402, 8.17402, 8.17402, 8.17402, 8.17402, 8.17402, 8.17402, 8.17402, 8.17402, 8.56198, 8.17402
8.01551, 10.9236, 8.64031, 8.18206, 3.59494, 2.2833, 0, 8.18206, 8.18236, 8.18225, 8.18206, 8.18206, 8.18206, 8.18206, 8.18206, 8.18206, 8.18206, 8.18206, 8.18206, 8.18206, 8.18206, 8.18206, 8.18206, 8.18206, 8.18206, 8.18206, 8.18206, 8.6398, 8.18206
8.02338, 6.96059, 8.72549, 8.19008, 2.99342, -1.76491, 0, 8.19008, 8.19038, 8.19034, 8.19008, 8.19008, 8.19008, 8.19008, 8.19008, 8.19008, 8.19008, 8.19008, 8.19008, 8.19008, 8.19008, 8.19008, 8.19008, 8.19008, 8.19008, 8.19008, 8.19008, 8.72494, 8.19008
8.03125, 7.04016, 8.81741, 8.19788, 3.00669, -1.77726, 0, 8.19789, 8.19817, 8.19823, 8.19788, 8.19788, 8.19788, 8.19788, 8.19788, 8.19788, 8.19788, 8.19788, 8.19788, 8.19788, 8.19788, 8.19788, 8.19788, 8.19788, 8.19788, 8.19788, 8.19788, 8.81677, 8.19788
8.03912, 14.0305, 8.91498, 8.20503, 4.00381, 5.1155, 0, 8.20504, 8.20531, 8.20549, 8.20503, 8.20503, 8.20503, 8.20503, 8.20503, 8.20503, 8.20503, 8.20503, 8.20503, 8.20503, 8.20503, 8.20503, 8.20503, 8.20503, 8.20503, 8.20503, 8.20503, 8.91424, 8.20503
8.047, 7.9606, 9.01732, 8.21158, 3.15604, -1.05672, 0, 8.21158, 8.21186, 8.21218, 8.21158, 8.21158, 8.21158, 8.21158, 8.21158, 8.21158, 8.21158, 8.21158, 8.21158, 8.21158, 8.21158, 8.21158, 8.21158, 8.21158, 8.21158, 8.21158, 8.21158, 9.01644, 8.21158
8.05487, 14.9304, 9.12349, 8.21783, 4.11465, 5.80687, 0, 8.21783, 8.21811, 8.21861, 8.21783, 8.21783, 8.21783, 8.21783, 8.21783, 8.21783, 8.21783, 8.21783, 8.21783, 8.21783, 8.21783, 8.21783, 8.21783, 8.21783, 8.21783, 8.21783, 8.21783, 9.12243, 8.21783
8.06274, 7.95973, 9.23229, 8.22408, 3.1559, -1.27256, 0, 8.22409, 8.22436, 8.22508, 8.22408, 8.22408, 8.22408, 8.22408, 8.22408, 8.22408, 8.22408, 8.22408, 8.22408, 8.22408, 8.22408, 8.22408, 8.22408, 8.22408, 8.22409, 8.22408, 8.22408, 9.23101, 8.22408
8.07061, 9.02069, 9.34187, 8.23026, 3.31974, -0.321177, 0, 8.23027, 8.23054, 8.23154, 8.23026, 8.23026, 8.23026, 8.23026, 8.23026, 8.23026, 8.23026, 8.23026, 8.23026, 8.23026, 8.23026, 8.23026, 8.23026, 8.23026, 8.23027, 8.23026, 8.23026, 9.34032, 8.23026
8.07848, 7.96964, 9.45006, 8.23616, 3.15747, -1.48042, 0, 8.23616, 8.23643, 8.23777, 8.23616, 8.23616, 8.23616, 8.23616, 8.23616, 8.23616, 8.23616, 8.23616, 8.23616, 8.23616, 8.23616, 8.23616, 8.23616, 8.23616, 8.23616, 8.23616, 8.23616, 9.44817, 8.23616
8.08635, 11.0274, 9.55434, 8.24137, 3.60935, 1.47305, 0, 8.24137, 8.24164, 8.24338, 8.24137, 8.24137, 8.24137, 8.24137, 8.24137, 8.24137, 8.24137, 8.24137, 8.24137, 8.24137, 8.24137, 8.24137, 8.24137, 8.24137, 8.24137, 8.24137, 8.24137, 9.55205, 8.24137
8.09422, 10.9851, 9.65256, 8.24596, 3.60349, 1.33257, 0, 8.24596, 8.24623, 8.24845, 8.24596, 8.24596, 8.24596, 8.24596, 8.24596, 8.24596, 8.24596, 8.24596, 8.24596, 8.24596, 8.24596, 8.24596, 8.24596, 8.24596, 8.24596, 8.24596, 8.24596, 9.64979, 8.24596
8.10209, 12.9827, 9.74285, 8.25024, 3.87074, 3.2398, 0, 8.25025, 8.25051, 8.25331, 8.25024, 8.25024, 8.25024, 8.25024, 8.25024, 8.25024, 8.25024, 8.25024, 8.25024, 8.25024, 8.25024, 8.25024, 8.25024, 8.25024, 8.25025, 8.25024, 8.25024, 9.73951, 8.25024
8.10997, 8.98563, 9.82339, 8.25453, 3.31446, -0.837766, 0, 8.25453, 8.2548, 8.25825, 8.25453, 8.25453, 8.25453, 8.25453, 8.25453, 8.25453, 8.25453, 8.25453, 8.25453, 8.25453, 8.25453, 8.25453, 8.25453, 8.25453, 8.25453, 8.25453, 8.25453, 9.8194, 8.25453
8.11784, 5.99504, 9.89211, 8.25868, 2.82755, -3.89706, 0, 8.25869, 8.25896, 8.26316, 8.25868, 8.25868, 8.25868, 8.25868, 8.25868, 8.25868, 8.25868, 8.25868, 8.25868, 8.25868, 8.25868, 8.25868, 8.25868, 8.25868, 8.25869, 8.25868, 8.25868, 9.88735, 8.25868
8.12571, 10.9871, 9.94711, 8.2625, 3.60376, 1.04, 0, 8.2625, 8.26277, 8.26783, 8.2625, 8.2625, 8.2625, 8.2625, 8.2625, 8.2625, 8.2625, 8.2625, 8.2625, 8.2625, 8.2625, 8.2625, 8.2625, 8.2625, 8.2625, 8.2625, 8.2625, 9.9415, 8.2625
8.13358, 15.9459, 9.98667, 8.2656, 4.23626, 5.95924, 0, 8.26561, 8.26588, 8.2719, 8.2656, 8.2656, 8.2656, 8.2656, 8.2656, 8.2656, 8.2656, 8.2656, 8.2656, 8.2656, 8.2656, 8.2656, 8.2656, 8.2656, 8.2656, 8.2656, 8.2656, 9.9801, 8.2656
8.14145, 11.9727, 10.0099, 8.26808, 3.73801, 1.96283, 0, 8.26808, 8.26835, 8.27544, 8.26808, 8.26808, 8.26808, 8.26808, 8.26808, 8.26808, 8.26808, 8.26808, 8.26808, 8.26808, 8.26808, 8.26808, 8.26808, 8.26808, 8.26808, 8.26808, 8.26808, 10.0023, 8.26808
8.14932, 10.0298, 10.0166, 8.27024, 3.4684, 0.0131874, 0, 8.27025, 8.27052, 8.27876, 8.27024, 8.27024, 8.27024, 8.27024, 8.27024, 8.27024, 8.27024, 8.27024, 8.27024, 8.27024, 8.27024, 8.27024, 8.27024, 8.27024, 8.27024, 8.27024, 8.27024, 10.0078, 8.27024
8.15719, 17.945, 10.007, 8.27241, 4.46598, 7.93798, 0, 8.27241, 8.27268, 8.28218, 8.27241, 8.27241, 8.27241, 8.27241, 8.27241, 8.27241, 8.27241, 8.27241, 8.27241, 8.27241, 8.27241, 8.27241, 8.27241, 8.27241, 8.27241, 8.27241, 8.27241, 9.99695, 8.27241
8.16506, 10.0585, 9.9813, 8.27439, 3.47253, 0.0771875, 0, 8.27439, 8.27467, 8.28549, 8.27439, 8.27439, 8.27439, 8.27439, 8.27439, 8.27439, 8.27439, 8.27439, 8.27439, 8.27439, 8.27439, 8.27439, 8.27439, 8.27439, 8.27439, 8.27439, 8.27439, 9.96992, 8.27439
8.17294, 12.9165, 9.94013, 8.276, 3.86219, 2.97636, 0, 8.27601, 8.27629, 8.28849, 8.276, 8.276, 8.276, 8.276, 8.276, 8.276, 8.276, 8.276, 8.276, 8.276, 8.276, 8.276, 8.276, 8.276, 8.27601, 8.276, 8.276, 9.92736, 8.276
8.18081, 10.0015, 9.88435, 8.27689, 3.46432, 0.117191, 0, 8.27689, 8.27718, 8.2908, 8.27689, 8.27689, 8.27689, 8.27689, 8.27689, 8.27689, 8.27689, 8.27689, 8.27689, 8.27689, 8.27689, 8.27689, 8.27689, 8.27689, 8.27689, 8.27689, 8.27689, 9.87015, 8.27689
8.18868, 10.9839, 9.81562, 8.27714, 3.60332, 1.16832, 0, 8.27714, 8.27743, 8.29249, 8.27714, 8.27714, 8.27714, 8.27714, 8.27714, 8.27714, 8.27714, 8.27714, 8.27714, 8.27714, 8.27714, 8.27714, 8.27714, 8.27714, 8.27714, 8.27714, 8.27714, 9.79998, 8.27714
8.19655, 12.034, 9.73609, 8.27707, 3.74619, 2.29787, 0, 8.27707, 8.27736, 8.29385, 8.27707, 8.27707, 8.27707, 8.27707, 8.27707, 8.27707, 8.27707, 8.27707, 8.27707, 8.27707, 8.27707, 8.27707, 8.27707, 8.27707, 8.27707, 8.27707, 8.27707, 9.71901, 8.27707
8.20442, 10.0439, 9.64808, 8.277, 3.47043, 0.395801, 0, 8.277, 8.2773, 8.29517, 8.277, 8.277, 8.277, 8.277, 8.277, 8.277, 8.277, 8.277, 8.277, 8.277, 8.277, 8.277, 8.277, 8.277, 8.277, 8.277, 8.277, 9.6296, 8.277
8.21229, 9.96244, 9.55354, 8.27672, 3.45868, 0.408899, 0, 8.27673, 8.27703, 8.29621, 8.27672, 8.27672, 8.27672, 8.27672, 8.27672, 8.27672, 8.27672, 8.27672, 8.27672, 8.27672, 8.27672, 8.27672, 8.27672, 8.27672, 8.27672, 8.27672, 8.27672, 9.53374, 8.27672
8.22016, 15.7923, 9.45441, 8.27606, 4.21809, 6.3379, 0, 8.27606, 8.27638, 8.29677, 8.27606, 8.27606, 8.27606, 8.27606, 8.27606, 8.27606, 8.27606, 8.27606, 8.27606, 8.27606, 8.27606, 8.27606, 8.27606, 8.27606, 8.27606, 8.27606, 8.27606, 9.43338, 8.27606
8.22803, 11.153, 9.35246, 8.27466, 3.62671, 1.80058, 0, 8.27466, 8.27499, 8.29645, 8.27466, 8.27466, 8.27466, 8.27466, 8.27466, 8.27466, 8.27466, 8.27466, 8.27466, 8.27466, 8.27466, 8.27466, 8.27466, 8.27466, 8.27466, 8.27466, 8.27466, 9.33033, 8.27466
8.23591, 11.8752, 9.24972, 8.27261, 3.72495, 2.6255, 0, 8.27262, 8.27296, 8.29534, 8.27261, 8.27261, 8.27261, 8.27261, 8.27261, 8.27261, 8.27261, 8.27261, 8.27261, 8.27261, 8.27261, 8.27261, 8.27261, 8.27261, 8.27261, 8.27261, 8.27261, 9.22664, 8.27261
8.24378, 13.2211, 9.14831, 8.27024, 3.90142, 4.07275, 0, 8.27025, 8.27062, 8.29371, 8.27024, 8.27024, 8.27024, 8.27024, 8.27024, 8.27024, 8.27024, 8.27024, 8.27024, 8.27024, 8.27024, 8.27024, 8.27024, 8.27024, 8.27024, 8.27024, 8.27024, 9.12446, 8.27024
8.25165, 8.91028, 9.0501, 8.26787, 3.30307, -0.139812, 0, 8.26788, 8.26829, 8.29189, 8.26787, 8.26787, 8.26787, 8.26787, 8.26787, 8.26787, 8.26787, 8.26787, 8.26787, 8.26787, 8.26787, 8.26787, 8.26787, 8.26787, 8.26788, 8.26787, 8.26787, 9.02566, 8.26787
8.25952, 7.12515, 8.95619, 8.26529, 3.02079, -1.83104, 0, 8.26529, 8.26576, 8.28963, 8.26529, 8.26529, 8.26529, 8.26529, 8.26529, 8.26529, 8.26529, 8.26529, 8.26529, 8.26529, 8.26529, 8.26529, 8.26529, 8.26529, 8.26529, 8.26529, 8.26529, 8.93137, 8.26529
8.26739, 11.8076, 8.86741, 8.26233, 3.71586, 2.94018, 0, 8.26233, 8.26288, 8.28677, 8.26233, 8.26233, 8.26233, 8.26233, 8.26233, 8.26233, 8.26233, 8.26233, 8.26233, 8.26233, 8.26233, 8.26233, 8.26233, 8.26233, 8.26233, 8.26233, 8.26233, 8.84241, 8.26233
8.27526, 6.0882, 8.78419, 8.25861, 2.84398, -2.69599, 0, 8.25862, 8.25928, 8.28293, 8.25861, 8.25861, 8.25861, 8.25861, 8.25861, 8.25861, 8.25861, 8.25861, 8.25861, 8.25861, 8.25861, 8.25861, 8.25861, 8.25861, 8.25861, 8.25861, 8.25861, 8.75919, 8.25861
8.28313, 5.04473, 8.70708, 8.25425, 2.65419, -3.66235, 0, 8.25425, 8.25509, 8.27821, 8.25425, 8.25425, 8.25425, 8.25425, 8.25425, 8.25425, 8.25425, 8.25425, 8.25425, 8.25425, 8.25425, 8.25425, 8.25425, 8.25425, 8.25425, 8.25425, 8.25425, 8.68227, 8.25425
8.29101, 9.77646, 8.63672, 8.24956, 3.43168, 1.13974, 0, 8.24956, 8.25064, 8.27296, 8.24956, 8.24956, 8.24956, 8.24956, 8.24956, 8.24956, 8.24956, 8.24956, 8.24956, 8.24956, 8.24956, 8.24956, 8.24956, 8.24956, 8.24956, 8.24956, 8.24956, 8.61223, 8.24956
8.29888, 7.87286, 8.57345, 8.24487, 3.14211, -0.700592, 0, 8.24487, 8.24629, 8.26751, 8.24487, 8.24487, 8.24487, 8.24487, 8.24487, 8.24487, 8.24487, 8.24487, 8.24487, 8.24487, 8.24487, 8.24487, 8.24487, 8.24487, 8.24487, 8.24487, 8.24487, 8.54938, 8.24487
8.30675, 12.9802, 8.51699, 8.23997, 3.87042, 4.46318, 0, 8.23998, 8.24189, 8.26167, 8.23997, 8.23997, 8.23997, 8.23997, 8.23997, 8.23997, 8.23997, 8.23997, 8.23997, 8.23997, 8.23997, 8.23997, 8.23997, 8.23997, 8.23997, 8.23997, 8.23997, 8.49337, 8.23997
8.31462, 10.1031, 8.46693, 8.23472, 3.47896, 1.63622, 0, 8.23473, 8.23732, 8.25533, 8.23472, 8.23472, 8.23472, 8.23472, 8.23472, 8.23472, 8.23472, 8.23472, 8.23472, 8.23472, 8.23472, 8.23472, 8.23472, 8.23472, 8.23472, 8.23472, 8.23472, 8.44372, 8.23472
8.32249, 12.794, 8.42254, 8.22872, 3.8463, 4.37146, 0, 8.22873, 8.23228, 8.24811, 8.22872, 8.22872, 8.22872, 8.22872, 8.22872, 8.22872, 8.22872, 8.22872, 8.22872, 8.22872, 8.22872, 8.22872, 8.22872, 8.22872, 8.22873, 8.22872, 8.22872, 8.39959, 8.22872
8.33036, 6.31103, 8.38353, 8.22206, 2.88289, -2.0725, 0, 8.22206, 8.22694, 8.24014, 8.22206, 8.22206, 8.22206, 8.22206, 8.22206, 8.22206, 8.22206, 8.22206, 8.22206, 8.22206, 8.22206, 8.22206, 8.22206, 8.22206, 8.22206, 8.22206, 8.22206, 8.36056, 8.22206
8.33823, 13.7827, 8.34983, 8.21507, 3.97274, 5.43282, 0, 8.21507, 8.22177, 8.23177, 8.21507, 8.21507, 8.21507, 8.21507, 8.21507, 8.21507, 8.21507, 8.21507, 8.21507, 8.21507, 8.21507, 8.21507, 8.21507, 8.21507, 8.21507, 8.21507, 8.21507, 8.32643, 8.21507
8.3461, 8.26989, 8.32139, 8.20808, 3.20467, -0.0515013, 0, 8.20808, 8.21726, 8.22336, 8.20808, 8.20808, 8.20808, 8.20808, 8.20808, 8.20808, 8.20808, 8.20808, 8.20808, 8.20808, 8.20808, 8.20808, 8.20808, 8.20808, 8.20808, 8.20808, 8.20808, 8.29692, 8.20808
8.35398, 12.9187, 8.29769, 8.20092, 3.86247, 4.62102, 0, 8.20092, 8.21343, 8.21478, 8.20092, 8.20092, 8.20092, 8.20092, 8.20092, 8.20092, 8.20092, 8.20092, 8.20092, 8.20092, 8.20092, 8.20092, 8.20092, 8.20092, 8.20092, 8.20092, 8.20092, 8.2713, 8.20092
8.36185, 6.99009, 8.27833, 8.19344, 2.99835, -1.28824, 0, 8.19345, 8.21042, 8.2059, 8.19344, 8.19344, 8.19344, 8.19344, 8.19344, 8.19344, 8.19344, 8.19344, 8.19344, 8.19344, 8.19344, 8.19344, 8.19344, 8.19344, 8.19345, 8.19344, 8.19344, 8.24889, 8.19344
8.36972, 15.7554, 8.26269, 8.18522, 4.21371, 7.4927, 0, 8.18522, 8.20809, 8.19631, 8.18522, 8.18522, 8.18522, 8.18522, 8.18522, 8.18522, 8.18522, 8.18522, 8.18522, 8.18522, 8.18522, 8.18522, 8.18522, 8.18522, 8.18522, 8.18522, 8.18522, 8.22871, 8.18522
8.37759, 7.38763, 8.25079, 8.17632, 3.06392, -0.863161, 0, 8.17632, 8.20692, 8.18611, 8.17632, 8.17632, 8.17632, 8.17632, 8.17632, 8.17632, 8.17632, 8.17632, 8.17632, 8.17632, 8.17632, 8.17632, 8.17632, 8.17632, 8.17632, 8.17632, 8.17632, 8.21039, 8.17632
8.38546, 10.7441, 8.24303, 8.16709, 3.56989, 2.50106, 0, 8.16709, 8.20771, 8.17565, 8.16709, 8.16709, 8.16709, 8.16709, 8.16709, 8.16709, 8.16709, 8.16709, 8.16709, 8.16709, 8.16709, 8.16709, 8.16709, 8.16709, 8.16709, 8.16709, 8.16709, 8.19384, 8.16709
8.39333, 6.16059, 8.23994, 8.15786, 2.85668, -2.07935, 0, 8.15786, 8.21135, 8.16528, 8.15786, 8.15786, 8.15786, 8.15786, 8.15786, 8.15786, 8.15786, 8.15786, 8.15786, 8.15786, 8.15786, 8.15786, 8.15786, 8.15786, 8.15786, 8.15786, 8.15786, 8.17902, 8.15786
8.4012, 2.16927, 8.24172, 8.14851, 2.04188, -6.07245, 0, 8.14851, 8.21836, 8.15488, 8.14851, 8.14851, 8.14851, 8.14851, 8.14851, 8.14851, 8.14851, 8.14851, 8.14851, 8.14851, 8.14851, 8.14851, 8.14851, 8.14851, 8.14851, 8.14851, 8.14851, 8.16549, 8.14851
8.40907, 8.90694, 8.24871, 8.13891, 3.30257, 0.658225, 0, 8.13891, 8.22934, 8.14433, 8.13891, 8.13891, 8.13891, 8.13891, 8.13891, 8.13891, 8.13891, 8.13891, 8.13891, 8.13891, 8.13891, 8.13891, 8.13891, 8.13891, 8.13891, 8.13891, 8.13891, 8.15285, 8.13891
8.41695, 10.7161, 8.261, 8.12856, 3.56597, 2.45511, 0, 8.12856, 8.24461, 8.13314, 8.12856, 8.12856, 8.12856, 8.12856, 8.12856, 8.12856, 8.12856, 8.12856, 8.12856, 8.12856, 8.12856, 8.12856, 8.12856, 8.12856, 8.12856, 8.12856, 8.12856, 8.14036, 8.12856
8.42482, 11.0827, 8.27937, 8.11752, 3.617, 2.80333, 0, 8.11753, 8.26515, 8.12135, 8.11752, 8.11752, 8.11752, 8.11752, 8.11752, 8.11752, 8.11752, 8.11752, 8.11752, 8.11752, 8.11752, 8.11752, 8.11752, 8.11752, 8.11753, 8.11752, 8.11752, 8.12791, 8.11752
8.43269, 16.2064, 8.30496, 8.10615, 4.2669, 7.90143, 0, 8.10615, 8.29224, 8.10932, 8.10615, 8.10615, 8.10615, 8.10615, 8.10615, 8.10615, 8.10615, 8.10615, 8.10615, 8.10615, 8.10615, 8.10615, 8.10615, 8.10615, 8.10615, 8.10615, 8.10615, 8.11569, 8.10615
8.44056, 9.77472, 8.33901, 8.09478, 3.43143, 1.43571, 0, 8.09478, 8.32727, 8.09739, 8.09478, 8.09478, 8.09478, 8.09478, 8.09478, 8.09478, 8.09478, 8.09478, 8.09478, 8.09478, 8.09478, 8.09478, 8.09478, 8.09478, 8.09478, 8.09478, 8.09478, 8.10391, 8.09478
8.44843, 6.99009, 8.38236, 8.08336, 2.99835, -1.39227, 0, 8.08336, 8.37118, 8.08548, 8.08336, 8.08336, 8.08336, 8.08336, 8.08336, 8.08336, 8.08336, 8.08336, 8.08336, 8.08336, 8.08336, 8.08336, 8.08336, 8.08336, 8.08336, 8.08336, 8.08336, 8.09241, 8.08336
8.4563, 7.88538, 8.4358, 8.07176, 3.1441, -0.55042, 0, 8.07176, 8.42486, 8.07347, 8.07176, 8.07176, 8.07176, 8.07176, 8.07176, 8.07176, 8.07176, 8.07176, 8.07176, 8.07176, 8.07176, 8.07176, 8.07176, 8.07176, 8.07176, 8.07176, 8.07176, 8.08098, 8.07176
8.46417, 9.88067, 8.49961, 8.05942, 3.44683, 1.38106, 0, 8.05942, 8.48865, 8.06079, 8.05942, 8.05942, 8.05942, 8.05942, 8.05942, 8.05942, 8.05942, 8.05942, 8.05942, 8.05942, 8.05942, 8.05942, 8.05942, 8.05942, 8.05942, 8.05942, 8.05942, 8.06901, 8.05942
8.47204, 5.42528, 8.57461, 8.04638, 2.72494, -3.14933, 0, 8.04639, 8.56343, 8.04747, 8.04638, 8.04638, 8.04638, 8.04638, 8.04638, 8.04638, 8.04638, 8.04638, 8.04638, 8.04638, 8.04638, 8.04638, 8.04638, 8.04638, 8.04639, 8.04638, 8.04638, 8.05648, 8.04638
8.47992, 12.5457, 8.6617, 8.03301, 3.81389, 3.88403, 0, 8.03301, 8.65013, 8.03386, 8.03301, 8.03301, 8.03301, 8.03301, 8.03301, 8.03301, 8.03301, 8.03301, 8.03301, 8.03301, 8.03301, 8.03301, 8.03301, 8.03301, 8.03301, 8.03301, 8.03301, 8.04371, 8.03301
8.48779, 10.1001, 8.76156, 8.01964, 3.47852, 1.33851, 0, 8.01964, 8.7495, 8.0203, 8.01964, 8.01964, 8.01964, 8.01964, 8.01964, 8.01964, 8.01964, 8.01964, 8.01964, 8.01964, 8.01964, 8.01964, 8.01964, 8.01964, 8.01964, 8.01964, 8.01964, 8.03103, 8.01964
8.49566, 4.57428, 8.87426, 8.0063, 2.56404, -4.29998, 0, 8.00631, 8.86162, 8.00682, 8.0063, 8.0063, 8.0063, 8.0063, 8.0063, 8.0063, 8.0063, 8.0063, 8.0063, 8.0063, 8.0063, 8.0063, 8.0063, 8.0063, 8.00631, 8.0063, 8.0063, 8.01842, 8.0063
8.50353, 10.6409, 8.99926, 7.99276, 3.5554, 1.64163, 0, 7.99276, 8.98598, 7.99315, 7.99276, 7.99276, 7.99276, 7.99276, 7.99276, 7.99276, 7.99276, 7.99276, 7.99276, 7.99276, 7.99276, 7.99276, 7.99276, 7.99276, 7.99276, 7.99276, 7.99276, 8.00565, 7.99276
8.5114, 15.7488, 9.1354, 7.97861, 4.21294, 6.61343, 0, 7.97861, 9.1214, 7.97891, 7.97861, 7.97861, 7.97861, 7.97861, 7.97861, 7.97861, 7.97861, 7.97861, 7.97861, 7.97861, 7.97861, 7.97861, 7.97861, 7.97861, 7.97861, 7.97861, 7.97861, 7.9923, 7.97861
8.51927, 7.86307, 9.28148, 7.96377, 3.14055, -1.41841, 0, 7.96377, 9.26672, 7.96399, 7.96377, 7.96377, 7.96377, 7.96377, 7.96377, 7.96377, 7.96377, 7.96377, 7.96377, 7.96377, 7.96377, 7.96377, 7.96377, 7.96377, 7.96377, 7.96377, 7.96377, 7.9783, 7.96377
8.52714, 8.49368, 9.43618, 7.94859, 3.23939, -0.9425, 0, 7.94859, 9.42061, 7.94876, 7.94859, 7.94859, 7.94859, 7.94859, 7.94859, 7.94859, 7.94859, 7.94859, 7.94859, 7.94859, 7.94859, 7.94859, 7.94859, 7.94859, 7.94859, 7.94859, 7.94859, 7.96399, 7.94859
8.53502, 4.12418, 9.5978, 7.93343, 2.47471, -5.47362, 0, 7.93343, 9.58134, 7.93355, 7.93343, 7.93343, 7.93343, 7.93343, 7.93343, 7.93343, 7.93343, 7.93343, 7.93343, 7.93343, 7.93343, 7.93343, 7.93343, 7.93343, 7.93343, 7.93343, 7.93343, 7.94975, 7.93343
8.54289, 4.73381, 9.76381, 7.91835, 2.59496, -5.03, 0, 7.91836, 9.74638, 7.91844, 7.91835, 7.91835, 7.91835, 7.91835, 7.91835, 7.91835, 7.91835, 7.91835, 7.91835, 7.91835, 7.91835, 7.91835, 7.91835, 7.91835, 7.91836, 7.91835, 7.91835, 7.93568, 7.91835
8.55076, 7.99331, 9.93104, 7.90305, 3.16122, -1.93773, 0, 7.90305, 9.91253, 7.90311, 7.90305, 7.90305, 7.90305, 7.90305, 7.90305, 7.90305, 7.90305, 7.90305, 7.90305, 7.90305, 7.90305, 7.90305, 7.90305, 7.90305, 7.90305, 7.90305, 7.90305, 7.92149, 7.90305
8.55863, 10.5829, 10.0959, 7.88728, 3.54724, 0.486973, 0, 7.88728, 10.0762, 7.88733, 7.88728, 7.88728, 7.88728, 7.88728, 7.88728, 7.88728, 7.88728, 7.88728, 7.88728, 7.88728, 7.88728, 7.88728, 7.88728, 7.88728, 7.88728, 7.88728, 7.88728, 7.90698, 7.88728
8.5665, 8.54126, 10.2548, 7.87083, 3.24673, -1.71352, 0, 7.87083, 10.2336, 7.87086, 7.87083, 7.87083, 7.87083, 7.87083, 7.87083, 7.87083, 7.87083, 7.87083, 7.87083, 7.87083, 7.87083, 7.87083, 7.87083, 7.87083, 7.87083, 7.87083, 7.87083, 7.89198, 7.87083
8.57437, 12.148, 10.4043, 7.85405, 3.76138, 1.74363, 0, 7.85405, 10.3814, 7.85407, 7.85405, 7.85405, 7.85405, 7.85405, 7.85405, 7.85405, 7.85405, 7.85405, 7.85405, 7.85405, 7.85405, 7.85405, 7.85405, 7.85405, 7.85405, 7.85405, 7.85405, 7.87692, 7.85405
8.58224, 13.1239, 10.5413, 7.83728, 3.88895, 2.58261, 0, 7.83729, 10.5164, 7.8373, 7.83728, 7.83728, 7.83728, 7.83728, 7.83728, 7.83728, 7.83728, 7.83728, 7.83728, 7.83728, 7.83728, 7.83728, 7.83728, 7.83728, 7.83729, 7.83728, 7.83728, 7.8622, 7.83728
8.59011, 10.5675, 10.6623, 7.82068, 3.54507, -0.0947933, 0, 7.82069, 10.6349, 7.82069, 7.82068, 7.82068, 7.82068, 7.82068, 7.82068, 7.82068, 7.82068, 7.82068, 7.82068, 7.82068, 7.82068, 7.82068, 7.82068, 7.82068, 7.82068, 7.82068, 7.82068, 7.84805, 7.82068
8.59799, 13.6959, 10.7638, 7.80382, 3.9618, 2.93205, 0, 7.80382, 10.7335, 7.80383, 7.80382, 7.80382, 7.80382, 7.80382, 7.80382, 7.80382, 7.80382, 7.80382, 7.80382, 7.80382, 7.80382, 7.80382, 7.80382, 7.80382, 7.80382, 7.80382, 7.80382, 7.83413, 7.80382
8.60586, 10.6854, 10.8429, 7.78665, 3.56166, -0.157508, 0, 7.78666, 10.8091, 7.78666, 7.78665, 7.78665, 7.78665, 7.78665, 7.78665, 7.78665, 7.78665, 7.78665, 7.78665, 7.78665, 7.78665, 7.78665, 7.78665, 7.78665, 7.78665, 7.78665, 7.78665, 7.82049, 7.78665
8.61373, 12.1362, 10.897, 7.76881, 3.75981, 1.23922, 0, 7.76882, 10.8589, 7.76882, 7.76881, 7.76881, 7.76881, 7.76881, 7.76881, 7.76881, 7.76881, 7.76881, 7.76881, 7.76881, 7.76881, 7.76881, 7.76881, 7.76881, 7.76882, 7.76881, 7.76881, 7.80686, 7.76881
8.6216, 10.4539, 10.9247, 7.75065, 3.52901, -0.47076, 0, 7.75065, 10.8816, 7.75065, 7.75065, 7.75065, 7.75065, 7.75065, 7.75065, 7.75065, 7.75065, 7.75065, 7.75065, 7.75065, 7.75065, 7.75065, 7.75065, 7.75065, 7.75065, 7.75065, 7.75065, 7.79367, 7.75065
8.62947, 12.6761, 10.9254, 7.73251, 3.83094, 1.75069, 0, 7.73251, 10.8765, 7.73251, 7.73251, 7.73251, 7.73251, 7.73251, 7.73251, 7.73251, 7.73251, 7.73251, 7.73251, 7.73251, 7.73251, 7.73251, 7.73251, 7.73251, 7.73251, 7.73251, 7.73251, 7.78135, 7.73251
8.63734, 10.6662, 10.8991, 7.71461, 3.55896, -0.232967, 0, 7.71461, 10.8435, 7.71461, 7.71461, 7.71461, 7.71461, 7.71461, 7.71461, 7.71461, 7.71461, 7.71461, 7.71461, 7.71461, 7.71461, 7.71461, 7.71461, 7.71461, 7.71461, 7.71461, 7.71461, 7.77021, 7.71461
8.64521, 7.47282, 10.8459, 7.69641, 3.07779, -3.37305, 0, 7.69641, 10.7825, 7.69641, 7.69641, 7.69641, 7.69641, 7.69641, 7.69641, 7.69641, 7.69641, 7.69641, 7.69641, 7.69641, 7.69641, 7.69641, 7.69641, 7.69641, 7.69641, 7.69641, 7.69641, 7.75978, 7.69641
8.65308, 11.4934, 10.767, 7.67808, 3.67333, 0.72636, 0, 7.67809, 10.6948, 7.67809, 7.67808, 7.67808, 7.67808, 7.67808, 7.67808, 7.67808, 7.67808, 7.67808, 7.67808, 7.67808, 7.67808, 7.67808, 7.67808, 7.67808, 7.67809, 7.67808, 7.67808, 7.75025, 7.67808
8.66096, 7.48724, 10.6638, 7.6591, 3.08014, -3.17658, 0, 7.6591, 10.5818, 7.6591, 7.6591, 7.6591, 7.6591, 7.6591, 7.6591, 7.6591, 7.6591, 7.6591, 7.6591, 7.6591, 7.6591, 7.6591, 7.6591, 7.6591, 7.6591, 7.6591, 7.6591, 7.74111, 7.6591
8.66883, 16.7988, 10.5392, 7.63979, 4.33575, 6.2596, 0, 7.63979, 10.4462, 7.63979, 7.63979, 7.63979, 7.63979, 7.63979, 7.63979, 7.63979, 7.63979, 7.63979, 7.63979, 7.63979, 7.63979, 7.63979, 7.63979, 7.63979, 7.63979, 7.63979, 7.63979, 7.73269, 7.63979
8.6767, 17.9727, 10.3962, 7.6205, 4.46909, 7.57653, 0, 7.62051, 10.2914, 7.6205, 7.6205, 7.6205, 7.6205, 7.6205, 7.6205, 7.6205, 7.6205, 7.6205, 7.6205, 7.6205, 7.6205, 7.6205, 7.6205, 7.6205, 7.6205, 7.6205, 7.6205, 7.7253, 7.6205
8.68457, 12.6745, 10.2385, 7.60154, 3.83073, 2.43593, 0, 7.60155, 10.121, 7.60154, 7.60154, 7.60154, 7.60154, 7.60154, 7.60154, 7.60154, 7.60154, 7.60154, 7.60154, 7.60154, 7.60154, 7.60154, 7.60154, 7.60154, 7.60154, 7.60154, 7.60154, 7.71913, 7.60154
8.69244, 10.3384, 10.0689, 7.58225, 3.51261, 0.269509, 0, 7.58226, 9.93775, 7.58225, 7.58225, 7.58225, 7.58225, 7.58225, 7.58225, 7.58225, 7.58225, 7.58225, 7.58225, 7.58225, 7.58225, 7.58225, 7.58225, 7.58225, 7.58226, 7.58225, 7.58225, 7.71341, 7.58225
8.70031, 9.34746, 9.89112, 7.56299, 3.3686, -0.543659, 0, 7.56299, 9.74578, 7.56299, 7.56299, 7.56299, 7.56299, 7.56299, 7.56299, 7.56299, 7.56299, 7.56299, 7.56299, 7.56299, 7.56299, 7.56299, 7.56299, 7.56299, 7.56299, 7.56299, 7.56299, 7.70832, 7.56299
8.70818, 6.99263, 9.70794, 7.54311, 2.99877, -2.71531, 0, 7.54312, 9.54801, 7.54311, 7.54311, 7.54311, 7.54311, 7.54311, 7.54311, 7.54311, 7.54311, 7.54311, 7.54311, 7.54311, 7.54311, 7.54311, 7.54311, 7.54311, 7.54312, 7.54311, 7.54311, 7.70304, 7.54311
8.71605, 10.0691, 9.52293, 7.52292, 3.47406, 0.546143, 0, 7.52292, 9.34824, 7.52292, 7.52292, 7.52292, 7.52292, 7.52292, 7.52292, 7.52292, 7.52292, 7.52292, 7.52292, 7.52292, 7.52292, 7.52292, 7.52292, 7.52292, 7.52292, 7.52292, 7.52292, 7.6976, 7.52292
8.72393, 8.91636, 9.33931, 7.50275, 3.30399, -0.422949, 0, 7.50275, 9.14994, 7.50275, 7.50275, 7.50275, 7.50275, 7.50275, 7.50275, 7.50275, 7.50275, 7.50275, 7.50275, 7.50275, 7.50275, 7.50275, 7.50275, 7.50275, 7.50275, 7.50275, 7.50275, 7.69211, 7.50275
8.7318, 10.4242, 9.16007, 7.48298, 3.52479, 1.2641, 0, 7.48299, 8.95639, 7.48298, 7.48298, 7.48298, 7.48298, 7.48298, 7.48298, 7.48298, 7.48298, 7.48298, 7.48298, 7.48298, 7.48298, 7.48298, 7.48298, 7.48298, 7.48298, 7.48298, 7.48298, 7.68665, 7.48298
8.73967, 13.41, 8.98659, 7.46285, 3.92556, 4.42345, 0, 7.46286, 8.76926, 7.46285, 7.46285, 7.46285, 7.46285, 7.46285, 7.46285, 7.46285, 7.46285, 7.46285, 7.46285, 7.46285, 7.46285, 7.46285, 7.46285, 7.46285, 7.46285, 7.46285, 7.46285, 7.68018, 7.46285
8.74754, 11.9498, 8.82099, 7.44275, 3.73495, 3.12882, 0, 7.44275, 8.59094, 7.44275, 7.44275, 7.44275, 7.44275, 7.44275, 7.44275, 7.44275, 7.44275, 7.44275, 7.44275, 7.44275, 7.44275, 7.44275, 7.44275, 7.44275, 7.44275, 7.44275, 7.44275, 7.67279, 7.44275
8.75541, 10.3839, 8.6642, 7.42232, 3.51908, 1.71974, 0, 7.42233, 8.42263, 7.42232, 7.42232, 7.42232, 7.42232, 7.42232, 7.42232, 7.42232, 7.42232, 7.42232, 7.42232, 7.42232, 7.42232, 7.42232, 7.42232, 7.42232, 7.42233, 7.42232, 7.42232, 7.66388, 7.42232
8.76328, 12.5967, 8.51707, 7.40154, 3.82057, 4.07966, 0, 7.40154, 8.26543, 7.40154, 7.40154, 7.40154, 7.40154, 7.40154, 7.40154, 7.40154, 7.40154, 7.40154, 7.40154, 7.40154, 7.40154, 7.40154, 7.40154, 7.40154, 7.40154, 7.40154, 7.40154, 7.65317, 7.40154
8.77115, 6.59529, 8.38043, 7.38078, 2.93177, -1.78513, 0, 7.38078, 8.12033, 7.38078, 7.38078, 7.38078, 7.38078, 7.38078, 7.38078, 7.38078, 7.38078, 7.38078, 7.38078, 7.38078, 7.38078, 7.38078, 7.38078, 7.38078, 7.38078, 7.38078, 7.38078, 7.64087, 7.38078
8.77902, 8.38587, 8.25486, 7.36047, 3.22271, 0.131009, 0, 7.36047, 7.98808, 7.36047, 7.36047, 7.36047, 7.36047, 7.36047, 7.36047, 7.36047, 7.36047, 7.36047, 7.36047, 7.36047, 7.36047, 7.36047, 7.36047, 7.36047, 7.36047, 7.36047, 7.36047, 7.62725, 7.36047
8.7869, 6.78364, 8.13937, 7.33975, 2.96372, -1.35572, 0, 7.33975, 7.86773, 7.33975, 7.33975, 7.33975, 7.33975, 7.33975, 7.33975, 7.33975, 7.33975, 7.33975, 7.33975, 7.33975, 7.33975, 7.33975, 7.33975, 7.33975, 7.33975, 7.33975, 7.33975, 7.61138, 7.33975
8.79477, 7.19653, 8.03404, 7.31906, 3.03258, -0.837512, 0, 7.31907, 7.75939, 7.31906, 7.31906, 7.31906, 7.31906, 7.31906, 7.31906, 7.31906, 7.31906, 7.31906, 7.31906, 7.31906, 7.31906, 7.31906, 7.31906, 7.31906, 7.31906, 7.31906, 7.31906, 7.59371, 7.31906
8.80264, 8.20223, 7.93828, 7.29835, 3.19409, 0.263946, 0, 7.29836, 7.66238, 7.29835, 7.29835, 7.29835, 7.29835, 7.29835, 7.29835, 7.29835, 7.29835, 7.29835, 7.29835, 7.29835, 7.29835, 7.29835, 7.29835, 7.29835, 7.29836, 7.29835, 7.29835, 7.57425, 7.29835
8.81051, 8.77893, 7.85112, 7.27723, 3.28313, 0.927814, 0, 7.27724, 7.57559, 7.27723, 7.27723, 7.27723, 7.27723, 7.27723, 7.27723, 7.27723, 7.27723, 7.27723, 7.27723, 7.27723, 7.27723, 7.27723, 7.27723, 7.27723, 7.27723, 7.27723, 7.27723, 7.55276, 7.27723
8.81838, 4.42211, 7.77233, 7.25614, 2.53419, -3.35022, 0, 7.25614, 7.49856, 7.25614, 7.25614, 7.25614, 7.25614, 7.25614, 7.25614, 7.25614, 7.25614, 7.25614, 7.25614, 7.25614, 7.25614, 7.25614, 7.25614, 7.25614, 7.25614, 7.25614, 7.25614, 7.52991, 7.25614
8.82625, 9.12163, 7.70173, 7.23554, 3.33491, 1.41991, 0, 7.23555, 7.43082, 7.23554, 7.23554, 7.23554, 7.23554, 7.23554, 7.23554, 7.23554, 7.23554, 7.23554, 7.23554, 7.23554, 7.23554, 7.23554, 7.23554, 7.23554, 7.23555, 7.23554, 7.23554, 7.50645, 7.23554
8.83412, 9.98513, 7.63773, 7.2145, 3.46195, 2.3474, 0, 7.2145, 7.37044, 7.2145, 7.2145, 7.2145, 7.2145, 7.2145, 7.2145, 7.2145, 7.2145, 7.2145, 7.2145, 7.2145, 7.2145, 7.2145, 7.2145, 7.2145, 7.2145, 7.2145, 7.2145, 7.48179, 7.2145
8.84199, 9.65539, 7.58028, 7.19349, 3.414, 2.07511, 0, 7.19349, 7.31695, 7.19349, 7.19349, 7.19349, 7.19349, 7.19349, 7.19349, 7.19349, 7.19349, 7.19349, 7.19349, 7.19349, 7.19349, 7.19349, 7.19349, 7.19349, 7.19349, 7.19349, 7.19349, 7.45682, 7.19349
8.84987, 8.31636, 7.52913, 7.17277, 3.21191, 0.787226, 0, 7.17277, 7.26967, 7.17277, 7.17277, 7.17277, 7.17277, 7.17277, 7.17277, 7.17277, 7.17277, 7.17277, 7.17277, 7.17277, 7.17277, 7.17277, 7.17277, 7.17277, 7.17277, 7.17277, 7.17277, 7.43222, 7.17277
8.85774, 14.0726, 7.48309, 7.15156, 4.00907, 6.58953, 0, 7.15156, 7.22697, 7.15156, 7.15156, 7.15156, 7.15156, 7.15156, 7.15156, 7.15156, 7.15156, 7.15156, 7.15156, 7.15156, 7.15156, 7.15156, 7.15156, 7.15156, 7.15156, 7.15156, 7.15156, 7.40767, 7.15156
8.86561, 10.1278, 7.44233, 7.13038, 3.4825, 2.68544, 0, 7.13038, 7.18857, 7.13038, 7.13038, 7.13038, 7.13038, 7.13038, 7.13038, 7.13038, 7.13038, 7.13038, 7.13038, 7.13038, 7.13038, 7.13038, 7.13038, 7.13038, 7.13038, 7.13038, 7.13038, 7.38414, 7.13038
8.87348, 15.5228, 7.40716, 7.10979, 4.18602, 8.11563, 0, 7.10979, 7.1543, 7.10979, 7.10979, 7.10979, 7.10979, 7.10979, 7.10979, 7.10979, 7.10979, 7.10979, 7.10979, 7.10979, 7.10979, 7.10979, 7.10979, 7.10979, 7.10979, 7.10979, 7.10979, 7.36264, 7.10979
8.88135, 11.7472, 7.3762, 7.08865, 3.70772, 4.37101, 0, 7.08866, 7.12242, 7.08865, 7.08865, 7.08865, 7.08865, 7.08865, 7.08865, 7.08865, 7.08865, 7.08865, 7.08865, 7.08865, 7.08865, 7.08865, 7.08865, 7.08865, 7.08865, 7.08865, 7.08865, 7.34243, 7.08865
8.88922, 11.456, 7.34986, 7.06755, 3.66824, 4.10615, 0, 7.06755, 7.09294, 7.06755, 7.06755, 7.06755, 7.06755, 7.06755, 7.06755, 7.06755, 7.06755, 7.06755, 7.06755, 7.06755, 7.06755, 7.06755, 7.06755, 7.06755, 7.06755, 7.06755, 7.06755, 7.32446, 7.06755
8.89709, 6.46691, 7.32857, 7.04706, 2.9098, -0.86166, 0, 7.04706, 7.066, 7.04706, 7.04706, 7.04706, 7.04706, 7.04706, 7.04706, 7.04706, 7.04706, 7.04706, 7.04706, 7.04706, 7.04706, 7.04706, 7.04706, 7.04706, 7.04706, 7.04706, 7.04706, 7.30963, 7.04706
8.90496, 7.99009, 7.311, 7.02601, 3.16071, 0.679086, 0, 7.02601, 7.04001, 7.02601, 7.02601, 7.02601, 7.02601, 7.02601, 7.02601, 7.02601, 7.02601, 7.02601, 7.02601, 7.02601, 7.02601, 7.02601, 7.02601, 7.02601, 7.02601, 7.02601, 7.02601, 7.29699, 7.02601
8.91284, 7.23556, 7.29757, 7.00499, 3.03901, -0.062006, 0, 7.005, 7.01526, 7.00499, 7.00499, 7.00499, 7.00499, 7.00499, 7.00499, 7.00499, 7.00499, 7.00499, 7.00499, 7.00499, 7.00499, 7.00499, 7.00499, 7.00499, 7.00499, 7.00499, 7.00499, 7.28729, 7.00499
8.92071, 8.48761, 7.28872, 6.98465, 3.23846, 1.19888, 0, 6.98465, 6.99212, 6.98465, 6.98465, 6.98465, 6.98465, 6.98465, 6.98465, 6.98465, 6.98465, 6.98465, 6.98465, 6.98465, 6.98465, 6.98465, 6.98465, 6.98465, 6.98465, 6.98465, 6.98465, 7.28125, 6.98465
8.92858, 1.99743, 7.28293, 6.96367, 1.99936, -5.2855, 0, 6.96367, 6.96906, 6.96367, 6.96367, 6.96367, 6.96367, 6.96367, 6.96367, 6.96367, 6.96367, 6.96367, 6.96367, 6.96367, 6.96367, 6.96367, 6.96367, 6.96367, 6.96367, 6.96367, 6.96367, 7.27753, 6.96367
8.93645, 5.24074, 7.28057, 6.94272, 2.69086, -2.03983, 0, 6.94272, 6.94658, 6.94272, 6.94272, 6.94272, 6.94272, 6.94272, 6.94272, 6.94272, 6.94272, 6.94272, 6.94272, 6.94272, 6.94272, 6.94272, 6.94272, 6.94272, 6.94272, 6.94272, 6.94272, 7.2767, 6.94272
8.94432, 10.7359, 7.31573, 6.95621, 3.56874, 3.42021, 0, 6.95621, 6.95895, 6.95621, 6.95621, 6.95621, 6.95621, 6.95621, 6.95621, 6.95621, 6.95621, 6.95621, 6.95621, 6.95621, 6.95621, 6.95621, 6.95621, 6.95621, 6.95621, 6.95621, 6.95621, 7.31298, 6.95621
8.95219, 8.01611, 7.35296, 6.96907, 3.16482, 0.663151, 0, 6.96907, 6.971, 6.96907, 6.96907, 6.96907, 6.96907, 6.96907, 6.96907, 6.96907, 6.96907, 6.96907, 6.96907, 6.96907, 6.96907, 6.96907, 6.96907, 6.96907, 6.96907, 6.96907, 6.96907, 7.35102, 6.96907
8.96006, 7.95973, 7.39248, 6.98194, 3.1559, 0.567249, 0, 6.98194, 6.9833, 6.98194, 6.98194, 6.98194, 6.98194, 6.98194, 6.98194, 6.98194, 6.98194, 6.98194, 6.98194, 6.98194, 6.98194, 6.98194, 6.98194, 6.98194, 6.98194, 6.98194, 6.98194, 7.39112, 6.98194
8.96793, 4.03556, 7.43441, 6.99543, 2.45674, -3.39885, 0, 6.99543, 6.99637, 6.99543, 6.99543, 6.99543, 6.99543, 6.99543, 6.99543, 6.99543, 6.99543, 6.99543, 6.99543, 6.99543, 6.99543, 6.99543, 6.99543, 6.99543, 6.99543, 6.99543, 6.99543, 7.43346, 6.99543
8.97581, 8.20422, 7.47706, 7.00835, 3.1944, 0.727159, 0, 7.00835, 7.009, 7.00835, 7.00835, 7.00835, 7.00835, 7.00835, 7.00835, 7.00835, 7.00835, 7.00835, 7.00835, 7.00835, 7.00835, 7.00835, 7.00835, 7.00835, 7.00835, 7.00835, 7.00835, 7.4764, 7.00835
8.98368, 15.9233, 7.52046, 7.02127, 4.23359, 8.40282, 0, 7.02128, 7.02173, 7.02127, 7.02127, 7.02127, 7.02127, 7.02127, 7.02127, 7.02127, 7.02127, 7.02127, 7.02127, 7.02127, 7.02127, 7.02127, 7.02127, 7.02127, 7.02127, 7.02127, 7.02127, 7.52, 7.02127
8.99155, 11.9812, 7.56373, 7.03387, 3.73914, 4.41744, 0, 7.03388, 7.03419, 7.03387, 7.03387, 7.03387, 7.03387, 7.03387, 7.03387, 7.03387, 7.03387, 7.03387, 7.03387, 7.03387, 7.03387, 7.03387, 7.03387, 7.03387, 7.03388, 7.03387, 7.03387, 7.56341, 7.03387
8.99942, 8.15316, 7.60605, 7.04591, 3.1864, 0.547114, 0, 7.04591, 7.04613, 7.04591, 7.04591, 7.04591, 7.04591, 7.04591, 7.04591, 7.04591, 7.04591, 7.04591, 7.04591, 7.04591, 7.04591, 7.04591, 7.04591, 7.04591, 7.04591, 7.04591, 7.04591, 7.60582, 7.04591
9.00729, 11.6301, 7.64744, 7.05796, 3.6919, 3.98268, 0, 7.05796, 7.05811, 7.05796, 7.05796, 7.05796, 7.05796, 7.05796, 7.05796, 7.05796, 7.05796, 7.05796, 7.05796, 7.05796, 7.05796, 7.05796, 7.05796, 7.05796, 7.05796, 7.05796, 7.05796, 7.64727, 7.05796
9.01516, 9.26456, 7.6879, 7.07057, 3.35627, 1.57666, 0, 7.07058, 7.07069, 7.07057, 7.07057, 7.07057, 7.07057, 7.07057, 7.07057, 7.07057, 7.07057, 7.07057, 7.07057, 7.07057, 7.07057, 7.07057, 7.07057, 7.07057, 7.07057, 7.07057, 7.07057, 7.68779, 7.07057
9.02303, 9.99009, 7.72585, 7.08265, 3.46267, 2.26424, 0, 7.08265, 7.08273, 7.08265, 7.08265, 7.08265, 7.08265, 7.08265, 7.08265, 7.08265, 7.08265, 7.08265, 7.08265, 7.08265, 7.08265, 7.08265, 7.08265, 7.08265, 7.08265, 7.08265, 7.08265, 7.72576, 7.08265
9.03091, 8.99072, 7.76135, 7.09474, 3.31523, 1.22937, 0, 7.09474, 7.0948, 7.09474, 7.09474, 7.09474, 7.09474, 7.09474, 7.09474, 7.09474, 7.09474, 7.09474, 7.09474, 7.09474, 7.09474, 7.09474, 7.09474, 7.09474, 7.09474, 7.09474, 7.09474, 7.76128, 7.09474
9.03878, 8.98995, 7.79319, 7.10603, 3.31511, 1.19676, 0, 7.10604, 7.10608, 7.10603, 7.10603, 7.10603, 7.10603, 7.10603, 7.10603, 7.10603, 7.10603, 7.10603, 7.10603, 7.10603, 7.10603, 7.10603, 7.10603, 7.10603, 7.10603, 7.10603, 7.10603, 7.79313, 7.10603
9.04665, 7.70397, 7.82129, 7.1168, 3.11512, -0.117323, 0, 7.11681, 7.11685, 7.1168, 7.1168, 7.1168, 7.1168, 7.1168, 7.1168, 7.1168, 7.1168, 7.1168, 7.1168, 7.1168, 7.1168, 7.1168, 7.1168, 7.1168, 7.1168, 7.1168, 7.1168, 7.82124, 7.1168
9.05452, 9.56555, 7.84592, 7.12758, 3.40082, 1.71963, 0, 7.12758, 7.12762, 7.12758, 7.12758, 7.12758, 7.12758, 7.12758, 7.12758, 7.12758, 7.12758, 7.12758, 7.12758, 7.12758, 7.12758, 7.12758, 7.12758, 7.12758, 7.12758, 7.12758, 7.12758, 7.84588, 7.12758
9.06239, 8.70173, 7.8674, 7.13888, 3.27135, 0.834334, 0, 7.13888, 7.13891, 7.13888, 7.13888, 7.13888, 7.13888, 7.13888, 7.13888, 7.13888, 7.13888, 7.13888, 7.13888, 7.13888, 7.13888, 7.13888, 7.13888, 7.13888, 7.13888, 7.13888, 7.13888, 7.86736, 7.13888
9.07026, 12.1102, 7.88461, 7.14968, 3.75635, 4.22555, 0, 7.14969, 7.14972, 7.14968, 7.14968, 7.14968, 7.14968, 7.14968, 7.14968, 7.14968, 7.14968, 7.14968, 7.14968, 7.14968, 7.14968, 7.14968, 7.14968, 7.14968, 7.14968, 7.14968, 7.14968, 7.88457, 7.14968
9.07813, 15.21, 7.89787, 7.16035, 4.1485, 7.31214, 0, 7.16036, 7.16039, 7.16035, 7.16035, 7.16035, 7.16035, 7.16035, 7.16035, 7.16035, 7.16035, 7.16035, 7.16035, 7.16035, 7.16035, 7.16035, 7.16035, 7.16035, 7.16036, 7.16035, 7.16035, 7.89783, 7.16035
9.08601, 8.35244, 7.90636, 7.17, 3.21752, 0.446074, 0, 7.17001, 7.17003, 7.17, 7.17, 7.17, 7.17, 7.17, 7.17, 7.17, 7.17, 7.17, 7.17, 7.17, 7.17, 7.17, 7.17, 7.17, 7.17, 7.17, 7.17, 7.90632, 7.17
9.09387, 6.88947, 7.91072, 7.17914, 2.98152, -1.02125, 0, 7.17914, 7.17917, 7.17914, 7.17914, 7.17914, 7.17914, 7.17914, 7.17914, 7.17914, 7.17914, 7.17914, 7.17914, 7.17914, 7.17914, 7.17914, 7.17914, 7.17914, 7.17914, 7.17914, 7.17914, 7.91068, 7.17914
9.10175, 4.29839, 7.91166, 7.18829, 2.50966, -3.61327, 0, 7.18829, 7.18832, 7.18829, 7.18829, 7.18829, 7.18829, 7.18829, 7.18829, 7.18829, 7.18829, 7.18829, 7.18829, 7.18829, 7.18829, 7.18829, 7.18829, 7.18829, 7.18829, 7.18829, 7.18829, 7.91162, 7.18829
9.10962, 4.69219, 7.90986, 7.19786, 2.58693, -3.21767, 0, 7.19786, 7.19789, 7.19786, 7.19786, 7.19786, 7.19786, 7.19786, 7.19786, 7.19786, 7.19786, 7.19786, 7.19786, 7.19786, 7.19786, 7.19786, 7.19786, 7.19786, 7.19786, 7.19786, 7.19786, 7.90982, 7.19786
9.11749, 7.37943, 7.90476, 7.20699, 3.06259, -0.525333, 0, 7.20699, 7.20702, 7.20699, 7.20699, 7.20699, 7.20699, 7.20699, 7.20699, 7.20699, 7.20699, 7.20699, 7.20699, 7.20699, 7.20699, 7.20699, 7.20699, 7.20699, 7.20699, 7.20699, 7.20699, 7.90473, 7.20699
9.12536, 10.061, 7.89675, 7.21572, 3.47289, 2.16422, 0, 7.21573, 7.21576, 7.21572, 7.21572, 7.21572, 7.21572, 7.21572, 7.21572, 7.21572, 7.21572, 7.21572, 7.21572, 7.21572, 7.21572, 7.21572, 7.21572, 7.21572, 7.21573, 7.21572, 7.21572, 7.89671, 7.21572
9.13323, 13.8577, 7.88553, 7.22342, 3.98218, 5.97221, 0, 7.22343, 7.22345, 7.22342, 7.22342, 7.22342, 7.22342, 7.22342, 7.22342, 7.22342, 7.22342, 7.22342, 7.22342, 7.22342, 7.22342, 7.22342, 7.22342, 7.22342, 7.22342, 7.22342, 7.22342, 7.88549, 7.22342
9.1411, 6.73774, 7.872, 7.2306, 2.95597, -1.13426, 0, 7.23061, 7.23064, 7.2306, 7.2306, 7.2306, 7.2306, 7.2306, 7.2306, 7.2306, 7.2306, 7.2306, 7.2306, 7.2306, 7.2306, 7.2306, 7.2306, 7.2306, 7.23061, 7.2306, 7.2306, 7.87196, 7.2306
9.14897, 9.30538, 7.85704, 7.23779, 3.36235, 1.44834, 0, 7.23779, 7.23782, 7.23779, 7.23779, 7.23779, 7.23779, 7.23779, 7.23779, 7.23779, 7.23779, 7.23779, 7.23779, 7.23779, 7.23779, 7.23779, 7.23779, 7.23779, 7.23779, 7.23779, 7.23779, 7.857, 7.23779
9.15685, 11.9901, 7.84128, 7.24527, 3.74033, 4.1488, 0, 7.24528, 7.24531, 7.24527, 7.24527, 7.24527, 7.24527, 7.24527, 7.24527, 7.24527, 7.24527, 7.24527, 7.24527, 7.24527, 7.24527, 7.24527, 7.24527, 7.24527, 7.24527, 7.24527, 7.24527, 7.84124, 7.24527
9.16472, 13.7019, 7.82436, 7.25238, 3.96256, 5.8775, 0, 7.25238, 7.25241, 7.25238, 7.25238, 7.25238, 7.25238, 7.25238, 7.25238, 7.25238, 7.25238, 7.25238, 7.25238, 7.25238, 7.25238, 7.25238, 7.25238, 7.25238, 7.25238, 7.25238, 7.25238, 7.82432, 7.25238
9.17259, 7.92838, 7.80629, 7.25883, 3.15093, 0.122085, 0, 7.25884, 7.25888, 7.25883, 7.25883, 7.25883, 7.25883, 7.25883, 7.25883, 7.25883, 7.25883, 7.25883, 7.25883, 7.25883, 7.25883, 7.25883, 7.25883, 7.25883, 7.25884, 7.25883, 7.25883, 7.80624, 7.25883
9.18046, 8.68699, 7.78692, 7.26426, 3.2691, 0.900072, 0, 7.26427, 7.26431, 7.26426, 7.26426, 7.26426, 7.26426, 7.26426, 7.26426, 7.26426, 7.26426, 7.26426, 7.26426, 7.26426, 7.26426, 7.26426, 7.26426, 7.26426, 7.26427, 7.26426, 7.26426, 7.78687, 7.26426
9.18833, 13.6559, 7.76696, 7.26918, 3.95676, 5.88897, 0, 7.26918, 7.26923, 7.26918, 7.26918, 7.26918, 7.26918, 7.26918, 7.26918, 7.26918, 7.26918, 7.26918, 7.26918, 7.26918, 7.26918, 7.26918, 7.26918, 7.26918, 7.26918, 7.26918, 7.26918, 7.7669, 7.26918
9.1962, 4.64247, 7.74708, 7.27409, 2.5773, -3.10461, 0, 7.2741, 7.27415, 7.27409, 7.27409, 7.27409, 7.27409, 7.27409, 7.27409, 7.27409, 7.27409, 7.27409, 7.27409, 7.27409, 7.27409, 7.27409, 7.27409, 7.27409, 7.27409, 7.27409, 7.27409, 7.74701, 7.27409
9.20407, 11.3264, 7.72756, 7.27918, 3.65053, 3.59883, 0, 7.27919, 7.27926, 7.27918, 7.27918, 7.27918, 7.27918, 7.27918, 7.27918, 7.27918, 7.27918, 7.27918, 7.27918, 7.27918, 7.27918, 7.27918, 7.27918, 7.27918, 7.27918, 7.27918, 7.27918, 7.72748, 7.27918
9.21195, 11.3273, 7.70801, 7.28395, 3.65065, 3.61925, 0, 7.28395, 7.28405, 7.28395, 7.28395, 7.28395, 7.28395, 7.28395, 7.28395, 7.28395, 7.28395, 7.28395, 7.28395, 7.28395, 7.28395, 7.28395, 7.28395, 7.28395, 7.28395, 7.28395, 7.28395, 7.7079, 7.28395
9.21982, 11.671, 7.68794, 7.28786, 3.69743, 3.98307, 0, 7.28787, 7.28799, 7.28786, 7.28786, 7.28786, 7.28786, 7.28786, 7.28786, 7.28786, 7.28786, 7.28786, 7.28786, 7.28786, 7.28786, 7.28786, 7.28786, 7.28786, 7.28786, 7.28786, 7.28786, 7.6878, 7.28786
9.22769, 6.97299, 7.66722, 7.29076, 2.99549, -0.694238, 0, 7.29076, 7.29094, 7.29076, 7.29076, 7.29076, 7.29076, 7.29076, 7.29076, 7.29076, 7.29076, 7.29076, 7.29076, 7.29076, 7.29076, 7.29076, 7.29076, 7.29076, 7.29076, 7.29076, 7.29076, 7.66704, 7.29076
9.23556, 8.99058, 7.64641, 7.29315, 3.3152, 1.34417, 0, 7.29315, 7.29339, 7.29315, 7.29315, 7.29315, 7.29315, 7.29315, 7.29315, 7.29315, 7.29315, 7.29315, 7.29315, 7.29315, 7.29315, 7.29315, 7.29315, 7.29315, 7.29315, 7.29315, 7.29315, 7.64616, 7.29315
9.24343, 10.2981, 7.62603, 7.29554, 3.50687, 2.67211, 0, 7.29554, 7.29587, 7.29554, 7.29554, 7.29554, 7.29554, 7.29554, 7.29554, 7.29554, 7.29554, 7.29554, 7.29554, 7.29554, 7.29554, 7.29554, 7.29554, 7.29554, 7.29554, 7.29554, 7.29554, 7.62569, 7.29554
9.2513, 7.72854, 7.60618, 7.29799, 3.11906, 0.12236, 0, 7.298, 7.29846, 7.29799, 7.29799, 7.29799, 7.29799, 7.29799, 7.29799, 7.29799, 7.29799, 7.29799, 7.29799, 7.29799, 7.29799, 7.29799, 7.29799, 7.29799, 7.29799, 7.29799, 7.29799, 7.60571, 7.29799
9.25917, 5.29562, 7.58657, 7.30018, 2.70104, -2.29095, 0, 7.30018, 7.30082, 7.30018, 7.30018, 7.30018, 7.30018, 7.30018, 7.30018, 7.30018, 7.30018, 7.30018, 7.30018, 7.30018, 7.30018, 7.30018, 7.30018, 7.30018, 7.30018, 7.30018, 7.30018, 7.58592, 7.30018
9.26704, 10.2855, 7.56648, 7.30133, 3.50507, 2.71902, 0, 7.30134, 7.30223, 7.30133, 7.30133, 7.30133, 7.30133, 7.30133, 7.30133, 7.30133, 7.30133, 7.30133, 7.30133, 7.30133, 7.30133, 7.30133, 7.30133, 7.30133, 7.30133, 7.30133, 7.30133, 7.56558, 7.30133
9.27491, 5.34362, 7.54604, 7.3015, 2.70991, -2.20242, 0, 7.3015, 7.30273, 7.3015, 7.3015, 7.3015, 7.3015, 7.3015, 7.3015, 7.3015, 7.3015, 7.3015, 7.3015, 7.3015, 7.3015, 7.3015, 7.3015, 7.3015, 7.3015, 7.3015, 7.3015, 7.5448, 7.3015
9.28279, 6.0658, 7.52582, 7.30118, 2.84004, -1.46002, 0, 7.30118, 7.30287, 7.30118, 7.30118, 7.30118, 7.30118, 7.30118, 7.30118, 7.30118, 7.30118, 7.30118, 7.30118, 7.30118, 7.30118, 7.30118, 7.30118, 7.30118, 7.30118, 7.30118, 7.30118, 7.52412, 7.30118
9.29066, 15.7511, 7.50641, 7.30085, 4.2132, 8.24464, 0, 7.30086, 7.30315, 7.30085, 7.30085, 7.30085, 7.30085, 7.30085, 7.30085, 7.30085, 7.30085, 7.30085, 7.30085, 7.30085, 7.30085, 7.30085, 7.30085, 7.30085, 7.30085, 7.30085, 7.30085, 7.50411, 7.30085
9.29853, 11.7908, 7.48791, 7.30049, 3.7136, 4.3029, 0, 7.30049, 7.3036, 7.30049, 7.30049, 7.30049, 7.30049, 7.30049, 7.30049, 7.30049, 7.30049, 7.30049, 7.30049, 7.30049, 7.30049, 7.30049, 7.30049, 7.30049, 7.30049, 7.30049, 7.30049, 7.4848, 7.30049
9.3064, 9.08528, 7.47009, 7.29975, 3.32946, 1.61519, 0, 7.29975, 7.30391, 7.29975, 7.29975, 7.29975, 7.29975, 7.29975, 7.29975, 7.29975, 7.29975, 7.29975, 7.29975, 7.29975, 7.29975, 7.29975, 7.29975, 7.29975, 7.29975, 7.29975, 7.29975, 7.46592, 7.29975
9.31427, 11.5229, 7.45247, 7.29801, 3.67735, 4.07045, 0, 7.29801, 7.30354, 7.29801, 7.29801, 7.29801, 7.29801, 7.29801, 7.29801, 7.29801, 7.29801, 7.29801, 7.29801, 7.29801, 7.29801, 7.29801, 7.29801, 7.29801, 7.29801, 7.29801, 7.29801, 7.44693, 7.29801
9.32214, 12.9851, 7.4353, 7.29536, 3.87106, 5.54983, 0, 7.29536, 7.30265, 7.29536, 7.29536, 7.29536, 7.29536, 7.29536, 7.29536, 7.29536, 7.29536, 7.29536, 7.29536, 7.29536, 7.29536, 7.29536, 7.29536, 7.29536, 7.29536, 7.29536, 7.29536, 7.428, 7.29536
9.33001, 6.98662, 7.41917, 7.29226, 2.99777, -0.43255, 0, 7.29226, 7.30179, 7.29226, 7.29226, 7.29226, 7.29226, 7.29226, 7.29226, 7.29226, 7.29226, 7.29226, 7.29226, 7.29226, 7.29226, 7.29226, 7.29226, 7.29226, 7.29226, 7.29226, 7.29226, 7.40963, 7.29226
9.33789, 8.73556, 7.40469, 7.28916, 3.27652, 1.33087, 0, 7.28917, 7.30151, 7.28916, 7.28916, 7.28916, 7.28916, 7.28916, 7.28916, 7.28916, 7.28916, 7.28916, 7.28916, 7.28916, 7.28916, 7.28916, 7.28916, 7.28916, 7.28916, 7.28916, 7.28916, 7.39233, 7.28916
9.34576, 11.9901, 7.39183, 7.28588, 3.74033, 4.59825, 0, 7.28589, 7.30175, 7.28588, 7.28588, 7.28588, 7.28588, 7.28588, 7.28588, 7.28588, 7.28588, 7.28588, 7.28588, 7.28588, 7.28588, 7.28588, 7.28588, 7.28588, 7.28588, 7.28588, 7.28588, 7.37596, 7.28588
9.35363, 10.2312, 7.38043, 7.28211, 3.49732, 2.8508, 0, 7.28211, 7.30231, 7.28211, 7.28211, 7.28211, 7.28211, 7.28211, 7.28211, 7.28211, 7.28211, 7.28211, 7.28211, 7.28211, 7.28211, 7.28211, 7.28211, 7.28211, 7.28211, 7.28211, 7.28211, 7.36022, 7.28211
9.3615, 6.13211, 7.37017, 7.2774, 2.85169, -1.23806, 0, 7.27741, 7.3029, 7.2774, 7.2774, 7.2774, 7.2774, 7.2774, 7.2774, 7.2774, 7.2774, 7.2774, 7.2774, 7.2774, 7.2774, 7.2774, 7.2774, 7.2774, 7.2774, 7.2774, 7.2774, 7.34466, 7.2774
9.36937, 7.60742, 7.36132, 7.27188, 3.09958, 0.246093, 0, 7.27188, 7.30379, 7.27188, 7.27188, 7.27188, 7.27188, 7.27188, 7.27188, 7.27188, 7.27188, 7.27188, 7.27188, 7.27188, 7.27188, 7.27188, 7.27188, 7.27188, 7.27188, 7.27188, 7.27188, 7.32941, 7.27188
9.37724, 11.3783, 7.35441, 7.26595, 3.65764, 4.0239, 0, 7.26596, 7.30553, 7.26595, 7.26595, 7.26595, 7.26595, 7.26595, 7.26595, 7.26595, 7.26595, 7.26595, 7.26595, 7.26595, 7.26595, 7.26595, 7.26595, 7.26595, 7.26596, 7.26595, 7.26595, 7.31483, 7.26595
9.38511, 5.99257, 7.34993, 7.25999, 2.82711, -1.35736, 0, 7.26, 7.30866, 7.25999, 7.25999, 7.25999, 7.25999, 7.25999, 7.25999, 7.25999, 7.25999, 7.25999, 7.25999, 7.25999, 7.25999, 7.25999, 7.25999, 7.25999, 7.26, 7.25999, 7.25999, 7.30126, 7.25999
9.39298, 11.2485, 7.34774, 7.25378, 3.63984, 3.90071, 0, 7.25378, 7.31308, 7.25378, 7.25378, 7.25378, 7.25378, 7.25378, 7.25378, 7.25378, 7.25378, 7.25378, 7.25378, 7.25378, 7.25378, 7.25378, 7.25378, 7.25378, 7.25378, 7.25378, 7.25378, 7.28842, 7.25378
9.40086, 14.9486, 7.34759, 7.24697, 4.11686, 7.60099, 0, 7.24698, 7.31862, 7.24697, 7.24697, 7.24697, 7.24697, 7.24697, 7.24697, 7.24697, 7.24697, 7.24697, 7.24697, 7.24697, 7.24697, 7.24697, 7.24697, 7.24697, 7.24698, 7.24697, 7.24697, 7.27593, 7.24697
9.40873, 9.17817, 7.34924, 7.23931, 3.34338, 1.82892, 0, 7.23931, 7.32511, 7.23931, 7.23931, 7.23931, 7.23931, 7.23931, 7.23931, 7.23931, 7.23931, 7.23931, 7.23931, 7.23931, 7.23931, 7.23931, 7.23931, 7.23931, 7.23931, 7.23931, 7.23931, 7.26343, 7.23931
9.4166, 4.59581, 7.35287, 7.23092, 2.56823, -2.75706, 0, 7.23092, 7.33278, 7.23092, 7.23092, 7.23092, 7.23092, 7.23092, 7.23092, 7.23092, 7.23092, 7.23092, 7.23092, 7.23092, 7.23092, 7.23092, 7.23092, 7.23092, 7.23092, 7.23092, 7.23092, 7.25101, 7.23092
9.42447, 7.99294, 7.35882, 7.22217, 3.16116, 0.634116, 0, 7.22218, 7.34204, 7.22217, 7.22217, 7.22217, 7.22217, 7.22217, 7.22217, 7.22217, 7.22217, 7.22217, 7.22217, 7.22217, 7.22217, 7.22217, 7.22217, 7.22217, 7.22217, 7.22217, 7.22217, 7.23895, 7.22217
9.43234, 5.18414, 7.36726, 7.2133, 2.68032, -2.18312, 0, 7.21331, 7.35313, 7.2133, 7.2133, 7.2133, 7.2133, 7.2133, 7.2133, 7.2133, 7.2133, 7.2133, 7.2133, 7.2133, 7.2133, 7.2133, 7.2133, 7.2133, 7.21331, 7.2133, 7.2133, 7.22743, 7.2133
9.44021, 12.5817, 7.37793, 7.20416, 3.81859, 5.20373, 0, 7.20417, 7.36587, 7.20416, 7.20416, 7.20416, 7.20416, 7.20416, 7.20416, 7.20416, 7.20416, 7.20416, 7.20416, 7.20416, 7.20416, 7.20416, 7.20416, 7.20416, 7.20417, 7.20416, 7.20416, 7.21622, 7.20416
9.44808, 8.03048, 7.39029, 7.19439, 3.16709, 0.640195, 0, 7.19439, 7.37976, 7.19439, 7.19439, 7.19439, 7.19439, 7.19439, 7.19439, 7.19439, 7.19439, 7.19439, 7.19439, 7.19439, 7.19439, 7.19439, 7.19439, 7.19439, 7.19439, 7.19439, 7.19439, 7.20491, 7.19439
9.45595, 7.35192, 7.40398, 7.18384, 3.05809, -0.0520611, 0, 7.18384, 7.39451, 7.18384, 7.18384, 7.18384, 7.18384, 7.18384, 7.18384, 7.18384, 7.18384, 7.18384, 7.18384, 7.18384, 7.18384, 7.18384, 7.18384, 7.18384, 7.18384, 7.18384, 7.18384, 7.1933, 7.18384
9.46383, 10.6432, 7.41889, 7.17268, 3.55573, 3.22436, 0, 7.17268, 7.41003, 7.17268, 7.17268, 7.17268, 7.17268, 7.17268, 7.17268, 7.17268, 7.17268, 7.17268, 7.17268, 7.17268, 7.17268, 7.17268, 7.17268, 7.17268, 7.17268, 7.17268, 7.17268, 7.18152, 7.17268
9.4717, 10.3328, 7.43495, 7.16122, 3.51182, 2.89789, 0, 7.16123, 7.42633, 7.16122, 7.16122, 7.16122, 7.16122, 7.16122, 7.16122, 7.16122, 7.16122, 7.16122, 7.16122, 7.16122, 7.16122, 7.16122, 7.16122, 7.16122, 7.16122, 7.16122, 7.16122, 7.16984, 7.16122
9.47957, 8.24348, 7.4518, 7.14948, 3.20054, 0.791688, 0, 7.14948, 7.44304, 7.14948, 7.14948, 7.14948, 7.14948, 7.14948, 7.14948, 7.14948, 7.14948, 7.14948, 7.14948, 7.14948, 7.14948, 7.14948, 7.14948, 7.14948, 7.14948, 7.14948, 7.14948, 7.15823, 7.14948
9.48744, 8.31103, 7.46881, 7.13731, 3.21108, 0.842219, 0, 7.13732, 7.45957, 7.13731, 7.13731, 7.13731, 7.13731, 7.13731, 7.13731, 7.13731, 7.13731, 7.13731, 7.13731, 7.13731, 7.13731, 7.13731, 7.13731, 7.13731, 7.13732, 7.13731, 7.13731, 7.14654, 7.13731
9.49531, 8.67955, 7.48535, 7.12459, 3.26796, 1.1942, 0, 7.12459, 7.47533, 7.12459, 7.12459, 7.12459, 7.12459, 7.12459, 7.12459, 7.12459, 7.12459, 7.12459, 7.12459, 7.12459, 7.12459, 7.12459, 7.12459, 7.12459, 7.12459, 7.12459, 7.12459, 7.13461, 7.12459
9.50318, 11.7173, 7.50047, 7.11089, 3.70369, 4.21688, 0, 7.11089, 7.48934, 7.11089, 7.11089, 7.11089, 7.11089, 7.11089, 7.11089, 7.11089, 7.11089, 7.11089, 7.11089, 7.11089, 7.11089, 7.11089, 7.11089, 7.11089, 7.11089, 7.11089, 7.11089, 7.12201, 7.11089
9.51105, 15.8482, 7.51349, 7.09609, 4.22471, 8.33472, 0, 7.0961, 7.50096, 7.09609, 7.09609, 7.09609, 7.09609, 7.09609, 7.09609, 7.09609, 7.09609, 7.09609, 7.09609, 7.09609, 7.09609, 7.09609, 7.09609, 7.09609, 7.09609, 7.09609, 7.09609, 7.10861, 7.09609
9.51892, 14.5586, 7.52389, 7.08025, 4.06922, 7.03469, 0, 7.08025, 7.50968, 7.08025, 7.08025, 7.08025, 7.08025, 7.08025, 7.08025, 7.08025, 7.08025, 7.08025, 7.08025, 7.08025, 7.08025, 7.08025, 7.08025, 7.08025, 7.08025, 7.08025, 7.08025, 7.09446, 7.08025
9.5268, 8.55666, 7.53133, 7.06354, 3.2491, 1.02533, 0, 7.06355, 7.51513, 7.06354, 7.06354, 7.06354, 7.06354, 7.06354, 7.06354, 7.06354, 7.06354, 7.06354, 7.06354, 7.06354, 7.06354, 7.06354, 7.06354, 7.06354, 7.06355, 7.06354, 7.06354, 7.07974, 7.06354
9.53467, 6.29517, 7.53522, 7.04589, 2.88013, -1.24005, 0, 7.04589, 7.51674, 7.04589, 7.04589, 7.04589, 7.04589, 7.04589, 7.04589, 7.04589, 7.04589, 7.04589, 7.04589, 7.04589, 7.04589, 7.04589, 7.04589, 7.04589, 7.04589, 7.04589, 7.04589, 7.06436, 7.04589
9.54254, 4.87088, 7.53515, 7.02733, 2.62124, -2.66427, 0, 7.02734, 7.5141, 7.02733, 7.02733, 7.02733, 7.02733, 7.02733, 7.02733, 7.02733, 7.02733, 7.02733, 7.02733, 7.02733, 7.02733, 7.02733, 7.02733, 7.02733, 7.02734, 7.02733, 7.02733, 7.04838, 7.02733
9.55041, 6.23841, 7.53035, 7.00749, 2.87026, -1.29194, 0, 7.0075, 7.50644, 7.00749, 7.00749, 7.00749, 7.00749, 7.00749, 7.00749, 7.00749, 7.00749, 7.00749, 7.00749, 7.00749, 7.00749, 7.00749, 7.00749, 7.00749, 7.0075, 7.00749, 7.00749, 7.0314, 7.00749
9.55828, 13.1058, 7.52047, 6.98629, 3.88662, 5.58536, 0, 6.9863, 7.4934, 6.98629, 6.98629, 6.98629, 6.98629, 6.98629, 6.98629, 6.98629, 6.98629, 6.98629, 6.98629, 6.98629, 6.98629, 6.98629, 6.98629, 6.98629, 6.98629, 6.98629, 6.98629, 7.01335, 6.98629
9.56615, 9.54002, 7.50546, 6.96391, 3.39706, 2.03457, 0, 6.96391, 7.47495, 6.96391, 6.96391, 6.96391, 6.96391, 6.96391, 6.96391, 6.96391, 6.96391, 6.96391, 6.96391, 6.96391, 6.96391, 6.96391, 6.96391, 6.96391, 6.96391, 6.96391, 6.96391, 6.99441, 6.96391
9.57402, 10.8778, 7.48549, 6.9406, 3.58857, 3.39232, 0, 6.9406, 7.45127, 6.9406, 6.9406, 6.9406, 6.9406, 6.9406, 6.9406, 6.9406, 6.9406, 6.9406, 6.9406, 6.9406, 6.9406, 6.9406, 6.9406, 6.9406, 6.9406, 6.9406, 6.9406, 6.97482, 6.9406
9.58189, 5.43839, 7.46084, 6.91663, 2.72734, -2.02245, 0, 6.91664, 7.42263, 6.91663, 6.91663, 6.91663, 6.91663, 6.91663, 6.91663, 6.91663, 6.91663, 6.91663, 6.91663, 6.91663, 6.91663, 6.91663, 6.91663, 6.91663, 6.91664, 6.91663, 6.91663, 6.95484, 6.91663
9.58977, 10.9899, 7.4313, 6.89171, 3.60415, 3.55856, 0, 6.89171, 7.38886, 6.89171, 6.89171, 6.89171, 6.89171, 6.89171, 6.89171, 6.89171, 6.89171, 6.89171, 6.89171, 6.89171, 6.89171, 6.89171, 6.89171, 6.89171, 6.89171, 6.89171, 6.89171, 6.93415, 6.89171
9.59764, 6.99009, 7.397, 6.86573, 2.99835, -0.406914, 0, 6.86573, 7.3501, 6.86573, 6.86573, 6.86573, 6.86573, 6.86573, 6.86573, 6.86573, 6.86573, 6.86573, 6.86573, 6.86573, 6.86573, 6.86573, 6.86573, 6.86573, 6.86573, 6.86573, 6.86573, 6.91262, 6.86573
9.60551, 6.90533, 7.35847, 6.83895, 2.98418, -0.453144, 0, 6.83896, 7.30692, 6.83895, 6.83895, 6.83895, 6.83895, 6.83895, 6.83895, 6.83895, 6.83895, 6.83895, 6.83895, 6.83895, 6.83895, 6.83895, 6.83895, 6.83895, 6.83896, 6.83895, 6.83895, 6.8905, 6.83895
9.61338, 4.99504, 7.31628, 6.81158, 2.64481, -2.32124, 0, 6.81158, 7.25992, 6.81158, 6.81158, 6.81158, 6.81158, 6.81158, 6.81158, 6.81158, 6.81158, 6.81158, 6.81158, 6.81158, 6.81158, 6.81158, 6.81158, 6.81158, 6.81158, 6.81158, 6.81158, 6.86793, 6.81158
9.62125, 6.6088, 7.27085, 6.7836, 2.93408, -0.662057, 0, 6.78361, 7.20957, 6.7836, 6.7836, 6.7836, 6.7836, 6.7836, 6.7836, 6.7836, 6.7836, 6.7836, 6.7836, 6.7836, 6.7836, 6.7836, 6.7836, 6.7836, 6.78361, 6.7836, 6.7836, 6.84489, 6.7836
9.62912, 10.9885, 7.22283, 6.75521, 3.60396, 3.76569, 0, 6.75521, 7.15654, 6.75521, 6.75521, 6.75521, 6.75521, 6.75521, 6.75521, 6.75521, 6.75521, 6.75521, 6.75521, 6.75521, 6.75521, 6.75521, 6.75521, 6.75521, 6.75521, 6.75521, 6.75521, 6.82149, 6.75521
9.63699, 6.38806, 7.17292, 6.72663, 2.89622, -0.784858, 0, 6.72663, 7.10162, 6.72663, 6.72663, 6.72663, 6.72663, 6.72663, 6.72663, 6.72663, 6.72663, 6.72663, 6.72663, 6.72663, 6.72663, 6.72663, 6.72663, 6.72663, 6.72663, 6.72663, 6.72663, 6.79793, 6.72663
9.64487, 10.526, 7.12184, 6.69808, 3.53921, 3.40418, 0, 6.69809, 7.04555, 6.69808, 6.69808, 6.69808, 6.69808, 6.69808, 6.69808, 6.69808, 6.69808, 6.69808, 6.69808, 6.69808, 6.69808, 6.69808, 6.69808, 6.69808, 6.69808, 6.69808, 6.69808, 6.77436, 6.69808
9.65274, 8.04969, 7.0699, 6.6694, 3.17012, 0.979795, 0, 6.66941, 6.98872, 6.6694, 6.6694, 6.6694, 6.6694, 6.6694, 6.6694, 6.6694, 6.6694, 6.6694, 6.6694, 6.6694, 6.6694, 6.6694, 6.6694, 6.6694, 6.66941, 6.6694, 6.6694, 6.75057, 6.6694
9.66061, 9.46171, 7.01763, 6.6407, 3.38551, 2.44408, 0, 6.6407, 6.93173, 6.6407, 6.6407, 6.6407, 6.6407, 6.6407, 6.6407, 6.6407, 6.6407, 6.6407, 6.6407, 6.6407, 6.6407, 6.6407, 6.6407, 6.6407, 6.6407, 6.6407, 6.6407, 6.72659, 6.6407
9.66848, 11.6083, 6.9652, 6.61173, 3.68894, 4.6431, 0, 6.61173, 6.87479, 6.61173, 6.61173, 6.61173, 6.61173, 6.61173, 6.61173, 6.61173, 6.61173, 6.61173, 6.61173, 6.61173, 6.61173, 6.61173, 6.61173, 6.61173, 6.61173, 6.61173, 6.61173, 6.70213, 6.61173
9.67635, 6.33048, 6.91299, 6.58251, 2.88626, -0.582506, 0, 6.58251, 6.81835, 6.58251, 6.58251, 6.58251, 6.58251, 6.58251, 6.58251, 6.58251, 6.58251, 6.58251, 6.58251, 6.58251, 6.58251, 6.58251, 6.58251, 6.58251, 6.58251, 6.58251, 6.58251, 6.67715, 6.58251
9.68422, 8.51375, 6.86143, 6.55319, 3.24249, 1.65232, 0, 6.5532, 6.76289, 6.55319, 6.55319, 6.55319, 6.55319, 6.55319, 6.55319, 6.55319, 6.55319, 6.55319, 6.55319, 6.55319, 6.55319, 6.55319, 6.55319, 6.55319, 6.55319, 6.55319, 6.55319, 6.65173, 6.55319
9.69209, 10.9927, 6.81093, 6.52394, 3.60454, 4.18181, 0, 6.52395, 6.70887, 6.52394, 6.52394, 6.52394, 6.52394, 6.52394, 6.52394, 6.52394, 6.52394, 6.52394, 6.52394, 6.52394, 6.52394, 6.52394, 6.52394, 6.52394, 6.52394, 6.52394, 6.52394, 6.62599, 6.52394
9.69996, 11.0483, 6.76167, 6.49477, 3.61224, 4.2866, 0, 6.49478, 6.65654, 6.49477, 6.49477, 6.49477, 6.49477, 6.49477, 6.49477, 6.49477, 6.49477, 6.49477, 6.49477, 6.49477, 6.49477, 6.49477, 6.49477, 6.49477, 6.49477, 6.49477, 6.49477, 6.5999, 6.49477
9.70784, 6.93705, 6.71365, 6.46556, 2.98949, 0.223402, 0, 6.46557, 6.60592, 6.46556, 6.46556, 6.46556, 6.46556, 6.46556, 6.46556, 6.46556, 6.46556, 6.46556, 6.46556, 6.46556, 6.46556, 6.46556, 6.46556, 6.46556, 6.46556, 6.46556, 6.46556, 6.57329, 6.46556
9.71571, 9.50198, 6.66689, 6.43628, 3.39146, 2.83509, 0, 6.43629, 6.55707, 6.43628, 6.43628, 6.43628, 6.43628, 6.43628, 6.43628, 6.43628, 6.43628, 6.43628, 6.43628, 6.43628, 6.43628, 6.43628, 6.43628, 6.43628, 6.43628, 6.43628, 6.43628, 6.5461, 6.43628
9.72358, 5.48389, 6.6213, 6.40679, 2.73567, -1.13741, 0, 6.4068, 6.50991, 6.40679, 6.40679, 6.40679, 6.40679, 6.40679, 6.40679, 6.40679, 6.40679, 6.40679, 6.40679, 6.40679, 6.40679, 6.40679, 6.40679, 6.40679, 6.4068, 6.40679, 6.40679, 6.51817, 6.40679
9.73145, 7.00099, 6.57696, 6.37724, 3.00017, 0.424027, 0, 6.37724, 6.46456, 6.37724, 6.37724, 6.37724, 6.37724, 6.37724, 6.37724, 6.37724, 6.37724, 6.37724, 6.37724, 6.37724, 6.37724, 6.37724, 6.37724, 6.37724, 6.37724, 6.37724, 6.37724, 6.48964, 6.37724
9.73932, 10.4861, 6.53398, 6.34775, 3.53357, 3.95214, 0, 6.34776, 6.4211, 6.34775, 6.34775, 6.34775, 6.34775, 6.34775, 6.34775, 6.34775, 6.34775, 6.34775, 6.34775, 6.34775, 6.34775, 6.34775, 6.34775, 6.34775, 6.34775, 6.34775, 6.34775, 6.46062, 6.34775
9.74719, 8.49096, 6.49236, 6.31841, 3.23897, 1.9986, 0, 6.31842, 6.37954, 6.31841, 6.31841, 6.31841, 6.31841, 6.31841, 6.31841, 6.31841, 6.31841, 6.31841, 6.31841, 6.31841, 6.31841, 6.31841, 6.31841, 6.31841, 6.31842, 6.31841, 6.31841, 6.43123, 6.31841
9.75506, 8.99876, 6.4518, 6.28902, 3.31644, 2.54696, 0, 6.28903, 6.33955, 6.28902, 6.28902, 6.28902, 6.28902, 6.28902, 6.28902, 6.28902, 6.28902, 6.28902, 6.28902, 6.28902, 6.28902, 6.28902, 6.28902, 6.28902, 6.28902, 6.28902, 6.28902, 6.40126, 6.28902
9.76293, 6.98711, 6.41232, 6.2597, 2.99785, 0.574789, 0, 6.2597, 6.30114, 6.2597, 6.2597, 6.2597, 6.2597, 6.2597, 6.2597, 6.2597, 6.2597, 6.2597, 6.2597, 6.2597, 6.2597, 6.2597, 6.2597, 6.2597, 6.2597, 6.2597, 6.2597, 6.37087, 6.2597
9.77081, 10.977, 6.37368, 6.23028, 3.60235, 4.60327, 0, 6.23029, 6.264, 6.23028, 6.23028, 6.23028, 6.23028, 6.23028, 6.23028, 6.23028, 6.23028, 6.23028, 6.23028, 6.23028, 6.23028, 6.23028, 6.23028, 6.23028, 6.23028, 6.23028, 6.23028, 6.33995, 6.23028
9.77868, 7.00818, 6.33581, 6.20081, 3.00136, 0.672373, 0, 6.20081, 6.22803, 6.20081, 6.20081, 6.20081, 6.20081, 6.20081, 6.20081, 6.20081, 6.20081, 6.20081, 6.20081, 6.20081, 6.20081, 6.20081, 6.20081, 6.20081, 6.20081, 6.20081, 6.20081, 6.30858, 6.20081
9.78655, 12.9683, 6.29874, 6.1714, 3.86889, 6.66954, 0, 6.17141, 6.1932, 6.1714, 6.1714, 6.1714, 6.1714, 6.1714, 6.1714, 6.1714, 6.1714, 6.1714, 6.1714, 6.1714, 6.1714, 6.1714, 6.1714, 6.1714, 6.17141, 6.1714, 6.1714, 6.27693, 6.1714
9.79442, 8.47261, 6.26255, 6.1422, 3.23614, 2.21007, 0, 6.14221, 6.15953, 6.1422, 6.1422, 6.1422, 6.1422, 6.1422, 6.1422, 6.1422, 6.1422, 6.1422, 6.1422, 6.1422, 6.1422, 6.1422, 6.1422, 6.1422, 6.14221, 6.1422, 6.1422, 6.24521, 6.1422
9.80229, 11.5023, 6.22688, 6.11293, 3.67455, 5.27542, 0, 6.11294, 6.1266, 6.11293, 6.11293, 6.11293, 6.11293, 6.11293, 6.11293, 6.11293, 6.11293, 6.11293, 6.11293, 6.11293, 6.11293, 6.11293, 6.11293, 6.11293, 6.11294, 6.11293, 6.11293, 6.21321, 6.11293
9.81016, 8.02818, 6.19184, 6.08374, 3.16673, 1.83634, 0, 6.08374, 6.09442, 6.08374, 6.08374, 6.08374, 6.08374, 6.08374, 6.08374, 6.08374, 6.08374, 6.08374, 6.08374, 6.08374, 6.08374, 6.08374, 6.08374, 6.08374, 6.08374, 6.08374, 6.08374, 6.18114, 6.08374
9.81803, 2.99257, 6.15752, 6.05475, 2.2344, -3.16496, 0, 6.05476, 6.06305, 6.05475, 6.05475, 6.05475, 6.05475, 6.05475, 6.05475, 6.05475, 6.05475, 6.05475, 6.05475, 6.05475, 6.05475, 6.05475, 6.05475, 6.05475, 6.05475, 6.05475, 6.05475, 6.14922, 6.05475
9.8259, 4.943, 6.12363, 6.02569, 2.63496, -1.18063, 0, 6.0257, 6.03208, 6.02569, 6.02569, 6.02569, 6.02569, 6.02569, 6.02569, 6.02569, 6.02569, 6.02569, 6.02569, 6.02569, 6.02569, 6.02569, 6.02569, 6.02569, 6.02569, 6.02569, 6.02569, 6.11723, 6.02569
9.83378, 7.56989, 6.09029, 5.9967, 3.09352, 1.4796, 0, 5.9967, 6.00158, 5.9967, 5.9967, 5.9967, 5.9967, 5.9967, 5.9967, 5.9967, 5.9967, 5.9967, 5.9967, 5.9967, 5.9967, 5.9967, 5.9967, 5.9967, 5.9967, 5.9967, 5.9967, 6.08539, 5.9967
9.84165, 4.46555, 6.05767, 5.96793, 2.54274, -1.59212, 0, 5.96793, 5.97164, 5.96793, 5.96793, 5.96793, 5.96793, 5.96793, 5.96793, 5.96793, 5.96793, 5.96793, 5.96793, 5.96793, 5.96793, 5.96793, 5.96793, 5.96793, 5.96793, 5.96793, 5.96793, 6.05395, 5.96793
9.84952, 8.39631, 6.02547, 5.93907, 3.22433, 2.37084, 0, 5.93908, 5.94186, 5.93907, 5.93907, 5.93907, 5.93907, 5.93907, 5.93907, 5.93907, 5.93907, 5.93907, 5.93907, 5.93907, 5.93907, 5.93907, 5.93907, 5.93907, 5.93907, 5.93907, 5.93907, 6.02267, 5.93907
9.85739, 7.12352, 5.99388, 5.91028, 3.02052, 1.12964, 0, 5.91029, 5.91237, 5.91028, 5.91028, 5.91028, 5.91028, 5.91028, 5.91028, 5.91028, 5.91028, 5.91028, 5.91028, 5.91028, 5.91028, 5.91028, 5.91028, 5.91028, 5.91029, 5.91028, 5.91028, 5.99178, 5.91028
9.86526, 5.45824, 5.97917, 5.8978, 2.73098, -0.520928, 0, 5.8978, 5.89934, 5.8978, 5.8978, 5.8978, 5.8978, 5.8978, 5.8978, 5.8978, 5.8978, 5.8978, 5.8978, 5.8978, 5.8978, 5.8978, 5.8978, 5.8978, 5.8978, 5.8978, 5.8978, 5.97761, 5.8978
9.87313, 6.53185, 5.96314, 5.88337, 2.92093, 0.568701, 0, 5.88338, 5.88451, 5.88337, 5.88337, 5.88337, 5.88337, 5.88337, 5.88337, 5.88337, 5.88337, 5.88337, 5.88337, 5.88337, 5.88337, 5.88337, 5.88337, 5.88337, 5.88337, 5.88337, 5.88337, 5.96199, 5.88337
9.881, 6.99554, 5.94621, 5.86735, 2.99926, 1.04933, 0, 5.86736, 5.86819, 5.86735, 5.86735, 5.86735, 5.86735, 5.86735, 5.86735, 5.86735, 5.86735, 5.86735, 5.86735, 5.86735, 5.86735, 5.86735, 5.86735, 5.86735, 5.86736, 5.86735, 5.86735, 5.94537, 5.86735
9.88888, 4.99504, 5.92924, 5.85056, 2.64481, -0.934202, 0, 5.85057, 5.85116, 5.85056, 5.85056, 5.85056, 5.85056, 5.85056, 5.85056, 5.85056, 5.85056, 5.85056, 5.85056, 5.85056, 5.85056, 5.85056, 5.85056, 5.85056, 5.85056, 5.85056, 5.85056, 5.92863, 5.85056
9.89675, 5.54164, 5.91311, 5.83379, 2.7462, -0.371476, 0, 5.8338, 5.83422, 5.83379, 5.83379, 5.83379, 5.83379, 5.83379, 5.83379, 5.83379, 5.83379, 5.83379, 5.83379, 5.83379, 5.83379, 5.83379, 5.83379, 5.83379, 5.83379, 5.83379, 5.83379, 5.91266, 5.83379
9.90462, 3.90025, 5.89986, 5.81902, 2.42904, -1.99961, 0, 5.81903, 5.81933, 5.81902, 5.81902, 5.81902, 5.81902, 5.81902, 5.81902, 5.81902, 5.81902, 5.81902, 5.81902, 5.81902, 5.81902, 5.81902, 5.81902, 5.81902, 5.81902, 5.81902, 5.81902, 5.89953, 5.81902
9.91249, 10.9924, 5.88725, 5.80395, 3.6045, 5.10515, 0, 5.80396, 5.80417, 5.80395, 5.80395, 5.80395, 5.80395, 5.80395, 5.80395, 5.80395, 5.80395, 5.80395, 5.80395, 5.80395, 5.80395, 5.80395, 5.80395, 5.80395, 5.80395, 5.80395, 5.80395, 5.88701, 5.80395
9.92036, 4.54639, 5.87508, 5.78832, 2.55859, -1.32869, 0, 5.78833, 5.78847, 5.78832, 5.78832, 5.78832, 5.78832, 5.78832, 5.78832, 5.78832, 5.78832, 5.78832, 5.78832, 5.78832, 5.78832, 5.78832, 5.78832, 5.78832, 5.78832, 5.78832, 5.78832, 5.87491, 5.78832
9.92823, 8.5513, 5.86349, 5.77221, 3.24828, 2.68781, 0, 5.77223, 5.77232, 5.77221, 5.77221, 5.77221, 5.77221, 5.77221, 5.77221, 5.77221, 5.77221, 5.77221, 5.77221, 5.77221, 5.77221, 5.77221, 5.77221, 5.77221, 5.77221, 5.77221, 5.77221, 5.86336, 5.77221
9.9361, 2.43903, 5.85259, 5.7557, 2.1069, -3.41355, 0, 5.75572, 5.75577, 5.7557, 5.7557, 5.7557, 5.7557, 5.7557, 5.7557, 5.7557, 5.7557, 5.7557, 5.7557, 5.7557, 5.7557, 5.7557, 5.7557, 5.7557, 5.7557, 5.7557, 5.7557, 5.85249, 5.7557
9.94397, 4.31276, 5.84252, 5.7389, 2.51252, -1.52975, 0, 5.73893, 5.73896, 5.7389, 5.7389, 5.7389, 5.7389, 5.7389, 5.7389, 5.7389, 5.7389, 5.7389, 5.7389, 5.7389, 5.7389, 5.7389, 5.7389, 5.7389, 5.7389, 5.7389, 5.7389, 5.84244, 5.7389
9.95185, 5.67771, 5.83343, 5.72198, 2.77087, -0.155715, 0, 5.72201, 5.72202, 5.72198, 5.72198, 5.72198, 5.72198, 5.72198, 5.72198, 5.72198, 5.72198, 5.72198, 5.72198, 5.72198, 5.72198, 5.72198, 5.72198, 5.72198, 5.72198, 5.72198, 5.72198, 5.83336, 5.72198
9.95972, 11.2975, 5.82524, 5.70489, 3.64657, 5.47226, 0, 5.70492, 5.70491, 5.70489, 5.70489, 5.70489, 5.70489, 5.70489, 5.70489, 5.70489, 5.70489, 5.70489, 5.70489, 5.70489, 5.70489, 5.70489, 5.70489, 5.70489, 5.70489, 5.70489, 5.70489, 5.82518, 5.70489
9.96759, 6.829, 5.81782, 5.68754, 2.97136, 1.01118, 0, 5.68758, 5.68755, 5.68754, 5.68754, 5.68754, 5.68754, 5.68754, 5.68754, 5.68754, 5.68754, 5.68754, 5.68754, 5.68754, 5.68754, 5.68754, 5.68754, 5.68754, 5.68754, 5.68754, 5.68754, 5.81776, 5.68754
9.97546, 3.71797, 5.8112, 5.67007, 2.39123, -2.09323, 0, 5.67011, 5.67008, 5.67007, 5.67007, 5.67007, 5.67007, 5.67007, 5.67007, 5.67007, 5.67007, 5.67007, 5.67007, 5.67007, 5.67007, 5.67007, 5.67007, 5.67007, 5.67007, 5.67007, 5.67007, 5.81114, 5.67007
9.98333, 9.99009, 5.80513, 5.65235, 3.46267, 4.18496, 0, 5.6524, 5.65236, 5.65235, 5.65235, 5.65235, 5.65235, 5.65235, 5.65235, 5.65235, 5.65235, 5.65235, 5.65235, 5.65235, 5.65235, 5.65235, 5.65235, 5.65235, 5.65235, 5.65235, 5.65235, 5.80507, 5.65235
9.9912, 5.7166, 5.79924, 5.63418, 2.77788, -0.0826311, 0, 5.63424, 5.63418, 5.63418, 5.63418, 5.63418, 5.63418, 5.63418, 5.63418, 5.63418, 5.63418, 5.63418, 5.63418, 5.63418, 5.63418, 5.63418, 5.63418, 5.63418, 5.63418, 5.63418, 5.63418, 5.79917, 5.63418
9.99907, 5.68686, 5.79329, 5.61552, 2.77252, -0.106421, 0, 5.61559, 5.61552, 5.61552, 5.61552, 5.61552, 5.61552, 5.61552, 5.61552, 5.61552, 5.61552, 5.61552, 5.61552, 5.61552, 5.61552, 5.61552, 5.61552, 5.61552, 5.61552, 5.61552, 5.61552, 5.79321, 5.61552
10.0069, 9.98761, 5.78717, 5.59649, 3.46231, 4.20044, 0, 5.59657, 5.59649, 5.59649, 5.59649, 5.59649, 5.59649, 5.59649, 5.59649, 5.59649, 5.59649, 5.59649, 5.59649, 5.59649, 5.59649, 5.59649, 5.59649, 5.59649, 5.59649, 5.59649, 5.59649, 5.78709, 5.59649
10.0148, 6.73596, 5.78085, 5.5773, 2.95567, 0.955111, 0, 5.57739, 5.5773, 5.5773, 5.5773, 5.5773, 5.5773, 5.5773, 5.5773, 5.5773, 5.5773, 5.5773, 5.5773, 5.5773, 5.5773, 5.5773, 5.5773, 5.5773, 5.5773, 5.5773, 5.5773, 5.78075, 5.5773
10.0227, 8.31485, 5.77423, 5.55814, 3.21167, 2.54062, 0, 5.55824, 5.55814, 5.55814, 5.55814, 5.55814, 5.55814, 5.55814, 5.55814, 5.55814, 5.55814, 5.55814, 5.55814, 5.55814, 5.55814, 5.55814, 5.55814, 5.55814, 5.55814, 5.55814, 5.55814, 5.77413, 5.55814
10.0306, 11.5001, 5.76885, 5.54081, 3.67425, 5.73127, 0, 5.54092, 5.54081, 5.54081, 5.54081, 5.54081, 5.54081, 5.54081, 5.54081, 5.54081, 5.54081, 5.54081, 5.54081, 5.54081, 5.54081, 5.54081, 5.54081, 5.54081, 5.54081, 5.54081, 5.54081, 5.76873, 5.54081
10.0384, 6.76022, 5.76161, 5.52251, 2.95977, 0.998614, 0, 5.52264, 5.52251, 5.52251, 5.52251, 5.52251, 5.52251, 5.52251, 5.52251, 5.52251, 5.52251, 5.52251, 5.52251, 5.52251, 5.52251, 5.52251, 5.52251, 5.52251, 5.52251, 5.52251, 5.52251, 5.76148, 5.52251
10.0463, 4.99752, 5.7524, 5.5034, 2.64528, -0.754881, 0, 5.50354, 5.5034, 5.5034, 5.5034, 5.5034, 5.5034, 5.5034, 5.5034, 5.5034, 5.5034, 5.5034, 5.5034, 5.5034, 5.5034, 5.5034, 5.5034, 5.5034, 5.5034, 5.5034, 5.5034, 5.75226, 5.5034
10.0542, 5.40285, 5.74139, 5.48391, 2.72082, -0.338539, 0, 5.48406, 5.48391, 5.48391, 5.48391, 5.48391, 5.48391, 5.48391, 5.48391, 5.48391, 5.48391, 5.48391, 5.48391, 5.48391, 5.48391, 5.48391, 5.48391, 5.48391, 5.48391, 5.48391, 5.48391, 5.74123, 5.48391
10.062, 11.8015, 5.72877, 5.46445, 3.71504, 6.07277, 0, 5.46462, 5.46445, 5.46445, 5.46445, 5.46445, 5.46445, 5.46445, 5.46445, 5.46445, 5.46445, 5.46445, 5.46445, 5.46445, 5.46445, 5.46445, 5.46445, 5.46445, 5.46445, 5.46445, 5.46445, 5.7286, 5.46445
10.0699, 7.7883, 5.71692, 5.44761, 3.12863, 2.07138, 0, 5.44779, 5.44761, 5.44761, 5.44761, 5.44761, 5.44761, 5.44761, 5.44761, 5.44761, 5.44761, 5.44761, 5.44761, 5.44761, 5.44761, 5.44761, 5.44761, 5.44761, 5.44761, 5.44761, 5.44761, 5.71674, 5.44761
10.0778, 7.58959, 5.70175, 5.42943, 3.09671, 1.88784, 0, 5.42963, 5.42943, 5.42943, 5.42943, 5.42943, 5.42943, 5.42943, 5.42943, 5.42943, 5.42943, 5.42943, 5.42943, 5.42943, 5.42943, 5.42943, 5.42943, 5.42943, 5.42943, 5.42943, 5.42943, 5.70155, 5.42943
10.0857, 9.38463, 5.68335, 5.41012, 3.37411, 3.70128, 0, 5.41033, 5.41012, 5.41012, 5.41012, 5.41012, 5.41012, 5.41012, 5.41012, 5.41012, 5.41012, 5.41012, 5.41012, 5.41012, 5.41012, 5.41012, 5.41012, 5.41012, 5.41012, 5.41012, 5.41012, 5.68314, 5.41012
10.0935, 10.1985, 5.66228, 5.39025, 3.49264, 4.53624, 0, 5.39048, 5.39025, 5.39025, 5.39025, 5.39025, 5.39025, 5.39025, 5.39025, 5.39025, 5.39025, 5.39025, 5.39025, 5.39025, 5.39025, 5.39025, 5.39025, 5.39025, 5.39025, 5.39025, 5.39025, 5.66205, 5.39025
10.1014, 12.5993, 5.63911, 5.37042, 3.8209, 6.96015, 0, 5.37066, 5.37042, 5.37042, 5.37042, 5.37042, 5.37042, 5.37042, 5.37042, 5.37042, 5.37042, 5.37042, 5.37042, 5.37042, 5.37042, 5.37042, 5.37042, 5.37042, 5.37042, 5.37042, 5.37042, 5.63887, 5.37042
10.1093, 6.38191, 5.61757, 5.35427, 2.89515, 0.764343, 0, 5.35453, 5.35427, 5.35427, 5.35427, 5.35427, 5.35427, 5.35427, 5.35427, 5.35427, 5.35427, 5.35427, 5.35427, 5.35427, 5.35427, 5.35427, 5.35427, 5.35427, 5.35428, 5.35427, 5.35427, 5.61731, 5.35427
10.1171, 7.83172, 5.59238, 5.33643, 3.13556, 2.23934, 0, 5.33669, 5.33643, 5.33643, 5.33643, 5.33643, 5.33643, 5.33643, 5.33643, 5.33643, 5.33643, 5.33643, 5.33643, 5.33643, 5.33643, 5.33643, 5.33643, 5.33643, 5.33643, 5.33643, 5.33643, 5.59211, 5.33643
10.125, 8.9162, 5.56397, 5.31714, 3.30397, 3.35223, 0, 5.31742, 5.31714, 5.31714, 5.31714, 5.31714, 5.31714, 5.31714, 5.31714, 5.31714, 5.31714, 5.31714, 5.31714, 5.31714, 5.31714, 5.31714, 5.31714, 5.31714, 5.31714, 5.31714, 5.31714, 5.56369, 5.31714
10.1329, 7.46026, 5.53329, 5.29716, 3.07575, 1.92697, 0, 5.29744, 5.29716, 5.29716, 5.29716, 5.29716, 5.29716, 5.29716, 5.29716, 5.29716, 5.29716, 5.29716, 5.29716, 5.29716, 5.29716, 5.29716, 5.29716, 5.29716, 5.29716, 5.29716, 5.29716, 5.533, 5.29716
10.1408, 10.6162, 5.50129, 5.27721, 3.55193, 5.11494, 0, 5.2775, 5.27721, 5.27721, 5.27721, 5.27721, 5.27721, 5.27721, 5.27721, 5.27721, 5.27721, 5.27721, 5.27721, 5.27721, 5.27721, 5.27721, 5.27721, 5.27721, 5.27721, 5.27721, 5.27721, 5.501, 5.27721
10.1486, 4.3741, 5.47238, 5.26144, 2.5247, -1.09828, 0, 5.26174, 5.26144, 5.26144, 5.26144, 5.26144, 5.26144, 5.26144, 5.26144, 5.26144, 5.26144, 5.26144, 5.26144, 5.26144, 5.26144, 5.26144, 5.26144, 5.26144, 5.26144, 5.26144, 5.26144, 5.47208, 5.26144
10.1565, 6.36939, 5.44063, 5.24366, 2.89299, 0.928766, 0, 5.24396, 5.24366, 5.24366, 5.24366, 5.24366, 5.24366, 5.24366, 5.24366, 5.24366, 5.24366, 5.24366, 5.24366, 5.24366, 5.24366, 5.24366, 5.24366, 5.24366, 5.24366, 5.24366, 5.24366, 5.44032, 5.24366
10.1644, 6.62094, 5.40661, 5.22416, 2.93614, 1.21433, 0, 5.22446, 5.22416, 5.22416, 5.22416, 5.22416, 5.22416, 5.22416, 5.22416, 5.22416, 5.22416, 5.22416, 5.22416, 5.22416, 5.22416, 5.22416, 5.22416, 5.22416, 5.22416, 5.22416, 5.22416, 5.4063, 5.22416
10.1722, 7.73365, 5.37147, 5.20383, 3.11988, 2.36218, 0, 5.20413, 5.20383, 5.20383, 5.20383, 5.20383, 5.20383, 5.20383, 5.20383, 5.20383, 5.20383, 5.20383, 5.20383, 5.20383, 5.20383, 5.20383, 5.20383, 5.20383, 5.20383, 5.20383, 5.20383, 5.37116, 5.20383
10.1801, 9.62348, 5.33633, 5.18353, 3.40932, 4.28715, 0, 5.18383, 5.18353, 5.18353, 5.18353, 5.18353, 5.18353, 5.18353, 5.18353, 5.18353, 5.18353, 5.18353, 5.18353, 5.18353, 5.18353, 5.18353, 5.18353, 5.18353, 5.18353, 5.18353, 5.18353, 5.33603, 5.18353
10.188, 4.99257, 5.30657, 5.16842, 2.64435, -0.314007, 0, 5.16871, 5.16842, 5.16842, 5.16842, 5.16842, 5.16842, 5.16842, 5.16842, 5.16842, 5.16842, 5.16842, 5.16842, 5.16842, 5.16842, 5.16842, 5.16842, 5.16842, 5.16842, 5.16842, 5.16842, 5.30627, 5.16842
10.1959, 3.99294, 5.27487, 5.15096, 2.44805, -1.28193, 0, 5.15125, 5.15096, 5.15096, 5.15096, 5.15096, 5.15096, 5.15096, 5.15096, 5.15096, 5.15096, 5.15096, 5.15096, 5.15096, 5.15096, 5.15096, 5.15096, 5.15096, 5.15096, 5.15096, 5.15096, 5.27458, 5.15096
10.2037, 4.99294, 5.24175, 5.1315, 2.64442, -0.248812, 0, 5.13178, 5.1315, 5.1315, 5.1315, 5.1315, 5.1315, 5.1315, 5.1315, 5.1315, 5.1315, 5.1315, 5.1315, 5.1315, 5.1315, 5.1315, 5.1315, 5.1315, 5.13151, 5.1315, 5.1315, 5.24147, 5.1315
10.2116, 9.42107, 5.20838, 5.11108, 3.37951, 4.21269, 0, 5.11135, 5.11108, 5.11108, 5.11108, 5.11108, 5.11108, 5.11108, 5.11108, 5.11108, 5.11108, 5.11108, 5.11108, 5.11108, 5.11108, 5.11108, 5.11108, 5.11108, 5.11108, 5.11108, 5.11108, 5.20811, 5.11108
10.2195, 7.20967, 5.17588, 5.09069, 3.03474, 2.03378, 0, 5.09095, 5.09069, 5.09069, 5.09069, 5.09069, 5.09069, 5.09069, 5.09069, 5.09069, 5.09069, 5.09069, 5.09069, 5.09069, 5.09069, 5.09069, 5.09069, 5.09069, 5.09069, 5.09069, 5.09069, 5.17562, 5.09069
10.2273, 6.34771, 5.14991, 5.07591, 2.88924, 1.1978, 0, 5.07616, 5.07591, 5.07591, 5.07591, 5.07591, 5.07591, 5.07591, 5.07591, 5.07591, 5.07591, 5.07591, 5.07591, 5.07591, 5.07591, 5.07591, 5.07591, 5.07591, 5.07591, 5.07591, 5.07591, 5.14966, 5.07591
10.2352, 15.6425, 5.12226, 5.0585, 4.2003, 10.5203, 0, 5.05873, 5.0585, 5.0585, 5.0585, 5.0585, 5.0585, 5.0585, 5.0585, 5.0585, 5.0585, 5.0585, 5.0585, 5.0585, 5.0585, 5.0585, 5.0585, 5.0585, 5.0585, 5.0585, 5.0585, 5.12202, 5.0585
10.2431, 2.64779, 5.09334, 5.03884, 2.15587, -2.44555, 0, 5.03906, 5.03884, 5.03884, 5.03884, 5.03884, 5.03884, 5.03884, 5.03884, 5.03884, 5.03884, 5.03884, 5.03884, 5.03884, 5.03884, 5.03884, 5.03884, 5.03884, 5.03884, 5.03884, 5.03884, 5.09312, 5.03884
10.251, 1.34263, 5.0643, 5.01808, 1.82829, -3.72168, 0, 5.01829, 5.01808, 5.01808, 5.01808, 5.01808, 5.01808, 5.01808, 5.01808, 5.01808, 5.01808, 5.01808, 5.01808, 5.01808, 5.01808, 5.01808, 5.01808, 5.01808, 5.01808, 5.01808, 5.01808, 5.0641, 5.01808
10.2588, 3.6803, 5.03626, 4.99737, 2.38334, -1.35596, 0, 4.99756, 4.99737, 4.99737, 4.99737, 4.99737, 4.99737, 4.99737, 4.99737, 4.99737, 4.99737, 4.99737, 4.99737, 4.99737, 4.99737, 4.99737, 4.99737, 4.99737, 4.99737, 4.99737, 4.99737, 5.03607, 4.99737
10.2667, 7.99108, 5.01566, 4.9832, 3.16087, 2.97542, 0, 4.98338, 4.9832, 4.9832, 4.9832, 4.9832, 4.9832, 4.9832, 4.9832, 4.9832, 4.9832, 4.9832, 4.9832, 4.9832, 4.9832, 4.9832, 4.9832, 4.9832, 4.9832, 4.9832, 4.9832, 5.01549, 4.9832
10.2746, 6.65217, 4.99299, 4.96611, 2.94146, 1.65918, 0, 4.96627, 4.96611, 4.96611, 4.96611, 4.96611, 4.96611, 4.96611, 4.96611, 4.96611, 4.96611, 4.96611, 4.96611, 4.96611, 4.96611, 4.96611, 4.96611, 4.96611, 4.96611, 4.96611, 4.96611, 4.99283, 4.96611
10.2824, 7.32784, 4.96859, 4.94651, 3.05415, 2.35925, 0, 4.94665, 4.94651, 4.94651, 4.94651, 4.94651, 4.94651, 4.94651, 4.94651, 4.94651, 4.94651, 4.94651, 4.94651, 4.94651, 4.94651, 4.94651, 4.94651, 4.94651, 4.94651, 4.94651, 4.94651, 4.96845, 4.94651
10.2903, 8.65766, 4.94369, 4.92569, 3.26461, 3.71397, 0, 4.92582, 4.92569, 4.92569, 4.92569, 4.92569, 4.92569, 4.92569, 4.92569, 4.92569, 4.92569, 4.92569, 4.92569, 4.92569, 4.92569, 4.92569, 4.92569, 4.92569, 4.92569, 4.92569, 4.92569, 4.94356, 4.92569
10.2982, 6.99257, 4.91947, 4.90491, 2.99876, 2.07309, 0, 4.90503, 4.90491, 4.90491, 4.90491, 4.90491, 4.90491, 4.90491, 4.90491, 4.90491, 4.90491, 4.90491, 4.90491, 4.90491, 4.90491, 4.90491, 4.90491, 4.90491, 4.90491, 4.90491, 4.90491, 4.91935, 4.90491
10.3061, 8.66444, 4.90266, 4.89097, 3.26564, 3.76178, 0, 4.89108, 4.89097, 4.89097, 4.89097, 4.89097, 4.89097, 4.89097, 4.89097, 4.89097, 4.89097, 4.89097, 4.89097, 4.89097, 4.89097, 4.89097, 4.89097, 4.89097, 4.89097, 4.89097, 4.89097, 4.90255, 4.89097
10.3139, 3.66964, 4.88322, 4.87391, 2.3811, -1.21358, 0, 4.87401, 4.87391, 4.87391, 4.87391, 4.87391, 4.87391, 4.87391, 4.87391, 4.87391, 4.87391, 4.87391, 4.87391, 4.87391, 4.87391, 4.87391, 4.87391, 4.87391, 4.87392, 4.87391, 4.87391, 4.88312, 4.87391
10.3218, 8.93804, 4.86152, 4.85417, 3.30727, 4.07652, 0, 4.85425, 4.85417, 4.85417, 4.85417, 4.85417, 4.85417, 4.85417, 4.85417, 4.85417, 4.85417, 4.85417, 4.85417, 4.85417, 4.85417, 4.85417, 4.85417, 4.85417, 4.85417, 4.85417, 4.85417, 4.86143, 4.85417
10.3297, 7.69888, 4.83886, 4.8331, 3.1143, 2.86002, 0, 4.83317, 4.8331, 4.8331, 4.8331, 4.8331, 4.8331, 4.8331, 4.8331, 4.8331, 4.8331, 4.8331, 4.8331, 4.8331, 4.8331, 4.8331, 4.8331, 4.8331, 4.8331, 4.8331, 4.8331, 4.83879, 4.8331
10.3375, 6.94944, 4.81657, 4.81208, 2.99156, 2.13288, 0, 4.81214, 4.81208, 4.81208, 4.81208, 4.81208, 4.81208, 4.81208, 4.81208, 4.81208, 4.81208, 4.81208, 4.81208, 4.81208, 4.81208, 4.81208, 4.81208, 4.81208, 4.81208, 4.81208, 4.81208, 4.8165, 4.81208
10.3454, 7.40393, 4.80201, 4.79854, 3.06658, 2.60192, 0, 4.7986, 4.79854, 4.79854, 4.79854, 4.79854, 4.79854, 4.79854, 4.79854, 4.79854, 4.79854, 4.79854, 4.79854, 4.79854, 4.79854, 4.79854, 4.79854, 4.79854, 4.79855, 4.79854, 4.79854, 4.80195, 4.79854
10.3533, 4.93833, 4.7844, 4.78175, 2.63407, 0.153925, 0, 4.78179, 4.78175, 4.78175, 4.78175, 4.78175, 4.78175, 4.78175, 4.78175, 4.78175, 4.78175, 4.78175, 4.78175, 4.78175, 4.78175, 4.78175, 4.78175, 4.78175, 4.78175, 4.78175, 4.78175, 4.78435, 4.78175
10.3612, 4.05688, 4.76414, 4.76212, 2.46107, -0.707263, 0, 4.76216, 4.76212, 4.76212, 4.76212, 4.76212, 4.76212, 4.76212, 4.76212, 4.76212, 4.76212, 4.76212, 4.76212, 4.76212, 4.76212, 4.76212, 4.76212, 4.76212, 4.76212, 4.76212, 4.76212, 4.7641, 4.76212
10.369, 6.92429, 4.74263, 4.7411, 2.98735, 2.18166, 0, 4.74114, 4.7411, 4.7411, 4.7411, 4.7411, 4.7411, 4.7411, 4.7411, 4.7411, 4.7411, 4.7411, 4.7411, 4.7411, 4.7411, 4.7411, 4.7411, 4.7411, 4.7411, 4.7411, 4.7411, 4.74259, 4.7411
10.3769, 6.99058, 4.72128, 4.72013, 2.99843, 2.2693, 0, 4.72016, 4.72013, 4.72013, 4.72013, 4.72013, 4.72013, 4.72013, 4.72013, 4.72013, 4.72013, 4.72013, 4.72013, 4.72013, 4.72013, 4.72013, 4.72013, 4.72013, 4.72013, 4.72013, 4.72013, 4.72125, 4.72013
10.3848, 9.38216, 4.70759, 4.70673, 3.37375, 4.67457, 0, 4.70676, 4.70673, 4.70673, 4.70673, 4.70673, 4.70673, 4.70673, 4.70673, 4.70673, 4.70673, 4.70673, 4.70673, 4.70673, 4.70673, 4.70673, 4.70673, 4.70673, 4.70673, 4.70673, 4.70673, 4.70756, 4.70673
10.3926, 7.99497, 4.6906, 4.68996, 3.16148, 3.30437, 0, 4.68998, 4.68996, 4.68996, 4.68996, 4.68996, 4.68996, 4.68996, 4.68996, 4.68996, 4.68996, 4.68996, 4.68996, 4.68996, 4.68996, 4.68996, 4.68996, 4.68996, 4.68996, 4.68996, 4.68996, 4.69057, 4.68996
10.4005, 4.89289, 4.67073, 4.67025, 2.62543, 0.222161, 0, 4.67027, 4.67025, 4.67025, 4.67025, 4.67025, 4.67025, 4.67025, 4.67025, 4.67025, 4.67025, 4.67025, 4.67025, 4.67025, 4.67025, 4.67025, 4.67025, 4.67025, 4.67025, 4.67025, 4.67025, 4.6707, 4.67025
10.4084, 8.98823, 4.64946, 4.6491, 3.31485, 4.33877, 0, 4.64912, 4.6491, 4.6491, 4.6491, 4.6491, 4.6491, 4.6491, 4.6491, 4.6491, 4.6491, 4.6491, 4.6491, 4.6491, 4.6491, 4.6491, 4.6491, 4.6491, 4.6491, 4.6491, 4.6491, 4.64944, 4.6491
10.4163, 7.10434, 4.62827, 4.628, 3.01734, 2.47606, 0, 4.62801, 4.628, 4.628, 4.628, 4.628, 4.628, 4.628, 4.628, 4.628, 4.628, 4.628, 4.628, 4.628, 4.628, 4.628, 4.628, 4.628, 4.628, 4.628, 4.628, 4.62825, 4.628
10.4241, 9.28736, 4.6152, 4.61498, 3.35967, 4.67216, 0, 4.615, 4.61498, 4.61498, 4.61498, 4.61498, 4.61498, 4.61498, 4.61498, 4.61498, 4.61498, 4.61498, 4.61498, 4.61498, 4.61498, 4.61498, 4.61498, 4.61498, 4.61499, 4.61498, 4.61498, 4.61519, 4.61498
10.432, 5.41351, 4.59866, 4.59847, 2.72278, 0.814852, 0, 4.59848, 4.59847, 4.59847, 4.59847, 4.59847, 4.59847, 4.59847, 4.59847, 4.59847, 4.59847, 4.59847, 4.59847, 4.59847, 4.59847, 4.59847, 4.59847, 4.59847, 4.59847, 4.59847, 4.59847, 4.59864, 4.59847
10.4399, 4.28476, 4.57906, 4.57889, 2.50694, -0.294301, 0, 4.5789, 4.57889, 4.57889, 4.57889, 4.57889, 4.57889, 4.57889, 4.57889, 4.57889, 4.57889, 4.57889, 4.57889, 4.57889, 4.57889, 4.57889, 4.57889, 4.57889, 4.57889, 4.57889, 4.57889, 4.57904, 4.57889
10.4477, 5.28017, 4.55798, 4.5578, 2.69818, 0.722194, 0, 4.55782, 4.5578, 4.5578, 4.5578, 4.5578, 4.5578, 4.5578, 4.5578, 4.5578, 4.5578, 4.5578, 4.5578, 4.5578, 4.5578, 4.5578, 4.5578, 4.5578, 4.55781, 4.5578, 4.5578, 4.55797, 4.5578
10.4556, 3.27532, 4.53696, 4.53677, 2.29681, -1.26164, 0, 4.53678, 4.53677, 4.53677, 4.53677, 4.53677, 4.53677, 4.53677, 4.53677, 4.53677, 4.53677, 4.53677, 4.53677, 4.53677, 4.53677, 4.53677, 4.53677, 4.53677, 4.53677, 4.53677, 4.53677, 4.53695, 4.53677
10.4635, 5.70981, 4.52416, 4.52393, 2.77665, 1.18565, 0, 4.52394, 4.52393, 4.52393, 4.52393, 4.52393, 4.52393, 4.52393, 4.52393, 4.52393, 4.52393, 4.52393, 4.52393, 4.52393, 4.52393, 4.52393, 4.52393, 4.52393, 4.52393, 4.52393, 4.52393, 4.52415, 4.52393
10.4713, 6.71537, 4.50777, 4.50749, 2.95218, 2.20759, 0, 4.5075, 4.50749, 4.50749, 4.50749, 4.50749, 4.50749, 4.50749, 4.50749, 4.50749, 4.50749, 4.50749, 4.50749, 4.50749, 4.50749, 4.50749, 4.50749, 4.50749, 4.50749, 4.50749, 4.50749, 4.50776, 4.50749
10.4792, 6.54572, 4.48824, 4.48788, 2.92331, 2.05748, 0, 4.48789, 4.48788, 4.48788, 4.48788, 4.48788, 4.48788, 4.48788, 4.48788, 4.48788, 4.48788, 4.48788, 4.48788, 4.48788, 4.48788, 4.48788, 4.48788, 4.48788, 4.48788, 4.48788, 4.48788, 4.48823, 4.48788
10.4871, 7.71735, 4.46719, 4.46672, 3.11727, 3.25016, 0, 4.46673, 4.46672, 4.46672, 4.46672, 4.46672, 4.46672, 4.46672, 4.46672, 4.46672, 4.46672, 4.46672, 4.46672, 4.46672, 4.46672, 4.46672, 4.46672, 4.46672, 4.46672, 4.46672, 4.46672, 4.46718, 4.46672
10.495, 7.53432, 4.44622, 4.44561, 3.08777, 3.08811, 0, 4.44562, 4.44561, 4.44561, 4.44561, 4.44561, 4.44561, 4.44561, 4.44561, 4.44561, 4.44561, 4.44561, 4.44561, 4.44561, 4.44561, 4.44561, 4.44561, 4.44561, 4.44562, 4.44561, 4.44561, 4.44621, 4.44561
10.5028, 8.98744, 4.43392, 4.43314, 3.31473, 4.55353, 0, 4.43315, 4.43314, 4.43314, 4.43314, 4.43314, 4.43314, 4.43314, 4.43314, 4.43314, 4.43314, 4.43314, 4.43314, 4.43314, 4.43314, 4.43314, 4.43314, 4.43314, 4.43314, 4.43314, 4.43314, 4.4339, 4.43314
10.5107, 5.19087, 4.41794, 4.41695, 2.68158, 0.772934, 0, 4.41696, 4.41695, 4.41695, 4.41695, 4.41695, 4.41695, 4.41695, 4.41695, 4.41695, 4.41695, 4.41695, 4.41695, 4.41695, 4.41695, 4.41695, 4.41695, 4.41695, 4.41695, 4.41695, 4.41695, 4.41793, 4.41695
10.5186, 2.99554, 4.39874, 4.39748, 2.23507, -1.4032, 0, 4.39749, 4.39748, 4.39748, 4.39748, 4.39748, 4.39748, 4.39748, 4.39748, 4.39748, 4.39748, 4.39748, 4.39748, 4.39748, 4.39748, 4.39748, 4.39748, 4.39748, 4.39748, 4.39748, 4.39748, 4.39873, 4.39748
10.5264, 7.7772, 4.37799, 4.37641, 3.12685, 3.39921, 0, 4.37641, 4.37641, 4.37641, 4.37641, 4.37641, 4.37641, 4.37641, 4.37641, 4.37641, 4.37641, 4.37641, 4.37641, 4.37641, 4.37641, 4.37641, 4.37641, 4.37641, 4.37641, 4.37641, 4.37641, 4.37798, 4.37641
10.5343, 5.47113, 4.35736, 4.35538, 2.73334, 1.11376, 0, 4.35539, 4.35538, 4.35538, 4.35538, 4.35538, 4.35538, 4.35538, 4.35538, 4.35538, 4.35538, 4.35538, 4.35538, 4.35538, 4.35538, 4.35538, 4.35538, 4.35538, 4.35538, 4.35538, 4.35538, 4.35735, 4.35538
10.5422, 8.76134, 4.34559, 4.34313, 3.28045, 4.41575, 0, 4.34314, 4.34313, 4.34313, 4.34313, 4.34313, 4.34313, 4.34313, 4.34313, 4.34313, 4.34313, 4.34313, 4.34313, 4.34313, 4.34313, 4.34313, 4.34313, 4.34313, 4.34313, 4.34313, 4.34313, 4.34558, 4.34313
10.5501, 5.22454, 4.33009, 4.32706, 2.68785, 0.894443, 0, 4.32707, 4.32706, 4.32706, 4.32706, 4.32706, 4.32706, 4.32706, 4.32706, 4.32706, 4.32706, 4.32706, 4.32706, 4.32706, 4.32706, 4.32706, 4.32706, 4.32706, 4.32706, 4.32706, 4.32706, 4.33008, 4.32706
10.5579, 6.49467, 4.31133, 4.30763, 2.91456, 2.18334, 0, 4.30764, 4.30763, 4.30763, 4.30763, 4.30763, 4.30763, 4.30763, 4.30763, 4.30763, 4.30763, 4.30763, 4.30763, 4.30763, 4.30763, 4.30763, 4.30763, 4.30763, 4.30763, 4.30763, 4.30763, 4.31132, 4.30763
10.5658, 10.7399, 4.29104, 4.28654, 3.5693, 6.44886, 0, 4.28655, 4.28654, 4.28654, 4.28654, 4.28654, 4.28654, 4.28654, 4.28654, 4.28654, 4.28654, 4.28654, 4.28654, 4.28654, 4.28654, 4.28654, 4.28654, 4.28654, 4.28655, 4.28654, 4.28654, 4.29103, 4.28654
10.5737, 3.98971, 4.27092, 4.26551, 2.44739, -0.281201, 0, 4.26552, 4.26551, 4.26551, 4.26551, 4.26551, 4.26551, 4.26551, 4.26551, 4.26551, 4.26551, 4.26551, 4.26551, 4.26551, 4.26551, 4.26551, 4.26551, 4.26551, 4.26551, 4.26551, 4.26551, 4.2709, 4.26551
10.5815, 9.01512, 4.26005, 4.2536, 3.3189, 4.75507, 0, 4.25361, 4.2536, 4.2536, 4.2536, 4.2536, 4.2536, 4.2536, 4.2536, 4.2536, 4.2536, 4.2536, 4.2536, 4.2536, 4.2536, 4.2536, 4.2536, 4.2536, 4.25361, 4.2536, 4.2536, 4.26004, 4.2536
10.5894, 4.48302, 4.24541, 4.23778, 2.54618, 0.237612, 0, 4.23779, 4.23778, 4.23778, 4.23778, 4.23778, 4.23778, 4.23778, 4.23778, 4.23778, 4.23778, 4.23778, 4.23778, 4.23778, 4.23778, 4.23778, 4.23778, 4.23778, 4.23779, 4.23778, 4.23778, 4.2454, 4.23778
10.5973, 5.99504, 4.22745, 4.2185, 2.82755, 1.76759, 0, 4.21851, 4.2185, 4.2185, 4.2185, 4.2185, 4.2185, 4.2185, 4.2185, 4.2185, 4.2185, 4.2185, 4.2185, 4.2185, 4.2185, 4.2185, 4.2185, 4.2185, 4.2185, 4.2185, 4.2185, 4.22744, 4.2185
10.6052, 6.70471, 4.20793, 4.19751, 2.95037, 2.49677, 0, 4.19752, 4.19751, 4.19751, 4.19751, 4.19751, 4.19751, 4.19751, 4.19751, 4.19751, 4.19751, 4.19751, 4.19751, 4.19751, 4.19751, 4.19751, 4.19751, 4.19751, 4.19751, 4.19751, 4.19751, 4.20792, 4.19751
10.613, 9.9887, 4.18861, 4.17658, 3.46247, 5.80009, 0, 4.17659, 4.17658, 4.17658, 4.17658, 4.17658, 4.17658, 4.17658, 4.17658, 4.17658, 4.17658, 4.17658, 4.17658, 4.17658, 4.17658, 4.17658, 4.17658, 4.17658, 4.17658, 4.17658, 4.17658, 4.1886, 4.17658
10.6209, 9.29197, 4.17873, 4.16494, 3.36035, 5.11324, 0, 4.16495, 4.16494, 4.16494, 4.16494, 4.16494, 4.16494, 4.16494, 4.16494, 4.16494, 4.16494, 4.16494, 4.16494, 4.16494, 4.16494, 4.16494, 4.16494, 4.16494, 4.16494, 4.16494, 4.16494, 4.17871, 4.16494
10.6288, 3.99529, 4.16497, 4.1493, 2.44853, -0.169675, 0, 4.14931, 4.1493, 4.1493, 4.1493, 4.1493, 4.1493, 4.1493, 4.1493, 4.1493, 4.1493, 4.1493, 4.1493, 4.1493, 4.1493, 4.1493, 4.1493, 4.1493, 4.1493, 4.1493, 4.1493, 4.16495, 4.1493
10.6366, 5.44932, 4.14777, 4.13011, 2.72934, 1.30155, 0, 4.13012, 4.13011, 4.13011, 4.13011, 4.13011, 4.13011, 4.13011, 4.13011, 4.13011, 4.13011, 4.13011, 4.13011, 4.13011, 4.13011, 4.13011, 4.13011, 4.13011, 4.13011, 4.13011, 4.13011, 4.14776, 4.13011
10.6445, 6.99009, 4.12893, 4.10918, 2.99835, 2.86116, 0, 4.10919, 4.10918, 4.10918, 4.10918, 4.10918, 4.10918, 4.10918, 4.10918, 4.10918, 4.10918, 4.10918, 4.10918, 4.10918, 4.10918, 4.10918, 4.10918, 4.10918, 4.10918, 4.10918, 4.10918, 4.12892, 4.10918
10.6524, 8.7684, 4.11021, 4.08831, 3.28152, 4.6582, 0, 4.08832, 4.08831, 4.08831, 4.08831, 4.08831, 4.08831, 4.08831, 4.08831, 4.08831, 4.08831, 4.08831, 4.08831, 4.08831, 4.08831, 4.08831, 4.08831, 4.08831, 4.08831, 4.08831, 4.08831, 4.11019, 4.08831
10.6603, 6.21276, 4.10109, 4.077, 2.86579, 2.11167, 0, 4.07701, 4.077, 4.077, 4.077, 4.077, 4.077, 4.077, 4.077, 4.077, 4.077, 4.077, 4.077, 4.077, 4.077, 4.077, 4.077, 4.077, 4.077, 4.077, 4.077, 4.10108, 4.077
10.6681, 7.42478, 4.0879, 4.0616, 3.06998, 3.33689, 0, 4.06161, 4.0616, 4.0616, 4.0616, 4.0616, 4.0616, 4.0616, 4.0616, 4.0616, 4.0616, 4.0616, 4.0616, 4.0616, 4.0616, 4.0616, 4.0616, 4.0616, 4.0616, 4.0616, 4.0616, 4.08789, 4.0616
10.676, 7.34081, 4.07104, 4.04256, 3.05627, 3.26977, 0, 4.04257, 4.04256, 4.04256, 4.04256, 4.04256, 4.04256, 4.04256, 4.04256, 4.04256, 4.04256, 4.04256, 4.04256, 4.04256, 4.04256, 4.04256, 4.04256, 4.04256, 4.04257, 4.04256, 4.04256, 4.07102, 4.04256
10.6839, 2.99265, 4.05232, 4.02174, 2.23442, -1.05968, 0, 4.02175, 4.02174, 4.02174, 4.02174, 4.02174, 4.02174, 4.02174, 4.02174, 4.02174, 4.02174, 4.02174, 4.02174, 4.02174, 4.02174, 4.02174, 4.02174, 4.02174, 4.02174, 4.02174, 4.02174, 4.05231, 4.02174
10.6917, 5.99257, 4.03356, 4.00098, 2.82711, 1.959, 0, 4.00099, 4.00098, 4.00098, 4.00098, 4.00098, 4.00098, 4.00098, 4.00098, 4.00098, 4.00098, 4.00098, 4.00098, 4.00098, 4.00098, 4.00098, 4.00098, 4.00098, 4.00098, 4.00098, 4.00098, 4.03355, 4.00098
10.6996, 5.61598, 4.0249, 3.99046, 2.75971, 1.59108, 0, 3.99047, 3.99046, 3.99046, 3.99046, 3.99046, 3.99046, 3.99046, 3.99046, 3.99046, 3.99046, 3.99046, 3.99046, 3.99046, 3.99046, 3.99046, 3.99046, 3.99046, 3.99046, 3.99046, 3.99046, 4.02489, 3.99046
10.7075, 7.57522, 4.0116, 3.97549, 3.09438, 3.56361, 0, 3.9755, 3.97549, 3.97549, 3.97549, 3.97549, 3.97549, 3.97549, 3.97549, 3.97549, 3.97549, 3.97549, 3.97549, 3.97549, 3.97549, 3.97549, 3.97549, 3.97549, 3.97549, 3.97549, 3.97549, 4.01159, 3.97549
10.7154, 8.58439, 3.99406, 3.95649, 3.25337, 4.59033, 0, 3.9565, 3.95649, 3.95649, 3.95649, 3.95649, 3.95649, 3.95649, 3.95649, 3.95649, 3.95649, 3.95649, 3.95649, 3.95649, 3.95649, 3.95649, 3.95649, 3.95649, 3.95649, 3.95649, 3.95649, 3.99405, 3.95649
10.7232, 4.99524, 3.97429, 3.93551, 2.64485, 1.02095, 0, 3.93552, 3.93551, 3.93551, 3.93551, 3.93551, 3.93551, 3.93551, 3.93551, 3.93551, 3.93551, 3.93551, 3.93551, 3.93551, 3.93551, 3.93551, 3.93551, 3.93551, 3.93551, 3.93551, 3.93551, 3.97427, 3.93551
10.7311, 2.59906, 3.95429, 3.91459, 2.14454, -1.35523, 0, 3.9146, 3.91459, 3.91459, 3.91459, 3.91459, 3.91459, 3.91459, 3.91459, 3.91459, 3.91459, 3.91459, 3.91459, 3.91459, 3.91459, 3.91459, 3.91459, 3.91459, 3.91459, 3.91459, 3.91459, 3.95428, 3.91459
10.739, 2.58662, 3.94715, 3.90682, 2.14164, -1.36054, 0, 3.90684, 3.90682, 3.90682, 3.90682, 3.90682, 3.90682, 3.90682, 3.90682, 3.90682, 3.90682, 3.90682, 3.90682, 3.90682, 3.90682, 3.90682, 3.90682, 3.90682, 3.90683, 3.90682, 3.90682, 3.94714, 3.90682
10.7468, 7.41338, 3.93355, 3.89291, 3.06812, 3.47983, 0, 3.89292, 3.89291, 3.89291, 3.89291, 3.89291, 3.89291, 3.89291, 3.89291, 3.89291, 3.89291, 3.89291, 3.89291, 3.89291, 3.89291, 3.89291, 3.89291, 3.89291, 3.89291, 3.89291, 3.89291, 3.93354, 3.89291
10.7547, 4.38166, 3.91408, 3.87345, 2.52619, 0.467577, 0, 3.87346, 3.87345, 3.87345, 3.87345, 3.87345, 3.87345, 3.87345, 3.87345, 3.87345, 3.87345, 3.87345, 3.87345, 3.87345, 3.87345, 3.87345, 3.87345, 3.87345, 3.87345, 3.87345, 3.87345, 3.91407, 3.87345
10.7626, 3.5601, 3.89157, 3.85127, 2.35799, -0.331474, 0, 3.85128, 3.85127, 3.85127, 3.85127, 3.85127, 3.85127, 3.85127, 3.85127, 3.85127, 3.85127, 3.85127, 3.85127, 3.85127, 3.85127, 3.85127, 3.85127, 3.85127, 3.85127, 3.85127, 3.85127, 3.89156, 3.85127
10.7705, 6.6166, 3.86882, 3.82915, 2.93541, 2.74779, 0, 3.82916, 3.82915, 3.82915, 3.82915, 3.82915, 3.82915, 3.82915, 3.82915, 3.82915, 3.82915, 3.82915, 3.82915, 3.82915, 3.82915, 3.82915, 3.82915, 3.82915, 3.82915, 3.82915, 3.82915, 3.8688, 3.82915
10.7783, 2.62528, 3.88067, 3.84194, 2.15065, -1.25539, 0, 3.84195, 3.84194, 3.84194, 3.84194, 3.84194, 3.84194, 3.84194, 3.84194, 3.84194, 3.84194, 3.84194, 3.84194, 3.84194, 3.84194, 3.84194, 3.84194, 3.84194, 3.84194, 3.84194, 3.84194, 3.88066, 3.84194
10.7862, 4.17864, 3.88542, 3.8479, 2.48569, 0.293221, 0, 3.84791, 3.8479, 3.8479, 3.8479, 3.8479, 3.8479, 3.8479, 3.8479, 3.8479, 3.8479, 3.8479, 3.8479, 3.8479, 3.8479, 3.8479, 3.8479, 3.8479, 3.8479, 3.8479, 3.8479, 3.88541, 3.8479
10.7941, 3.81653, 3.88338, 3.84731, 2.41175, -0.0668509, 0, 3.84732, 3.84731, 3.84731, 3.84731, 3.84731, 3.84731, 3.84731, 3.84731, 3.84731, 3.84731, 3.84731, 3.84731, 3.84731, 3.84731, 3.84731, 3.84731, 3.84731, 3.84731, 3.84731, 3.84731, 3.88336, 3.84731
10.8019, 0.997522, 3.87784, 3.84345, 1.73134, -2.88032, 0, 3.84346, 3.84345, 3.84345, 3.84345, 3.84345, 3.84345, 3.84345, 3.84345, 3.84345, 3.84345, 3.84345, 3.84345, 3.84345, 3.84345, 3.84345, 3.84345, 3.84345, 3.84345, 3.84345, 3.84345, 3.87783, 3.84345
10.8098, 3.34523, 3.87214, 3.83958, 2.31198, -0.526906, 0, 3.8396, 3.83958, 3.83958, 3.83958, 3.83958, 3.83958, 3.83958, 3.83958, 3.83958, 3.83958, 3.83958, 3.83958, 3.83958, 3.83958, 3.83958, 3.83958, 3.83958, 3.83959, 3.83958, 3.83958, 3.87212, 3.83958
10.8177, 6.33656, 3.87767, 3.84711, 2.88731, 2.45888, 0, 3.84712, 3.84711, 3.84711, 3.84711, 3.84711, 3.84711, 3.84711, 3.84711, 3.84711, 3.84711, 3.84711, 3.84711, 3.84711, 3.84711, 3.84711, 3.84711, 3.84711, 3.84711, 3.84711, 3.84711, 3.87766, 3.84711
10.8256, 5.48017, 3.87952, 3.85105, 2.73499, 1.60065, 0, 3.85106, 3.85105, 3.85105, 3.85105, 3.85105, 3.85105, 3.85105, 3.85105, 3.85105, 3.85105, 3.85105, 3.85105, 3.85105, 3.85105, 3.85105, 3.85105, 3.85105, 3.85105, 3.85105, 3.85105, 3.87951, 3.85105
10.8334, 4.16165, 3.8781, 3.85178, 2.48227, 0.283551, 0, 3.85179, 3.85178, 3.85178, 3.85178, 3.85178, 3.85178, 3.85178, 3.85178, 3.85178, 3.85178, 3.85178, 3.85178, 3.85178, 3.85178, 3.85178, 3.85178, 3.85178, 3.85178, 3.85178, 3.85178, 3.87808, 3.85178
10.8413, 3.15731, 3.87505, 3.85091, 2.27097, -0.717736, 0, 3.85092, 3.85091, 3.85091, 3.85091, 3.85091, 3.85091, 3.85091, 3.85091, 3.85091, 3.85091, 3.85091, 3.85091, 3.85091, 3.85091, 3.85091, 3.85091, 3.85091, 3.85091, 3.85091, 3.85091, 3.87503, 3.85091
10.8492, 7.15192, 3.87201, 3.85004, 3.02521, 3.27992, 0, 3.85005, 3.85004, 3.85004, 3.85004, 3.85004, 3.85004, 3.85004, 3.85004, 3.85004, 3.85004, 3.85004, 3.85004, 3.85004, 3.85004, 3.85004, 3.85004, 3.85004, 3.85004, 3.85004, 3.85004, 3.87199, 3.85004
10.857, 10.5095, 3.87653, 3.85669, 3.53688, 6.63301, 0, 3.85671, 3.85669, 3.85669, 3.85669, 3.85669, 3.85669, 3.85669, 3.85669, 3.85669, 3.85669, 3.85669, 3.85669, 3.85669, 3.85669, 3.85669, 3.85669, 3.85669, 3.8567, 3.85669, 3.85669, 3.87652, 3.85669
10.8649, 4.30979, 3.87794, 3.86016, 2.51193, 0.431849, 0, 3.86017, 3.86016, 3.86016, 3.86016, 3.86016, 3.86016, 3.86016, 3.86016, 3.86016, 3.86016, 3.86016, 3.86016, 3.86016, 3.86016, 3.86016, 3.86016, 3.86016, 3.86016, 3.86016, 3.86016, 3.87793, 3.86016
10.8728, 5.83544, 3.87666, 3.86085, 2.79919, 1.95878, 0, 3.86086, 3.86085, 3.86085, 3.86085, 3.86085, 3.86085, 3.86085, 3.86085, 3.86085, 3.86085, 3.86085, 3.86085, 3.86085, 3.86085, 3.86085, 3.86085, 3.86085, 3.86085, 3.86085, 3.86085, 3.87665, 3.86085
10.8807, 6.68835, 3.8741, 3.86015, 2.9476, 2.81425, 0, 3.86016, 3.86015, 3.86015, 3.86015, 3.86015, 3.86015, 3.86015, 3.86015, 3.86015, 3.86015, 3.86015, 3.86015, 3.86015, 3.86015, 3.86015, 3.86015, 3.86015, 3.86016, 3.86015, 3.86015, 3.87409, 3.86015
10.8885, 5.14758, 3.87167, 3.85945, 2.6735, 1.27592, 0, 3.85947, 3.85945, 3.85945, 3.85945, 3.85945, 3.85945, 3.85945, 3.85945, 3.85945, 3.85945, 3.85945, 3.85945, 3.85945, 3.85945, 3.85945, 3.85945, 3.85945, 3.85946, 3.85945, 3.85945, 3.87166, 3.85945
10.8964, 4.99501, 3.87656, 3.86594, 2.64481, 1.11845, 0, 3.86596, 3.86594, 3.86594, 3.86594, 3.86594, 3.86594, 3.86594, 3.86594, 3.86594, 3.86594, 3.86594, 3.86594, 3.86594, 3.86594, 3.86594, 3.86594, 3.86594, 3.86595, 3.86594, 3.86594, 3.87654, 3.86594
10.9043, 8.14006, 3.87851, 3.86935, 3.18435, 4.26155, 0, 3.86937, 3.86935, 3.86935, 3.86935, 3.86935, 3.86935, 3.86935, 3.86935, 3.86935, 3.86935, 3.86935, 3.86935, 3.86935, 3.86935, 3.86935, 3.86935, 3.86935, 3.86936, 3.86935, 3.86935, 3.87849, 3.86935
10.9121, 9.13556, 3.87792, 3.87009, 3.337, 5.25764, 0, 3.8701, 3.87009, 3.87009, 3.87009, 3.87009, 3.87009, 3.87009, 3.87009, 3.87009, 3.87009, 3.87009, 3.87009, 3.87009, 3.87009, 3.87009, 3.87009, 3.87009, 3.87009, 3.87009, 3.87009, 3.87791, 3.87009
10.92, 5.70979, 3.87614, 3.86949, 2.77665, 1.83365, 0, 3.8695, 3.86949, 3.86949, 3.86949, 3.86949, 3.86949, 3.86949, 3.86949, 3.86949, 3.86949, 3.86949, 3.86949, 3.86949, 3.86949, 3.86949, 3.86949, 3.86949, 3.86949, 3.86949, 3.86949, 3.87612, 3.86949
10.9279, 7.13309, 3.87449, 3.86888, 3.0221, 3.2586, 0, 3.86889, 3.86888, 3.86888, 3.86888, 3.86888, 3.86888, 3.86888, 3.86888, 3.86888, 3.86888, 3.86888, 3.86888, 3.86888, 3.86888, 3.86888, 3.86888, 3.86888, 3.86888, 3.86888, 3.86888, 3.87448, 3.86888
10.9358, 6.85746, 3.87955, 3.87486, 2.97615, 2.97792, 0, 3.87487, 3.87486, 3.87486, 3.87486, 3.87486, 3.87486, 3.87486, 3.87486, 3.87486, 3.87486, 3.87486, 3.87486, 3.87486, 3.87486, 3.87486, 3.87486, 3.87486, 3.87486, 3.87486, 3.87486, 3.87953, 3.87486
10.9436, 9.39334, 3.88179, 3.8779, 3.3754, 5.51155, 0, 3.87791, 3.8779, 3.8779, 3.8779, 3.8779, 3.8779, 3.8779, 3.8779, 3.8779, 3.8779, 3.8779, 3.8779, 3.8779, 3.8779, 3.8779, 3.8779, 3.8779, 3.8779, 3.8779, 3.8779, 3.88178, 3.8779
10.9515, 7.98823, 3.88161, 3.8784, 3.16042, 4.10662, 0, 3.87841, 3.8784, 3.8784, 3.8784, 3.8784, 3.8784, 3.8784, 3.8784, 3.8784, 3.8784, 3.8784, 3.8784, 3.8784, 3.8784, 3.8784, 3.8784, 3.8784, 3.8784, 3.8784, 3.8784, 3.88159, 3.8784
10.9594, 10.2445, 3.88025, 3.87762, 3.49921, 6.36424, 0, 3.87764, 3.87762, 3.87762, 3.87762, 3.87762, 3.87762, 3.87762, 3.87762, 3.87762, 3.87762, 3.87762, 3.87762, 3.87762, 3.87762, 3.87762, 3.87762, 3.87762, 3.87763, 3.87762, 3.87762, 3.88023, 3.87762
10.9672, 8.1031, 3.87898, 3.87685, 3.17854, 4.22412, 0, 3.87686, 3.87685, 3.87685, 3.87685, 3.87685, 3.87685, 3.87685, 3.87685, 3.87685, 3.87685, 3.87685, 3.87685, 3.87685, 3.87685, 3.87685, 3.87685, 3.87685, 3.87685, 3.87685, 3.87685, 3.87897, 3.87685
10.9751, 3.24659, 3.88434, 3.88262, 2.29054, -0.637744, 0, 3.88263, 3.88262, 3.88262, 3.88262, 3.88262, 3.88262, 3.88262, 3.88262, 3.88262, 3.88262, 3.88262, 3.88262, 3.88262, 3.88262, 3.88262, 3.88262, 3.88262, 3.88262, 3.88262, 3.88262, 3.88432, 3.88262
10.983, 4.35812, 3.88698, 3.8856, 2.52153, 0.471141, 0, 3.88561, 3.8856, 3.8856, 3.8856, 3.8856, 3.8856, 3.8856, 3.8856, 3.8856, 3.8856, 3.8856, 3.8856, 3.8856, 3.8856, 3.8856, 3.8856, 3.8856, 3.8856, 3.8856, 3.8856, 3.88696, 3.8856
10.9909, 6.63222, 3.88725, 3.88615, 2.93806, 2.74497, 0, 3.88616, 3.88615, 3.88615, 3.88615, 3.88615, 3.88615, 3.88615, 3.88615, 3.88615, 3.88615, 3.88615, 3.88615, 3.88615, 3.88615, 3.88615, 3.88615, 3.88615, 3.88615, 3.88615, 3.88615, 3.88723, 3.88615
10.9987, 5.11173, 3.88635, 3.88549, 2.66678, 1.22538, 0, 3.8855, 3.88549, 3.88549, 3.88549, 3.88549, 3.88549, 3.88549, 3.88549, 3.88549, 3.88549, 3.88549, 3.88549, 3.88549, 3.88549, 3.88549, 3.88549, 3.88549, 3.88549, 3.88549, 3.88549, 3.88634, 3.88549
11.0066, 5.99224, 3.8855, 3.88483, 2.82705, 2.10673, 0, 3.88484, 3.88483, 3.88483, 3.88483, 3.88483, 3.88483, 3.88483, 3.88483, 3.88483, 3.88483, 3.88483, 3.88483, 3.88483, 3.88483, 3.88483, 3.88483, 3.88483, 3.88483, 3.88483, 3.88483, 3.88549, 3.88483
11.0145, 4.77026, 3.89048, 3.88995, 2.60197, 0.879778, 0, 3.88997, 3.88995, 3.88995, 3.88995, 3.88995, 3.88995, 3.88995, 3.88995, 3.88995, 3.88995, 3.88995, 3.88995, 3.88995, 3.88995, 3.88995, 3.88995, 3.88995, 3.88996, 3.88995, 3.88995, 3.89047, 3.88995
11.0223, 3.99777, 3.89289, 3.89248, 2.44903, 0.10488, 0, 3.89249, 3.89248, 3.89248, 3.89248, 3.89248, 3.89248, 3.89248, 3.89248, 3.89248, 3.89248, 3.89248, 3.89248, 3.89248, 3.89248, 3.89248, 3.89248, 3.89248, 3.89248, 3.89248, 3.89248, 3.89288, 3.89248
11.0302, 1.99752, 3.89306, 3.89274, 1.99938, -1.89554, 0, 3.89276, 3.89274, 3.89274, 3.89274, 3.89274, 3.89274, 3.89274, 3.89274, 3.89274, 3.89274, 3.89274, 3.89274, 3.89274, 3.89274, 3.89274, 3.89274, 3.89274, 3.89275, 3.89274, 3.89274, 3.89304, 3.89274
11.0381, 3.30942, 3.89212, 3.89187, 2.30422, -0.582699, 0, 3.89189, 3.89187, 3.89187, 3.89187, 3.89187, 3.89187, 3.89187, 3.89187, 3.89187, 3.89187, 3.89187, 3.89187, 3.89187, 3.89187, 3.89187, 3.89187, 3.89187, 3.89188, 3.89187, 3.89187, 3.8921, 3.89187
11.046, 6.58414, 3.89119, 3.89101, 2.92987, 2.69295, 0, 3.89102, 3.89101, 3.89101, 3.89101, 3.89101, 3.89101, 3.89101, 3.89101, 3.89101, 3.89101, 3.89101, 3.89101, 3.89101, 3.89101, 3.89101, 3.89101, 3.89101, 3.89101, 3.89101, 3.89101, 3.89118, 3.89101
11.0538, 2.5948, 3.89601, 3.89587, 2.14355, -1.30122, 0, 3.89588, 3.89587, 3.89587, 3.89587, 3.89587, 3.89587, 3.89587, 3.89587, 3.89587, 3.89587, 3.89587, 3.89587, 3.89587, 3.89587, 3.89587, 3.89587, 3.89587, 3.89587, 3.89587, 3.89587, 3.896, 3.89587
11.0617, 7.88848, 3.89843, 3.89832, 3.14459, 3.99005, 0, 3.89833, 3.89832, 3.89832, 3.89832, 3.89832, 3.89832, 3.89832, 3.89832, 3.89832, 3.89832, 3.89832, 3.89832, 3.89832, 3.89832, 3.89832, 3.89832, 3.89832, 3.89832, 3.89832, 3.89832, 3.89841, 3.89832
11.0696, 5.89442, 3.89873, 3.89865, 2.8097, 1.99569, 0, 3.89866, 3.89865, 3.89865, 3.89865, 3.89865, 3.89865, 3.89865, 3.89865, 3.89865, 3.89865, 3.89865, 3.89865, 3.89865, 3.89865, 3.89865, 3.89865, 3.89865, 3.89865, 3.89865, 3.89865, 3.89872, 3.89865
11.0774, 8.71425, 3.89798, 3.89792, 3.27326, 4.81627, 0, 3.89793, 3.89792, 3.89792, 3.89792, 3.89792, 3.89792, 3.89792, 3.89792, 3.89792, 3.89792, 3.89792, 3.89792, 3.89792, 3.89792, 3.89792, 3.89792, 3.89792, 3.89792, 3.89792, 3.89792, 3.89797, 3.89792
11.0853, 7.26592, 3.89724, 3.89719, 3.044, 3.36868, 0, 3.8972, 3.89719, 3.89719, 3.89719, 3.89719, 3.89719, 3.89719, 3.89719, 3.89719, 3.89719, 3.89719, 3.89719, 3.89719, 3.89719, 3.89719, 3.89719, 3.89719, 3.89719, 3.89719, 3.89719, 3.89723, 3.89719
11.0932, 6.90384, 3.90134, 3.9013, 2.98393, 3.0025, 0, 3.90131, 3.9013, 3.9013, 3.9013, 3.9013, 3.9013, 3.9013, 3.9013, 3.9013, 3.9013, 3.9013, 3.9013, 3.9013, 3.9013, 3.9013, 3.9013, 3.9013, 3.9013, 3.9013, 3.9013, 3.90132, 3.9013
11.1011, 5.07732, 3.90325, 3.90322, 2.66032, 1.17407, 0, 3.90323, 3.90322, 3.90322, 3.90322, 3.90322, 3.90322, 3.90322, 3.90322, 3.90322, 3.90322, 3.90322, 3.90322, 3.90322, 3.90322, 3.90322, 3.90322, 3.90322, 3.90322, 3.90322, 3.90322, 3.90323, 3.90322
11.1089, 4.82575, 3.90326, 3.90323, 2.61261, 0.922497, 0, 3.90324, 3.90323, 3.90323, 3.90323, 3.90323, 3.90323, 3.90323, 3.90323, 3.90323, 3.90323, 3.90323, 3.90323, 3.90323, 3.90323, 3.90323, 3.90323, 3.90323, 3.90323, 3.90323, 3.90323, 3.90324, 3.90323
11.1168, 2.99506, 3.90231, 3.90229, 2.23496, -0.90725, 0, 3.9023, 3.90229, 3.90229, 3.90229, 3.90229, 3.90229, 3.90229, 3.90229, 3.90229, 3.90229, 3.90229, 3.90229, 3.90229, 3.90229, 3.90229, 3.90229, 3.90229, 3.90229, 3.90229, 3.90229, 3.9023, 3.90229
11.1247, 6.07249, 3.90137, 3.90135, 2.84121, 2.17112, 0, 3.90136, 3.90135, 3.90135, 3.90135, 3.90135, 3.90135, 3.90135, 3.90135, 3.90135, 3.90135, 3.90135, 3.90135, 3.90135, 3.90135, 3.90135, 3.90135, 3.90135, 3.90135, 3.90135, 3.90135, 3.90136, 3.90135
11.1325, 4.91784, 3.90518, 3.90516, 2.63018, 1.01267, 0, 3.90517, 3.90516, 3.90516, 3.90516, 3.90516, 3.90516, 3.90516, 3.90516, 3.90516, 3.90516, 3.90516, 3.90516, 3.90516, 3.90516, 3.90516, 3.90516, 3.90516, 3.90516, 3.90516, 3.90516, 3.90516, 3.90516
11.1404, 4.28625, 3.90701, 3.90699, 2.50724, 0.37924, 0, 3.907, 3.90699, 3.90699, 3.90699, 3.90699, 3.90699, 3.90699, 3.90699, 3.90699, 3.90699, 3.90699, 3.90699, 3.90699, 3.90699, 3.90699, 3.90699, 3.90699, 3.90699, 3.90699, 3.90699, 3.90699, 3.90699
11.1483, 7.91487, 3.90709, 3.90708, 3.14879, 4.00778, 0, 3.90709, 3.90708, 3.90708, 3.90708, 3.90708, 3.90708, 3.90708, 3.90708, 3.90708, 3.90708, 3.90708, 3.90708, 3.90708, 3.90708, 3.90708, 3.90708, 3.90708, 3.90708, 3.90708, 3.90708, 3.90708, 3.90708
11.1562, 7.98819, 3.90631, 3.90629, 3.16041, 4.08188, 0, 3.90631, 3.90629, 3.90629, 3.90629, 3.90629, 3.90629, 3.90629, 3.90629, 3.90629, 3.90629, 3.90629, 3.90629, 3.90629, 3.90629, 3.90629, 3.90629, 3.90629, 3.9063, 3.90629, 3.90629, 3.9063, 3.90629
11.164, 6.92222, 3.90553, 3.90551, 2.98701, 3.0167, 0, 3.90552, 3.90551, 3.90551, 3.90551, 3.90551, 3.90551, 3.90551, 3.90551, 3.90551, 3.90551, 3.90551, 3.90551, 3.90551, 3.90551, 3.90551, 3.90551, 3.90551, 3.90551, 3.90551, 3.90551, 3.90551, 3.90551
11.1719, 7.92714, 3.90854, 3.90852, 3.15074, 4.0186, 0, 3.90853, 3.90852, 3.90852, 3.90852, 3.90852, 3.90852, 3.90852, 3.90852, 3.90852, 3.90852, 3.90852, 3.90852, 3.90852, 3.90852, 3.90852, 3.90852, 3.90852, 3.90852, 3.90852, 3.90852, 3.90852, 3.90852
11.1798, 4.81115, 3.90981, 3.90979, 2.60982, 0.901346, 0, 3.9098, 3.90979, 3.90979, 3.90979, 3.90979, 3.90979, 3.90979, 3.90979, 3.90979, 3.90979, 3.90979, 3.90979, 3.90979, 3.90979, 3.90979, 3.90979, 3.90979, 3.90979, 3.90979, 3.90979, 3.90979, 3.90979
11.1876, 3.17472, 3.90956, 3.90954, 2.2748, -0.734838, 0, 3.90956, 3.90954, 3.90954, 3.90954, 3.90954, 3.90954, 3.90954, 3.90954, 3.90954, 3.90954, 3.90954, 3.90954, 3.90954, 3.90954, 3.90954, 3.90954, 3.90954, 3.90955, 3.90954, 3.90954, 3.90954, 3.90954
11.1955, 4.99257, 3.90855, 3.90854, 2.64435, 1.08401, 0, 3.90855, 3.90854, 3.90854, 3.90854, 3.90854, 3.90854, 3.90854, 3.90854, 3.90854, 3.90854, 3.90854, 3.90854, 3.90854, 3.90854, 3.90854, 3.90854, 3.90854, 3.90854, 3.90854, 3.90854, 3.90854, 3.90854
11.2034, 4.15316, 3.90755, 3.90753, 2.48056, 0.245611, 0, 3.90755, 3.90753, 3.90753, 3.90753, 3.90753, 3.90753, 3.90753, 3.90753, 3.90753, 3.90753, 3.90753, 3.90753, 3.90753, 3.90753, 3.90753, 3.90753, 3.90753, 3.90754, 3.90753, 3.90753, 3.90753, 3.90753
11.2112, 7.78166, 3.91025, 3.91023, 3.12756, 3.87141, 0, 3.91025, 3.91023, 3.91023, 3.91023, 3.91023, 3.91023, 3.91023, 3.91023, 3.91023, 3.91023, 3.91023, 3.91023, 3.91023, 3.91023, 3.91023, 3.91023, 3.91023, 3.91023, 3.91023, 3.91023, 3.91023, 3.91023
11.2191, 2.99503, 3.91142, 3.91141, 2.23496, -0.916393, 0, 3.91142, 3.91141, 3.91141, 3.91141, 3.91141, 3.91141, 3.91141, 3.91141, 3.91141, 3.91141, 3.91141, 3.91141, 3.91141, 3.91141, 3.91141, 3.91141, 3.91141, 3.91141, 3.91141, 3.91141, 3.91141, 3.91141
11.227, 1.9953, 3.91126, 3.91124, 1.99883, -1.91595, 0, 3.91125, 3.91124, 3.91124, 3.91124, 3.91124, 3.91124, 3.91124, 3.91124, 3.91124, 3.91124, 3.91124, 3.91124, 3.91124, 3.91124, 3.91124, 3.91124, 3.91124, 3.91124, 3.91124, 3.91124, 3.91124, 3.91124
11.2349, 4.2575, 3.91041, 3.9104, 2.5015, 0.347083, 0, 3.91041, 3.9104, 3.9104, 3.9104, 3.9104, 3.9104, 3.9104, 3.9104, 3.9104, 3.9104, 3.9104, 3.9104, 3.9104, 3.9104, 3.9104, 3.9104, 3.9104, 3.9104, 3.9104, 3.9104, 3.9104, 3.9104
11.2427, 10.6913, 3.90957, 3.90956, 3.56249, 6.78175, 0, 3.90957, 3.90956, 3.90956, 3.90956, 3.90956, 3.90956, 3.90956, 3.90956, 3.90956, 3.90956, 3.90956, 3.90956, 3.90956, 3.90956, 3.90956, 3.90956, 3.90956, 3.90956, 3.90956, 3.90956, 3.90956, 3.90956
11.2506, 3.99777, 3.91145, 3.91144, 2.44903, 0.0863168, 0, 3.91145, 3.91144, 3.91144, 3.91144, 3.91144, 3.91144, 3.91144, 3.91144, 3.91144, 3.91144, 3.91144, 3.91144, 3.91144, 3.91144, 3.91144, 3.91144, 3.91144, 3.91144, 3.91144, 3.91144, 3.91144, 3.91144
11.2585, 2.03408, 3.91207, 3.91205, 2.0085, -1.87799, 0, 3.91207, 3.91205, 3.91205, 3.91205, 3.91205, 3.91205, 3.91205, 3.91205, 3.91205, 3.91205, 3.91205, 3.91205, 3.91205, 3.91205, 3.91205, 3.91205, 3.91205, 3.91205, 3.91205, 3.91205, 3.91205, 3.91205
11.2663, 3.99503, 3.91157, 3.91155, 2.44848, 0.0834677, 0, 3.91156, 3.91155, 3.91155, 3.91155, 3.91155, 3.91155, 3.91155, 3.91155, 3.91155, 3.91155, 3.91155, 3.91155, 3.91155, 3.91155, 3.91155, 3.91155, 3.91155, 3.91155, 3.91155, 3.91155, 3.91155, 3.91155
11.2742, 5.96358, 3.91051, 3.91049, 2.82198, 2.05307, 0, 3.91051, 3.91049, 3.91049, 3.91049, 3.91049, 3.91049, 3.91049, 3.91049, 3.91049, 3.91049, 3.91049, 3.91049, 3.91049, 3.91049, 3.91049, 3.91049, 3.91049, 3.91049, 3.91049, 3.91049, 3.91049, 3.91049
11.2821, 4.08525, 3.90945, 3.90944, 2.46683, 0.175802, 0, 3.90945, 3.90944, 3.90944, 3.90944, 3.90944, 3.90944, 3.90944, 3.90944, 3.90944, 3.90944, 3.90944, 3.90944, 3.90944, 3.90944, 3.90944, 3.90944, 3.90944, 3.90944, 3.90944, 3.90944, 3.90944, 3.90944
11.29, 5.90979, 3.91101, 3.91099, 2.81243, 1.99878, 0, 3.91101, 3.91099, 3.91099, 3.91099, 3.91099, 3.91099, 3.91099, 3.91099, 3.91099, 3.91099, 3.91099, 3.91099, 3.91099, 3.91099, 3.91099, 3.91099, 3.91099, 3.91099, 3.91099, 3.91099, 3.91099, 3.91099
11.2978, 7.04684, 3.91152, 3.91151, 3.0078, 3.13532, 0, 3.91152, 3.91151, 3.91151, 3.91151, 3.91151, 3.91151, 3.91151, 3.91151, 3.91151, 3.91151, 3.91151, 3.91151, 3.91151, 3.91151, 3.91151, 3.91151, 3.91151, 3.91151, 3.91151, 3.91151, 3.91151, 3.91151
11.3057, 7.99257, 3.9111, 3.91109, 3.1611, 4.08146, 0, 3.9111, 3.91109, 3.91109, 3.91109, 3.91109, 3.91109, 3.91109, 3.91109, 3.91109, 3.91109, 3.91109, 3.91109, 3.91109, 3.91109, 3.91109, 3.91109, 3.91109, 3.91109, 3.91109, 3.91109, 3.91109, 3.91109
11.3136, 4.01214, 3.91022, 3.9102, 2.45197, 0.101925, 0, 3.91022, 3.9102, 3.9102, 3.9102, 3.9102, 3.9102, 3.9102, 3.9102, 3.9102, 3.9102, 3.9102, 3.9102, 3.9102, 3.9102, 3.9102, 3.9102, 3.9102, 3.9102, 3.9102, 3.9102, 3.9102, 3.9102
11.3214, 3.92169, 3.90933, 3.90932, 2.43345, 0.0123513, 0, 3.90933, 3.90932, 3.90932, 3.90932, 3.90932, 3.90932, 3.90932, 3.90932, 3.90932, 3.90932, 3.90932, 3.90932, 3.90932, 3.90932, 3.90932, 3.90932, 3.90932, 3.90932, 3.90932, 3.90932, 3.90932, 3.90932
11.3293, 4.02974, 3.91008, 3.91006, 2.45555, 0.119659, 0, 3.91007, 3.91006, 3.91006, 3.91006, 3.91006, 3.91006, 3.91006, 3.91006, 3.91006, 3.91006, 3.91006, 3.91006, 3.91006, 3.91006, 3.91006, 3.91006, 3.91006, 3.91006, 3.91006, 3.91006, 3.91006, 3.91006
11.3372, 5.9948, 3.91005, 3.91003, 2.82751, 2.08475, 0, 3.91004, 3.91003, 3.91003, 3.91003, 3.91003, 3.91003, 3.91003, 3.91003, 3.91003, 3.91003, 3.91003, 3.91003, 3.91003, 3.91003, 3.91003, 3.91003, 3.91003, 3.91003, 3.91003, 3.91003, 3.91003, 3.91003
11.3451, 5.00558, 3.90932, 3.9093, 2.6468, 1.09625, 0, 3.90932, 3.9093, 3.9093, 3.9093, 3.9093, 3.9093, 3.9093, 3.9093, 3.9093, 3.9093, 3.9093, 3.9093, 3.9093, 3.9093, 3.9093, 3.9093, 3.9093, 3.9093, 3.9093, 3.9093, 3.9093, 3.9093
11.3529, 4.97745, 3.90825, 3.90823, 2.64149, 1.0692, 0, 3.90825, 3.90823, 3.90823, 3.90823, 3.90823, 3.90823, 3.90823, 3.90823, 3.90823, 3.90823, 3.90823, 3.90823, 3.90823, 3.90823, 3.90823, 3.90823, 3.90823, 3.90823, 3.90823, 3.90823, 3.90823, 3.90823
11.3608, 3.00805, 3.90718, 3.90716, 2.23787, -0.899126, 0, 3.90718, 3.90716, 3.90716, 3.90716, 3.90716, 3.90716, 3.90716, 3.90716, 3.90716, 3.90716, 3.90716, 3.90716, 3.90716, 3.90716, 3.90716, 3.90716, 3.90716, 3.90716, 3.90716, 3.90716, 3.90716, 3.90716
11.3687, 7.98724, 3.90758, 3.90756, 3.16026, 4.07966, 0, 3.90758, 3.90756, 3.90756, 3.90756, 3.90756, 3.90756, 3.90756, 3.90756, 3.90756, 3.90756, 3.90756, 3.90756, 3.90756, 3.90756, 3.90756, 3.90756, 3.90756, 3.90756, 3.90756, 3.90756, 3.90756, 3.90756
11.3765, 2.99752, 3.90744, 3.90742, 2.23551, -0.909922, 0, 3.90744, 3.90742, 3.90742, 3.90742, 3.90742, 3.90742, 3.90742, 3.90742, 3.90742, 3.90742, 3.90742, 3.90742, 3.90742, 3.90742, 3.90742, 3.90742, 3.90742, 3.90742, 3.90742, 3.90742, 3.90742, 3.90742
11.3844, 0.997522, 3.90681, 3.90678, 1.73134, -2.90928, 0, 3.9068, 3.90678, 3.90678, 3.90678, 3.90678, 3.90678, 3.90678, 3.90678, 3.90678, 3.90678, 3.90678, 3.90678, 3.90678, 3.90678, 3.90678, 3.90678, 3.90678, 3.90678, 3.90678, 3.90678, 3.90678, 3.90678
11.3923, 9.98872, 3.90592, 3.90589, 3.46247, 6.0828, 0, 3.90592, 3.90589, 3.90589, 3.90589, 3.90589, 3.90589, 3.90589, 3.90589, 3.90589, 3.90589, 3.90589, 3.90589, 3.90589, 3.90589, 3.90589, 3.90589, 3.90589, 3.90589, 3.90589, 3.90589, 3.90589, 3.90589
11.4002, 4.00644, 3.90503, 3.905, 2.4508, 0.101412, 0, 3.90503, 3.905, 3.905, 3.905, 3.905, 3.905, 3.905, 3.905, 3.905, 3.905, 3.905, 3.905, 3.905, 3.905, 3.905, 3.905, 3.905, 3.905, 3.905, 3.905, 3.905, 3.905
11.408, 3.97906, 3.90464, 3.90461, 2.44521, 0.0744169, 0, 3.90464, 3.90461, 3.90461, 3.90461, 3.90461, 3.90461, 3.90461, 3.90461, 3.90461, 3.90461, 3.90461, 3.90461, 3.90461, 3.90461, 3.90461, 3.90461, 3.90461, 3.90461, 3.90461, 3.90461, 3.90461, 3.90461
11.4159, 5.00459, 3.90399, 3.90396, 2.64662, 1.10059, 0, 3.90399, 3.90396, 3.90396, 3.90396, 3.90396, 3.90396, 3.90396, 3.90396, 3.90396, 3.90396, 3.90396, 3.90396, 3.90396, 3.90396, 3.90396, 3.90396, 3.90396, 3.90396, 3.90396, 3.90396, 3.90396, 3.90396
11.4238, 7.98092, 3.9031, 3.90306, 3.15926, 4.07782, 0, 3.90309, 3.90306, 3.90306, 3.90306, 3.90306, 3.90306, 3.90306, 3.90306, 3.90306, 3.90306, 3.90306, 3.90306, 3.90306, 3.90306, 3.90306, 3.90306, 3.90306, 3.90306, 3.90306, 3.90306, 3.90306, 3.90306
11.4316, 5.0259, 3.90197, 3.90193, 2.65064, 1.12392, 0, 3.90197, 3.90193, 3.90193, 3.90193, 3.90193, 3.90193, 3.90193, 3.90193, 3.90193, 3.90193, 3.90193, 3.90193, 3.90193, 3.90193, 3.90193, 3.90193, 3.90193, 3.90194, 3.90193, 3.90193, 3.90194, 3.90193
11.4395, 6.99765, 3.90069, 3.90064, 2.99961, 3.09696, 0, 3.90068, 3.90064, 3.90064, 3.90064, 3.90064, 3.90064, 3.90064, 3.90064, 3.90064, 3.90064, 3.90064, 3.90064, 3.90064, 3.90064, 3.90064, 3.90064, 3.90064, 3.90064, 3.90064, 3.90064, 3.90064, 3.90064
11.4474, 7.91166, 3.89929, 3.89924, 3.14828, 4.01237, 0, 3.89928, 3.89924, 3.89924, 3.89924, 3.89924, 3.89924, 3.89924, 3.89924, 3.89924, 3.89924, 3.89924, 3.89924, 3.89924, 3.89924, 3.89924, 3.89924, 3.89924, 3.89924, 3.89924, 3.89924, 3.89924, 3.89924
11.4553, 6.0358, 3.89774, 3.89768, 2.83475, 2.13806, 0, 3.89773, 3.89768, 3.89768, 3.89768, 3.89768, 3.89768, 3.89768, 3.89768, 3.89768, 3.89768, 3.89768, 3.89768, 3.89768, 3.89768, 3.89768, 3.89768, 3.89768, 3.89768, 3.89768, 3.89768, 3.89769, 3.89768
11.4631, 7.99294, 3.89605, 3.89599, 3.16116, 4.09688, 0, 3.89604, 3.89599, 3.89599, 3.89599, 3.89599, 3.89599, 3.89599, 3.89599, 3.89599, 3.89599, 3.89599, 3.89599, 3.89599, 3.89599, 3.89599, 3.89599, 3.89599, 3.89599, 3.89599, 3.89599, 3.896, 3.89599
11.471, 5.99257, 3.89407, 3.894, 2.82711, 2.0985, 0, 3.89406, 3.894, 3.894, 3.894, 3.894, 3.894, 3.894, 3.894, 3.894, 3.894, 3.894, 3.894, 3.894, 3.894, 3.894, 3.894, 3.894, 3.894, 3.894, 3.894, 3.89401, 3.894
11.4789, 4.02416, 3.89182, 3.89174, 2.45442, 0.132342, 0, 3.89181, 3.89174, 3.89174, 3.89174, 3.89174, 3.89174, 3.89174, 3.89174, 3.89174, 3.89174, 3.89174, 3.89174, 3.89174, 3.89174, 3.89174, 3.89174, 3.89174, 3.89174, 3.89174, 3.89174, 3.89175, 3.89174
11.4867, 8.89504, 3.88944, 3.88935, 3.30076, 5.0056, 0, 3.88942, 3.88935, 3.88935, 3.88935, 3.88935, 3.88935, 3.88935, 3.88935, 3.88935, 3.88935, 3.88935, 3.88935, 3.88935, 3.88935, 3.88935, 3.88935, 3.88935, 3.88935, 3.88935, 3.88935, 3.88936, 3.88935
11.4946, 6.02294, 3.88707, 3.88695, 2.83248, 2.13588, 0, 3.88704, 3.88695, 3.88695, 3.88695, 3.88695, 3.88695, 3.88695, 3.88695, 3.88695, 3.88695, 3.88695, 3.88695, 3.88695, 3.88695, 3.88695, 3.88695, 3.88695, 3.88696, 3.88695, 3.88695, 3.88698, 3.88695
11.5025, 5.02923, 3.88527, 3.88514, 2.65127, 1.14395, 0, 3.88524, 3.88514, 3.88514, 3.88514, 3.88514, 3.88514, 3.88514, 3.88514, 3.88514, 3.88514, 3.88514, 3.88514, 3.88514, 3.88514, 3.88514, 3.88514, 3.88514, 3.88514, 3.88514, 3.88514, 3.88517, 3.88514
11.5104, 3.03321, 3.88316, 3.883, 2.24348, -0.849953, 0, 3.88312, 3.883, 3.883, 3.883, 3.883, 3.883, 3.883, 3.883, 3.883, 3.883, 3.883, 3.883, 3.883, 3.883, 3.883, 3.883, 3.883, 3.883, 3.883, 3.883, 3.88304, 3.883
11.5182, 7.86568, 3.88076, 3.88056, 3.14097, 3.98492, 0, 3.88071, 3.88056, 3.88056, 3.88056, 3.88056, 3.88056, 3.88056, 3.88056, 3.88056, 3.88056, 3.88056, 3.88056, 3.88056, 3.88056, 3.88056, 3.88056, 3.88056, 3.88056, 3.88056, 3.88056, 3.88061, 3.88056
11.5261, 4.12491, 3.87822, 3.87797, 2.47485, 0.246688, 0, 3.87815, 3.87797, 3.87797, 3.87797, 3.87797, 3.87797, 3.87797, 3.87797, 3.87797, 3.87797, 3.87797, 3.87797, 3.87797, 3.87797, 3.87797, 3.87797, 3.87797, 3.87797, 3.87797, 3.87797, 3.87803, 3.87797
11.534, 4.89938, 3.87569, 3.87538, 2.62667, 1.02369, 0, 3.87561, 3.87538, 3.87538, 3.87538, 3.87538, 3.87538, 3.87538, 3.87538, 3.87538, 3.87538, 3.87538, 3.87538, 3.87538, 3.87538, 3.87538, 3.87538, 3.87538, 3.87538, 3.87538, 3.87538, 3.87546, 3.87538
11.5418, 6.09071, 3.87329, 3.87289, 2.84442, 2.21741, 0, 3.87319, 3.87289, 3.87289, 3.87289, 3.87289, 3.87289, 3.87289, 3.87289, 3.87289, 3.87289, 3.87289, 3.87289, 3.87289, 3.87289, 3.87289, 3.87289, 3.87289, 3.87289, 3.87289, 3.87289, 3.87299, 3.87289
11.5497, 5.99554, 3.87067, 3.87016, 2.82764, 2.12487, 0, 3.87054, 3.87016, 3.87016, 3.87016, 3.87016, 3.87016, 3.87016, 3.87016, 3.87016, 3.87016, 3.87016, 3.87016, 3.87016, 3.87016, 3.87016, 3.87016, 3.87016, 3.87016, 3.87016, 3.87016, 3.87029, 3.87016
11.5576, 1.99481, 3.86783, 3.86717, 1.9987, -1.87302, 0, 3.86767, 3.86717, 3.86717, 3.86717, 3.86717, 3.86717, 3.86717, 3.86717, 3.86717, 3.86717, 3.86717, 3.86717, 3.86717, 3.86717, 3.86717, 3.86717, 3.86717, 3.86717, 3.86717, 3.86717, 3.86734, 3.86717
11.5655, 2.99503, 3.86483, 3.86398, 2.23496, -0.869796, 0, 3.86462, 3.86398, 3.86398, 3.86398, 3.86398, 3.86398, 3.86398, 3.86398, 3.86398, 3.86398, 3.86398, 3.86398, 3.86398, 3.86398, 3.86398, 3.86398, 3.86398, 3.86398, 3.86398, 3.86398, 3.86418, 3.86398
11.5733, 5.87584, 3.86172, 3.86063, 2.80639, 2.01412, 0, 3.86147, 3.86063, 3.86063, 3.86063, 3.86063, 3.86063, 3.86063, 3.86063, 3.86063, 3.86063, 3.86063, 3.86063, 3.86063, 3.86063, 3.86063, 3.86063, 3.86063, 3.86063, 3.86063, 3.86063, 3.86088, 3.86063
11.5812, 6.11475, 3.85861, 3.85721, 2.84864, 2.25613, 0, 3.8583, 3.85721, 3.85721, 3.85721, 3.85721, 3.85721, 3.85721, 3.85721, 3.85721, 3.85721, 3.85721, 3.85721, 3.85721, 3.85721, 3.85721, 3.85721, 3.85721, 3.85721, 3.85721, 3.85721, 3.85752, 3.85721
11.5891, 8.99504, 3.85551, 3.85371, 3.31588, 5.13953, 0, 3.85513, 3.85371, 3.85371, 3.85371, 3.85371, 3.85371, 3.85371, 3.85371, 3.85371, 3.85371, 3.85371, 3.85371, 3.85371, 3.85371, 3.85371, 3.85371, 3.85371, 3.85371, 3.85371, 3.85371, 3.85408, 3.85371
11.5969, 2.12962, 3.85245, 3.85014, 2.03215, -1.72283, 0, 3.85199, 3.85014, 3.85014, 3.85014, 3.85014, 3.85014, 3.85014, 3.85014, 3.85014, 3.85014, 3.85014, 3.85014, 3.85014, 3.85014, 3.85014, 3.85014, 3.85014, 3.85014, 3.85014, 3.85014, 3.85059, 3.85014
11.6048, 5.93037, 3.84914, 3.84619, 2.81609, 2.08123, 0, 3.8486, 3.84619, 3.84619, 3.84619, 3.84619, 3.84619, 3.84619, 3.84619, 3.84619, 3.84619, 3.84619, 3.84619, 3.84619, 3.84619, 3.84619, 3.84619, 3.84619, 3.84619, 3.84619, 3.84619, 3.84673, 3.84619
11.6127, 2.85365, 3.84563, 3.84187, 2.2031, -0.991987, 0, 3.84499, 3.84187, 3.84187, 3.84187, 3.84187, 3.84187, 3.84187, 3.84187, 3.84187, 3.84187, 3.84187, 3.84187, 3.84187, 3.84187, 3.84187, 3.84187, 3.84187, 3.84188, 3.84187, 3.84187, 3.84252, 3.84187
11.6206, 7.06729, 3.84215, 3.83738, 3.01119, 3.22514, 0, 3.84139, 3.83738, 3.83738, 3.83738, 3.83738, 3.83738, 3.83738, 3.83738, 3.83738, 3.83738, 3.83738, 3.83738, 3.83738, 3.83738, 3.83738, 3.83738, 3.83738, 3.83738, 3.83738, 3.83738, 3.83814, 3.83738
11.6284, 2.07187, 3.83891, 3.83289, 2.01789, -1.76704, 0, 3.83802, 3.83289, 3.83289, 3.83289, 3.83289, 3.83289, 3.83289, 3.83289, 3.83289, 3.83289, 3.83289, 3.83289, 3.83289, 3.83289, 3.83289, 3.83289, 3.83289, 3.83289, 3.83289, 3.83289, 3.83377, 3.83289
11.6363, 4.7601, 3.83735, 3.8298, 2.60002, 0.922745, 0, 3.83633, 3.8298, 3.8298, 3.8298, 3.8298, 3.8298, 3.8298, 3.8298, 3.8298, 3.8298, 3.8298, 3.8298, 3.8298, 3.8298, 3.8298, 3.8298, 3.8298, 3.8298, 3.8298, 3.8298, 3.83082, 3.8298
11.6442, 2.31673, 3.83546, 3.82601, 2.07767, -1.51873, 0, 3.83428, 3.82601, 3.82601, 3.82601, 3.82601, 3.82601, 3.82601, 3.82601, 3.82601, 3.82601, 3.82601, 3.82601, 3.82601, 3.82601, 3.82601, 3.82601, 3.82601, 3.82601, 3.82601, 3.82601, 3.82719, 3.82601
11.652, 6.49591, 3.83332, 3.82158, 2.91477, 2.66259, 0, 3.83197, 3.82158, 3.82158, 3.82158, 3.82158, 3.82158, 3.82158, 3.82158, 3.82158, 3.82158, 3.82158, 3.82158, 3.82158, 3.82158, 3.82158, 3.82158, 3.82158, 3.82158, 3.82158, 3.82158, 3.82292, 3.82158
11.6599, 3.41772, 3.83133, 3.81681, 2.3276, -0.413615, 0, 3.82981, 3.81681, 3.81681, 3.81681, 3.81681, 3.81681, 3.81681, 3.81681, 3.81681, 3.81681, 3.81681, 3.81681, 3.81681, 3.81681, 3.81681, 3.81681, 3.81681, 3.81681, 3.81681, 3.81681, 3.81834, 3.81681
11.6678, 6.99753, 3.82991, 3.81205, 2.99959, 3.16763, 0, 3.82819, 3.81205, 3.81205, 3.81205, 3.81205, 3.81205, 3.81205, 3.81205, 3.81205, 3.81205, 3.81205, 3.81205, 3.81205, 3.81205, 3.81205, 3.81205, 3.81205, 3.81205, 3.81205, 3.81205, 3.81376, 3.81205
11.6757, 3.90618, 3.83094, 3.80912, 2.43026, 0.0752451, 0, 3.82903, 3.80912, 3.80912, 3.80912, 3.80912, 3.80912, 3.80912, 3.80912, 3.80912, 3.80912, 3.80912, 3.80912, 3.80912, 3.80912, 3.80912, 3.80912, 3.80912, 3.80912, 3.80912, 3.80912, 3.81103, 3.80912
11.6835, 2.18265, 3.83173, 3.80522, 2.04515, -1.64908, 0, 3.82962, 3.80522, 3.80522, 3.80522, 3.80522, 3.80522, 3.80522, 3.80522, 3.80522, 3.80522, 3.80522, 3.80522, 3.80522, 3.80522, 3.80522, 3.80522, 3.80522, 3.80523, 3.80522, 3.80522, 3.80734, 3.80522
11.6914, 6.61586, 3.83242, 3.80041, 2.93528, 2.78344, 0, 3.83009, 3.80041, 3.80041, 3.80041, 3.80041, 3.80041, 3.80041, 3.80041, 3.80041, 3.80041, 3.80041, 3.80041, 3.80041, 3.80041, 3.80041, 3.80041, 3.80041, 3.80041, 3.80041, 3.80041, 3.80273, 3.80041
11.6993, 4.18711, 3.83355, 3.79515, 2.48739, 0.35356, 0, 3.83102, 3.79515, 3.79515, 3.79515, 3.79515, 3.79515, 3.79515, 3.79515, 3.79515, 3.79515, 3.79515, 3.79515, 3.79515, 3.79515, 3.79515, 3.79515, 3.79515, 3.79515, 3.79515, 3.79515, 3.79768, 3.79515
11.7071, 8.69269, 3.83568, 3.78988, 3.26997, 4.85701, 0, 3.83294, 3.78988, 3.78988, 3.78988, 3.78988, 3.78988, 3.78988, 3.78988, 3.78988, 3.78988, 3.78988, 3.78988, 3.78988, 3.78988, 3.78988, 3.78988, 3.78988, 3.78988, 3.78988, 3.78988, 3.79262, 3.78988
11.715, 2.401, 3.84171, 3.78744, 2.09786, -1.44071, 0, 3.83876, 3.78744, 3.78744, 3.78744, 3.78744, 3.78744, 3.78744, 3.78744, 3.78744, 3.78744, 3.78744, 3.78744, 3.78744, 3.78744, 3.78744, 3.78744, 3.78744, 3.78745, 3.78744, 3.78744, 3.79039, 3.78744
11.7229, 2.89168, 3.84761, 3.78373, 2.21172, -0.955929, 0, 3.84447, 3.78373, 3.78373, 3.78373, 3.78373, 3.78373, 3.78373, 3.78373, 3.78373, 3.78373, 3.78373, 3.78373, 3.78373, 3.78373, 3.78373, 3.78373, 3.78373, 3.78373, 3.78373, 3.78373, 3.78687, 3.78373
11.7308, 6.10359, 3.85353, 3.77881, 2.84668, 2.25006, 0, 3.85021, 3.77881, 3.77881, 3.77881, 3.77881, 3.77881, 3.77881, 3.77881, 3.77881, 3.77881, 3.77881, 3.77881, 3.77881, 3.77881, 3.77881, 3.77881, 3.77881, 3.77881, 3.77881, 3.77881, 3.78213, 3.77881
11.7386, 4.66592, 3.86012, 3.77329, 2.58184, 0.805802, 0, 3.85663, 3.77329, 3.77329, 3.77329, 3.77329, 3.77329, 3.77329, 3.77329, 3.77329, 3.77329, 3.77329, 3.77329, 3.77329, 3.77329, 3.77329, 3.77329, 3.77329, 3.77329, 3.77329, 3.77329, 3.77678, 3.77329
11.7465, 3.32912, 3.86801, 3.76778, 2.30849, -0.53889, 0, 3.86437, 3.76778, 3.76778, 3.76778, 3.76778, 3.76778, 3.76778, 3.76778, 3.76778, 3.76778, 3.76778, 3.76778, 3.76778, 3.76778, 3.76778, 3.76778, 3.76778, 3.76778, 3.76778, 3.76778, 3.77141, 3.76778
11.7544, 5.76729, 3.88056, 3.76562, 2.78699, 1.88673, 0, 3.8768, 3.76562, 3.76562, 3.76562, 3.76562, 3.76562, 3.76562, 3.76562, 3.76562, 3.76562, 3.76562, 3.76562, 3.76562, 3.76562, 3.76562, 3.76562, 3.76562, 3.76562, 3.76562, 3.76562, 3.76938, 3.76562
11.7622, 7.99257, 3.89282, 3.76189, 3.1611, 4.09974, 0, 3.88895, 3.76189, 3.76189, 3.76189, 3.76189, 3.76189, 3.76189, 3.76189, 3.76189, 3.76189, 3.76189, 3.76189, 3.76189, 3.76189, 3.76189, 3.76189, 3.76189, 3.76189, 3.76189, 3.76189, 3.76575, 3.76189
11.7701, 1.23296, 3.90483, 3.75668, 1.79804, -2.67187, 0, 3.90089, 3.75668, 3.75668, 3.75668, 3.75668, 3.75668, 3.75668, 3.75668, 3.75668, 3.75668, 3.75668, 3.75668, 3.75668, 3.75668, 3.75668, 3.75668, 3.75668, 3.75668, 3.75668, 3.75668, 3.76062, 3.75668
11.778, 4.99766, 3.91725, 3.75074, 2.64531, 1.08041, 0, 3.91327, 3.75074, 3.75074, 3.75074, 3.75074, 3.75074, 3.75074, 3.75074, 3.75074, 3.75074, 3.75074, 3.75074, 3.75074, 3.75074, 3.75074, 3.75074, 3.75074, 3.75074, 3.75074, 3.75074, 3.75472, 3.75074
11.7859, 2.12254, 3.93069, 3.7448, 2.0304, -1.80816, 0, 3.92669, 3.7448, 3.7448, 3.7448, 3.7448, 3.7448, 3.7448, 3.7448, 3.7448, 3.7448, 3.7448, 3.7448, 3.7448, 3.7448, 3.7448, 3.7448, 3.7448, 3.7448, 3.7448, 3.7448, 3.7488, 3.7448
11.7937, 3.61747, 3.94927, 3.74315, 2.37012, -0.331802, 0, 3.94528, 3.74315, 3.74315, 3.74315, 3.74315, 3.74315, 3.74315, 3.74315, 3.74315, 3.74315, 3.74315, 3.74315, 3.74315, 3.74315, 3.74315, 3.74315, 3.74315, 3.74315, 3.74315, 3.74315, 3.74714, 3.74315
11.8016, 3.99331, 3.96662, 3.7396, 2.44812, 0.0266862, 0, 3.96267, 3.7396, 3.7396, 3.7396, 3.7396, 3.7396, 3.7396, 3.7396, 3.7396, 3.7396, 3.7396, 3.7396, 3.7396, 3.7396, 3.7396, 3.7396, 3.7396, 3.7396, 3.7396, 3.7396, 3.74355, 3.7396
11.8095, 5.99257, 3.98262, 3.73429, 2.82711, 2.00995, 0, 3.97874, 3.73429, 3.73429, 3.73429, 3.73429, 3.73429, 3.73429, 3.73429, 3.73429, 3.73429, 3.73429, 3.73429, 3.73429, 3.73429, 3.73429, 3.73429, 3.73429, 3.73429, 3.73429, 3.73429, 3.73816, 3.73429
11.8173, 7.26196, 3.99789, 3.72809, 3.04335, 3.26407, 0, 3.99411, 3.72809, 3.72809, 3.72809, 3.72809, 3.72809, 3.72809, 3.72809, 3.72809, 3.72809, 3.72809, 3.72809, 3.72809, 3.72809, 3.72809, 3.72809, 3.72809, 3.72809, 3.72809, 3.72809, 3.73187, 3.72809
11.8252, 7.7236, 4.01303, 3.72189, 3.11827, 3.71056, 0, 4.00937, 3.72189, 3.72189, 3.72189, 3.72189, 3.72189, 3.72189, 3.72189, 3.72189, 3.72189, 3.72189, 3.72189, 3.72189, 3.72189, 3.72189, 3.72189, 3.72189, 3.7219, 3.72189, 3.72189, 3.72555, 3.72189
11.8331, 2.13204, 4.03266, 3.72064, 2.03274, -1.90062, 0, 4.02915, 3.72064, 3.72064, 3.72064, 3.72064, 3.72064, 3.72064, 3.72064, 3.72064, 3.72064, 3.72064, 3.72064, 3.72064, 3.72064, 3.72064, 3.72064, 3.72064, 3.72064, 3.72064, 3.72064, 3.72415, 3.72064
11.841, 2.27906, 4.0493, 3.71718, 2.06859, -1.77024, 0, 4.04595, 3.71718, 3.71718, 3.71718, 3.71718, 3.71718, 3.71718, 3.71718, 3.71718, 3.71718, 3.71718, 3.71718, 3.71718, 3.71718, 3.71718, 3.71718, 3.71718, 3.71718, 3.71718, 3.71718, 3.72053, 3.71718
11.8488, 3.56729, 4.06277, 3.71167, 2.35951, -0.49548, 0, 4.05959, 3.71167, 3.71167, 3.71167, 3.71167, 3.71167, 3.71167, 3.71167, 3.71167, 3.71167, 3.71167, 3.71167, 3.71167, 3.71167, 3.71167, 3.71167, 3.71167, 3.71167, 3.71167, 3.71167, 3.71484, 3.71167
11.8567, 3.13928, 4.07375, 3.70513, 2.267, -0.934472, 0, 4.07077, 3.70513, 3.70513, 3.70513, 3.70513, 3.70513, 3.70513, 3.70513, 3.70513, 3.70513, 3.70513, 3.70513, 3.70513, 3.70513, 3.70513, 3.70513, 3.70513, 3.70513, 3.70513, 3.70513, 3.70811, 3.70513
11.8646, 2.14436, 4.08298, 3.69859, 2.03577, -1.93861, 0, 4.08019, 3.69859, 3.69859, 3.69859, 3.69859, 3.69859, 3.69859, 3.69859, 3.69859, 3.69859, 3.69859, 3.69859, 3.69859, 3.69859, 3.69859, 3.69859, 3.69859, 3.6986, 3.69859, 3.69859, 3.70138, 3.69859
11.8724, 2.99765, 4.09597, 3.6979, 2.23554, -1.09832, 0, 4.09338, 3.6979, 3.6979, 3.6979, 3.6979, 3.6979, 3.6979, 3.6979, 3.6979, 3.6979, 3.6979, 3.6979, 3.6979, 3.6979, 3.6979, 3.6979, 3.6979, 3.6979, 3.6979, 3.6979, 3.70048, 3.6979
11.8803, 2.99742, 4.10407, 3.69465, 2.23549, -1.10666, 0, 4.10169, 3.69465, 3.69465, 3.69465, 3.69465, 3.69465, 3.69465, 3.69465, 3.69465, 3.69465, 3.69465, 3.69465, 3.69465, 3.69465, 3.69465, 3.69465, 3.69465, 3.69466, 3.69465, 3.69465, 3.69703, 3.69465
11.8882, 3.68486, 4.10723, 3.68902, 2.38429, -0.422365, 0, 4.10504, 3.68902, 3.68902, 3.68902, 3.68902, 3.68902, 3.68902, 3.68902, 3.68902, 3.68902, 3.68902, 3.68902, 3.68902, 3.68902, 3.68902, 3.68902, 3.68902, 3.68902, 3.68902, 3.68902, 3.6912, 3.68902
11.8961, 7.99294, 4.10645, 3.68219, 3.16116, 3.88648, 0, 4.10446, 3.68219, 3.68219, 3.68219, 3.68219, 3.68219, 3.68219, 3.68219, 3.68219, 3.68219, 3.68219, 3.68219, 3.68219, 3.68219, 3.68219, 3.68219, 3.68219, 3.68219, 3.68219, 3.68219, 3.68418, 3.68219
11.9039, 4.15378, 4.10283, 3.67537, 2.48068, 0.0509515, 0, 4.10102, 3.67537, 3.67537, 3.67537, 3.67537, 3.67537, 3.67537, 3.67537, 3.67537, 3.67537, 3.67537, 3.67537, 3.67537, 3.67537, 3.67537, 3.67537, 3.67537, 3.67537, 3.67537, 3.67537, 3.67718, 3.67537
11.9118, 6.99529, 4.10303, 3.6753, 2.99922, 2.89226, 0, 4.10139, 3.6753, 3.6753, 3.6753, 3.6753, 3.6753, 3.6753, 3.6753, 3.6753, 3.6753, 3.6753, 3.6753, 3.6753, 3.6753, 3.6753, 3.6753, 3.6753, 3.6753, 3.6753, 3.6753, 3.67694, 3.6753
11.9197, 4.66344, 4.09736, 3.67229, 2.58136, 0.56608, 0, 4.09587, 3.67229, 3.67229, 3.67229, 3.67229, 3.67229, 3.67229, 3.67229, 3.67229, 3.67229, 3.67229, 3.67229, 3.67229, 3.67229, 3.67229, 3.67229, 3.67229, 3.67229, 3.67229, 3.67229, 3.67378, 3.67229
11.9275, 6.15818, 4.08606, 3.66651, 2.85625, 2.07212, 0, 4.08469, 3.66651, 3.66651, 3.66651, 3.66651, 3.66651, 3.66651, 3.66651, 3.66651, 3.66651, 3.66651, 3.66651, 3.66651, 3.66651, 3.66651, 3.66651, 3.66651, 3.66651, 3.66651, 3.66651, 3.66789, 3.66651
11.9354, 7.99287, 4.07063, 3.65936, 3.16115, 3.92224, 0, 4.06935, 3.65936, 3.65936, 3.65936, 3.65936, 3.65936, 3.65936, 3.65936, 3.65936, 3.65936, 3.65936, 3.65936, 3.65936, 3.65936, 3.65936, 3.65936, 3.65936, 3.65936, 3.65936, 3.65936, 3.66064, 3.65936
11.9433, 1.51264, 4.05264, 3.65221, 1.8742, -2.54, 0, 4.05141, 3.65221, 3.65221, 3.65221, 3.65221, 3.65221, 3.65221, 3.65221, 3.65221, 3.65221, 3.65221, 3.65221, 3.65221, 3.65221, 3.65221, 3.65221, 3.65221, 3.65221, 3.65221, 3.65221, 3.65344, 3.65221
11.9511, 2.47286, 4.04014, 3.65293, 2.11491, -1.56728, 0, 4.03893, 3.65293, 3.65293, 3.65293, 3.65293, 3.65293, 3.65293, 3.65293, 3.65293, 3.65293, 3.65293, 3.65293, 3.65293, 3.65293, 3.65293, 3.65293, 3.65293, 3.65293, 3.65293, 3.65293, 3.65414, 3.65293
11.959, 4.171, 4.02212, 3.65019, 2.48415, 0.148888, 0, 4.02087, 3.65019, 3.65019, 3.65019, 3.65019, 3.65019, 3.65019, 3.65019, 3.65019, 3.65019, 3.65019, 3.65019, 3.65019, 3.65019, 3.65019, 3.65019, 3.65019, 3.6502, 3.65019, 3.65019, 3.65144, 3.65019
11.9669, 6.45403, 3.99909, 3.64424, 2.90758, 2.45494, 0, 3.99774, 3.64424, 3.64424, 3.64424, 3.64424, 3.64424, 3.64424, 3.64424, 3.64424, 3.64424, 3.64424, 3.64424, 3.64424, 3.64424, 3.64424, 3.64424, 3.64424, 3.64424, 3.64424, 3.64424, 3.64559, 3.64424
11.9748, 2.90211, 3.97301, 3.63668, 2.21407, -1.0709, 0, 3.97148, 3.63668, 3.63668, 3.63668, 3.63668, 3.63668, 3.63668, 3.63668, 3.63668, 3.63668, 3.63668, 3.63668, 3.63668, 3.63668, 3.63668, 3.63668, 3.63668, 3.63668, 3.63668, 3.63668, 3.63821, 3.63668
11.9826, 1.62974, 3.94584, 3.62913, 1.90519, -2.3161, 0, 3.94404, 3.62913, 3.62913, 3.62913, 3.62913, 3.62913, 3.62913, 3.62913, 3.62913, 3.62913, 3.62913, 3.62913, 3.62913, 3.62913, 3.62913, 3.62913, 3.62913, 3.62913, 3.62913, 3.62913, 3.63093, 3.62913
11.9905, 6.18255, 3.92828, 3.63193, 2.86052, 2.25427, 0, 3.92609, 3.63193, 3.63193, 3.63193, 3.63193, 3.63193, 3.63193, 3.63193, 3.63193, 3.63193, 3.63193, 3.63193, 3.63193, 3.63193, 3.63193, 3.63193, 3.63193, 3.63194, 3.63193, 3.63193, 3.63412, 3.63193
11.9984, 2.80729, 3.90644, 3.63083, 2.19255, -1.09916, 0, 3.90372, 3.63083, 3.63083, 3.63083, 3.63083, 3.63083, 3.63083, 3.63083, 3.63083, 3.63083, 3.63083, 3.63083, 3.63083, 3.63083, 3.63083, 3.63083, 3.63083, 3.63084, 3.63083, 3.63083, 3.63356, 3.63083
12.0062, 2.38042, 3.88095, 3.62611, 2.09295, -1.50053, 0, 3.87752, 3.62611, 3.62611, 3.62611, 3.62611, 3.62611, 3.62611, 3.62611, 3.62611, 3.62611, 3.62611, 3.62611, 3.62611, 3.62611, 3.62611, 3.62611, 3.62611, 3.62611, 3.62611, 3.62611, 3.62955, 3.62611
12.0141, 4.61016, 3.85397, 3.61959, 2.57102, 0.756194, 0, 3.84961, 3.61959, 3.61959, 3.61959, 3.61959, 3.61959, 3.61959, 3.61959, 3.61959, 3.61959, 3.61959, 3.61959, 3.61959, 3.61959, 3.61959, 3.61959, 3.61959, 3.61959, 3.61959, 3.61959, 3.62394, 3.61959
12.022, 4.79765, 3.82761, 3.61306, 2.60723, 0.970032, 0, 3.82208, 3.61306, 3.61306, 3.61306, 3.61306, 3.61306, 3.61306, 3.61306, 3.61306, 3.61306, 3.61306, 3.61306, 3.61306, 3.61306, 3.61306, 3.61306, 3.61306, 3.61307, 3.61306, 3.61306, 3.61859, 3.61306
12.0299, 9.39442, 3.81162, 3.61598, 3.37556, 5.58281, 0, 3.80461, 3.61598, 3.61598, 3.61598, 3.61598, 3.61598, 3.61598, 3.61598, 3.61598, 3.61598, 3.61598, 3.61598, 3.61598, 3.61598, 3.61598, 3.61598, 3.61598, 3.61598, 3.61598, 3.61598, 3.62299, 3.61598
12.0377, 7.99556, 3.79284, 3.61493, 3.16158, 4.20273, 0, 3.78398, 3.61493, 3.61493, 3.61493, 3.61493, 3.61493, 3.61493, 3.61493, 3.61493, 3.61493, 3.61493, 3.61493, 3.61493, 3.61493, 3.61493, 3.61493, 3.61493, 3.61493, 3.61493, 3.61493, 3.62378, 3.61493
12.0456, 8.38337, 3.77179, 3.61019, 3.22232, 4.61158, 0, 3.76066, 3.61019, 3.61019, 3.61019, 3.61019, 3.61019, 3.61019, 3.61019, 3.61019, 3.61019, 3.61019, 3.61019, 3.61019, 3.61019, 3.61019, 3.61019, 3.61019, 3.61019, 3.61019, 3.61019, 3.62131, 3.61019
12.0535, 5.19802, 3.75052, 3.60361, 2.68291, 1.4475, 0, 3.73662, 3.60361, 3.60361, 3.60361, 3.60361, 3.60361, 3.60361, 3.60361, 3.60361, 3.60361, 3.60361, 3.60361, 3.60361, 3.60361, 3.60361, 3.60361, 3.60361, 3.60361, 3.60361, 3.60361, 3.6175, 3.60361
12.0613, 7.78315, 3.73105, 3.59703, 3.1278, 4.0521, 0, 3.7138, 3.59703, 3.59703, 3.59703, 3.59703, 3.59703, 3.59703, 3.59703, 3.59703, 3.59703, 3.59703, 3.59703, 3.59703, 3.59703, 3.59703, 3.59703, 3.59703, 3.59703, 3.59703, 3.59703, 3.61427, 3.59703
12.0692, 8.77819, 3.72281, 3.59975, 3.28302, 5.05538, 0, 3.70156, 3.59975, 3.59975, 3.59975, 3.59975, 3.59975, 3.59975, 3.59975, 3.59975, 3.59975, 3.59975, 3.59975, 3.59975, 3.59975, 3.59975, 3.59975, 3.59975, 3.59975, 3.59975, 3.59975, 3.621, 3.59975
12.0771, 7.84535, 3.71253, 3.59837, 3.13773, 4.13283, 0, 3.68653, 3.59837, 3.59837, 3.59837, 3.59837, 3.59837, 3.59837, 3.59837, 3.59837, 3.59837, 3.59837, 3.59837, 3.59837, 3.59837, 3.59837, 3.59837, 3.59837, 3.59837, 3.59837, 3.59837, 3.62437, 3.59837
12.085, 4.34771, 3.70058, 3.59319, 2.51947, 0.647132, 0, 3.669, 3.59319, 3.59319, 3.59319, 3.59319, 3.59319, 3.59319, 3.59319, 3.59319, 3.59319, 3.59319, 3.59319, 3.59319, 3.59319, 3.59319, 3.59319, 3.59319, 3.59319, 3.59319, 3.59319, 3.62476, 3.59319
12.0928, 6.77162, 3.68893, 3.5861, 2.96169, 3.0827, 0, 3.65085, 3.5861, 3.5861, 3.5861, 3.5861, 3.5861, 3.5861, 3.5861, 3.5861, 3.5861, 3.5861, 3.5861, 3.5861, 3.5861, 3.5861, 3.5861, 3.5861, 3.5861, 3.5861, 3.5861, 3.62417, 3.5861
12.1007, 6.76634, 3.67952, 3.57902, 2.9608, 3.08682, 0, 3.63395, 3.57902, 3.57902, 3.57902, 3.57902, 3.57902, 3.57902, 3.57902, 3.57902, 3.57902, 3.57902, 3.57902, 3.57902, 3.57902, 3.57902, 3.57902, 3.57902, 3.57902, 3.57902, 3.57902, 3.62459, 3.57902
12.1086, 6.10454, 3.68247, 3.58206, 2.84685, 2.42208, 0, 3.62833, 3.58206, 3.58206, 3.58206, 3.58206, 3.58206, 3.58206, 3.58206, 3.58206, 3.58206, 3.58206, 3.58206, 3.58206, 3.58206, 3.58206, 3.58206, 3.58206, 3.58206, 3.58206, 3.58206, 3.6362, 3.58206
12.1164, 4.77138, 3.68335, 3.58079, 2.60219, 1.08802, 0, 3.6195, 3.58079, 3.58079, 3.58079, 3.58079, 3.58079, 3.58079, 3.58079, 3.58079, 3.58079, 3.58079, 3.58079, 3.58079, 3.58079, 3.58079, 3.58079, 3.58079, 3.58079, 3.58079, 3.58079, 3.64464, 3.58079
12.1243, 2.22392, 3.68245, 3.57554, 2.05522, -1.45853, 0, 3.6077, 3.57554, 3.57554, 3.57554, 3.57554, 3.57554, 3.57554, 3.57554, 3.57554, 3.57554, 3.57554, 3.57554, 3.57554, 3.57554, 3.57554, 3.57554, 3.57554, 3.57554, 3.57554, 3.57554, 3.65028, 3.57554
12.1322, 4.99752, 3.68169, 3.56829, 2.64528, 1.31583, 0, 3.59484, 3.56829, 3.56829, 3.56829, 3.56829, 3.56829, 3.56829, 3.56829, 3.56829, 3.56829, 3.56829, 3.56829, 3.56829, 3.56829, 3.56829, 3.56829, 3.56829, 3.56829, 3.56829, 3.56829, 3.65514, 3.56829
12.1401, 8.53073, 3.68299, 3.56106, 3.24511, 4.84775, 0, 3.58282, 3.56106, 3.56106, 3.56106, 3.56106, 3.56106, 3.56106, 3.56106, 3.56106, 3.56106, 3.56106, 3.56106, 3.56106, 3.56106, 3.56106, 3.56106, 3.56106, 3.56106, 3.56106, 3.56106, 3.66122, 3.56106
12.1479, 3.22856, 3.69591, 3.56352, 2.2866, -0.467351, 0, 3.58123, 3.56352, 3.56352, 3.56352, 3.56352, 3.56352, 3.56352, 3.56352, 3.56352, 3.56352, 3.56352, 3.56352, 3.56352, 3.56352, 3.56352, 3.56352, 3.56352, 3.56352, 3.56352, 3.56352, 3.6782, 3.56352
12.1558, 1.47181, 3.70632, 3.56168, 1.86328, -2.23451, 0, 3.576, 3.56168, 3.56168, 3.56168, 3.56168, 3.56168, 3.56168, 3.56168, 3.56168, 3.56168, 3.56168, 3.56168, 3.56168, 3.56168, 3.56168, 3.56168, 3.56168, 3.56168, 3.56168, 3.56168, 3.692, 3.56168
12.1637, 4.03693, 3.71438, 3.55587, 2.45702, 0.322547, 0, 3.56737, 3.55587, 3.55587, 3.55587, 3.55587, 3.55587, 3.55587, 3.55587, 3.55587, 3.55587, 3.55587, 3.55587, 3.55587, 3.55587, 3.55587, 3.55587, 3.55587, 3.55587, 3.55587, 3.55587, 3.70288, 3.55587
12.1715, 3.23371, 3.72187, 3.54808, 2.28773, -0.488162, 0, 3.55725, 3.54808, 3.54808, 3.54808, 3.54808, 3.54808, 3.54808, 3.54808, 3.54808, 3.54808, 3.54808, 3.54808, 3.54808, 3.54808, 3.54808, 3.54808, 3.54808, 3.54808, 3.54808, 3.54808, 3.71269, 3.54808
12.1794, 2.48377, 3.73054, 3.5403, 2.11749, -1.24678, 0, 3.54756, 3.5403, 3.5403, 3.5403, 3.5403, 3.5403, 3.5403, 3.5403, 3.5403, 3.5403, 3.5403, 3.5403, 3.5403, 3.5403, 3.5403, 3.5403, 3.5403, 3.5403, 3.5403, 3.5403, 3.72328, 3.5403
12.1873, 6.25378, 3.75036, 3.54275, 2.87294, 2.50342, 0, 3.54846, 3.54275, 3.54275, 3.54275, 3.54275, 3.54275, 3.54275, 3.54275, 3.54275, 3.54275, 3.54275, 3.54275, 3.54275, 3.54275, 3.54275, 3.54275, 3.54275, 3.54275, 3.54275, 3.54275, 3.74464, 3.54275
12.1952, 3.74151, 3.7665, 3.54089, 2.39615, -0.0249851, 0, 3.54535, 3.54089, 3.54089, 3.54089, 3.54089, 3.54089, 3.54089, 3.54089, 3.54089, 3.54089, 3.54089, 3.54089, 3.54089, 3.54089, 3.54089, 3.54089, 3.54089, 3.54089, 3.54089, 3.54089, 3.76203, 3.54089
12.203, 4.99752, 3.77901, 3.5351, 2.64528, 1.21851, 0, 3.53856, 3.5351, 3.5351, 3.5351, 3.5351, 3.5351, 3.5351, 3.5351, 3.5351, 3.5351, 3.5351, 3.5351, 3.5351, 3.5351, 3.5351, 3.5351, 3.5351, 3.5351, 3.5351, 3.5351, 3.77554, 3.5351
12.2109, 3.74257, 3.78955, 3.52734, 2.39637, -0.0469832, 0, 3.53001, 3.52734, 3.52734, 3.52734, 3.52734, 3.52734, 3.52734, 3.52734, 3.52734, 3.52734, 3.52734, 3.52734, 3.52734, 3.52734, 3.52734, 3.52734, 3.52734, 3.52734, 3.52734, 3.52734, 3.78688, 3.52734
12.2188, 5.2526, 3.79973, 3.5196, 2.69307, 1.45287, 0, 3.52164, 3.5196, 3.5196, 3.5196, 3.5196, 3.5196, 3.5196, 3.5196, 3.5196, 3.5196, 3.5196, 3.5196, 3.5196, 3.5196, 3.5196, 3.5196, 3.5196, 3.5196, 3.5196, 3.5196, 3.79769, 3.5196
12.2266, 5.47732, 3.81842, 3.52107, 2.73447, 1.6589, 0, 3.52262, 3.52107, 3.52107, 3.52107, 3.52107, 3.52107, 3.52107, 3.52107, 3.52107, 3.52107, 3.52107, 3.52107, 3.52107, 3.52107, 3.52107, 3.52107, 3.52107, 3.52107, 3.52107, 3.52107, 3.81687, 3.52107
12.2345, 3.7803, 3.83193, 3.5184, 2.40422, -0.05163, 0, 3.51958, 3.5184, 3.5184, 3.5184, 3.5184, 3.5184, 3.5184, 3.5184, 3.5184, 3.5184, 3.5184, 3.5184, 3.5184, 3.5184, 3.5184, 3.5184, 3.5184, 3.5184, 3.5184, 3.5184, 3.83075, 3.5184
12.2424, 3.20558, 3.84031, 3.51199, 2.28157, -0.634731, 0, 3.51287, 3.51199, 3.51199, 3.51199, 3.51199, 3.51199, 3.51199, 3.51199, 3.51199, 3.51199, 3.51199, 3.51199, 3.51199, 3.51199, 3.51199, 3.51199, 3.51199, 3.51199, 3.51199, 3.51199, 3.83942, 3.51199
12.2503, 3.52714, 3.84513, 3.50372, 2.35099, -0.31799, 0, 3.50438, 3.50372, 3.50372, 3.50372, 3.50372, 3.50372, 3.50372, 3.50372, 3.50372, 3.50372, 3.50372, 3.50372, 3.50372, 3.50372, 3.50372, 3.50372, 3.50372, 3.50372, 3.50372, 3.50372, 3.84447, 3.50372
12.2581, 2.72807, 3.84799, 3.49546, 2.17441, -1.11992, 0, 3.49594, 3.49546, 3.49546, 3.49546, 3.49546, 3.49546, 3.49546, 3.49546, 3.49546, 3.49546, 3.49546, 3.49546, 3.49546, 3.49546, 3.49546, 3.49546, 3.49546, 3.49546, 3.49546, 3.49546, 3.8475, 3.49546
12.266, 4.99498, 3.85789, 3.49645, 2.6448, 1.13709, 0, 3.49681, 3.49645, 3.49645, 3.49645, 3.49645, 3.49645, 3.49645, 3.49645, 3.49645, 3.49645, 3.49645, 3.49645, 3.49645, 3.49645, 3.49645, 3.49645, 3.49645, 3.49645, 3.49645, 3.49645, 3.85753, 3.49645
12.2739, 5.26964, 3.86159, 3.49366, 2.69623, 1.40805, 0, 3.49392, 3.49366, 3.49366, 3.49366, 3.49366, 3.49366, 3.49366, 3.49366, 3.49366, 3.49366, 3.49366, 3.49366, 3.49366, 3.49366, 3.49366, 3.49366, 3.49366, 3.49366, 3.49366, 3.49366, 3.86133, 3.49366
12.2817, 3.72094, 3.85926, 3.48739, 2.39185, -0.13832, 0, 3.48758, 3.48739, 3.48739, 3.48739, 3.48739, 3.48739, 3.48739, 3.48739, 3.48739, 3.48739, 3.48739, 3.48739, 3.48739, 3.48739, 3.48739, 3.48739, 3.48739, 3.48739, 3.48739, 3.48739, 3.85907, 3.48739
12.2896, 8.15713, 3.85256, 3.47939, 3.18702, 4.30456, 0, 3.47953, 3.47939, 3.47939, 3.47939, 3.47939, 3.47939, 3.47939, 3.47939, 3.47939, 3.47939, 3.47939, 3.47939, 3.47939, 3.47939, 3.47939, 3.47939, 3.47939, 3.47939, 3.47939, 3.47939, 3.85242, 3.47939
12.2975, 5.55118, 3.84319, 3.4714, 2.74794, 1.70798, 0, 3.4715, 3.4714, 3.4714, 3.4714, 3.4714, 3.4714, 3.4714, 3.4714, 3.4714, 3.4714, 3.4714, 3.4714, 3.4714, 3.4714, 3.4714, 3.4714, 3.4714, 3.4714, 3.4714, 3.4714, 3.84309, 3.4714
12.3054, 4.27732, 3.83865, 3.47088, 2.50546, 0.438674, 0, 3.47095, 3.47088, 3.47088, 3.47088, 3.47088, 3.47088, 3.47088, 3.47088, 3.47088, 3.47088, 3.47088, 3.47088, 3.47088, 3.47088, 3.47088, 3.47088, 3.47088, 3.47088, 3.47088, 3.47088, 3.83858, 3.47088
12.3132, 3.28154, 3.82823, 3.46704, 2.29816, -0.546691, 0, 3.46709, 3.46704, 3.46704, 3.46704, 3.46704, 3.46704, 3.46704, 3.46704, 3.46704, 3.46704, 3.46704, 3.46704, 3.46704, 3.46704, 3.46704, 3.46704, 3.46704, 3.46704, 3.46704, 3.46704, 3.82818, 3.46704
12.3211, 7.41931, 3.81237, 3.46017, 3.06909, 3.60695, 0, 3.46021, 3.46017, 3.46017, 3.46017, 3.46017, 3.46017, 3.46017, 3.46017, 3.46017, 3.46017, 3.46017, 3.46017, 3.46017, 3.46017, 3.46017, 3.46017, 3.46017, 3.46018, 3.46017, 3.46017, 3.81233, 3.46017
12.329, 0.867179, 3.79277, 3.45181, 1.69327, -2.92559, 0, 3.45183, 3.45181, 3.45181, 3.45181, 3.45181, 3.45181, 3.45181, 3.45181, 3.45181, 3.45181, 3.45181, 3.45181, 3.45181, 3.45181, 3.45181, 3.45181, 3.45181, 3.45181, 3.45181, 3.45181, 3.79275, 3.45181
12.3368, 5.11859, 3.77119, 3.44345, 2.66807, 1.34739, 0, 3.44347, 3.44345, 3.44345, 3.44345, 3.44345, 3.44345, 3.44345, 3.44345, 3.44345, 3.44345, 3.44345, 3.44345, 3.44345, 3.44345, 3.44345, 3.44345, 3.44345, 3.44345, 3.44345, 3.44345, 3.77117, 3.44345
12.3447, 3.99294, 3.75493, 3.44214, 2.44805, 0.238006, 0, 3.44215, 3.44214, 3.44214, 3.44214, 3.44214, 3.44214, 3.44214, 3.44214, 3.44214, 3.44214, 3.44214, 3.44214, 3.44214, 3.44214, 3.44214, 3.44214, 3.44214, 3.44214, 3.44214, 3.44214, 3.75492, 3.44214
12.3526, 6.29145, 3.73448, 3.43808, 2.87949, 2.55697, 0, 3.43809, 3.43808, 3.43808, 3.43808, 3.43808, 3.43808, 3.43808, 3.43808, 3.43808, 3.43808, 3.43808, 3.43808, 3.43808, 3.43808, 3.43808, 3.43808, 3.43808, 3.43808, 3.43808, 3.43808, 3.73447, 3.43808
12.3605, 3.69405, 3.71033, 3.43144, 2.38622, -0.0162759, 0, 3.43145, 3.43144, 3.43144, 3.43144, 3.43144, 3.43144, 3.43144, 3.43144, 3.43144, 3.43144, 3.43144, 3.43144, 3.43144, 3.43144, 3.43144, 3.43144, 3.43144, 3.43144, 3.43144, 3.43144, 3.71032, 3.43144
12.3683, 4.99268, 3.68408, 3.42352, 2.64437, 1.3086, 0, 3.42353, 3.42352, 3.42352, 3.42352, 3.42352, 3.42352, 3.42352, 3.42352, 3.42352, 3.42352, 3.42352, 3.42352, 3.42352, 3.42352, 3.42352, 3.42352, 3.42352, 3.42352, 3.42352, 3.42352, 3.68407, 3.42352
12.3762, 3.99282, 3.65735, 3.41561, 2.44802, 0.335477, 0, 3.41562, 3.41561, 3.41561, 3.41561, 3.41561, 3.41561, 3.41561, 3.41561, 3.41561, 3.41561, 3.41561, 3.41561, 3.41561, 3.41561, 3.41561, 3.41561, 3.41561, 3.41562, 3.41561, 3.41561, 3.65734, 3.41561
12.3841, 9.37596, 3.63519, 3.41248, 3.37283, 5.74077, 0, 3.41248, 3.41248, 3.41248, 3.41248, 3.41248, 3.41248, 3.41248, 3.41248, 3.41248, 3.41248, 3.41248, 3.41248, 3.41248, 3.41248, 3.41248, 3.41248, 3.41248, 3.41248, 3.41248, 3.41248, 3.63518, 3.41248
12.3919, 2.9202, 3.61103, 3.40724, 2.21815, -0.690835, 0, 3.40725, 3.40724, 3.40724, 3.40724, 3.40724, 3.40724, 3.40724, 3.40724, 3.40724, 3.40724, 3.40724, 3.40724, 3.40724, 3.40724, 3.40724, 3.40724, 3.40724, 3.40725, 3.40724, 3.40724, 3.61103, 3.40724
12.3998, 3.3083, 3.58527, 3.40003, 2.30398, -0.276963, 0, 3.40003, 3.40003, 3.40003, 3.40003, 3.40003, 3.40003, 3.40003, 3.40003, 3.40003, 3.40003, 3.40003, 3.40003, 3.40003, 3.40003, 3.40003, 3.40003, 3.40003, 3.40003, 3.40003, 3.40003, 3.58526, 3.40003
12.4077, 4.99752, 3.55913, 3.39183, 2.64528, 1.43839, 0, 3.39183, 3.39183, 3.39183, 3.39183, 3.39183, 3.39183, 3.39183, 3.39183, 3.39183, 3.39183, 3.39183, 3.39183, 3.39183, 3.39183, 3.39183, 3.39183, 3.39183, 3.39183, 3.39183, 3.39183, 3.55912, 3.39183
12.4156, 3.72627, 3.53383, 3.38364, 2.39296, 0.192438, 0, 3.38365, 3.38364, 3.38364, 3.38364, 3.38364, 3.38364, 3.38364, 3.38364, 3.38364, 3.38364, 3.38364, 3.38364, 3.38364, 3.38364, 3.38364, 3.38364, 3.38364, 3.38365, 3.38364, 3.38364, 3.53383, 3.38364
12.4234, 3.62862, 3.51315, 3.37903, 2.37247, 0.115479, 0, 3.37903, 3.37903, 3.37903, 3.37903, 3.37903, 3.37903, 3.37903, 3.37903, 3.37903, 3.37903, 3.37903, 3.37903, 3.37903, 3.37903, 3.37903, 3.37903, 3.37903, 3.37903, 3.37903, 3.37903, 3.51314, 3.37903
12.4313, 4.63783, 3.49251, 3.37326, 2.5764, 1.14532, 0, 3.37326, 3.37326, 3.37326, 3.37326, 3.37326, 3.37326, 3.37326, 3.37326, 3.37326, 3.37326, 3.37326, 3.37326, 3.37326, 3.37326, 3.37326, 3.37326, 3.37326, 3.37326, 3.37326, 3.37326, 3.49251, 3.37326
12.4392, 2.67245, 3.47221, 3.36646, 2.16159, -0.799756, 0, 3.36646, 3.36646, 3.36646, 3.36646, 3.36646, 3.36646, 3.36646, 3.36646, 3.36646, 3.36646, 3.36646, 3.36646, 3.36646, 3.36646, 3.36646, 3.36646, 3.36646, 3.36646, 3.36646, 3.36646, 3.4722, 3.36646
12.447, 4.65031, 3.4529, 3.35914, 2.57882, 1.19741, 0, 3.35914, 3.35914, 3.35914, 3.35914, 3.35914, 3.35914, 3.35914, 3.35914, 3.35914, 3.35914, 3.35914, 3.35914, 3.35914, 3.35914, 3.35914, 3.35914, 3.35914, 3.35914, 3.35914, 3.35914, 3.45289, 3.35914
12.4549, 3.34002, 3.43525, 3.35182, 2.31085, -0.0952222, 0, 3.35182, 3.35182, 3.35182, 3.35182, 3.35182, 3.35182, 3.35182, 3.35182, 3.35182, 3.35182, 3.35182, 3.35182, 3.35182, 3.35182, 3.35182, 3.35182, 3.35182, 3.35182, 3.35182, 3.35182, 3.43524, 3.35182
12.4628, 3.66332, 3.41941, 3.34452, 2.37977, 0.243912, 0, 3.34452, 3.34452, 3.34452, 3.34452, 3.34452, 3.34452, 3.34452, 3.34452, 3.34452, 3.34452, 3.34452, 3.34452, 3.34452, 3.34452, 3.34452, 3.34452, 3.34452, 3.34452, 3.34452, 3.34452, 3.41941, 3.34452
12.4707, 2.66196, 3.40555, 3.33722, 2.15916, -0.743597, 0, 3.33722, 3.33722, 3.33722, 3.33722, 3.33722, 3.33722, 3.33722, 3.33722, 3.33722, 3.33722, 3.33722, 3.33722, 3.33722, 3.33722, 3.33722, 3.33722, 3.33722, 3.33722, 3.33722, 3.33722, 3.40555, 3.33722
12.4785, 4.99744, 3.39388, 3.32993, 2.64527, 1.60356, 0, 3.32994, 3.32993, 3.32993, 3.32993, 3.32993, 3.32993, 3.32993, 3.32993, 3.32993, 3.32993, 3.32993, 3.32993, 3.32993, 3.32993, 3.32993, 3.32993, 3.32993, 3.32994, 3.32993, 3.32993, 3.39388, 3.32993
12.4864, 6.97914, 3.38392, 3.32193, 2.99652, 3.59522, 0, 3.32193, 3.32193, 3.32193, 3.32193, 3.32193, 3.32193, 3.32193, 3.32193, 3.32193, 3.32193, 3.32193, 3.32193, 3.32193, 3.32193, 3.32193, 3.32193, 3.32193, 3.32193, 3.32193, 3.32193, 3.38392, 3.32193
12.4943, 2.6741, 3.37598, 3.31321, 2.16197, -0.70188, 0, 3.31322, 3.31321, 3.31321, 3.31321, 3.31321, 3.31321, 3.31321, 3.31321, 3.31321, 3.31321, 3.31321, 3.31321, 3.31321, 3.31321, 3.31321, 3.31321, 3.31321, 3.31322, 3.31321, 3.31321, 3.37598, 3.31321
12.5021, 5.65056, 3.37057, 3.30391, 2.76596, 2.27998, 0, 3.30391, 3.30391, 3.30391, 3.30391, 3.30391, 3.30391, 3.30391, 3.30391, 3.30391, 3.30391, 3.30391, 3.30391, 3.30391, 3.30391, 3.30391, 3.30391, 3.30391, 3.30391, 3.30391, 3.30391, 3.37057, 3.30391
12.51, 3.68674, 3.36837, 3.29421, 2.38469, 0.318376, 0, 3.29421, 3.29421, 3.29421, 3.29421, 3.29421, 3.29421, 3.29421, 3.29421, 3.29421, 3.29421, 3.29421, 3.29421, 3.29421, 3.29421, 3.29421, 3.29421, 3.29421, 3.29421, 3.29421, 3.29421, 3.36836, 3.29421
12.5179, 6.60074, 3.37009, 3.28425, 2.9327, 3.23065, 0, 3.28425, 3.28425, 3.28425, 3.28425, 3.28425, 3.28425, 3.28425, 3.28425, 3.28425, 3.28425, 3.28425, 3.28425, 3.28425, 3.28425, 3.28425, 3.28425, 3.28425, 3.28425, 3.28425, 3.28425, 3.37009, 3.28425
12.5258, 3.04263, 3.37658, 3.27414, 2.24558, -0.333957, 0, 3.27414, 3.27414, 3.27414, 3.27414, 3.27414, 3.27414, 3.27414, 3.27414, 3.27414, 3.27414, 3.27414, 3.27414, 3.27414, 3.27414, 3.27414, 3.27414, 3.27414, 3.27414, 3.27414, 3.27414, 3.37658, 3.27414
12.5336, 3.99554, 3.38872, 3.26391, 2.44858, 0.606823, 0, 3.26391, 3.26391, 3.26391, 3.26391, 3.26391, 3.26391, 3.26391, 3.26391, 3.26391, 3.26391, 3.26391, 3.26391, 3.26391, 3.26391, 3.26391, 3.26391, 3.26391, 3.26391, 3.26391, 3.26391, 3.38871, 3.26391
12.5415, 7.21258, 3.40754, 3.25361, 3.03522, 3.80504, 0, 3.25361, 3.25361, 3.25361, 3.25361, 3.25361, 3.25361, 3.25361, 3.25361, 3.25361, 3.25361, 3.25361, 3.25361, 3.25361, 3.25361, 3.25361, 3.25361, 3.25361, 3.25361, 3.25361, 3.25361, 3.40754, 3.25361
12.5494, 6.13625, 3.43424, 3.24326, 2.85241, 2.702, 0, 3.24326, 3.24326, 3.24326, 3.24326, 3.24326, 3.24326, 3.24326, 3.24326, 3.24326, 3.24326, 3.24326, 3.24326, 3.24326, 3.24326, 3.24326, 3.24326, 3.24326, 3.24326, 3.24326, 3.24326, 3.43424, 3.24326
12.5572, 2.99777, 3.46971, 3.23242, 2.23557, -0.47194, 0, 3.23242, 3.23242, 3.23242, 3.23242, 3.23242, 3.23242, 3.23242, 3.23242, 3.23242, 3.23242, 3.23242, 3.23242, 3.23242, 3.23242, 3.23242, 3.23242, 3.23242, 3.23242, 3.23242, 3.23242, 3.46971, 3.23242
12.5651, 1.63383, 3.51543, 3.2211, 1.90626, -1.8816, 0, 3.22111, 3.2211, 3.2211, 3.2211, 3.2211, 3.2211, 3.2211, 3.2211, 3.2211, 3.2211, 3.2211, 3.2211, 3.2211, 3.2211, 3.2211, 3.2211, 3.2211, 3.22111, 3.2211, 3.2211, 3.51542, 3.2211
12.573, 3.72739, 3.57313, 3.20943, 2.3932, 0.154255, 0, 3.20943, 3.20943, 3.20943, 3.20943, 3.20943, 3.20943, 3.20943, 3.20943, 3.20943, 3.20943, 3.20943, 3.20943, 3.20943, 3.20943, 3.20943, 3.20943, 3.20943, 3.20943, 3.20943, 3.20943, 3.57313, 3.20943
12.5809, 4.52639, 3.64469, 3.19751, 2.55468, 0.8817, 0, 3.19751, 3.19751, 3.19751, 3.19751, 3.19751, 3.19751, 3.19751, 3.19751, 3.19751, 3.19751, 3.19751, 3.19751, 3.19751, 3.19751, 3.19751, 3.19751, 3.19751, 3.19751, 3.19751, 3.19751, 3.64469, 3.19751
12.5887, 2.47361, 3.73212, 3.18548, 2.11509, -1.25851, 0, 3.18548, 3.18548, 3.18548, 3.18548, 3.18548, 3.18548, 3.18548, 3.18548, 3.18548, 3.18548, 3.18548, 3.18548, 3.18548, 3.18548, 3.18548, 3.18548, 3.18548, 3.18548, 3.18548, 3.18548, 3.73211, 3.18548
12.5966, 2.87993, 3.83741, 3.17347, 2.20906, -0.957489, 0, 3.17347, 3.17347, 3.17347, 3.17347, 3.17347, 3.17347, 3.17347, 3.17347, 3.17347, 3.17347, 3.17347, 3.17347, 3.17347, 3.17347, 3.17347, 3.17347, 3.17347, 3.17347, 3.17347, 3.17347, 3.83741, 3.17347
12.6045, 7.99294, 3.96229, 3.16125, 3.16116, 4.03065, 0, 3.16126, 3.16125, 3.16125, 3.16125, 3.16125, 3.16125, 3.16125, 3.16125, 3.16125, 3.16125, 3.16125, 3.16125, 3.16125, 3.16125, 3.16125, 3.16125, 3.16125, 3.16126, 3.16125, 3.16125, 3.96229, 3.16125
12.6123, 6.37076, 4.10854, 3.14875, 2.89323, 2.26222, 0, 3.14875, 3.14875, 3.14875, 3.14875, 3.14875, 3.14875, 3.14875, 3.14875, 3.14875, 3.14875, 3.14875, 3.14875, 3.14875, 3.14875, 3.14875, 3.14875, 3.14875, 3.14875, 3.14875, 3.14875, 4.10854, 3.14875
12.6202, 7.99529, 4.27802, 3.13603, 3.16153, 3.71728, 0, 3.13603, 3.13603, 3.13603, 3.13603, 3.13603, 3.13603, 3.13603, 3.13603, 3.13603, 3.13603, 3.13603, 3.13603, 3.13603, 3.13603, 3.13603, 3.13603, 3.13603, 3.13603, 3.13603, 3.13603, 4.27801, 3.13603
12.6281, 7.84659, 4.47232, 3.12322, 3.13793, 3.37427, 0, 3.12322, 3.12322, 3.12322, 3.12322, 3.12322, 3.12322, 3.12322, 3.12322, 3.12322, 3.12322, 3.12322, 3.12322, 3.12322, 3.12322, 3.12322, 3.12322, 3.12322, 3.12323, 3.12322, 3.12322, 4.47231, 3.12322
12.636, 6.75836, 4.69294, 3.11044, 2.95945, 2.06543, 0, 3.11044, 3.11044, 3.11044, 3.11044, 3.11044, 3.11044, 3.11044, 3.11044, 3.11044, 3.11044, 3.11044, 3.11044, 3.11044, 3.11044, 3.11044, 3.11044, 3.11044, 3.11044, 3.11044, 3.11044, 4.69293, 3.11044
12.6438, 6.99294, 4.94131, 3.09831, 2.99882, 2.05162, 0, 3.09832, 3.09831, 3.09831, 3.09831, 3.09831, 3.09831, 3.09831, 3.09831, 3.09831, 3.09831, 3.09831, 3.09831, 3.09831, 3.09831, 3.09831, 3.09831, 3.09831, 3.09832, 3.09831, 3.09831, 4.94131, 3.09831
12.6517, 3.60255, 5.21695, 3.0859, 2.36697, -1.6144, 0, 3.08591, 3.0859, 3.0859, 3.0859, 3.0859, 3.0859, 3.0859, 3.0859, 3.0859, 3.0859, 3.0859, 3.0859, 3.0859, 3.0859, 3.0859, 3.0859, 3.0859, 3.08591, 3.0859, 3.0859, 5.21694, 3.0859
12.6596, 4.98989, 5.51981, 3.07332, 2.64384, -0.529921, 0, 3.07332, 3.07332, 3.07332, 3.07332, 3.07332, 3.07332, 3.07332, 3.07332, 3.07332, 3.07332, 3.07332, 3.07332, 3.07332, 3.07332, 3.07332, 3.07332, 3.07332, 3.07332, 3.07332, 3.07332, 5.51981, 3.07332
12.6674, 9.99058, 5.84928, 3.06067, 3.46274, 4.14131, 0, 3.06067, 3.06067, 3.06067, 3.06067, 3.06067, 3.06067, 3.06067, 3.06067, 3.06067, 3.06067, 3.06067, 3.06067, 3.06067, 3.06067, 3.06067, 3.06067, 3.06067, 3.06067, 3.06067, 3.06067, 5.84927, 3.06067
12.6753, 9.38798, 6.2038, 3.04804, 3.37461, 3.18418, 0, 3.04805, 3.04804, 3.04804, 3.04804, 3.04804, 3.04804, 3.04804, 3.04804, 3.04804, 3.04804, 3.04804, 3.04804, 3.04804, 3.04804, 3.04804, 3.04804, 3.04804, 3.04805, 3.04804, 3.04804, 6.2038, 3.04804
12.6832, 4.39244, 6.58097, 3.03509, 2.52833, -2.18853, 0, 3.03509, 3.03509, 3.03509, 3.03509, 3.03509, 3.03509, 3.03509, 3.03509, 3.03509, 3.03509, 3.03509, 3.03509, 3.03509, 3.03509, 3.03509, 3.03509, 3.03509, 3.03509, 3.03509, 3.03509, 6.58096, 3.03509
12.691, 5.39752, 6.97773, 3.02197, 2.71984, -1.58021, 0, 3.02197, 3.02197, 3.02197, 3.02197, 3.02197, 3.02197, 3.02197, 3.02197, 3.02197, 3.02197, 3.02197, 3.02197, 3.02197, 3.02197, 3.02197, 3.02197, 3.02197, 3.02197, 3.02197, 3.02197, 6.97773, 3.02197
12.6989, 4.7836, 7.3905, 3.00887, 2.60453, -2.6069, 0, 3.00887, 3.00887, 3.00887, 3.00887, 3.00887, 3.00887, 3.00887, 3.00887, 3.00887, 3.00887, 3.00887, 3.00887, 3.00887, 3.00887, 3.00887, 3.00887, 3.00887, 3.00887, 3.00887, 3.00887, 7.39049, 3.00887
12.7068, 9.17551, 7.8147, 2.99587, 3.34298, 1.36081, 0, 2.99588, 2.99587, 2.99587, 2.99587, 2.99587, 2.99587, 2.99587, 2.99587, 2.99587, 2.99587, 2.99587, 2.99587, 2.99587, 2.99587, 2.99587, 2.99587, 2.99587, 2.99588, 2.99587, 2.99587, 7.8147, 2.99587
12.7147, 10.396, 8.24485, 2.98277, 3.5208, 2.15118, 0, 2.98278, 2.98277, 2.98277, 2.98277, 2.98277, 2.98277, 2.98277, 2.98277, 2.98277, 2.98277, 2.98277, 2.98277, 2.98277, 2.98277, 2.98277, 2.98277, 2.98277, 2.98278, 2.98277, 2.98277, 8.24485, 2.98277
12.7225, 4.3995, 8.67488, 2.96957, 2.52972, -4.27537, 0, 2.96957, 2.96957, 2.96957, 2.96957, 2.96957, 2.96957, 2.96957, 2.96957, 2.96957, 2.96957, 2.96957, 2.96957, 2.96957, 2.96957, 2.96957, 2.96957, 2.96957, 2.96957, 2.96957, 2.96957, 8.67487, 2.96957
12.7304, 14.6751, 9.09841, 2.95633, 4.08351, 5.57669, 0, 2.95634, 2.95633, 2.95633, 2.95633, 2.95633, 2.95633, 2.95633, 2.95633, 2.95633, 2.95633, 2.95633, 2.95633, 2.95633, 2.95633, 2.95633, 2.95633, 2.95633, 2.95634, 2.95633, 2.95633, 9.0984, 2.95633
12.7383, 12.8895, 9.50866, 2.94313, 3.85869, 3.38081, 0, 2.94313, 2.94313, 2.94313, 2.94313, 2.94313, 2.94313, 2.94313, 2.94313, 2.94313, 2.94313, 2.94313, 2.94313, 2.94313, 2.94313, 2.94313, 2.94313, 2.94313, 2.94313, 2.94313, 2.94313, 9.50866, 2.94313
12.7461, 15.3113, 9.89865, 2.92996, 4.16068, 5.41262, 0, 2.92996, 2.92996, 2.92996, 2.92996, 2.92996, 2.92996, 2.92996, 2.92996, 2.92996, 2.92996, 2.92996, 2.92996, 2.92996, 2.92996, 2.92996, 2.92996, 2.92996, 2.92996, 2.92996, 2.92996, 9.89865, 2.92996
12.754, 10.0855, 10.261, 2.91665, 3.47642, -0.175532, 0, 2.91665, 2.91665, 2.91665, 2.91665, 2.91665, 2.91665, 2.91665, 2.91665, 2.91665, 2.91665, 2.91665, 2.91665, 2.91665, 2.91665, 2.91665, 2.91665, 2.91665, 2.91665, 2.91665, 2.91665, 10.261, 2.91665
12.7619, 10.9908, 10.5892, 2.90325, 3.60427, 0.401586, 0, 2.90325, 2.90325, 2.90325, 2.90325, 2.90325, 2.90325, 2.90325, 2.90325, 2.90325, 2.90325, 2.90325, 2.90325, 2.90325, 2.90325, 2.90325, 2.90325, 2.90325, 2.90325, 2.90325, 2.90325, 10.5892, 2.90325
12.7698, 7.56348, 10.8767, 2.88982, 3.09249, -3.31319, 0, 2.88982, 2.88982, 2.88982, 2.88982, 2.88982, 2.88982, 2.88982, 2.88982, 2.88982, 2.88982, 2.88982, 2.88982, 2.88982, 2.88982, 2.88982, 2.88982, 2.88982, 2.88982, 2.88982, 2.88982, 10.8767, 2.88982
12.7776, 16.4144, 11.1177, 2.87634, 4.2912, 5.29672, 0, 2.87635, 2.87634, 2.87634, 2.87634, 2.87634, 2.87634, 2.87634, 2.87634, 2.87634, 2.87634, 2.87634, 2.87634, 2.87634, 2.87634, 2.87634, 2.87634, 2.87634, 2.87635, 2.87634, 2.87634, 11.1177, 2.87634
12.7855, 11.5621, 11.3068, 2.86249, 3.68267, 0.255266, 0, 2.86249, 2.86249, 2.86249, 2.86249, 2.86249, 2.86249, 2.86249, 2.86249, 2.86249, 2.86249, 2.86249, 2.86249, 2.86249, 2.86249, 2.86249, 2.86249, 2.86249, 2.86249, 2.86249, 2.86249, 11.3068, 2.86249
12.7934, 14.1204, 11.4403, 2.84847, 4.01503, 2.68011, 0, 2.84847, 2.84847, 2.84847, 2.84847, 2.84847, 2.84847, 2.84847, 2.84847, 2.84847, 2.84847, 2.84847, 2.84847, 2.84847, 2.84847, 2.84847, 2.84847, 2.84847, 2.84847, 2.84847, 2.84847, 11.4403, 2.84847
12.8012, 11.1099, 11.5154, 2.83448, 3.62076, -0.405519, 0, 2.83448, 2.83448, 2.83448, 2.83448, 2.83448, 2.83448, 2.83448, 2.83448, 2.83448, 2.83448, 2.83448, 2.83448, 2.83448, 2.83448, 2.83448, 2.83448, 2.83448, 2.83448, 2.83448, 2.83448, 11.5154, 2.83448
12.8091, 17.4179, 11.5317, 2.8218, 4.40657, 5.88618, 0, 2.82181, 2.8218, 2.8218, 2.8218, 2.8218, 2.8218, 2.8218, 2.8218, 2.8218, 2.8218, 2.8218, 2.8218, 2.8218, 2.8218, 2.8218, 2.8218, 2.8218, 2.82181, 2.8218, 2.8218, 11.5317, 2.8218
12.817, 13.1846, 11.4868, 2.8087, 3.89675, 1.69782, 0, 2.8087, 2.8087, 2.8087, 2.8087, 2.8087, 2.8087, 2.8087, 2.8087, 2.8087, 2.8087, 2.8087, 2.8087, 2.8087, 2.8087, 2.8087, 2.8087, 2.8087, 2.8087, 2.8087, 2.8087, 11.4868, 2.8087
12.8249, 13.5492, 11.3813, 2.79479, 3.94325, 2.16792, 0, 2.79479, 2.79479, 2.79479, 2.79479, 2.79479, 2.79479, 2.79479, 2.79479, 2.79479, 2.79479, 2.79479, 2.79479, 2.79479, 2.79479, 2.79479, 2.79479, 2.79479, 2.79479, 2.79479, 2.79479, 11.3813, 2.79479
12.8327, 6.43668, 11.2175, 2.78051, 2.9046, -4.78081, 0, 2.78051, 2.78051, 2.78051, 2.78051, 2.78051, 2.78051, 2.78051, 2.78051, 2.78051, 2.78051, 2.78051, 2.78051, 2.78051, 2.78051, 2.78051, 2.78051, 2.78051, 2.78051, 2.78051, 2.78051, 11.2175, 2.78051
12.8406, 8.09641, 10.999, 2.76627, 3.17748, -2.90263, 0, 2.76627, 2.76627, 2.76627, 2.76627, 2.76627, 2.76627, 2.76627, 2.76627, 2.76627, 2.76627, 2.76627, 2.76627, 2.76627, 2.76627, 2.76627, 2.76627, 2.76627, 2.76627, 2.76627, 2.76627, 10.999, 2.76627
12.8485, 8.53779, 10.732, 2.75383, 3.2462, -2.19417, 0, 2.75383, 2.75383, 2.75383, 2.75383, 2.75383, 2.75383, 2.75383, 2.75383, 2.75383, 2.75383, 2.75383, 2.75383, 2.75383, 2.75383, 2.75383, 2.75383, 2.75383, 2.75383, 2.75383, 2.75383, 10.732, 2.75383
12.8563, 6.43866, 10.4188, 2.74063, 2.90494, -3.98016, 0, 2.74063, 2.74063, 2.74063, 2.74063, 2.74063, 2.74063, 2.74063, 2.74063, 2.74063, 2.74063, 2.74063, 2.74063, 2.74063, 2.74063, 2.74063, 2.74063, 2.74063, 2.74063, 2.74063, 2.74063, 10.4188, 2.74063
12.8642, 10.6213, 10.0651, 2.72624, 3.55264, 0.556202, 0, 2.72625, 2.72624, 2.72624, 2.72624, 2.72624, 2.72624, 2.72624, 2.72624, 2.72624, 2.72624, 2.72624, 2.72624, 2.72624, 2.72624, 2.72624, 2.72624, 2.72624, 2.72624, 2.72624, 2.72624, 10.0651, 2.72624
12.8721, 10.7272, 9.6777, 2.71128, 3.56752, 1.04948, 0, 2.71129, 2.71128, 2.71128, 2.71128, 2.71128, 2.71128, 2.71128, 2.71128, 2.71128, 2.71128, 2.71128, 2.71128, 2.71128, 2.71128, 2.71128, 2.71128, 2.71128, 2.71129, 2.71128, 2.71128, 9.6777, 2.71128
12.88, 6.07509, 9.26425, 2.69637, 2.84167, -3.18916, 0, 2.69638, 2.69637, 2.69637, 2.69637, 2.69637, 2.69637, 2.69637, 2.69637, 2.69637, 2.69637, 2.69637, 2.69637, 2.69637, 2.69637, 2.69637, 2.69637, 2.69637, 2.69637, 2.69637, 2.69637, 9.26424, 2.69637
12.8878, 8.99009, 8.83487, 2.68493, 3.31513, 0.155215, 0, 2.68494, 2.68493, 2.68493, 2.68493, 2.68493, 2.68493, 2.68493, 2.68493, 2.68493, 2.68493, 2.68493, 2.68493, 2.68493, 2.68493, 2.68493, 2.68493, 2.68493, 2.68494, 2.68493, 2.68493, 8.83486, 2.68493
12.8957, 6.99058, 8.39181, 2.67221, 2.99843, -1.40123, 0, 2.67223, 2.67221, 2.67221, 2.67221, 2.67221, 2.67221, 2.67221, 2.67221, 2.67221, 2.67221, 2.67221, 2.67221, 2.67221, 2.67221, 2.67221, 2.67221, 2.67221, 2.67221, 2.67221, 2.67221, 8.39179, 2.67221
12.9036, 7.92515, 7.94123, 2.6578, 3.15042, -0.0160799, 0, 2.65782, 2.6578, 2.6578, 2.6578, 2.6578, 2.6578, 2.6578, 2.6578, 2.6578, 2.6578, 2.6578, 2.6578, 2.6578, 2.6578, 2.6578, 2.6578, 2.6578, 2.6578, 2.6578, 2.6578, 7.94121, 2.6578
12.9114, 4.11559, 7.49026, 2.64256, 2.47297, -3.37467, 0, 2.64259, 2.64256, 2.64256, 2.64256, 2.64256, 2.64256, 2.64256, 2.64256, 2.64256, 2.64256, 2.64256, 2.64256, 2.64256, 2.64256, 2.64256, 2.64256, 2.64256, 2.64256, 2.64256, 2.64256, 7.49023, 2.64256
12.9193, 9.93001, 7.04542, 2.62736, 3.45398, 2.88459, 0, 2.6274, 2.62736, 2.62736, 2.62736, 2.62736, 2.62736, 2.62736, 2.62736, 2.62736, 2.62736, 2.62736, 2.62736, 2.62736, 2.62736, 2.62736, 2.62736, 2.62736, 2.62737, 2.62736, 2.62736, 7.04538, 2.62736
12.9272, 11.0414, 6.61623, 2.61649, 3.61129, 4.42516, 0, 2.61654, 2.61649, 2.61649, 2.61649, 2.61649, 2.61649, 2.61649, 2.61649, 2.61649, 2.61649, 2.61649, 2.61649, 2.61649, 2.61649, 2.61649, 2.61649, 2.61649, 2.61649, 2.61649, 2.61649, 6.61617, 2.61649
12.9351, 6.89343, 6.20082, 2.6039, 2.98219, 0.692616, 0, 2.60397, 2.6039, 2.6039, 2.6039, 2.6039, 2.6039, 2.6039, 2.6039, 2.6039, 2.6039, 2.6039, 2.6039, 2.6039, 2.6039, 2.6039, 2.6039, 2.6039, 2.6039, 2.6039, 2.6039, 6.20074, 2.6039
12.9429, 6.47472, 5.80252, 2.58915, 2.91114, 0.672199, 0, 2.58924, 2.58915, 2.58915, 2.58915, 2.58915, 2.58915, 2.58915, 2.58915, 2.58915, 2.58915, 2.58915, 2.58915, 2.58915, 2.58915, 2.58915, 2.58915, 2.58915, 2.58915, 2.58915, 2.58915, 5.80243, 2.58915
12.9508, 5.51586, 5.42526, 2.57335, 2.74151, 0.0905967, 0, 2.57347, 2.57335, 2.57335, 2.57335, 2.57335, 2.57335, 2.57335, 2.57335, 2.57335, 2.57335, 2.57335, 2.57335, 2.57335, 2.57335, 2.57335, 2.57335, 2.57335, 2.57335, 2.57335, 2.57335, 5.42514, 2.57335
12.9587, 7.47931, 5.07225, 2.5576, 3.07885, 2.40706, 0, 2.55777, 2.5576, 2.5576, 2.5576, 2.5576, 2.5576, 2.5576, 2.5576, 2.5576, 2.5576, 2.5576, 2.5576, 2.5576, 2.5576, 2.5576, 2.5576, 2.5576, 2.5576, 2.5576, 2.5576, 5.07207, 2.5576
12.9665, 4.0518, 4.7507, 2.54777, 2.46004, -0.698899, 0, 2.548, 2.54777, 2.54777, 2.54777, 2.54777, 2.54777, 2.54777, 2.54777, 2.54777, 2.54777, 2.54777, 2.54777, 2.54777, 2.54777, 2.54777, 2.54777, 2.54777, 2.54777, 2.54777, 2.54777, 4.75047, 2.54777
12.9744, 5.96536, 4.4532, 2.53567, 2.8223, 1.51216, 0, 2.53597, 2.53567, 2.53567, 2.53567, 2.53567, 2.53567, 2.53567, 2.53567, 2.53567, 2.53567, 2.53567, 2.53567, 2.53567, 2.53567, 2.53567, 2.53567, 2.53567, 2.53568, 2.53567, 2.53567, 4.4529, 2.53567
12.9823, 8.00924, 4.17944, 2.52089, 3.16374, 3.82979, 0, 2.52128, 2.52089, 2.52089, 2.52089, 2.52089, 2.52089, 2.52089, 2.52089, 2.52089, 2.52089, 2.52089, 2.52089, 2.52089, 2.52089, 2.52089, 2.52089, 2.52089, 2.52089, 2.52089, 2.52089, 4.17905, 2.52089
12.9902, 5.47026, 3.93039, 2.5048, 2.73318, 1.53987, 0, 2.50531, 2.5048, 2.5048, 2.5048, 2.5048, 2.5048, 2.5048, 2.5048, 2.5048, 2.5048, 2.5048, 2.5048, 2.5048, 2.5048, 2.5048, 2.5048, 2.5048, 2.5048, 2.5048, 2.5048, 3.92988, 2.5048
12.998, 2.49133, 3.70655, 2.48876, 2.11927, -1.21522, 0, 2.48943, 2.48876, 2.48876, 2.48876, 2.48876, 2.48876, 2.48876, 2.48876, 2.48876, 2.48876, 2.48876, 2.48876, 2.48876, 2.48876, 2.48876, 2.48876, 2.48876, 2.48877, 2.48876, 2.48876, 3.70588, 2.48876
13.0059, 0.496283, 3.51379, 2.47977, 1.57996, -3.0175, 0, 2.48062, 2.47977, 2.47977, 2.47977, 2.47977, 2.47977, 2.47977, 2.47977, 2.47977, 2.47977, 2.47977, 2.47977, 2.47977, 2.47977, 2.47977, 2.47977, 2.47977, 2.47977, 2.47977, 2.47977, 3.51293, 2.47977
13.0138, 8, 3.34063, 2.46786, 3.16228, 4.65937, 0, 2.46895, 2.46786, 2.46786, 2.46786, 2.46786, 2.46786, 2.46786, 2.46786, 2.46786, 2.46786, 2.46786, 2.46786, 2.46786, 2.46786, 2.46786, 2.46786, 2.46786, 2.46786, 2.46786, 2.46786, 3.33954, 2.46786
13.0216, 2, 3.18535, 2.4529, 2, -1.18535, 0, 2.45428, 2.4529, 2.4529, 2.4529, 2.4529, 2.4529, 2.4529, 2.4529, 2.4529, 2.4529, 2.4529, 2.4529, 2.4529, 2.4529, 2.4529, 2.4529, 2.4529, 2.45291, 2.4529, 2.4529, 3.18397, 2.4529
13.0295, 5, 3.04776, 2.43646, 2.64575, 1.95224, 0, 2.4382, 2.43646, 2.43646, 2.43646, 2.43646, 2.43646, 2.43646, 2.43646, 2.43646, 2.43646, 2.43646, 2.43646, 2.43646, 2.43646, 2.43646, 2.43646, 2.43646, 2.43646, 2.43646, 2.43646, 3.04602, 2.43646
13.0374, 1.9834, 2.92759, 2.42007, 1.99584, -0.9442, 0, 2.42224, 2.42007, 2.42007, 2.42007, 2.42007, 2.42007, 2.42007, 2.42007, 2.42007, 2.42007, 2.42007, 2.42007, 2.42007, 2.42007, 2.42007, 2.42007, 2.42007, 2.42007, 2.42007, 2.42007, 2.92542, 2.42007
13.0453, 1.50582, 2.83121, 2.41188, 1.87238, -1.32539, 0, 2.41458, 2.41188, 2.41188, 2.41188, 2.41188, 2.41188, 2.41188, 2.41188, 2.41188, 2.41188, 2.41188, 2.41188, 2.41188, 2.41188, 2.41188, 2.41188, 2.41188, 2.41189, 2.41188, 2.41188, 2.82851, 2.41188
13.0531, 1.99752, 2.7453, 2.40031, 1.99938, -0.747782, 0, 2.40364, 2.40031, 2.40031, 2.40031, 2.40031, 2.40031, 2.40031, 2.40031, 2.40031, 2.40031, 2.40031, 2.40031, 2.40031, 2.40031, 2.40031, 2.40031, 2.40031, 2.40032, 2.40031, 2.40031, 2.74197, 2.40031
13.061, 1.99777, 2.66821, 2.38539, 1.99944, -0.670441, 0, 2.38947, 2.38539, 2.38539, 2.38539, 2.38539, 2.38539, 2.38539, 2.38539, 2.38539, 2.38539, 2.38539, 2.38539, 2.38539, 2.38539, 2.38539, 2.38539, 2.38539, 2.38539, 2.38539, 2.38539, 2.66413, 2.38539
13.0689, 4.47955, 2.60013, 2.36883, 2.5455, 1.87942, 0, 2.37379, 2.36883, 2.36883, 2.36883, 2.36883, 2.36883, 2.36883, 2.36883, 2.36883, 2.36883, 2.36883, 2.36883, 2.36883, 2.36883, 2.36883, 2.36883, 2.36883, 2.36883, 2.36883, 2.36883, 2.59517, 2.36883
13.0767, 4.47497, 2.54133, 2.35233, 2.5446, 1.93364, 0, 2.35832, 2.35233, 2.35233, 2.35233, 2.35233, 2.35233, 2.35233, 2.35233, 2.35233, 2.35233, 2.35233, 2.35233, 2.35233, 2.35233, 2.35233, 2.35233, 2.35233, 2.35233, 2.35233, 2.35233, 2.53533, 2.35233
13.0846, 6.42455, 2.49937, 2.34472, 2.90251, 3.92518, 0, 2.35191, 2.34472, 2.34472, 2.34472, 2.34472, 2.34472, 2.34472, 2.34472, 2.34472, 2.34472, 2.34472, 2.34472, 2.34472, 2.34472, 2.34472, 2.34472, 2.34472, 2.34472, 2.34472, 2.34472, 2.49218, 2.34472
13.0925, 7.0353, 2.46059, 2.33347, 3.00588, 4.57471, 0, 2.34204, 2.33347, 2.33347, 2.33347, 2.33347, 2.33347, 2.33347, 2.33347, 2.33347, 2.33347, 2.33347, 2.33347, 2.33347, 2.33347, 2.33347, 2.33347, 2.33347, 2.33347, 2.33347, 2.33347, 2.45202, 2.33347
13.1004, 5.51822, 2.42405, 2.31865, 2.74194, 3.09416, 0, 2.32878, 2.31865, 2.31865, 2.31865, 2.31865, 2.31865, 2.31865, 2.31865, 2.31865, 2.31865, 2.31865, 2.31865, 2.31865, 2.31865, 2.31865, 2.31865, 2.31865, 2.31865, 2.31865, 2.31865, 2.41392, 2.31865
13.1082, 3.05291, 2.39074, 2.30207, 2.24787, 0.662169, 0, 2.31397, 2.30207, 2.30207, 2.30207, 2.30207, 2.30207, 2.30207, 2.30207, 2.30207, 2.30207, 2.30207, 2.30207, 2.30207, 2.30207, 2.30207, 2.30207, 2.30207, 2.30207, 2.30207, 2.30207, 2.37884, 2.30207
13.1161, 1.99752, 2.36176, 2.28555, 1.99938, -0.364234, 0, 2.29944, 2.28555, 2.28555, 2.28555, 2.28555, 2.28555, 2.28555, 2.28555, 2.28555, 2.28555, 2.28555, 2.28555, 2.28555, 2.28555, 2.28555, 2.28555, 2.28555, 2.28555, 2.28555, 2.28555, 2.34787, 2.28555
13.124, 1.99765, 2.34625, 2.27885, 1.99941, -0.348607, 0, 2.29493, 2.27885, 2.27885, 2.27885, 2.27885, 2.27885, 2.27885, 2.27885, 2.27885, 2.27885, 2.27885, 2.27885, 2.27885, 2.27885, 2.27885, 2.27885, 2.27885, 2.27885, 2.27885, 2.27885, 2.33017, 2.27885
13.1318, 2.46036, 2.32986, 2.26805, 2.11196, 0.130491, 0, 2.28656, 2.26805, 2.26805, 2.26805, 2.26805, 2.26805, 2.26805, 2.26805, 2.26805, 2.26805, 2.26805, 2.26805, 2.26805, 2.26805, 2.26805, 2.26805, 2.26805, 2.26806, 2.26805, 2.26805, 2.31136, 2.26805
13.1397, 2.53469, 2.31229, 2.25324, 2.12948, 0.222392, 0, 2.27438, 2.25324, 2.25324, 2.25324, 2.25324, 2.25324, 2.25324, 2.25324, 2.25324, 2.25324, 2.25324, 2.25324, 2.25324, 2.25324, 2.25324, 2.25324, 2.25324, 2.25324, 2.25324, 2.25324, 2.29115, 2.25324
13.1476, 1.53978, 2.29534, 2.23646, 1.88143, -0.755562, 0, 2.26045, 2.23646, 2.23646, 2.23646, 2.23646, 2.23646, 2.23646, 2.23646, 2.23646, 2.23646, 2.23646, 2.23646, 2.23646, 2.23646, 2.23646, 2.23646, 2.23646, 2.23646, 2.23646, 2.23646, 2.27134, 2.23646
13.1555, 4.45551, 2.28086, 2.21974, 2.54077, 2.17466, 0, 2.24678, 2.21974, 2.21974, 2.21974, 2.21974, 2.21974, 2.21974, 2.21974, 2.21974, 2.21974, 2.21974, 2.21974, 2.21974, 2.21974, 2.21974, 2.21974, 2.21974, 2.21974, 2.21974, 2.21974, 2.25382, 2.21974
13.1633, 1.54449, 2.28787, 2.22218, 1.88268, -0.743387, 0, 2.25244, 2.22218, 2.22218, 2.22218, 2.22218, 2.22218, 2.22218, 2.22218, 2.22218, 2.22218, 2.22218, 2.22218, 2.22218, 2.22218, 2.22218, 2.22218, 2.22218, 2.22219, 2.22218, 2.22218, 2.25761, 2.22218
13.1712, 0.901363, 2.29231, 2.21972, 1.70334, -1.39095, 0, 2.25336, 2.21972, 2.21972, 2.21972, 2.21972, 2.21972, 2.21972, 2.21972, 2.21972, 2.21972, 2.21972, 2.21972, 2.21972, 2.21972, 2.21972, 2.21972, 2.21972, 2.21973, 2.21972, 2.21972, 2.25868, 2.21972
13.1791, 1.54696, 2.29433, 2.21244, 1.88334, -0.747365, 0, 2.24957, 2.21244, 2.21244, 2.21244, 2.21244, 2.21244, 2.21244, 2.21244, 2.21244, 2.21244, 2.21244, 2.21244, 2.21244, 2.21244, 2.21244, 2.21244, 2.21244, 2.21244, 2.21244, 2.21244, 2.2572, 2.21244
13.1869, 2.88922, 2.2965, 2.20276, 2.21116, 0.592721, 0, 2.24347, 2.20276, 2.20276, 2.20276, 2.20276, 2.20276, 2.20276, 2.20276, 2.20276, 2.20276, 2.20276, 2.20276, 2.20276, 2.20276, 2.20276, 2.20276, 2.20276, 2.20276, 2.20276, 2.20276, 2.25579, 2.20276
13.1948, 2.54958, 2.30145, 2.1931, 2.13297, 0.248133, 0, 2.23743, 2.1931, 2.1931, 2.1931, 2.1931, 2.1931, 2.1931, 2.1931, 2.1931, 2.1931, 2.1931, 2.1931, 2.1931, 2.1931, 2.1931, 2.1931, 2.1931, 2.1931, 2.1931, 2.1931, 2.25712, 2.1931
13.2027, 5.43592, 2.32032, 2.19433, 2.72689, 3.1156, 0, 2.24227, 2.19433, 2.19433, 2.19433, 2.19433, 2.19433, 2.19433, 2.19433, 2.19433, 2.19433, 2.19433, 2.19433, 2.19433, 2.19433, 2.19433, 2.19433, 2.19433, 2.19433, 2.19433, 2.19433, 2.27238, 2.19433
13.2106, 3.99257, 2.33843, 2.19144, 2.44797, 1.65413, 0, 2.24294, 2.19144, 2.19144, 2.19144, 2.19144, 2.19144, 2.19144, 2.19144, 2.19144, 2.19144, 2.19144, 2.19144, 2.19144, 2.19144, 2.19144, 2.19144, 2.19144, 2.19145, 2.19144, 2.19144, 2.28693, 2.19144
13.2184, 4.68439, 2.35624, 2.1845, 2.58542, 2.32815, 0, 2.23945, 2.1845, 2.1845, 2.1845, 2.1845, 2.1845, 2.1845, 2.1845, 2.1845, 2.1845, 2.1845, 2.1845, 2.1845, 2.1845, 2.1845, 2.1845, 2.1845, 2.18451, 2.1845, 2.1845, 2.30129, 2.1845
13.2263, 4.86766, 2.3762, 2.17555, 2.62062, 2.49146, 0, 2.23378, 2.17555, 2.17555, 2.17555, 2.17555, 2.17555, 2.17555, 2.17555, 2.17555, 2.17555, 2.17555, 2.17555, 2.17555, 2.17555, 2.17555, 2.17555, 2.17555, 2.17556, 2.17555, 2.17555, 2.31796, 2.17555
13.2342, 5.99504, 2.40079, 2.16662, 2.82755, 3.59425, 0, 2.22792, 2.16662, 2.16662, 2.16662, 2.16662, 2.16662, 2.16662, 2.16662, 2.16662, 2.16662, 2.16662, 2.16662, 2.16662, 2.16662, 2.16662, 2.16662, 2.16662, 2.16662, 2.16662, 2.16662, 2.33949, 2.16662
13.242, 1.1373, 2.43994, 2.16715, 1.77124, -1.30264, 0, 2.23124, 2.16715, 2.16715, 2.16715, 2.16715, 2.16715, 2.16715, 2.16715, 2.16715, 2.16715, 2.16715, 2.16715, 2.16715, 2.16715, 2.16715, 2.16715, 2.16715, 2.16715, 2.16715, 2.16715, 2.37585, 2.16715
13.2499, 1.85304, 2.48096, 2.16395, 1.96292, -0.627922, 0, 2.23051, 2.16395, 2.16395, 2.16395, 2.16395, 2.16395, 2.16395, 2.16395, 2.16395, 2.16395, 2.16395, 2.16395, 2.16395, 2.16395, 2.16395, 2.16395, 2.16395, 2.16395, 2.16395, 2.16395, 2.41439, 2.16395
13.2578, 5.14696, 2.52435, 2.15707, 2.67338, 2.62262, 0, 2.22575, 2.15707, 2.15707, 2.15707, 2.15707, 2.15707, 2.15707, 2.15707, 2.15707, 2.15707, 2.15707, 2.15707, 2.15707, 2.15707, 2.15707, 2.15707, 2.15707, 2.15708, 2.15707, 2.15707, 2.45567, 2.15707
13.2657, 1.42181, 2.57244, 2.14837, 1.84981, -1.15063, 0, 2.21877, 2.14837, 2.14837, 2.14837, 2.14837, 2.14837, 2.14837, 2.14837, 2.14837, 2.14837, 2.14837, 2.14837, 2.14837, 2.14837, 2.14837, 2.14837, 2.14837, 2.14838, 2.14837, 2.14837, 2.50204, 2.14837
13.2735, 3.41685, 2.62744, 2.13969, 2.32741, 0.789409, 0, 2.21137, 2.13969, 2.13969, 2.13969, 2.13969, 2.13969, 2.13969, 2.13969, 2.13969, 2.13969, 2.13969, 2.13969, 2.13969, 2.13969, 2.13969, 2.13969, 2.13969, 2.1397, 2.13969, 2.13969, 2.55577, 2.13969
13.2814, 4.99504, 2.69825, 2.13959, 2.64481, 2.29679, 0, 2.21209, 2.13959, 2.13959, 2.13959, 2.13959, 2.13959, 2.13959, 2.13959, 2.13959, 2.13959, 2.13959, 2.13959, 2.13959, 2.13959, 2.13959, 2.13959, 2.13959, 2.13959, 2.13959, 2.13959, 2.62575, 2.13959
13.2893, 2.41016, 2.77321, 2.13618, 2.10004, -0.363045, 0, 2.20905, 2.13618, 2.13618, 2.13618, 2.13618, 2.13618, 2.13618, 2.13618, 2.13618, 2.13618, 2.13618, 2.13618, 2.13618, 2.13618, 2.13618, 2.13618, 2.13618, 2.13618, 2.13618, 2.13618, 2.70033, 2.13618
13.2971, 4.16828, 2.85246, 2.1295, 2.4836, 1.31582, 0, 2.20227, 2.1295, 2.1295, 2.1295, 2.1295, 2.1295, 2.1295, 2.1295, 2.1295, 2.1295, 2.1295, 2.1295, 2.1295, 2.1295, 2.1295, 2.1295, 2.1295, 2.1295, 2.1295, 2.1295, 2.77969, 2.1295
13.305, 5.04554, 2.93757, 2.12121, 2.65434, 2.10797, 0, 2.19341, 2.12121, 2.12121, 2.12121, 2.12121, 2.12121, 2.12121, 2.12121, 2.12121, 2.12121, 2.12121, 2.12121, 2.12121, 2.12121, 2.12121, 2.12121, 2.12121, 2.12121, 2.12121, 2.12121, 2.86537, 2.12121
13.3129, 9.54231, 3.03, 2.11294, 3.3974, 6.51231, 0, 2.18412, 2.11294, 2.11294, 2.11294, 2.11294, 2.11294, 2.11294, 2.11294, 2.11294, 2.11294, 2.11294, 2.11294, 2.11294, 2.11294, 2.11294, 2.11294, 2.11294, 2.11294, 2.11294, 2.11294, 2.95881, 2.11294
13.3208, 0.809665, 3.13661, 2.11198, 1.67621, -2.32694, 0, 2.18174, 2.11198, 2.11198, 2.11198, 2.11198, 2.11198, 2.11198, 2.11198, 2.11198, 2.11198, 2.11198, 2.11198, 2.11198, 2.11198, 2.11198, 2.11198, 2.11198, 2.11198, 2.11198, 2.11198, 3.06685, 2.11198
13.3286, 4.99529, 3.24661, 2.10818, 2.64486, 1.74868, 0, 2.17611, 2.10818, 2.10818, 2.10818, 2.10818, 2.10818, 2.10818, 2.10818, 2.10818, 2.10818, 2.10818, 2.10818, 2.10818, 2.10818, 2.10818, 2.10818, 2.10818, 2.10818, 2.10818, 2.10818, 3.17868, 2.10818
13.3365, 3.19504, 3.35915, 2.10154, 2.27926, -0.164111, 0, 2.16729, 2.10154, 2.10154, 2.10154, 2.10154, 2.10154, 2.10154, 2.10154, 2.10154, 2.10154, 2.10154, 2.10154, 2.10154, 2.10154, 2.10154, 2.10154, 2.10154, 2.10154, 2.10154, 2.10154, 3.2934, 2.10154
13.3444, 3.19294, 3.47467, 2.09349, 2.2788, -0.281733, 0, 2.15677, 2.09349, 2.09349, 2.09349, 2.09349, 2.09349, 2.09349, 2.09349, 2.09349, 2.09349, 2.09349, 2.09349, 2.09349, 2.09349, 2.09349, 2.09349, 2.09349, 2.0935, 2.09349, 2.09349, 3.41139, 2.09349
13.3522, 5.99279, 3.59326, 2.08547, 2.82715, 2.39953, 0, 2.146, 2.08547, 2.08547, 2.08547, 2.08547, 2.08547, 2.08547, 2.08547, 2.08547, 2.08547, 2.08547, 2.08547, 2.08547, 2.08547, 2.08547, 2.08547, 2.08547, 2.08547, 2.08547, 2.08547, 3.53272, 2.08547
13.3601, 3.81427, 3.71967, 2.08365, 2.41128, 0.0946052, 0, 2.14124, 2.08365, 2.08365, 2.08365, 2.08365, 2.08365, 2.08365, 2.08365, 2.08365, 2.08365, 2.08365, 2.08365, 2.08365, 2.08365, 2.08365, 2.08365, 2.08365, 2.08365, 2.08365, 2.08365, 3.66208, 2.08365
13.368, 5.171, 3.84375, 2.07955, 2.67787, 1.32726, 0, 2.13403, 2.07955, 2.07955, 2.07955, 2.07955, 2.07955, 2.07955, 2.07955, 2.07955, 2.07955, 2.07955, 2.07955, 2.07955, 2.07955, 2.07955, 2.07955, 2.07955, 2.07955, 2.07955, 2.07955, 3.78927, 2.07955
13.3759, 5.21698, 3.96372, 2.07318, 2.68644, 1.25325, 0, 2.12444, 2.07318, 2.07318, 2.07318, 2.07318, 2.07318, 2.07318, 2.07318, 2.07318, 2.07318, 2.07318, 2.07318, 2.07318, 2.07318, 2.07318, 2.07318, 2.07318, 2.07318, 2.07318, 2.07318, 3.91246, 2.07318
13.3837, 1.99765, 4.0788, 2.06567, 1.99941, -2.08115, 0, 2.11367, 2.06567, 2.06567, 2.06567, 2.06567, 2.06567, 2.06567, 2.06567, 2.06567, 2.06567, 2.06567, 2.06567, 2.06567, 2.06567, 2.06567, 2.06567, 2.06567, 2.06567, 2.06567, 2.06567, 4.0308, 2.06567
13.3916, 2.99752, 4.18821, 2.05818, 2.23551, -1.19069, 0, 2.10289, 2.05818, 2.05818, 2.05818, 2.05818, 2.05818, 2.05818, 2.05818, 2.05818, 2.05818, 2.05818, 2.05818, 2.05818, 2.05818, 2.05818, 2.05818, 2.05818, 2.05818, 2.05818, 2.05818, 4.14349, 2.05818
13.3995, 5.99765, 4.29453, 2.05529, 2.82801, 1.70311, 0, 2.09675, 2.05529, 2.05529, 2.05529, 2.05529, 2.05529, 2.05529, 2.05529, 2.05529, 2.05529, 2.05529, 2.05529, 2.05529, 2.05529, 2.05529, 2.05529, 2.05529, 2.05529, 2.05529, 2.05529, 4.25306, 2.05529
13.4073, 2.37608, 4.38951, 2.05067, 2.09191, -2.01342, 0, 2.08895, 2.05067, 2.05067, 2.05067, 2.05067, 2.05067, 2.05067, 2.05067, 2.05067, 2.05067, 2.05067, 2.05067, 2.05067, 2.05067, 2.05067, 2.05067, 2.05067, 2.05067, 2.05067, 2.05067, 4.35122, 2.05067
13.4152, 3.37086, 4.47132, 2.04432, 2.31751, -1.10045, 0, 2.07953, 2.04432, 2.04432, 2.04432, 2.04432, 2.04432, 2.04432, 2.04432, 2.04432, 2.04432, 2.04432, 2.04432, 2.04432, 2.04432, 2.04432, 2.04432, 2.04432, 2.04433, 2.04432, 2.04432, 4.43611, 2.04432
13.4231, 6.61922, 4.53917, 2.03713, 2.93585, 2.08005, 0, 2.06938, 2.03713, 2.03713, 2.03713, 2.03713, 2.03713, 2.03713, 2.03713, 2.03713, 2.03713, 2.03713, 2.03713, 2.03713, 2.03713, 2.03713, 2.03713, 2.03713, 2.03713, 2.03713, 2.03713, 4.50692, 2.03713
13.4309, 7.73755, 4.59243, 2.02995, 3.1205, 3.14511, 0, 2.05939, 2.02995, 2.02995, 2.02995, 2.02995, 2.02995, 2.02995, 2.02995, 2.02995, 2.02995, 2.02995, 2.02995, 2.02995, 2.02995, 2.02995, 2.02995, 2.02995, 2.02995, 2.02995, 2.02995, 4.56299, 2.02995
13.4388, 5.88414, 4.63344, 2.02628, 2.80787, 1.2507, 0, 2.05307, 2.02628, 2.02628, 2.02628, 2.02628, 2.02628, 2.02628, 2.02628, 2.02628, 2.02628, 2.02628, 2.02628, 2.02628, 2.02628, 2.02628, 2.02628, 2.02628, 2.02628, 2.02628, 2.02628, 4.60664, 2.02628
13.4467, 1.99777, 4.65652, 2.02139, 1.99944, -2.65875, 0, 2.0457, 2.02139, 2.02139, 2.02139, 2.02139, 2.02139, 2.02139, 2.02139, 2.02139, 2.02139, 2.02139, 2.02139, 2.02139, 2.02139, 2.02139, 2.02139, 2.02139, 2.02139, 2.02139, 2.02139, 4.6322, 2.02139
13.4546, 2.7254, 4.6611, 2.01529, 2.1738, -1.9357, 0, 2.03731, 2.01529, 2.01529, 2.01529, 2.01529, 2.01529, 2.01529, 2.01529, 2.01529, 2.01529, 2.01529, 2.01529, 2.01529, 2.01529, 2.01529, 2.01529, 2.01529, 2.0153, 2.01529, 2.01529, 4.63909, 2.01529
13.4624, 7.07668, 4.64756, 2.0086, 3.01275, 2.42912, 0, 2.02849, 2.0086, 2.0086, 2.0086, 2.0086, 2.0086, 2.0086, 2.0086, 2.0086, 2.0086, 2.0086, 2.0086, 2.0086, 2.0086, 2.0086, 2.0086, 2.0086, 2.0086, 2.0086, 2.0086, 4.62767, 2.0086
13.4703, 8.62703, 4.61662, 2.00191, 3.25991, 4.01041, 0, 2.01985, 2.00191, 2.00191, 2.00191, 2.00191, 2.00191, 2.00191, 2.00191, 2.00191, 2.00191, 2.00191, 2.00191, 2.00191, 2.00191, 2.00191, 2.00191, 2.00191, 2.00192, 2.00191, 2.00191, 4.59868, 2.00191
13.4782, 9.0575, 4.57076, 1.99726, 3.32528, 4.48673, 0, 2.01341, 1.99726, 1.99726, 1.99726, 1.99726, 1.99726, 1.99726, 1.99726, 1.99726, 1.99726, 1.99726, 1.99726, 1.99726, 1.99726, 1.99726, 1.99726, 1.99726, 1.99726, 1.99726, 1.99726, 4.55461, 1.99726
13.486, 6.91772, 4.50803, 1.99186, 2.98626, 2.40969, 0, 2.00639, 1.99186, 1.99186, 1.99186, 1.99186, 1.99186, 1.99186, 1.99186, 1.99186, 1.99186, 1.99186, 1.99186, 1.99186, 1.99186, 1.99186, 1.99186, 1.99186, 1.99186, 1.99186, 1.99186, 4.49349, 1.99186
13.4939, 6.93309, 4.42951, 1.98573, 2.98883, 2.50357, 0, 1.99879, 1.98573, 1.98573, 1.98573, 1.98573, 1.98573, 1.98573, 1.98573, 1.98573, 1.98573, 1.98573, 1.98573, 1.98573, 1.98573, 1.98573, 1.98573, 1.98573, 1.98573, 1.98573, 1.98573, 4.41645, 1.98573
13.5018, 2.69393, 4.33696, 1.97924, 2.16655, -1.64303, 0, 1.99096, 1.97924, 1.97924, 1.97924, 1.97924, 1.97924, 1.97924, 1.97924, 1.97924, 1.97924, 1.97924, 1.97924, 1.97924, 1.97924, 1.97924, 1.97924, 1.97924, 1.97924, 1.97924, 1.97924, 4.32523, 1.97924
13.5097, 6.94919, 4.23239, 1.97275, 2.99152, 2.71681, 0, 1.98328, 1.97275, 1.97275, 1.97275, 1.97275, 1.97275, 1.97275, 1.97275, 1.97275, 1.97275, 1.97275, 1.97275, 1.97275, 1.97275, 1.97275, 1.97275, 1.97275, 1.97275, 1.97275, 1.97275, 4.22186, 1.97275
13.5175, 1.99777, 4.11869, 1.96746, 1.99944, -2.12092, 0, 1.97689, 1.96746, 1.96746, 1.96746, 1.96746, 1.96746, 1.96746, 1.96746, 1.96746, 1.96746, 1.96746, 1.96746, 1.96746, 1.96746, 1.96746, 1.96746, 1.96746, 1.96746, 1.96746, 1.96746, 4.10925, 1.96746
13.5254, 2.6819, 3.99633, 1.96185, 2.16377, -1.31442, 0, 1.9703, 1.96185, 1.96185, 1.96185, 1.96185, 1.96185, 1.96185, 1.96185, 1.96185, 1.96185, 1.96185, 1.96185, 1.96185, 1.96185, 1.96185, 1.96185, 1.96185, 1.96185, 1.96185, 1.96185, 3.98787, 1.96185
13.5333, 5.65267, 3.86724, 1.95593, 2.76635, 1.78543, 0, 1.9635, 1.95593, 1.95593, 1.95593, 1.95593, 1.95593, 1.95593, 1.95593, 1.95593, 1.95593, 1.95593, 1.95593, 1.95593, 1.95593, 1.95593, 1.95593, 1.95593, 1.95593, 1.95593, 1.95593, 3.85966, 1.95593
13.5411, 4.65812, 3.73356, 1.94986, 2.58033, 0.924553, 0, 1.95663, 1.94986, 1.94986, 1.94986, 1.94986, 1.94986, 1.94986, 1.94986, 1.94986, 1.94986, 1.94986, 1.94986, 1.94986, 1.94986, 1.94986, 1.94986, 1.94986, 1.94986, 1.94986, 1.94986, 3.72679, 1.94986
13.549, 2.66741, 3.59732, 1.94374, 2.16042, -0.929911, 0, 1.94979, 1.94374, 1.94374, 1.94374, 1.94374, 1.94374, 1.94374, 1.94374, 1.94374, 1.94374, 1.94374, 1.94374, 1.94374, 1.94374, 1.94374, 1.94374, 1.94374, 1.94374, 1.94374, 1.94374, 3.59127, 1.94374
13.5569, 4.99257, 3.46044, 1.93759, 2.64435, 1.53212, 0, 1.94298, 1.93759, 1.93759, 1.93759, 1.93759, 1.93759, 1.93759, 1.93759, 1.93759, 1.93759, 1.93759, 1.93759, 1.93759, 1.93759, 1.93759, 1.93759, 1.93759, 1.93759, 1.93759, 1.93759, 3.45504, 1.93759
13.5648, 2.0026, 3.32459, 1.93143, 2.00065, -1.32199, 0, 1.93624, 1.93143, 1.93143, 1.93143, 1.93143, 1.93143, 1.93143, 1.93143, 1.93143, 1.93143, 1.93143, 1.93143, 1.93143, 1.93143, 1.93143, 1.93143, 1.93143, 1.93144, 1.93143, 1.93143, 3.31979, 1.93143
13.5726, 0.655433, 3.19139, 1.92528, 1.62955, -2.53596, 0, 1.92955, 1.92528, 1.92528, 1.92528, 1.92528, 1.92528, 1.92528, 1.92528, 1.92528, 1.92528, 1.92528, 1.92528, 1.92528, 1.92528, 1.92528, 1.92528, 1.92528, 1.92528, 1.92528, 1.92528, 3.18712, 1.92528
13.5805, 3.64568, 3.06218, 1.91913, 2.37606, 0.583501, 0, 1.92292, 1.91913, 1.91913, 1.91913, 1.91913, 1.91913, 1.91913, 1.91913, 1.91913, 1.91913, 1.91913, 1.91913, 1.91913, 1.91913, 1.91913, 1.91913, 1.91913, 1.91914, 1.91913, 1.91913, 3.0584, 1.91913
13.5884, 4.02181, 2.93805, 1.91287, 2.45394, 1.08376, 0, 1.91621, 1.91287, 1.91287, 1.91287, 1.91287, 1.91287, 1.91287, 1.91287, 1.91287, 1.91287, 1.91287, 1.91287, 1.91287, 1.91287, 1.91287, 1.91287, 1.91287, 1.91287, 1.91287, 1.91287, 2.9347, 1.91287
13.5962, 2.95886, 2.81985, 1.90648, 2.22685, 0.139005, 0, 1.90942, 1.90648, 1.90648, 1.90648, 1.90648, 1.90648, 1.90648, 1.90648, 1.90648, 1.90648, 1.90648, 1.90648, 1.90648, 1.90648, 1.90648, 1.90648, 1.90648, 1.90648, 1.90648, 1.90648, 2.81691, 1.90648
13.6041, 3.99058, 2.70842, 1.89999, 2.44757, 1.28216, 0, 1.90257, 1.89999, 1.89999, 1.89999, 1.89999, 1.89999, 1.89999, 1.89999, 1.89999, 1.89999, 1.89999, 1.89999, 1.89999, 1.89999, 1.89999, 1.89999, 1.89999, 1.89999, 1.89999, 1.89999, 2.70583, 1.89999
13.612, 3.04337, 2.6043, 1.89345, 2.24574, 0.439069, 0, 1.89571, 1.89345, 1.89345, 1.89345, 1.89345, 1.89345, 1.89345, 1.89345, 1.89345, 1.89345, 1.89345, 1.89345, 1.89345, 1.89345, 1.89345, 1.89345, 1.89345, 1.89346, 1.89345, 1.89345, 2.60204, 1.89345
13.6199, 1.68426, 2.50787, 1.88693, 1.91944, -0.82361, 0, 1.8889, 1.88693, 1.88693, 1.88693, 1.88693, 1.88693, 1.88693, 1.88693, 1.88693, 1.88693, 1.88693, 1.88693, 1.88693, 1.88693, 1.88693, 1.88693, 1.88693, 1.88693, 1.88693, 1.88693, 2.5059, 1.88693
13.6277, 3, 2.41986, 1.88102, 2.23607, 0.580142, 0, 1.88272, 1.88102, 1.88102, 1.88102, 1.88102, 1.88102, 1.88102, 1.88102, 1.88102, 1.88102, 1.88102, 1.88102, 1.88102, 1.88102, 1.88102, 1.88102, 1.88102, 1.88102, 1.88102, 1.88102, 2.41815, 1.88102
13.6356, 5.30851, 2.33915, 1.87459, 2.70343, 2.96937, 0, 1.87607, 1.87459, 1.87459, 1.87459, 1.87459, 1.87459, 1.87459, 1.87459, 1.87459, 1.87459, 1.87459, 1.87459, 1.87459, 1.87459, 1.87459, 1.87459, 1.87459, 1.8746, 1.87459, 1.87459, 2.33767, 1.87459
13.6435, 4.30338, 2.26567, 1.8678, 2.51065, 2.03772, 0, 1.86906, 1.8678, 1.8678, 1.8678, 1.8678, 1.8678, 1.8678, 1.8678, 1.8678, 1.8678, 1.8678, 1.8678, 1.8678, 1.8678, 1.8678, 1.8678, 1.8678, 1.8678, 1.8678, 1.8678, 2.2644, 1.8678
13.6513, 2.6917, 2.19936, 1.86082, 2.16603, 0.492336, 0, 1.8619, 1.86082, 1.86082, 1.86082, 1.86082, 1.86082, 1.86082, 1.86082, 1.86082, 1.86082, 1.86082, 1.86082, 1.86082, 1.86082, 1.86082, 1.86082, 1.86082, 1.86082, 1.86082, 1.86082, 2.19828, 1.86082
13.6592, 2.99765, 2.14004, 1.85385, 2.23554, 0.85761, 0, 1.85477, 1.85385, 1.85385, 1.85385, 1.85385, 1.85385, 1.85385, 1.85385, 1.85385, 1.85385, 1.85385, 1.85385, 1.85385, 1.85385, 1.85385, 1.85385, 1.85385, 1.85385, 1.85385, 1.85385, 2.13911, 1.85385
13.6671, 2.69876, 2.08871, 1.84836, 2.16766, 0.610054, 0, 1.84914, 1.84836, 1.84836, 1.84836, 1.84836, 1.84836, 1.84836, 1.84836, 1.84836, 1.84836, 1.84836, 1.84836, 1.84836, 1.84836, 1.84836, 1.84836, 1.84836, 1.84836, 1.84836, 1.84836, 2.08793, 1.84836
13.675, 0.296406, 2.04263, 1.8421, 1.51539, -1.74623, 0, 1.84275, 1.8421, 1.8421, 1.8421, 1.8421, 1.8421, 1.8421, 1.8421, 1.8421, 1.8421, 1.8421, 1.8421, 1.8421, 1.8421, 1.8421, 1.8421, 1.8421, 1.8421, 1.8421, 1.8421, 2.04198, 1.8421
13.6828, 0.703594, 2.00151, 1.83527, 1.64426, -1.29791, 0, 1.83582, 1.83527, 1.83527, 1.83527, 1.83527, 1.83527, 1.83527, 1.83527, 1.83527, 1.83527, 1.83527, 1.83527, 1.83527, 1.83527, 1.83527, 1.83527, 1.83527, 1.83527, 1.83527, 1.83527, 2.00096, 1.83527
13.6907, 0, 1.96507, 1.82816, 1.41421, -1.96507, 0, 1.82861, 1.82816, 1.82816, 1.82816, 1.82816, 1.82816, 1.82816, 1.82816, 1.82816, 1.82816, 1.82816, 1.82816, 1.82816, 1.82816, 1.82816, 1.82816, 1.82816, 1.82816, 1.82816, 1.82816, 1.96461, 1.82816
13.6986, 0.867658, 1.93309, 1.82106, 1.69342, -1.06543, 0, 1.82144, 1.82106, 1.82106, 1.82106, 1.82106, 1.82106, 1.82106, 1.82106, 1.82106, 1.82106, 1.82106, 1.82106, 1.82106, 1.82106, 1.82106, 1.82106, 1.82106, 1.82106, 1.82106, 1.82106, 1.93271, 1.82106
13.7064, 2.70582, 1.90683, 1.81575, 2.16929, 0.798996, 0, 1.81606, 1.81575, 1.81575, 1.81575, 1.81575, 1.81575, 1.81575, 1.81575, 1.81575, 1.81575, 1.81575, 1.81575, 1.81575, 1.81575, 1.81575, 1.81575, 1.81575, 1.81575, 1.81575, 1.81575, 1.90652, 1.81575
13.7143, 1.42652, 1.88298, 1.80941, 1.85109, -0.456466, 0, 1.80966, 1.80941, 1.80941, 1.80941, 1.80941, 1.80941, 1.80941, 1.80941, 1.80941, 1.80941, 1.80941, 1.80941, 1.80941, 1.80941, 1.80941, 1.80941, 1.80941, 1.80941, 1.80941, 1.80941, 1.88273, 1.80941
13.7222, 4.28203, 1.86135, 1.80229, 2.5064, 2.42069, 0, 1.8025, 1.80229, 1.80229, 1.80229, 1.80229, 1.80229, 1.80229, 1.80229, 1.80229, 1.80229, 1.80229, 1.80229, 1.80229, 1.80229, 1.80229, 1.80229, 1.80229, 1.80229, 1.80229, 1.80229, 1.86114, 1.80229
13.7301, 2.99752, 1.8419, 1.79479, 2.23551, 1.15562, 0, 1.79496, 1.79479, 1.79479, 1.79479, 1.79479, 1.79479, 1.79479, 1.79479, 1.79479, 1.79479, 1.79479, 1.79479, 1.79479, 1.79479, 1.79479, 1.79479, 1.79479, 1.79479, 1.79479, 1.79479, 1.84173, 1.79479
13.7379, 1.55167, 1.82466, 1.78731, 1.88459, -0.272984, 0, 1.78744, 1.78731, 1.78731, 1.78731, 1.78731, 1.78731, 1.78731, 1.78731, 1.78731, 1.78731, 1.78731, 1.78731, 1.78731, 1.78731, 1.78731, 1.78731, 1.78731, 1.78731, 1.78731, 1.78731, 1.82452, 1.78731
13.7458, 3.99321, 1.81162, 1.78218, 2.4481, 2.18159, 0, 1.78229, 1.78218, 1.78218, 1.78218, 1.78218, 1.78218, 1.78218, 1.78218, 1.78218, 1.78218, 1.78218, 1.78218, 1.78218, 1.78218, 1.78218, 1.78218, 1.78218, 1.78218, 1.78218, 1.78218, 1.81151, 1.78218
13.7537, 3.72005, 1.79903, 1.77595, 2.39166, 1.92102, 0, 1.77603, 1.77595, 1.77595, 1.77595, 1.77595, 1.77595, 1.77595, 1.77595, 1.77595, 1.77595, 1.77595, 1.77595, 1.77595, 1.77595, 1.77595, 1.77595, 1.77595, 1.77595, 1.77595, 1.77595, 1.79895, 1.77595
13.7615, 1.45551, 1.78688, 1.76886, 1.8589, -0.33137, 0, 1.76893, 1.76886, 1.76886, 1.76886, 1.76886, 1.76886, 1.76886, 1.76886, 1.76886, 1.76886, 1.76886, 1.76886, 1.76886, 1.76886, 1.76886, 1.76886, 1.76886, 1.76886, 1.76886, 1.76886, 1.78682, 1.76886
13.7694, 2, 1.77539, 1.76136, 2, 0.224611, 0, 1.76141, 1.76136, 1.76136, 1.76136, 1.76136, 1.76136, 1.76136, 1.76136, 1.76136, 1.76136, 1.76136, 1.76136, 1.76136, 1.76136, 1.76136, 1.76136, 1.76136, 1.76136, 1.76136, 1.76136, 1.77533, 1.76136
13.7773, 2.53011, 1.76479, 1.75387, 2.12841, 0.765321, 0, 1.75391, 1.75387, 1.75387, 1.75387, 1.75387, 1.75387, 1.75387, 1.75387, 1.75387, 1.75387, 1.75387, 1.75387, 1.75387, 1.75387, 1.75387, 1.75387, 1.75387, 1.75387, 1.75387, 1.75387, 1.76475, 1.75387
13.7852, 3.99498, 1.75713, 1.7486, 2.44846, 2.23784, 0, 1.74863, 1.7486, 1.7486, 1.7486, 1.7486, 1.7486, 1.7486, 1.7486, 1.7486, 1.7486, 1.7486, 1.7486, 1.7486, 1.7486, 1.7486, 1.7486, 1.7486, 1.7486, 1.7486, 1.7486, 1.7571, 1.7486
13.793, 4.25558, 1.74893, 1.74219, 2.50112, 2.50665, 0, 1.74222, 1.74219, 1.74219, 1.74219, 1.74219, 1.74219, 1.74219, 1.74219, 1.74219, 1.74219, 1.74219, 1.74219, 1.74219, 1.74219, 1.74219, 1.74219, 1.74219, 1.74219, 1.74219, 1.74219, 1.74891, 1.74219
13.8009, 2.73482, 1.74032, 1.73489, 2.17596, 0.994496, 0, 1.73491, 1.73489, 1.73489, 1.73489, 1.73489, 1.73489, 1.73489, 1.73489, 1.73489, 1.73489, 1.73489, 1.73489, 1.73489, 1.73489, 1.73489, 1.73489, 1.73489, 1.73489, 1.73489, 1.73489, 1.7403, 1.73489
13.8088, 2.73978, 1.73169, 1.72714, 2.1771, 1.00809, 0, 1.72716, 1.72714, 1.72714, 1.72714, 1.72714, 1.72714, 1.72714, 1.72714, 1.72714, 1.72714, 1.72714, 1.72714, 1.72714, 1.72714, 1.72714, 1.72714, 1.72714, 1.72715, 1.72714, 1.72714, 1.73167, 1.72714
13.8166, 2.50384, 1.72341, 1.71942, 2.12223, 0.780428, 0, 1.71943, 1.71942, 1.71942, 1.71942, 1.71942, 1.71942, 1.71942, 1.71942, 1.71942, 1.71942, 1.71942, 1.71942, 1.71942, 1.71942, 1.71942, 1.71942, 1.71942, 1.71942, 1.71942, 1.71942, 1.7234, 1.71942
13.8245, 4.24089, 1.71804, 1.7143, 2.49818, 2.52285, 0, 1.7143, 1.7143, 1.7143, 1.7143, 1.7143, 1.7143, 1.7143, 1.7143, 1.7143, 1.7143, 1.7143, 1.7143, 1.7143, 1.7143, 1.7143, 1.7143, 1.7143, 1.7143, 1.7143, 1.7143, 1.71803, 1.7143
13.8324, 3.49641, 1.71176, 1.70799, 2.34444, 1.78465, 0, 1.70799, 1.70799, 1.70799, 1.70799, 1.70799, 1.70799, 1.70799, 1.70799, 1.70799, 1.70799, 1.70799, 1.70799, 1.70799, 1.70799, 1.70799, 1.70799, 1.70799, 1.70799, 1.70799, 1.70799, 1.71175, 1.70799
13.8403, 7.74944, 1.70478, 1.70073, 3.12241, 6.04467, 0, 1.70073, 1.70073, 1.70073, 1.70073, 1.70073, 1.70073, 1.70073, 1.70073, 1.70073, 1.70073, 1.70073, 1.70073, 1.70073, 1.70073, 1.70073, 1.70073, 1.70073, 1.70073, 1.70073, 1.70073, 1.70477, 1.70073
13.8481, 1.48417, 1.69758, 1.69301, 1.86659, -0.213407, 0, 1.69301, 1.69301, 1.69301, 1.69301, 1.69301, 1.69301, 1.69301, 1.69301, 1.69301, 1.69301, 1.69301, 1.69301, 1.69301, 1.69301, 1.69301, 1.69301, 1.69301, 1.69301, 1.69301, 1.69301, 1.69757, 1.69301
13.856, 3.51087, 1.69065, 1.68531, 2.34752, 1.82022, 0, 1.68531, 1.68531, 1.68531, 1.68531, 1.68531, 1.68531, 1.68531, 1.68531, 1.68531, 1.68531, 1.68531, 1.68531, 1.68531, 1.68531, 1.68531, 1.68531, 1.68531, 1.68531, 1.68531, 1.68531, 1.69065, 1.68531
13.8639, 1.23618, 1.68638, 1.68, 1.79894, -0.450195, 0, 1.68, 1.68, 1.68, 1.68, 1.68, 1.68, 1.68, 1.68, 1.68, 1.68, 1.68, 1.68, 1.68, 1.68, 1.68, 1.68, 1.68, 1.68, 1.68, 1.68, 1.68638, 1.68
13.8717, 3.75898, 1.68119, 1.6735, 2.39979, 2.07779, 0, 1.6735, 1.6735, 1.6735, 1.6735, 1.6735, 1.6735, 1.6735, 1.6735, 1.6735, 1.6735, 1.6735, 1.6735, 1.6735, 1.6735, 1.6735, 1.6735, 1.6735, 1.6735, 1.6735, 1.6735, 1.68119, 1.6735
13.8796, 2.99765, 1.67535, 1.66603, 2.23554, 1.32229, 0, 1.66603, 1.66603, 1.66603, 1.66603, 1.66603, 1.66603, 1.66603, 1.66603, 1.66603, 1.66603, 1.66603, 1.66603, 1.66603, 1.66603, 1.66603, 1.66603, 1.66603, 1.66604, 1.66603, 1.66603, 1.67535, 1.66603
13.8875, 2.99765, 1.66937, 1.6581, 2.23554, 1.32827, 0, 1.6581, 1.6581, 1.6581, 1.6581, 1.6581, 1.6581, 1.6581, 1.6581, 1.6581, 1.6581, 1.6581, 1.6581, 1.6581, 1.6581, 1.6581, 1.6581, 1.6581, 1.6581, 1.6581, 1.6581, 1.66937, 1.6581
13.8954, 4.22634, 1.66378, 1.65018, 2.49526, 2.56255, 0, 1.65018, 1.65018, 1.65018, 1.65018, 1.65018, 1.65018, 1.65018, 1.65018, 1.65018, 1.65018, 1.65018, 1.65018, 1.65018, 1.65018, 1.65018, 1.65018, 1.65018, 1.65018, 1.65018, 1.65018, 1.66378, 1.65018
13.9032, 2.54231, 1.66132, 1.64498, 2.13127, 0.880994, 0, 1.64498, 1.64498, 1.64498, 1.64498, 1.64498, 1.64498, 1.64498, 1.64498, 1.64498, 1.64498, 1.64498, 1.64498, 1.64498, 1.64498, 1.64498, 1.64498, 1.64498, 1.64498, 1.64498, 1.64498, 1.66132, 1.64498
13.9111, 1.44808, 1.65809, 1.63857, 1.8569, -0.210007, 0, 1.63857, 1.63857, 1.63857, 1.63857, 1.63857, 1.63857, 1.63857, 1.63857, 1.63857, 1.63857, 1.63857, 1.63857, 1.63857, 1.63857, 1.63857, 1.63857, 1.63857, 1.63857, 1.63857, 1.63857, 1.65808, 1.63857
13.919, 2.55192, 1.65434, 1.63117, 2.13352, 0.897583, 0, 1.63117, 1.63117, 1.63117, 1.63117, 1.63117, 1.63117, 1.63117, 1.63117, 1.63117, 1.63117, 1.63117, 1.63117, 1.63117, 1.63117, 1.63117, 1.63117, 1.63117, 1.63117, 1.63117, 1.63117, 1.65434, 1.63117
13.9268, 0, 1.65061, 1.62328, 1.41421, -1.65061, 0, 1.62328, 1.62328, 1.62328, 1.62328, 1.62328, 1.62328, 1.62328, 1.62328, 1.62328, 1.62328, 1.62328, 1.62328, 1.62328, 1.62328, 1.62328, 1.62328, 1.62328, 1.62329, 1.62328, 1.62328, 1.65061, 1.62328
13.9347, 2, 1.64745, 1.61542, 2, 0.352553, 0, 1.61542, 1.61542, 1.61542, 1.61542, 1.61542, 1.61542, 1.61542, 1.61542, 1.61542, 1.61542, 1.61542, 1.61542, 1.61542, 1.61542, 1.61542, 1.61542, 1.61542, 1.61542, 1.61542, 1.61542, 1.64745, 1.61542
13.9426, 0.428748, 1.64729, 1.60999, 1.55844, -1.21854, 0, 1.60999, 1.60999, 1.60999, 1.60999, 1.60999, 1.60999, 1.60999, 1.60999, 1.60999, 1.60999, 1.60999, 1.60999, 1.60999, 1.60999, 1.60999, 1.60999, 1.60999, 1.60999, 1.60999, 1.60999, 1.64729, 1.60999
13.9505, 4.20768, 1.64652, 1.60338, 2.49152, 2.56116, 0, 1.60338, 1.60338, 1.60338, 1.60338, 1.60338, 1.60338, 1.60338, 1.60338, 1.60338, 1.60338, 1.60338, 1.60338, 1.60338, 1.60338, 1.60338, 1.60338, 1.60338, 1.60338, 1.60338, 1.60338, 1.64652, 1.60338
13.9583, 3.78285, 1.64536, 1.59579, 2.40476, 2.13749, 0, 1.59579, 1.59579, 1.59579, 1.59579, 1.59579, 1.59579, 1.59579, 1.59579, 1.59579, 1.59579, 1.59579, 1.59579, 1.59579, 1.59579, 1.59579, 1.59579, 1.59579, 1.59579, 1.59579, 1.59579, 1.64535, 1.59579
13.9662, 2.58072, 1.64429, 1.58772, 2.14026, 0.936428, 0, 1.58772, 1.58772, 1.58772, 1.58772, 1.58772, 1.58772, 1.58772, 1.58772, 1.58772, 1.58772, 1.58772, 1.58772, 1.58772, 1.58772, 1.58772, 1.58772, 1.58772, 1.58772, 1.58772, 1.58772, 1.64429, 1.58772
13.9741, 4.40967, 1.64381, 1.57967, 2.53173, 2.76585, 0, 1.57967, 1.57967, 1.57967, 1.57967, 1.57967, 1.57967, 1.57967, 1.57967, 1.57967, 1.57967, 1.57967, 1.57967, 1.57967, 1.57967, 1.57967, 1.57967, 1.57967, 1.57967, 1.57967, 1.57967, 1.64381, 1.57967
13.9819, 5.79269, 1.64657, 1.57433, 2.79154, 4.14612, 0, 1.57433, 1.57433, 1.57433, 1.57433, 1.57433, 1.57433, 1.57433, 1.57433, 1.57433, 1.57433, 1.57433, 1.57433, 1.57433, 1.57433, 1.57433, 1.57433, 1.57433, 1.57433, 1.57433, 1.57433, 1.64657, 1.57433
13.9898, 2.99752, 1.64863, 1.56781, 2.23551, 1.34889, 0, 1.56781, 1.56781, 1.56781, 1.56781, 1.56781, 1.56781, 1.56781, 1.56781, 1.56781, 1.56781, 1.56781, 1.56781, 1.56781, 1.56781, 1.56781, 1.56781, 1.56781, 1.56781, 1.56781, 1.56781, 1.64863, 1.56781
13.9977, 2.99777, 1.65012, 1.56029, 2.23557, 1.34765, 0, 1.56029, 1.56029, 1.56029, 1.56029, 1.56029, 1.56029, 1.56029, 1.56029, 1.56029, 1.56029, 1.56029, 1.56029, 1.56029, 1.56029, 1.56029, 1.56029, 1.56029, 1.5603, 1.56029, 1.56029, 1.65011, 1.56029
14.0056, 0.802354, 1.65146, 1.5523, 1.67402, -0.849108, 0, 1.5523, 1.5523, 1.5523, 1.5523, 1.5523, 1.5523, 1.5523, 1.5523, 1.5523, 1.5523, 1.5523, 1.5523, 1.5523, 1.5523, 1.5523, 1.5523, 1.5523, 1.5523, 1.5523, 1.5523, 1.65146, 1.5523
14.0134, 1.19257, 1.65307, 1.54432, 1.78677, -0.460509, 0, 1.54432, 1.54432, 1.54432, 1.54432, 1.54432, 1.54432, 1.54432, 1.54432, 1.54432, 1.54432, 1.54432, 1.54432, 1.54432, 1.54432, 1.54432, 1.54432, 1.54432, 1.54433, 1.54432, 1.54432, 1.65307, 1.54432
14.0213, 3.1881, 1.65722, 1.53874, 2.27774, 1.53089, 0, 1.53874, 1.53874, 1.53874, 1.53874, 1.53874, 1.53874, 1.53874, 1.53874, 1.53874, 1.53874, 1.53874, 1.53874, 1.53874, 1.53874, 1.53874, 1.53874, 1.53874, 1.53874, 1.53874, 1.53874, 1.65722, 1.53874
14.0292, 1.80719, 1.66024, 1.53202, 1.9512, 0.146944, 0, 1.53202, 1.53202, 1.53202, 1.53202, 1.53202, 1.53202, 1.53202, 1.53202, 1.53202, 1.53202, 1.53202, 1.53202, 1.53202, 1.53202, 1.53202, 1.53202, 1.53202, 1.53202, 1.53202, 1.53202, 1.66024, 1.53202
14.037, 1.81214, 1.66219, 1.52434, 1.95247, 0.149949, 0, 1.52434, 1.52434, 1.52434, 1.52434, 1.52434, 1.52434, 1.52434, 1.52434, 1.52434, 1.52434, 1.52434, 1.52434, 1.52434, 1.52434, 1.52434, 1.52434, 1.52434, 1.52435, 1.52434, 1.52434, 1.66219, 1.52434
14.0449, 1.18315, 1.66343, 1.5162, 1.78414, -0.48028, 0, 1.5162, 1.5162, 1.5162, 1.5162, 1.5162, 1.5162, 1.5162, 1.5162, 1.5162, 1.5162, 1.5162, 1.5162, 1.5162, 1.5162, 1.5162, 1.5162, 1.5162, 1.5162, 1.5162, 1.5162, 1.66343, 1.5162
14.0528, 0.816853, 1.66429, 1.50808, 1.67835, -0.847434, 0, 1.50808, 1.50808, 1.50808, 1.50808, 1.50808, 1.50808, 1.50808, 1.50808, 1.50808, 1.50808, 1.50808, 1.50808, 1.50808, 1.50808, 1.50808, 1.50808, 1.50808, 1.50808, 1.50808, 1.50808, 1.66428, 1.50808
14.0607, 3, 1.66721, 1.50256, 2.23607, 1.33279, 0, 1.50256, 1.50256, 1.50256, 1.50256, 1.50256, 1.50256, 1.50256, 1.50256, 1.50256, 1.50256, 1.50256, 1.50256, 1.50256, 1.50256, 1.50256, 1.50256, 1.50256, 1.50256, 1.50256, 1.50256, 1.66721, 1.50256
14.0685, 0, 1.66833, 1.49592, 1.41421, -1.66833, 0, 1.49592, 1.49592, 1.49592, 1.49592, 1.49592, 1.49592, 1.49592, 1.49592, 1.49592, 1.49592, 1.49592, 1.49592, 1.49592, 1.49592, 1.49592, 1.49592, 1.49592, 1.49593, 1.49592, 1.49592, 1.66833, 1.49592
14.0764, 2.86679, 1.66769, 1.48834, 2.20608, 1.1991, 0, 1.48834, 1.48834, 1.48834, 1.48834, 1.48834, 1.48834, 1.48834, 1.48834, 1.48834, 1.48834, 1.48834, 1.48834, 1.48834, 1.48834, 1.48834, 1.48834, 1.48834, 1.48834, 1.48834, 1.48834, 1.66768, 1.48834
14.0843, 7.13321, 1.66563, 1.48029, 3.02212, 5.46757, 0, 1.48029, 1.48029, 1.48029, 1.48029, 1.48029, 1.48029, 1.48029, 1.48029, 1.48029, 1.48029, 1.48029, 1.48029, 1.48029, 1.48029, 1.48029, 1.48029, 1.48029, 1.48029, 1.48029, 1.48029, 1.66563, 1.48029
14.0921, 0.168649, 1.66255, 1.47226, 1.47263, -1.4939, 0, 1.47226, 1.47226, 1.47226, 1.47226, 1.47226, 1.47226, 1.47226, 1.47226, 1.47226, 1.47226, 1.47226, 1.47226, 1.47226, 1.47226, 1.47226, 1.47226, 1.47226, 1.47226, 1.47226, 1.47226, 1.66255, 1.47226
14.1, 0.831351, 1.6606, 1.4665, 1.68266, -0.829251, 0, 1.4665, 1.4665, 1.4665, 1.4665, 1.4665, 1.4665, 1.4665, 1.4665, 1.4665, 1.4665, 1.4665, 1.4665, 1.4665, 1.4665, 1.4665, 1.4665, 1.4665, 1.46651, 1.4665, 1.4665, 1.6606, 1.4665
14.1079, 3.16382, 1.65638, 1.45969, 2.2724, 1.50744, 0, 1.45969, 1.45969, 1.45969, 1.45969, 1.45969, 1.45969, 1.45969, 1.45969, 1.45969, 1.45969, 1.45969, 1.45969, 1.45969, 1.45969, 1.45969, 1.45969, 1.45969, 1.45969, 1.45969, 1.45969, 1.65637, 1.45969
14.1158, 3.99763, 1.64998, 1.45196, 2.449, 2.34765, 0, 1.45196, 1.45196, 1.45196, 1.45196, 1.45196, 1.45196, 1.45196, 1.45196, 1.45196, 1.45196, 1.45196, 1.45196, 1.45196, 1.45196, 1.45196, 1.45196, 1.45196, 1.45197, 1.45196, 1.45196, 1.64997, 1.45196
14.1236, 0.997418, 1.64185, 1.4438, 1.73131, -0.644428, 0, 1.4438, 1.4438, 1.4438, 1.4438, 1.4438, 1.4438, 1.4438, 1.4438, 1.4438, 1.4438, 1.4438, 1.4438, 1.4438, 1.4438, 1.4438, 1.4438, 1.4438, 1.4438, 1.4438, 1.4438, 1.64184, 1.4438
14.1315, 3.84114, 1.63245, 1.43566, 2.41685, 2.20869, 0, 1.43566, 1.43566, 1.43566, 1.43566, 1.43566, 1.43566, 1.43566, 1.43566, 1.43566, 1.43566, 1.43566, 1.43566, 1.43566, 1.43566, 1.43566, 1.43566, 1.43566, 1.43566, 1.43566, 1.43566, 1.63245, 1.43566
14.1394, 1.15415, 1.62418, 1.42989, 1.77599, -0.470027, 0, 1.42989, 1.42989, 1.42989, 1.42989, 1.42989, 1.42989, 1.42989, 1.42989, 1.42989, 1.42989, 1.42989, 1.42989, 1.42989, 1.42989, 1.42989, 1.42989, 1.42989, 1.4299, 1.42989, 1.42989, 1.62418, 1.42989
14.1472, 2.84585, 1.6137, 1.42314, 2.20133, 1.23214, 0, 1.42314, 1.42314, 1.42314, 1.42314, 1.42314, 1.42314, 1.42314, 1.42314, 1.42314, 1.42314, 1.42314, 1.42314, 1.42314, 1.42314, 1.42314, 1.42314, 1.42314, 1.42315, 1.42314, 1.42314, 1.6137, 1.42314
14.1551, 1.29864, 1.60124, 1.41554, 1.81622, -0.302598, 0, 1.41554, 1.41554, 1.41554, 1.41554, 1.41554, 1.41554, 1.41554, 1.41554, 1.41554, 1.41554, 1.41554, 1.41554, 1.41554, 1.41554, 1.41554, 1.41554, 1.41554, 1.41554, 1.41554, 1.41554, 1.60123, 1.41554
14.163, 2.70136, 1.58731, 1.40752, 2.16826, 1.11406, 0, 1.40752, 1.40752, 1.40752, 1.40752, 1.40752, 1.40752, 1.40752, 1.40752, 1.40752, 1.40752, 1.40752, 1.40752, 1.40752, 1.40752, 1.40752, 1.40752, 1.40752, 1.40752, 1.40752, 1.40752, 1.5873, 1.40752
14.1708, 2.14449, 1.57246, 1.39952, 2.0358, 0.572022, 0, 1.39952, 1.39952, 1.39952, 1.39952, 1.39952, 1.39952, 1.39952, 1.39952, 1.39952, 1.39952, 1.39952, 1.39952, 1.39952, 1.39952, 1.39952, 1.39952, 1.39952, 1.39952, 1.39952, 1.39952, 1.57246, 1.39952
14.1787, 1.85551, 1.55871, 1.39342, 1.96355, 0.296802, 0, 1.39342, 1.39342, 1.39342, 1.39342, 1.39342, 1.39342, 1.39342, 1.39342, 1.39342, 1.39342, 1.39342, 1.39342, 1.39342, 1.39342, 1.39342, 1.39342, 1.39342, 1.39343, 1.39342, 1.39342, 1.55871, 1.39342
14.1866, 3.13965, 1.54344, 1.38649, 2.26708, 1.59621, 0, 1.38649, 1.38649, 1.38649, 1.38649, 1.38649, 1.38649, 1.38649, 1.38649, 1.38649, 1.38649, 1.38649, 1.38649, 1.38649, 1.38649, 1.38649, 1.38649, 1.38649, 1.38649, 1.38649, 1.38649, 1.54344, 1.38649
14.1945, 1.27187, 1.52689, 1.37881, 1.80883, -0.255014, 0, 1.37881, 1.37881, 1.37881, 1.37881, 1.37881, 1.37881, 1.37881, 1.37881, 1.37881, 1.37881, 1.37881, 1.37881, 1.37881, 1.37881, 1.37881, 1.37881, 1.37881, 1.37881, 1.37881, 1.37881, 1.52688, 1.37881
14.2023, 3.85836, 1.50958, 1.37077, 2.42041, 2.34879, 0, 1.37077, 1.37077, 1.37077, 1.37077, 1.37077, 1.37077, 1.37077, 1.37077, 1.37077, 1.37077, 1.37077, 1.37077, 1.37077, 1.37077, 1.37077, 1.37077, 1.37077, 1.37077, 1.37077, 1.37077, 1.50958, 1.37077
14.2102, 2.73011, 1.49204, 1.36275, 2.17488, 1.23808, 0, 1.36275, 1.36275, 1.36275, 1.36275, 1.36275, 1.36275, 1.36275, 1.36275, 1.36275, 1.36275, 1.36275, 1.36275, 1.36275, 1.36275, 1.36275, 1.36275, 1.36275, 1.36275, 1.36275, 1.36275, 1.49203, 1.36275
14.2181, 0, 1.47612, 1.35648, 1.41421, -1.47612, 0, 1.35648, 1.35648, 1.35648, 1.35648, 1.35648, 1.35648, 1.35648, 1.35648, 1.35648, 1.35648, 1.35648, 1.35648, 1.35648, 1.35648, 1.35648, 1.35648, 1.35648, 1.35648, 1.35648, 1.35648, 1.47612, 1.35648
14.2259, 0.255483, 1.45957, 1.34956, 1.50183, -1.20409, 0, 1.34956, 1.34956, 1.34956, 1.34956, 1.34956, 1.34956, 1.34956, 1.34956, 1.34956, 1.34956, 1.34956, 1.34956, 1.34956, 1.34956, 1.34956, 1.34956, 1.34956, 1.34956, 1.34956, 1.34956, 1.45957, 1.34956
14.2338, 4.74452, 1.44255, 1.34205, 2.59702, 3.30196, 0, 1.34205, 1.34205, 1.34205, 1.34205, 1.34205, 1.34205, 1.34205, 1.34205, 1.34205, 1.34205, 1.34205, 1.34205, 1.34205, 1.34205, 1.34205, 1.34205, 1.34205, 1.34205, 1.34205, 1.34205, 1.44255, 1.34205
14.2417, 1, 1.42549, 1.33425, 1.73205, -0.425486, 0, 1.33425, 1.33425, 1.33425, 1.33425, 1.33425, 1.33425, 1.33425, 1.33425, 1.33425, 1.33425, 1.33425, 1.33425, 1.33425, 1.33425, 1.33425, 1.33425, 1.33425, 1.33425, 1.33425, 1.33425, 1.42548, 1.33425
14.2496, 2, 1.40877, 1.32648, 2, 0.591231, 0, 1.32648, 1.32648, 1.32648, 1.32648, 1.32648, 1.32648, 1.32648, 1.32648, 1.32648, 1.32648, 1.32648, 1.32648, 1.32648, 1.32648, 1.32648, 1.32648, 1.32648, 1.32648, 1.32648, 1.32648, 1.40877, 1.32648
14.2574, 0.235936, 1.39336, 1.31961, 1.4953, -1.15743, 0, 1.31961, 1.31961, 1.31961, 1.31961, 1.31961, 1.31961, 1.31961, 1.31961, 1.31961, 1.31961, 1.31961, 1.31961, 1.31961, 1.31961, 1.31961, 1.31961, 1.31961, 1.31961, 1.31961, 1.31961, 1.39336, 1.31961
14.2653, 3.76406, 1.37806, 1.31238, 2.40085, 2.38601, 0, 1.31238, 1.31238, 1.31238, 1.31238, 1.31238, 1.31238, 1.31238, 1.31238, 1.31238, 1.31238, 1.31238, 1.31238, 1.31238, 1.31238, 1.31238, 1.31238, 1.31238, 1.31238, 1.31238, 1.31238, 1.37805, 1.31238
14.2732, 1, 1.3629, 1.30478, 1.73205, -0.362899, 0, 1.30478, 1.30478, 1.30478, 1.30478, 1.30478, 1.30478, 1.30478, 1.30478, 1.30478, 1.30478, 1.30478, 1.30478, 1.30478, 1.30478, 1.30478, 1.30478, 1.30478, 1.30479, 1.30478, 1.30478, 1.3629, 1.30478
14.281, 0.332342, 1.34802, 1.29693, 1.5272, -1.01568, 0, 1.29693, 1.29693, 1.29693, 1.29693, 1.29693, 1.29693, 1.29693, 1.29693, 1.29693, 1.29693, 1.29693, 1.29693, 1.29693, 1.29693, 1.29693, 1.29693, 1.29693, 1.29693, 1.29693, 1.29693, 1.34802, 1.29693
14.2889, 2.88424, 1.33355, 1.2889, 2.21003, 1.55069, 0, 1.2889, 1.2889, 1.2889, 1.2889, 1.2889, 1.2889, 1.2889, 1.2889, 1.2889, 1.2889, 1.2889, 1.2889, 1.2889, 1.2889, 1.2889, 1.2889, 1.2889, 1.28891, 1.2889, 1.2889, 1.33355, 1.2889
14.2968, 1.78342, 1.31957, 1.28081, 1.9451, 0.463853, 0, 1.28081, 1.28081, 1.28081, 1.28081, 1.28081, 1.28081, 1.28081, 1.28081, 1.28081, 1.28081, 1.28081, 1.28081, 1.28081, 1.28081, 1.28081, 1.28081, 1.28081, 1.28081, 1.28081, 1.28081, 1.31957, 1.28081
14.3047, 2, 1.30606, 1.27263, 2, 0.693941, 0, 1.27263, 1.27263, 1.27263, 1.27263, 1.27263, 1.27263, 1.27263, 1.27263, 1.27263, 1.27263, 1.27263, 1.27263, 1.27263, 1.27263, 1.27263, 1.27263, 1.27263, 1.27263, 1.27263, 1.27263, 1.30606, 1.27263
14.3125, 0.303346, 1.29299, 1.26433, 1.51768, -0.989646, 0, 1.26433, 1.26433, 1.26433, 1.26433, 1.26433, 1.26433, 1.26433, 1.26433, 1.26433, 1.26433, 1.26433, 1.26433, 1.26433, 1.26433, 1.26433, 1.26433, 1.26433, 1.26434, 1.26433, 1.26433, 1.29299, 1.26433
14.3204, 2.79542, 1.28008, 1.25567, 2.18984, 1.51534, 0, 1.25567, 1.25567, 1.25567, 1.25567, 1.25567, 1.25567, 1.25567, 1.25567, 1.25567, 1.25567, 1.25567, 1.25567, 1.25567, 1.25567, 1.25567, 1.25567, 1.25567, 1.25567, 1.25567, 1.25567, 1.28007, 1.25567
14.3283, 1.99752, 1.26732, 1.24666, 1.99938, 0.730201, 0, 1.24666, 1.24666, 1.24666, 1.24666, 1.24666, 1.24666, 1.24666, 1.24666, 1.24666, 1.24666, 1.24666, 1.24666, 1.24666, 1.24666, 1.24666, 1.24666, 1.24666, 1.24666, 1.24666, 1.24666, 1.26732, 1.24666
14.3361, 1.99763, 1.25488, 1.2375, 1.99941, 0.742755, 0, 1.2375, 1.2375, 1.2375, 1.2375, 1.2375, 1.2375, 1.2375, 1.2375, 1.2375, 1.2375, 1.2375, 1.2375, 1.2375, 1.2375, 1.2375, 1.2375, 1.2375, 1.2375, 1.2375, 1.2375, 1.25488, 1.2375
14.344, 0.906084, 1.2429, 1.22838, 1.70472, -0.336817, 0, 1.22838, 1.22838, 1.22838, 1.22838, 1.22838, 1.22838, 1.22838, 1.22838, 1.22838, 1.22838, 1.22838, 1.22838, 1.22838, 1.22838, 1.22838, 1.22838, 1.22838, 1.22838, 1.22838, 1.22838, 1.2429, 1.22838
14.3519, 0.0889715, 1.23266, 1.2206, 1.44533, -1.14369, 0, 1.2206, 1.2206, 1.2206, 1.2206, 1.2206, 1.2206, 1.2206, 1.2206, 1.2206, 1.2206, 1.2206, 1.2206, 1.2206, 1.2206, 1.2206, 1.2206, 1.2206, 1.2206, 1.2206, 1.2206, 1.23266, 1.2206
14.3598, 0.911029, 1.22206, 1.2121, 1.70617, -0.311028, 0, 1.2121, 1.2121, 1.2121, 1.2121, 1.2121, 1.2121, 1.2121, 1.2121, 1.2121, 1.2121, 1.2121, 1.2121, 1.2121, 1.2121, 1.2121, 1.2121, 1.2121, 1.2121, 1.2121, 1.2121, 1.22205, 1.2121
14.3676, 1.08426, 1.21109, 1.20293, 1.75621, -0.126832, 0, 1.20293, 1.20293, 1.20293, 1.20293, 1.20293, 1.20293, 1.20293, 1.20293, 1.20293, 1.20293, 1.20293, 1.20293, 1.20293, 1.20293, 1.20293, 1.20293, 1.20293, 1.20293, 1.20293, 1.20293, 1.21109, 1.20293
14.3755, 1.99752, 1.2001, 1.19344, 1.99938, 0.797424, 0, 1.19344, 1.19344, 1.19344, 1.19344, 1.19344, 1.19344, 1.19344, 1.19344, 1.19344, 1.19344, 1.19344, 1.19344, 1.19344, 1.19344, 1.19344, 1.19344, 1.19344, 1.19344, 1.19344, 1.19344, 1.2001, 1.19344
14.3834, 3.23594, 1.18938, 1.18399, 2.28822, 2.04655, 0, 1.18399, 1.18399, 1.18399, 1.18399, 1.18399, 1.18399, 1.18399, 1.18399, 1.18399, 1.18399, 1.18399, 1.18399, 1.18399, 1.18399, 1.18399, 1.18399, 1.18399, 1.18399, 1.18399, 1.18399, 1.18938, 1.18399
14.3912, 5.68228, 1.18106, 1.17672, 2.77169, 4.50122, 0, 1.17672, 1.17672, 1.17672, 1.17672, 1.17672, 1.17672, 1.17672, 1.17672, 1.17672, 1.17672, 1.17672, 1.17672, 1.17672, 1.17672, 1.17672, 1.17672, 1.17672, 1.17672, 1.17672, 1.17672, 1.18106, 1.17672
14.3991, 1, 1.17197, 1.1685, 1.73205, -0.171971, 0, 1.1685, 1.1685, 1.1685, 1.1685, 1.1685, 1.1685, 1.1685, 1.1685, 1.1685, 1.1685, 1.1685, 1.1685, 1.1685, 1.1685, 1.1685, 1.1685, 1.1685, 1.1685, 1.1685, 1.1685, 1.17197, 1.1685
14.407, 0.072119, 1.16216, 1.1594, 1.43949, -1.09004, 0, 1.1594, 1.1594, 1.1594, 1.1594, 1.1594, 1.1594, 1.1594, 1.1594, 1.1594, 1.1594, 1.1594, 1.1594, 1.1594, 1.1594, 1.1594, 1.1594, 1.1594, 1.1594, 1.1594, 1.1594, 1.16216, 1.1594
14.4149, 0.927881, 1.15207, 1.14989, 1.71111, -0.224193, 0, 1.14989, 1.14989, 1.14989, 1.14989, 1.14989, 1.14989, 1.14989, 1.14989, 1.14989, 1.14989, 1.14989, 1.14989, 1.14989, 1.14989, 1.14989, 1.14989, 1.14989, 1.1499, 1.14989, 1.14989, 1.15207, 1.14989
14.4227, 1.13457, 1.14214, 1.14042, 1.77047, -0.00756252, 0, 1.14042, 1.14042, 1.14042, 1.14042, 1.14042, 1.14042, 1.14042, 1.14042, 1.14042, 1.14042, 1.14042, 1.14042, 1.14042, 1.14042, 1.14042, 1.14042, 1.14042, 1.14042, 1.14042, 1.14042, 1.14213, 1.14042
14.4306, 1.99554, 1.13486, 1.13352, 1.99888, 0.860683, 0, 1.13352, 1.13352, 1.13352, 1.13352, 1.13352, 1.13352, 1.13352, 1.13352, 1.13352, 1.13352, 1.13352, 1.13352, 1.13352, 1.13352, 1.13352, 1.13352, 1.13352, 1.13352, 1.13352, 1.13352, 1.13485, 1.13352
14.4385, 2.93247, 1.12648, 1.12545, 2.22092, 1.80598, 0, 1.12545, 1.12545, 1.12545, 1.12545, 1.12545, 1.12545, 1.12545, 1.12545, 1.12545, 1.12545, 1.12545, 1.12545, 1.12545, 1.12545, 1.12545, 1.12545, 1.12545, 1.12545, 1.12545, 1.12545, 1.12648, 1.12545
14.4463, 4.05761, 1.11711, 1.11631, 2.46122, 2.94049, 0, 1.11631, 1.11631, 1.11631, 1.11631, 1.11631, 1.11631, 1.11631, 1.11631, 1.11631, 1.11631, 1.11631, 1.11631, 1.11631, 1.11631, 1.11631, 1.11631, 1.11631, 1.11632, 1.11631, 1.11631, 1.11711, 1.11631
14.4542, 1.99531, 1.10729, 1.10668, 1.99883, 0.888018, 0, 1.10668, 1.10668, 1.10668, 1.10668, 1.10668, 1.10668, 1.10668, 1.10668, 1.10668, 1.10668, 1.10668, 1.10668, 1.10668, 1.10668, 1.10668, 1.10668, 1.10668, 1.10668, 1.10668, 1.10668, 1.10729, 1.10668
14.4621, 2.05031, 1.09755, 1.09708, 2.01254, 0.952763, 0, 1.09708, 1.09708, 1.09708, 1.09708, 1.09708, 1.09708, 1.09708, 1.09708, 1.09708, 1.09708, 1.09708, 1.09708, 1.09708, 1.09708, 1.09708, 1.09708, 1.09708, 1.09708, 1.09708, 1.09708, 1.09754, 1.09708
14.47, 2.93978, 1.09102, 1.09067, 2.22256, 1.84875, 0, 1.09067, 1.09067, 1.09067, 1.09067, 1.09067, 1.09067, 1.09067, 1.09067, 1.09067, 1.09067, 1.09067, 1.09067, 1.09067, 1.09067, 1.09067, 1.09067, 1.09067, 1.09067, 1.09067, 1.09067, 1.09102, 1.09067
14.4778, 3.0461, 1.08314, 1.08287, 2.24635, 1.96296, 0, 1.08287, 1.08287, 1.08287, 1.08287, 1.08287, 1.08287, 1.08287, 1.08287, 1.08287, 1.08287, 1.08287, 1.08287, 1.08287, 1.08287, 1.08287, 1.08287, 1.08287, 1.08287, 1.08287, 1.08287, 1.08313, 1.08287
14.4857, 4.84833, 1.07402, 1.07382, 2.61693, 3.77431, 0, 1.07382, 1.07382, 1.07382, 1.07382, 1.07382, 1.07382, 1.07382, 1.07382, 1.07382, 1.07382, 1.07382, 1.07382, 1.07382, 1.07382, 1.07382, 1.07382, 1.07382, 1.07382, 1.07382, 1.07382, 1.07402, 1.07382
14.4936, 0.045601, 1.06433, 1.06418, 1.43025, -1.01873, 0, 1.06418, 1.06418, 1.06418, 1.06418, 1.06418, 1.06418, 1.06418, 1.06418, 1.06418, 1.06418, 1.06418, 1.06418, 1.06418, 1.06418, 1.06418, 1.06418, 1.06418, 1.06418, 1.06418, 1.06418, 1.06432, 1.06418
14.5014, 2.04114, 1.05469, 1.05458, 2.01026, 0.986453, 0, 1.05458, 1.05458, 1.05458, 1.05458, 1.05458, 1.05458, 1.05458, 1.05458, 1.05458, 1.05458, 1.05458, 1.05458, 1.05458, 1.05458, 1.05458, 1.05458, 1.05458, 1.05458, 1.05458, 1.05458, 1.05468, 1.05458
14.5093, 2.95415, 1.04864, 1.04856, 2.22579, 1.9055, 0, 1.04856, 1.04856, 1.04856, 1.04856, 1.04856, 1.04856, 1.04856, 1.04856, 1.04856, 1.04856, 1.04856, 1.04856, 1.04856, 1.04856, 1.04856, 1.04856, 1.04856, 1.04856, 1.04856, 1.04856, 1.04864, 1.04856
14.5172, 3.03569, 1.04101, 1.04095, 2.24404, 1.99468, 0, 1.04095, 1.04095, 1.04095, 1.04095, 1.04095, 1.04095, 1.04095, 1.04095, 1.04095, 1.04095, 1.04095, 1.04095, 1.04095, 1.04095, 1.04095, 1.04095, 1.04095, 1.04095, 1.04095, 1.04095, 1.04101, 1.04095
14.5251, 3.95948, 1.03196, 1.03192, 2.4412, 2.92752, 0, 1.03192, 1.03192, 1.03192, 1.03192, 1.03192, 1.03192, 1.03192, 1.03192, 1.03192, 1.03192, 1.03192, 1.03192, 1.03192, 1.03192, 1.03192, 1.03192, 1.03192, 1.03192, 1.03192, 1.03192, 1.03196, 1.03192
14.5329, 1.96394, 1.02223, 1.0222, 1.99096, 0.941708, 0, 1.0222, 1.0222, 1.0222, 1.0222, 1.0222, 1.0222, 1.0222, 1.0222, 1.0222, 1.0222, 1.0222, 1.0222, 1.0222, 1.0222, 1.0222, 1.0222, 1.0222, 1.0222, 1.0222, 1.0222, 1.02223, 1.0222
14.5408, 2.0311, 1.01255, 1.01253, 2.00776, 1.01855, 0, 1.01253, 1.01253, 1.01253, 1.01253, 1.01253, 1.01253, 1.01253, 1.01253, 1.01253, 1.01253, 1.01253, 1.01253, 1.01253, 1.01253, 1.01253, 1.01253, 1.01253, 1.01253, 1.01253, 1.01253, 1.01255, 1.01253
14.5487, 0.99777, 1.00701, 1.00699, 1.73141, -0.00923723, 0, 1.00699, 1.00699, 1.00699, 1.00699, 1.00699, 1.00699, 1.00699, 1.00699, 1.00699, 1.00699, 1.00699, 1.00699, 1.00699, 1.00699, 1.00699, 1.00699, 1.00699, 1.00699, 1.00699, 1.00699, 1.007, 1.00699
14.5565, 0.971128, 0.999659, 0.999646, 1.7237, -0.028531, 0, 0.999646, 0.999646, 0.999646, 0.999646, 0.999646, 0.999646, 0.999646, 0.999646, 0.999646, 0.999646, 0.999646, 0.999646, 0.999646, 0.999646, 0.999646, 0.999646, 0.999646, 0.999648, 0.999646, 0.999646, 0.999657, 0.999646
14.5644, 0.095663, 0.990715, 0.990706, 1.44764, -0.895052, 0, 0.990706, 0.990706, 0.990706, 0.990706, 0.990706, 0.990706, 0.990706, 0.990706, 0.990706, 0.990706, 0.990706, 0.990706, 0.990706, 0.990706, 0.990706, 0.990706, 0.990706, 0.990708, 0.990706, 0.990706, 0.990713, 0.990706
14.5723, 4.90434, 0.981006, 0.980999, 2.62761, 3.92333, 0, 0.980999, 0.980999, 0.980999, 0.980999, 0.980999, 0.980999, 0.980999, 0.980999, 0.980999, 0.980999, 0.980999, 0.980999, 0.980999, 0.980999, 0.980999, 0.980999, 0.980999, 0.981001, 0.980999, 0.980999, 0.981004, 0.980999
14.5802, 5.01908, 0.971345, 0.971339, 2.64936, 4.04774, 0, 0.971339, 0.971339, 0.971339, 0.971339, 0.971339, 0.971339, 0.971339, 0.971339, 0.971339, 0.971339, 0.971339, 0.971339, 0.971339, 0.971339, 0.971339, 0.971339, 0.971339, 0.971341, 0.971339, 0.971339, 0.971343, 0.971339
14.588, 1.99765, 0.966216, 0.966211, 1.99941, 1.03143, 0, 0.966211, 0.966211, 0.966211, 0.966211, 0.966211, 0.966211, 0.966211, 0.966211, 0.966211, 0.966211, 0.966211, 0.966211, 0.966211, 0.966211, 0.966211, 0.966211, 0.966211, 0.966213, 0.966211, 0.966211, 0.966214, 0.966211
14.5959, 1.98327, 0.959096, 0.959092, 1.99581, 1.02418, 0, 0.959092, 0.959092, 0.959092, 0.959092, 0.959092, 0.959092, 0.959092, 0.959092, 0.959092, 0.959092, 0.959092, 0.959092, 0.959092, 0.959092, 0.959092, 0.959092, 0.959092, 0.959094, 0.959092, 0.959092, 0.959094, 0.959092
14.6038, 1.0119, 0.950219, 0.950216, 1.73548, 0.0616772, 0, 0.950216, 0.950216, 0.950216, 0.950216, 0.950216, 0.950216, 0.950216, 0.950216, 0.950216, 0.950216, 0.950216, 0.950216, 0.950216, 0.950216, 0.950216, 0.950216, 0.950216, 0.950217, 0.950216, 0.950216, 0.950217, 0.950216
14.6116, 1.00719, 0.940496, 0.940493, 1.73412, 0.0666915, 0, 0.940493, 0.940493, 0.940493, 0.940493, 0.940493, 0.940493, 0.940493, 0.940493, 0.940493, 0.940493, 0.940493, 0.940493, 0.940493, 0.940493, 0.940493, 0.940493, 0.940493, 0.940495, 0.940493, 0.940493, 0.940494, 0.940493
14.6195, 3.9881, 0.930823, 0.93082, 2.44706, 3.05728, 0, 0.93082, 0.93082, 0.93082, 0.93082, 0.93082, 0.93082, 0.93082, 0.93082, 0.93082, 0.93082, 0.93082, 0.93082, 0.93082, 0.93082, 0.93082, 0.93082, 0.93082, 0.930822, 0.93082, 0.93082, 0.930821, 0.93082
14.6274, 3.00198, 0.926138, 0.926136, 2.23651, 2.07585, 0, 0.926136, 0.926136, 0.926136, 0.926136, 0.926136, 0.926136, 0.926136, 0.926136, 0.926136, 0.926136, 0.926136, 0.926136, 0.926136, 0.926136, 0.926136, 0.926136, 0.926136, 0.926138, 0.926136, 0.926136, 0.926136, 0.926136
14.6353, 1.99083, 0.919279, 0.919277, 1.99771, 1.07155, 0, 0.919277, 0.919277, 0.919277, 0.919277, 0.919277, 0.919277, 0.919277, 0.919277, 0.919277, 0.919277, 0.919277, 0.919277, 0.919277, 0.919277, 0.919277, 0.919277, 0.919277, 0.919279, 0.919277, 0.919277, 0.919277, 0.919277
14.6431, 1, 0.910506, 0.910504, 1.73205, 0.089494, 0, 0.910504, 0.910504, 0.910504, 0.910504, 0.910504, 0.910504, 0.910504, 0.910504, 0.910504, 0.910504, 0.910504, 0.910504, 0.910504, 0.910504, 0.910504, 0.910504, 0.910504, 0.910506, 0.910504, 0.910504, 0.910504, 0.910504
14.651, 0.997398, 0.90081, 0.900808, 1.7313, 0.0965875, 0, 0.900808, 0.900808, 0.900808, 0.900808, 0.900808, 0.900808, 0.900808, 0.900808, 0.900808, 0.900808, 0.900808, 0.900808, 0.900808, 0.900808, 0.900808, 0.900808, 0.900808, 0.90081, 0.900808, 0.900808, 0.900808, 0.900808
14.6589, 1.0026, 0.891166, 0.891164, 1.7328, 0.111436, 0, 0.891164, 0.891164, 0.891164, 0.891164, 0.891164, 0.891164, 0.891164, 0.891164, 0.891164, 0.891164, 0.891164, 0.891164, 0.891164, 0.891164, 0.891164, 0.891164, 0.891164, 0.891166, 0.891164, 0.891164, 0.891164, 0.891164
14.6667, 1.98538, 0.886913, 0.886911, 1.99634, 1.09846, 0, 0.886911, 0.886911, 0.886911, 0.886911, 0.886911, 0.886911, 0.886911, 0.886911, 0.886911, 0.886911, 0.886911, 0.886911, 0.886911, 0.886911, 0.886911, 0.886911, 0.886911, 0.886913, 0.886911, 0.886911, 0.886911, 0.886911
14.6746, 1.00471, 0.880311, 0.880309, 1.73341, 0.124399, 0, 0.880309, 0.880309, 0.880309, 0.880309, 0.880309, 0.880309, 0.880309, 0.880309, 0.880309, 0.880309, 0.880309, 0.880309, 0.880309, 0.880309, 0.880309, 0.880309, 0.880309, 0.880311, 0.880309, 0.880309, 0.880309, 0.880309
14.6825, 1.00991, 0.871644, 0.871642, 1.73491, 0.138268, 0, 0.871642, 0.871642, 0.871642, 0.871642, 0.871642, 0.871642, 0.871642, 0.871642, 0.871642, 0.871642, 0.871642, 0.871642, 0.871642, 0.871642, 0.871642, 0.871642, 0.871642, 0.871644, 0.871642, 0.871642, 0.871642, 0.871642
14.6904, 2, 0.861982, 0.86198, 2, 1.13802, 0, 0.86198, 0.86198, 0.86198, 0.86198, 0.86198, 0.86198, 0.86198, 0.86198, 0.86198, 0.86198, 0.86198, 0.86198, 0.86198, 0.86198, 0.86198, 0.86198, 0.86198, 0.861982, 0.86198, 0.86198, 0.86198, 0.86198
14.6982, 0, 0.852374, 0.852372, 1.41421, -0.852374, 0, 0.852372, 0.852372, 0.852372, 0.852372, 0.852372, 0.852372, 0.852372, 0.852372, 0.852372, 0.852372, 0.852372, 0.852372, 0.852372, 0.852372, 0.852372, 0.852372, 0.852372, 0.852374, 0.852372, 0.852372, 0.852372, 0.852372
14.7061, 1.98067, 0.849263, 0.849262, 1.99516, 1.13141, 0, 0.849262, 0.849262, 0.849262, 0.849262, 0.849262, 0.849262, 0.849262, 0.849262, 0.849262, 0.849262, 0.849262, 0.849262, 0.849262, 0.849262, 0.849262, 0.849262, 0.849262, 0.849263, 0.849262, 0.849262, 0.849262, 0.849262
14.714, 1.01933, 0.843198, 0.843196, 1.73762, 0.176133, 0, 0.843196, 0.843196, 0.843196, 0.843196, 0.843196, 0.843196, 0.843196, 0.843196, 0.843196, 0.843196, 0.843196, 0.843196, 0.843196, 0.843196, 0.843196, 0.843196, 0.843196, 0.843198, 0.843196, 0.843196, 0.843196, 0.843196
14.7218, 2, 0.834456, 0.834454, 2, 1.16554, 0, 0.834454, 0.834454, 0.834454, 0.834454, 0.834454, 0.834454, 0.834454, 0.834454, 0.834454, 0.834454, 0.834454, 0.834454, 0.834454, 0.834454, 0.834454, 0.834454, 0.834454, 0.834456, 0.834454, 0.834454, 0.834454, 0.834454
14.7297, 0, 0.82442, 0.824418, 1.41421, -0.82442, 0, 0.824418, 0.824418, 0.824418, 0.824418, 0.824418, 0.824418, 0.824418, 0.824418, 0.824418, 0.824418, 0.824418, 0.824418, 0.824418, 0.824418, 0.824418, 0.824418, 0.824418, 0.82442, 0.824418, 0.824418, 0.824418, 0.824418
14.7376, 0, 0.814444, 0.814442, 1.41421, -0.814444, 0, 0.814442, 0.814442, 0.814442, 0.814442, 0.814442, 0.814442, 0.814442, 0.814442, 0.814442, 0.814442, 0.814442, 0.814442, 0.814442, 0.814442, 0.814442, 0.814442, 0.814442, 0.814444, 0.814442, 0.814442, 0.814442, 0.814442
14.7455, 0, 0.817549, 0.817547, 1.41421, -0.817549, 0, 0.817547, 0.817547, 0.817547, 0.817547, 0.817547, 0.817547, 0.817547, 0.817547, 0.817547, 0.817547, 0.817547, 0.817547, 0.817547, 0.817547, 0.817547, 0.817547, 0.817547, 0.817549, 0.817547, 0.817547, 0.817547, 0.817547
14.7533, 1, 0.818277, 0.818275, 1.73205, 0.181723, 0, 0.818275, 0.818275, 0.818275, 0.818275, 0.818275, 0.818275, 0.818275, 0.818275, 0.818275, 0.818275, 0.818275, 0.818275, 0.818275, 0.818275, 0.818275, 0.818275, 0.818275, 0.818277, 0.818275, 0.818275, 0.818275, 0.818275
14.7612, 0.963693, 0.816839, 0.816837, 1.72154, 0.146854, 0, 0.816837, 0.816837, 0.816837, 0.816837, 0.816837, 0.816837, 0.816837, 0.816837, 0.816837, 0.816837, 0.816837, 0.816837, 0.816837, 0.816837, 0.816837, 0.816837, 0.816837, 0.816839, 0.816837, 0.816837, 0.816837, 0.816837
14.7691, 0.997522, 0.814321, 0.814319, 1.73134, 0.183201, 0, 0.814319, 0.814319, 0.814319, 0.814319, 0.814319, 0.814319, 0.814319, 0.814319, 0.814319, 0.814319, 0.814319, 0.814319, 0.814319, 0.814319, 0.814319, 0.814319, 0.814319, 0.814321, 0.814319, 0.814319, 0.814319, 0.814319
14.7769, 0.997651, 0.811807, 0.811805, 1.73137, 0.185844, 0, 0.811805, 0.811805, 0.811805, 0.811805, 0.811805, 0.811805, 0.811805, 0.811805, 0.811805, 0.811805, 0.811805, 0.811805, 0.811805, 0.811805, 0.811805, 0.811805, 0.811805, 0.811807, 0.811805, 0.811805, 0.811805, 0.811805
14.7848, 3.04113, 0.812638, 0.812636, 2.24525, 2.2285, 0, 0.812636, 0.812636, 0.812636, 0.812636, 0.812636, 0.812636, 0.812636, 0.812636, 0.812636, 0.812636, 0.812636, 0.812636, 0.812636, 0.812636, 0.812636, 0.812636, 0.812636, 0.812638, 0.812636, 0.812636, 0.812636, 0.812636
14.7927, 1.90781, 0.812559, 0.812557, 1.97682, 1.09525, 0, 0.812557, 0.812557, 0.812557, 0.812557, 0.812557, 0.812557, 0.812557, 0.812557, 0.812557, 0.812557, 0.812557, 0.812557, 0.812557, 0.812557, 0.812557, 0.812557, 0.812557, 0.812559, 0.812557, 0.812557, 0.812557, 0.812557
14.8006, 1.04387, 0.811692, 0.811691, 1.74467, 0.232174, 0, 0.811691, 0.811691, 0.811691, 0.811691, 0.811691, 0.811691, 0.811691, 0.811691, 0.811691, 0.811691, 0.811691, 0.811691, 0.811691, 0.811691, 0.811691, 0.811691, 0.811691, 0.811692, 0.811691, 0.811691, 0.811691, 0.811691
14.8084, 1.94672, 0.810407, 0.810405, 1.98663, 1.13631, 0, 0.810405, 0.810405, 0.810405, 0.810405, 0.810405, 0.810405, 0.810405, 0.810405, 0.810405, 0.810405, 0.810405, 0.810405, 0.810405, 0.810405, 0.810405, 0.810405, 0.810405, 0.810407, 0.810405, 0.810405, 0.810405, 0.810405
14.8163, 1.99529, 0.808901, 0.808899, 1.99882, 1.18639, 0, 0.808899, 0.808899, 0.808899, 0.808899, 0.808899, 0.808899, 0.808899, 0.808899, 0.808899, 0.808899, 0.808899, 0.808899, 0.808899, 0.808899, 0.808899, 0.808899, 0.808899, 0.808901, 0.808899, 0.808899, 0.808899, 0.808899
14.8242, 0.10632, 0.807279, 0.807277, 1.45132, -0.70096, 0, 0.807277, 0.807277, 0.807277, 0.807277, 0.807277, 0.807277, 0.807277, 0.807277, 0.807277, 0.807277, 0.807277, 0.807277, 0.807277, 0.807277, 0.807277, 0.807277, 0.807277, 0.807279, 0.807277, 0.807277, 0.807277, 0.807277
14.832, 3.82602, 0.805598, 0.805596, 2.41372, 3.02042, 0, 0.805596, 0.805596, 0.805596, 0.805596, 0.805596, 0.805596, 0.805596, 0.805596, 0.805596, 0.805596, 0.805596, 0.805596, 0.805596, 0.805596, 0.805596, 0.805596, 0.805596, 0.805598, 0.805596, 0.805596, 0.805596, 0.805596
14.8399, 1.17398, 0.803885, 0.803883, 1.78157, 0.370093, 0, 0.803883, 0.803883, 0.803883, 0.803883, 0.803883, 0.803883, 0.803883, 0.803883, 0.803883, 0.803883, 0.803883, 0.803883, 0.803883, 0.803883, 0.803883, 0.803883, 0.803883, 0.803885, 0.803883, 0.803883, 0.803883, 0.803883
14.8478, 1.93717, 0.801948, 0.801946, 1.98423, 1.13523, 0, 0.801946, 0.801946, 0.801946, 0.801946, 0.801946, 0.801946, 0.801946, 0.801946, 0.801946, 0.801946, 0.801946, 0.801946, 0.801946, 0.801946, 0.801946, 0.801946, 0.801946, 0.801948, 0.801946, 0.801946, 0.801946, 0.801946
14.8557, 0.0628253, 0.799715, 0.799713, 1.43625, -0.73689, 0, 0.799713, 0.799713, 0.799713, 0.799713, 0.799713, 0.799713, 0.799713, 0.799713, 0.799713, 0.799713, 0.799713, 0.799713, 0.799713, 0.799713, 0.799713, 0.799713, 0.799713, 0.799715, 0.799713, 0.799713, 0.799713, 0.799713
14.8635, 2.79703, 0.796995, 0.796993, 2.19021, 2.00003, 0, 0.796993, 0.796993, 0.796993, 0.796993, 0.796993, 0.796993, 0.796993, 0.796993, 0.796993, 0.796993, 0.796993, 0.796993, 0.796993, 0.796993, 0.796993, 0.796993, 0.796993, 0.796995, 0.796993, 0.796993, 0.796993, 0.796993
14.8714, 2.13296, 0.793865, 0.793863, 2.03297, 1.3391, 0, 0.793863, 0.793863, 0.793863, 0.793863, 0.793863, 0.793863, 0.793863, 0.793863, 0.793863, 0.793863, 0.793863, 0.793863, 0.793863, 0.793863, 0.793863, 0.793863, 0.793863, 0.793865, 0.793863, 0.793863, 0.793863, 0.793863
14.8793, 0.997522, 0.790238, 0.790236, 1.73134, 0.207284, 0, 0.790236, 0.790236, 0.790236, 0.790236, 0.790236, 0.790236, 0.790236, 0.790236, 0.790236, 0.790236, 0.790236, 0.790236, 0.790236, 0.790236, 0.790236, 0.790236, 0.790236, 0.790238, 0.790236, 0.790236, 0.790236, 0.790236
14.8871, 1.07249, 0.78622, 0.786218, 1.75285, 0.28627, 0, 0.786218, 0.786218, 0.786218, 0.786218, 0.786218, 0.786218, 0.786218, 0.786218, 0.786218, 0.786218, 0.786218, 0.786218, 0.786218, 0.786218, 0.786218, 0.786218, 0.786218, 0.78622, 0.786218, 0.786218, 0.786218, 0.786218
14.895, 0.922677, 0.78194, 0.781938, 1.70958, 0.140736, 0, 0.781938, 0.781938, 0.781938, 0.781938, 0.781938, 0.781938, 0.781938, 0.781938, 0.781938, 0.781938, 0.781938, 0.781938, 0.781938, 0.781938, 0.781938, 0.781938, 0.781938, 0.78194, 0.781938, 0.781938, 0.781938, 0.781938
14.9029, 1.07732, 0.777499, 0.777497, 1.75423, 0.299824, 0, 0.777497, 0.777497, 0.777497, 0.777497, 0.777497, 0.777497, 0.777497, 0.777497, 0.777497, 0.777497, 0.777497, 0.777497, 0.777497, 0.777497, 0.777497, 0.777497, 0.777497, 0.777499, 0.777497, 0.777497, 0.777497, 0.777497
14.9108, 1.83569, 0.772985, 0.772983, 1.95849, 1.0627, 0, 0.772983, 0.772983, 0.772983, 0.772983, 0.772983, 0.772983, 0.772983, 0.772983, 0.772983, 0.772983, 0.772983, 0.772983, 0.772983, 0.772983, 0.772983, 0.772983, 0.772983, 0.772985, 0.772983, 0.772983, 0.772983, 0.772983
14.9186, 0.164312, 0.768484, 0.768482, 1.47116, -0.604171, 0, 0.768482, 0.768482, 0.768482, 0.768482, 0.768482, 0.768482, 0.768482, 0.768482, 0.768482, 0.768482, 0.768482, 0.768482, 0.768482, 0.768482, 0.768482, 0.768482, 0.768482, 0.768484, 0.768482, 0.768482, 0.768482, 0.768482
14.9265, 1, 0.764928, 0.764926, 1.73205, 0.235072, 0, 0.764926, 0.764926, 0.764926, 0.764926, 0.764926, 0.764926, 0.764926, 0.764926, 0.764926, 0.764926, 0.764926, 0.764926, 0.764926, 0.764926, 0.764926, 0.764926, 0.764926, 0.764928, 0.764926, 0.764926, 0.764926, 0.764926
14.9344, 1, 0.760221, 0.760219, 1.73205, 0.239779, 0, 0.760219, 0.760219, 0.760219, 0.760219, 0.760219, 0.760219, 0.760219, 0.760219, 0.760219, 0.760219, 0.760219, 0.760219, 0.760219, 0.760219, 0.760219, 0.760219, 0.760219, 0.760221, 0.760219, 0.760219, 0.760219, 0.760219
14.9422, 0, 0.754528, 0.754526, 1.41421, -0.754528, 0, 0.754526, 0.754526, 0.754526, 0.754526, 0.754526, 0.754526, 0.754526, 0.754526, 0.754526, 0.754526, 0.754526, 0.754526, 0.754526, 0.754526, 0.754526, 0.754526, 0.754526, 0.754528, 0.754526, 0.754526, 0.754526, 0.754526
14.9501, 1.90571, 0.748357, 0.748355, 1.97629, 1.15735, 0, 0.748355, 0.748355, 0.748355, 0.748355, 0.748355, 0.748355, 0.748355, 0.748355, 0.748355, 0.748355, 0.748355, 0.748355, 0.748355, 0.748355, 0.748355, 0.748355, 0.748355, 0.748357, 0.748355, 0.748355, 0.748355, 0.748355
14.958, 0.0942882, 0.742212, 0.74221, 1.44717, -0.647924, 0, 0.74221, 0.74221, 0.74221, 0.74221, 0.74221, 0.74221, 0.74221, 0.74221, 0.74221, 0.74221, 0.74221, 0.74221, 0.74221, 0.74221, 0.74221, 0.74221, 0.74221, 0.742212, 0.74221, 0.74221, 0.74221, 0.74221
14.9658, 0, 0.745897, 0.745895, 1.41421, -0.745897, 0, 0.745895, 0.745895, 0.745895, 0.745895, 0.745895, 0.745895, 0.745895, 0.745895, 0.745895, 0.745895, 0.745895, 0.745895, 0.745895, 0.745895, 0.745895, 0.745895, 0.745895, 0.745897, 0.745895, 0.745895, 0.745895, 0.745895
14.9737, 0.898513, 0.747615, 0.747613, 1.7025, 0.150898, 0, 0.747613, 0.747613, 0.747613, 0.747613, 0.747613, 0.747613, 0.747613, 0.747613, 0.747613, 0.747613, 0.747613, 0.747613, 0.747613, 0.747613, 0.747613, 0.747613, 0.747613, 0.747615, 0.747613, 0.747613, 0.747613, 0.747613
14.9816, 0.99777, 0.74745, 0.747448, 1.73141, 0.250319, 0, 0.747448, 0.747448, 0.747448, 0.747448, 0.747448, 0.747448, 0.747448, 0.747448, 0.747448, 0.747448, 0.747448, 0.747448, 0.747448, 0.747448, 0.747448, 0.747448, 0.747448, 0.74745, 0.747448, 0.747448, 0.747448, 0.747448
14.9895, 1.99752, 0.746344, 0.746342, 1.99938, 1.25118, 0, 0.746342, 0.746342, 0.746342, 0.746342, 0.746342, 0.746342, 0.746342, 0.746342, 0.746342, 0.746342, 0.746342, 0.746342, 0.746342, 0.746342, 0.746342, 0.746342, 0.746342, 0.746344, 0.746342, 0.746342, 0.746342, 0.746342
14.9973, 0.106196, 0.745239, 0.745237, 1.45127, -0.639043, 0, 0.745237, 0.745237, 0.745237, 0.745237, 0.745237, 0.745237, 0.745237, 0.745237, 0.745237, 0.745237, 0.745237, 0.745237, 0.745237, 0.745237, 0.745237, 0.745237, 0.745237, 0.745239, 0.745237, 0.745237, 0.745237, 0.745237
15.0052, 1.88897, 0.747683, 0.747681, 1.97205, 1.14129, 0, 0.747681, 0.747681, 0.747681, 0.747681, 0.747681, 0.747681, 0.747681, 0.747681, 0.747681, 0.747681, 0.747681, 0.747681, 0.747681, 0.747681, 0.747681, 0.747681, 0.747681, 0.747683, 0.747681, 0.747681, 0.747681, 0.747681
15.0131, 4.88402, 0.748942, 0.74894, 2.62374, 4.13507, 0, 0.74894, 0.74894, 0.74894, 0.74894, 0.74894, 0.74894, 0.74894, 0.74894, 0.74894, 0.74894, 0.74894, 0.74894, 0.74894, 0.74894, 0.74894, 0.74894, 0.74894, 0.748942, 0.74894, 0.74894, 0.74894, 0.74894
15.0209, 2.11103, 0.749089, 0.749087, 2.02757, 1.36194, 0, 0.749087, 0.749087, 0.749087, 0.749087, 0.749087, 0.749087, 0.749087, 0.749087, 0.749087, 0.749087, 0.749087, 0.749087, 0.749087, 0.749087, 0.749087, 0.749087, 0.749087, 0.749089, 0.749087, 0.749087, 0.749087, 0.749087
15.0288, 1.11599, 0.74868, 0.748678, 1.76522, 0.367305, 0, 0.748678, 0.748678, 0.748678, 0.748678, 0.748678, 0.748678, 0.748678, 0.748678, 0.748678, 0.748678, 0.748678, 0.748678, 0.748678, 0.748678, 0.748678, 0.748678, 0.748678, 0.74868, 0.748678, 0.748678, 0.748678, 0.748678
15.0367, 3.75861, 0.748271, 0.748269, 2.39971, 3.01034, 0, 0.748269, 0.748269, 0.748269, 0.748269, 0.748269, 0.748269, 0.748269, 0.748269, 0.748269, 0.748269, 0.748269, 0.748269, 0.748269, 0.748269, 0.748269, 0.748269, 0.748269, 0.748271, 0.748269, 0.748269, 0.748269, 0.748269
15.0446, 0.241388, 0.750111, 0.750109, 1.49713, -0.508723, 0, 0.750109, 0.750109, 0.750109, 0.750109, 0.750109, 0.750109, 0.750109, 0.750109, 0.750109, 0.750109, 0.750109, 0.750109, 0.750109, 0.750109, 0.750109, 0.750109, 0.750109, 0.750111, 0.750109, 0.750109, 0.750109, 0.750109
15.0524, 0.874597, 0.751095, 0.751093, 1.69546, 0.123503, 0, 0.751093, 0.751093, 0.751093, 0.751093, 0.751093, 0.751093, 0.751093, 0.751093, 0.751093, 0.751093, 0.751093, 0.751093, 0.751093, 0.751093, 0.751093, 0.751093, 0.751093, 0.751095, 0.751093, 0.751093, 0.751093, 0.751093
15.0603, 2.1254, 0.75128, 0.751278, 2.03111, 1.37412, 0, 0.751278, 0.751278, 0.751278, 0.751278, 0.751278, 0.751278, 0.751278, 0.751278, 0.751278, 0.751278, 0.751278, 0.751278, 0.751278, 0.751278, 0.751278, 0.751278, 0.751278, 0.75128, 0.751278, 0.751278, 0.751278, 0.751278
15.0682, 0.869641, 0.751066, 0.751064, 1.694, 0.118574, 0, 0.751064, 0.751064, 0.751064, 0.751064, 0.751064, 0.751064, 0.751064, 0.751064, 0.751064, 0.751064, 0.751064, 0.751064, 0.751064, 0.751064, 0.751064, 0.751064, 0.751064, 0.751066, 0.751064, 0.751064, 0.751064, 0.751064
15.076, 2.86493, 0.750853, 0.750851, 2.20566, 2.11408, 0, 0.750851, 0.750851, 0.750851, 0.750851, 0.750851, 0.750851, 0.750851, 0.750851, 0.750851, 0.750851, 0.750851, 0.750851, 0.750851, 0.750851, 0.750851, 0.750851, 0.750851, 0.750853, 0.750851, 0.750851, 0.750851, 0.750851
15.0839, 1.13024, 0.75225, 0.752248, 1.76925, 0.377986, 0, 0.752248, 0.752248, 0.752248, 0.752248, 0.752248, 0.752248, 0.752248, 0.752248, 0.752248, 0.752248, 0.752248, 0.752248, 0.752248, 0.752248, 0.752248, 0.752248, 0.752248, 0.75225, 0.752248, 0.752248, 0.752248, 0.752248
15.0918, 0.135192, 0.75308, 0.753078, 1.46123, -0.617888, 0, 0.753078, 0.753078, 0.753078, 0.753078, 0.753078, 0.753078, 0.753078, 0.753078, 0.753078, 0.753078, 0.753078, 0.753078, 0.753078, 0.753078, 0.753078, 0.753078, 0.753078, 0.75308, 0.753078, 0.753078, 0.753078, 0.753078
15.0997, 1.8601, 0.753377, 0.753375, 1.96471, 1.10672, 0, 0.753375, 0.753375, 0.753375, 0.753375, 0.753375, 0.753375, 0.753375, 0.753375, 0.753375, 0.753375, 0.753375, 0.753375, 0.753375, 0.753375, 0.753375, 0.753375, 0.753375, 0.753377, 0.753375, 0.753375, 0.753375, 0.753375
15.1075, 1.99742, 0.753408, 0.753406, 1.99935, 1.24401, 0, 0.753406, 0.753406, 0.753406, 0.753406, 0.753406, 0.753406, 0.753406, 0.753406, 0.753406, 0.753406, 0.753406, 0.753406, 0.753406, 0.753406, 0.753406, 0.753406, 0.753406, 0.753408, 0.753406, 0.753406, 0.753406, 0.753406
15.1154, 1.14249, 0.753439, 0.753437, 1.77271, 0.389047, 0, 0.753437, 0.753437, 0.753437, 0.753437, 0.753437, 0.753437, 0.753437, 0.753437, 0.753437, 0.753437, 0.753437, 0.753437, 0.753437, 0.753437, 0.753437, 0.753437, 0.753437, 0.753439, 0.753437, 0.753437, 0.753437, 0.753437
15.1233, 0.852788, 0.753777, 0.753775, 1.68902, 0.0990112, 0, 0.753775, 0.753775, 0.753775, 0.753775, 0.753775, 0.753775, 0.753775, 0.753775, 0.753775, 0.753775, 0.753775, 0.753775, 0.753775, 0.753775, 0.753775, 0.753775, 0.753775, 0.753777, 0.753775, 0.753775, 0.753775, 0.753775
15.1311, 0.997522, 0.753957, 0.753955, 1.73134, 0.243565, 0, 0.753955, 0.753955, 0.753955, 0.753955, 0.753955, 0.753955, 0.753955, 0.753955, 0.753955, 0.753955, 0.753955, 0.753955, 0.753955, 0.753955, 0.753955, 0.753955, 0.753955, 0.753957, 0.753955, 0.753955, 0.753955, 0.753955
15.139, 1.99765, 0.7538, 0.753798, 1.99941, 1.24385, 0, 0.753798, 0.753798, 0.753798, 0.753798, 0.753798, 0.753798, 0.753798, 0.753798, 0.753798, 0.753798, 0.753798, 0.753798, 0.753798, 0.753798, 0.753798, 0.753798, 0.753798, 0.7538, 0.753798, 0.753798, 0.753798, 0.753798
15.1469, 0.152045, 0.753345, 0.753343, 1.46698, -0.601301, 0, 0.753343, 0.753343, 0.753343, 0.753343, 0.753343, 0.753343, 0.753343, 0.753343, 0.753343, 0.753343, 0.753343, 0.753343, 0.753343, 0.753343, 0.753343, 0.753343, 0.753343, 0.753345, 0.753343, 0.753343, 0.753343, 0.753343
15.1548, 1.68625, 0.752605, 0.752603, 1.91996, 0.93364, 0, 0.752603, 0.752603, 0.752603, 0.752603, 0.752603, 0.752603, 0.752603, 0.752603, 0.752603, 0.752603, 0.752603, 0.752603, 0.752603, 0.752603, 0.752603, 0.752603, 0.752603, 0.752605, 0.752603, 0.752603, 0.752603, 0.752603
15.1626, 1.31375, 0.751636, 0.751634, 1.82037, 0.562119, 0, 0.751634, 0.751634, 0.751634, 0.751634, 0.751634, 0.751634, 0.751634, 0.751634, 0.751634, 0.751634, 0.751634, 0.751634, 0.751634, 0.751634, 0.751634, 0.751634, 0.751634, 0.751636, 0.751634, 0.751634, 0.751634, 0.751634
15.1705, 0, 0.750509, 0.750507, 1.41421, -0.750509, 0, 0.750507, 0.750507, 0.750507, 0.750507, 0.750507, 0.750507, 0.750507, 0.750507, 0.750507, 0.750507, 0.750507, 0.750507, 0.750507, 0.750507, 0.750507, 0.750507, 0.750507, 0.750509, 0.750507, 0.750507, 0.750507, 0.750507
15.1784, 0, 0.749079, 0.749077, 1.41421, -0.749079, 0, 0.749077, 0.749077, 0.749077, 0.749077, 0.749077, 0.749077, 0.749077, 0.749077, 0.749077, 0.749077, 0.749077, 0.749077, 0.749077, 0.749077, 0.749077, 0.749077, 0.749077, 0.749079, 0.749077, 0.749077, 0.749077, 0.749077
15.1862, 1, 0.747384, 0.747382, 1.73205, 0.252616, 0, 0.747382, 0.747382, 0.747382, 0.747382, 0.747382, 0.747382, 0.747382, 0.747382, 0.747382, 0.747382, 0.747382, 0.747382, 0.747382, 0.747382, 0.747382, 0.747382, 0.747382, 0.747384, 0.747382, 0.747382, 0.747382, 0.747382
15.1941, 0, 0.74556, 0.745558, 1.41421, -0.74556, 0, 0.745558, 0.745558, 0.745558, 0.745558, 0.745558, 0.745558, 0.745558, 0.745558, 0.745558, 0.745558, 0.745558, 0.745558, 0.745558, 0.745558, 0.745558, 0.745558, 0.745558, 0.74556, 0.745558, 0.745558, 0.745558, 0.745558
15.202, 1.65725, 0.743737, 0.743735, 1.91239, 0.913512, 0, 0.743735, 0.743735, 0.743735, 0.743735, 0.743735, 0.743735, 0.743735, 0.743735, 0.743735, 0.743735, 0.743735, 0.743735, 0.743735, 0.743735, 0.743735, 0.743735, 0.743735, 0.743737, 0.743735, 0.743735, 0.743735, 0.743735
15.2099, 1.99554, 0.741984, 0.741982, 1.99888, 1.25355, 0, 0.741982, 0.741982, 0.741982, 0.741982, 0.741982, 0.741982, 0.741982, 0.741982, 0.741982, 0.741982, 0.741982, 0.741982, 0.741982, 0.741982, 0.741982, 0.741982, 0.741982, 0.741984, 0.741982, 0.741982, 0.741982, 0.741982
15.2177, 3.17103, 0.73987, 0.739868, 2.27399, 2.43116, 0, 0.739868, 0.739868, 0.739868, 0.739868, 0.739868, 0.739868, 0.739868, 0.739868, 0.739868, 0.739868, 0.739868, 0.739868, 0.739868, 0.739868, 0.739868, 0.739868, 0.739868, 0.73987, 0.739868, 0.739868, 0.739868, 0.739868
15.2256, 1.17619, 0.737427, 0.737425, 1.78219, 0.438759, 0, 0.737425, 0.737425, 0.737425, 0.737425, 0.737425, 0.737425, 0.737425, 0.737425, 0.737425, 0.737425, 0.737425, 0.737425, 0.737425, 0.737425, 0.737425, 0.737425, 0.737425, 0.737427, 0.737425, 0.737425, 0.737425, 0.737425
15.2335, 1.81908, 0.734823, 0.734821, 1.95425, 1.08426, 0, 0.734821, 0.734821, 0.734821, 0.734821, 0.734821, 0.734821, 0.734821, 0.734821, 0.734821, 0.734821, 0.734821, 0.734821, 0.734821, 0.734821, 0.734821, 0.734821, 0.734821, 0.734823, 0.734821, 0.734821, 0.734821, 0.734821
15.2413, 2.81413, 0.732224, 0.732222, 2.19411, 2.0819, 0, 0.732222, 0.732222, 0.732222, 0.732222, 0.732222, 0.732222, 0.732222, 0.732222, 0.732222, 0.732222, 0.732222, 0.732222, 0.732222, 0.732222, 0.732222, 0.732222, 0.732222, 0.732224, 0.732222, 0.732222, 0.732222, 0.732222
15.2492, 1.36679, 0.730759, 0.730757, 1.83488, 0.636032, 0, 0.730757, 0.730757, 0.730757, 0.730757, 0.730757, 0.730757, 0.730757, 0.730757, 0.730757, 0.730757, 0.730757, 0.730757, 0.730757, 0.730757, 0.730757, 0.730757, 0.730757, 0.730759, 0.730757, 0.730757, 0.730757, 0.730757
15.2571, 1, 0.728734, 0.728733, 1.73205, 0.271266, 0, 0.728733, 0.728733, 0.728733, 0.728733, 0.728733, 0.728733, 0.728733, 0.728733, 0.728733, 0.728733, 0.728733, 0.728733, 0.728733, 0.728733, 0.728733, 0.728733, 0.728733, 0.728734, 0.728733, 0.728733, 0.728733, 0.728733
15.265, 1.80942, 0.726188, 0.726186, 1.95177, 1.08323, 0, 0.726186, 0.726186, 0.726186, 0.726186, 0.726186, 0.726186, 0.726186, 0.726186, 0.726186, 0.726186, 0.726186, 0.726186, 0.726186, 0.726186, 0.726186, 0.726186, 0.726186, 0.726188, 0.726186, 0.726186, 0.726186, 0.726186
15.2728, 1.80446, 0.723384, 0.723382, 1.9505, 1.08108, 0, 0.723382, 0.723382, 0.723382, 0.723382, 0.723382, 0.723382, 0.723382, 0.723382, 0.723382, 0.723382, 0.723382, 0.723382, 0.723382, 0.723382, 0.723382, 0.723382, 0.723382, 0.723384, 0.723382, 0.723382, 0.723382, 0.723382
15.2807, 1.19073, 0.720585, 0.720583, 1.78626, 0.470146, 0, 0.720583, 0.720583, 0.720583, 0.720583, 0.720583, 0.720583, 0.720583, 0.720583, 0.720583, 0.720583, 0.720583, 0.720583, 0.720583, 0.720583, 0.720583, 0.720583, 0.720583, 0.720585, 0.720583, 0.720583, 0.720583, 0.720583
15.2886, 1.9975, 0.719315, 0.719313, 1.99937, 1.27818, 0, 0.719313, 0.719313, 0.719313, 0.719313, 0.719313, 0.719313, 0.719313, 0.719313, 0.719313, 0.719313, 0.719313, 0.719313, 0.719313, 0.719313, 0.719313, 0.719313, 0.719313, 0.719315, 0.719313, 0.719313, 0.719313, 0.719313
15.2964, 0.997646, 0.717371, 0.717369, 1.73137, 0.280275, 0, 0.717369, 0.717369, 0.717369, 0.717369, 0.717369, 0.717369, 0.717369, 0.717369, 0.717369, 0.717369, 0.717369, 0.717369, 0.717369, 0.717369, 0.717369, 0.717369, 0.717369, 0.717371, 0.717369, 0.717369, 0.717369, 0.717369
15.3043, 2.59244, 0.714798, 0.714796, 2.143, 1.87764, 0, 0.714796, 0.714796, 0.714796, 0.714796, 0.714796, 0.714796, 0.714796, 0.714796, 0.714796, 0.714796, 0.714796, 0.714796, 0.714796, 0.714796, 0.714796, 0.714796, 0.714796, 0.714798, 0.714796, 0.714796, 0.714796, 0.714796
15.3122, 2.40273, 0.711915, 0.711913, 2.09827, 1.69081, 0, 0.711913, 0.711913, 0.711913, 0.711913, 0.711913, 0.711913, 0.711913, 0.711913, 0.711913, 0.711913, 0.711913, 0.711913, 0.711913, 0.711913, 0.711913, 0.711913, 0.711913, 0.711915, 0.711913, 0.711913, 0.711913, 0.711913
15.3201, 1.79021, 0.709039, 0.709037, 1.94685, 1.08117, 0, 0.709037, 0.709037, 0.709037, 0.709037, 0.709037, 0.709037, 0.709037, 0.709037, 0.709037, 0.709037, 0.709037, 0.709037, 0.709037, 0.709037, 0.709037, 0.709037, 0.709037, 0.709039, 0.709037, 0.709037, 0.709037, 0.709037
15.3279, 1.41487, 0.707897, 0.707895, 1.84794, 0.706973, 0, 0.707895, 0.707895, 0.707895, 0.707895, 0.707895, 0.707895, 0.707895, 0.707895, 0.707895, 0.707895, 0.707895, 0.707895, 0.707895, 0.707895, 0.707895, 0.707895, 0.707895, 0.707897, 0.707895, 0.707895, 0.707895, 0.707895
15.3358, 2.57522, 0.70598, 0.705978, 2.13898, 1.86924, 0, 0.705978, 0.705978, 0.705978, 0.705978, 0.705978, 0.705978, 0.705978, 0.705978, 0.705978, 0.705978, 0.705978, 0.705978, 0.705978, 0.705978, 0.705978, 0.705978, 0.705978, 0.70598, 0.705978, 0.705978, 0.705978, 0.705978
15.3437, 3.21004, 0.703339, 0.703337, 2.28255, 2.5067, 0, 0.703337, 0.703337, 0.703337, 0.703337, 0.703337, 0.703337, 0.703337, 0.703337, 0.703337, 0.703337, 0.703337, 0.703337, 0.703337, 0.703337, 0.703337, 0.703337, 0.703337, 0.703339, 0.703337, 0.703337, 0.703337, 0.703337
15.3515, 0.214746, 0.700341, 0.700339, 1.4882, -0.485595, 0, 0.700339, 0.700339, 0.700339, 0.700339, 0.700339, 0.700339, 0.700339, 0.700339, 0.700339, 0.700339, 0.700339, 0.700339, 0.700339, 0.700339, 0.700339, 0.700339, 0.700339, 0.700341, 0.700339, 0.700339, 0.700339, 0.700339
15.3594, 1.56084, 0.697349, 0.697347, 1.88702, 0.863494, 0, 0.697347, 0.697347, 0.697347, 0.697347, 0.697347, 0.697347, 0.697347, 0.697347, 0.697347, 0.697347, 0.697347, 0.697347, 0.697347, 0.697347, 0.697347, 0.697347, 0.697347, 0.697349, 0.697347, 0.697347, 0.697347, 0.697347
15.3673, 3.21722, 0.696384, 0.696382, 2.28412, 2.52084, 0, 0.696382, 0.696382, 0.696382, 0.696382, 0.696382, 0.696382, 0.696382, 0.696382, 0.696382, 0.696382, 0.696382, 0.696382, 0.696382, 0.696382, 0.696382, 0.696382, 0.696382, 0.696384, 0.696382, 0.696382, 0.696382, 0.696382
15.3752, 0.221933, 0.69454, 0.694538, 1.49062, -0.472607, 0, 0.694538, 0.694538, 0.694538, 0.694538, 0.694538, 0.694538, 0.694538, 0.694538, 0.694538, 0.694538, 0.694538, 0.694538, 0.694538, 0.694538, 0.694538, 0.694538, 0.694538, 0.69454, 0.694538, 0.694538, 0.694538, 0.694538
15.383, 3.3197, 0.691879, 0.691877, 2.30645, 2.62782, 0, 0.691877, 0.691877, 0.691877, 0.691877, 0.691877, 0.691877, 0.691877, 0.691877, 0.691877, 0.691877, 0.691877, 0.691877, 0.691877, 0.691877, 0.691877, 0.691877, 0.691877, 0.691879, 0.691877, 0.691877, 0.691877, 0.691877
15.3909, 1.45108, 0.688814, 0.688812, 1.85771, 0.762267, 0, 0.688812, 0.688812, 0.688812, 0.688812, 0.688812, 0.688812, 0.688812, 0.688812, 0.688812, 0.688812, 0.688812, 0.688812, 0.688812, 0.688812, 0.688812, 0.688812, 0.688812, 0.688814, 0.688812, 0.688812, 0.688812, 0.688812
15.3988, 1.22922, 0.685757, 0.685755, 1.797, 0.543459, 0, 0.685755, 0.685755, 0.685755, 0.685755, 0.685755, 0.685755, 0.685755, 0.685755, 0.685755, 0.685755, 0.685755, 0.685755, 0.685755, 0.685755, 0.685755, 0.685755, 0.685755, 0.685757, 0.685755, 0.685755, 0.685755, 0.685755
15.4066, 0.765923, 0.684903, 0.6849, 1.66311, 0.0810207, 0, 0.6849, 0.6849, 0.6849, 0.6849, 0.6849, 0.6849, 0.6849, 0.6849, 0.6849, 0.6849, 0.6849, 0.6849, 0.6849, 0.6849, 0.6849, 0.6849, 0.6849, 0.684902, 0.6849, 0.684901, 0.6849, 0.6849
15.4145, 1.23408, 0.683077, 0.683075, 1.79835, 0.550999, 0, 0.683075, 0.683075, 0.683075, 0.683075, 0.683075, 0.683075, 0.683075, 0.683075, 0.683075, 0.683075, 0.683075, 0.683075, 0.683075, 0.683075, 0.683075, 0.683075, 0.683075, 0.683077, 0.683075, 0.683075, 0.683075, 0.683075
15.4224, 1.76121, 0.68035, 0.680348, 1.93939, 1.08086, 0, 0.680348, 0.680348, 0.680348, 0.680348, 0.680348, 0.680348, 0.680348, 0.680348, 0.680348, 0.680348, 0.680348, 0.680348, 0.680348, 0.680348, 0.680348, 0.680348, 0.680348, 0.68035, 0.680348, 0.680348, 0.680348, 0.680348
15.4303, 2.23879, 0.677177, 0.677175, 2.05883, 1.56161, 0, 0.677175, 0.677175, 0.677175, 0.677175, 0.677175, 0.677175, 0.677175, 0.677175, 0.677175, 0.677175, 0.677175, 0.677175, 0.677175, 0.677175, 0.677175, 0.677175, 0.677175, 0.677177, 0.677175, 0.677175, 0.677175, 0.677175
15.4381, 0, 0.674012, 0.674009, 1.41421, -0.674012, 0, 0.674009, 0.674009, 0.674009, 0.674009, 0.674009, 0.674009, 0.674009, 0.674009, 0.674009, 0.674009, 0.674009, 0.674009, 0.674009, 0.674009, 0.674009, 0.674009, 0.674009, 0.674011, 0.674009, 0.67401, 0.674009, 0.674009
15.446, 0, 0.67332, 0.673318, 1.41421, -0.67332, 0, 0.673318, 0.673318, 0.673318, 0.673318, 0.673318, 0.673318, 0.673318, 0.673318, 0.673318, 0.673318, 0.673318, 0.673318, 0.673318, 0.673318, 0.673318, 0.673318, 0.673318, 0.67332, 0.673318, 0.673318, 0.673318, 0.673318
15.4539, 1.75143, 0.671565, 0.671563, 1.93686, 1.07986, 0, 0.671563, 0.671563, 0.671563, 0.671563, 0.671563, 0.671563, 0.671563, 0.671563, 0.671563, 0.671563, 0.671563, 0.671563, 0.671563, 0.671563, 0.671563, 0.671563, 0.671563, 0.671565, 0.671563, 0.671563, 0.671563, 0.671563
15.4617, 1.24857, 0.668822, 0.66882, 1.80238, 0.579753, 0, 0.66882, 0.66882, 0.66882, 0.66882, 0.66882, 0.66882, 0.66882, 0.66882, 0.66882, 0.66882, 0.66882, 0.66882, 0.66882, 0.66882, 0.66882, 0.66882, 0.66882, 0.668822, 0.66882, 0.66882, 0.66882, 0.66882
15.4696, 1.49343, 0.665591, 0.665589, 1.86907, 0.827841, 0, 0.665589, 0.665589, 0.665589, 0.665589, 0.665589, 0.665589, 0.665589, 0.665589, 0.665589, 0.665589, 0.665589, 0.665589, 0.665589, 0.665589, 0.665589, 0.665589, 0.665589, 0.665591, 0.665589, 0.665589, 0.665589, 0.665589
15.4775, 1.25081, 0.662368, 0.662365, 1.803, 0.588437, 0, 0.662365, 0.662365, 0.662365, 0.662365, 0.662365, 0.662365, 0.662365, 0.662365, 0.662365, 0.662365, 0.662365, 0.662365, 0.662365, 0.662365, 0.662365, 0.662365, 0.662365, 0.662368, 0.662365, 0.662366, 0.662365, 0.662365
15.4854, 0.255762, 0.661776, 0.661773, 1.50192, -0.406014, 0, 0.661773, 0.661773, 0.661773, 0.661773, 0.661773, 0.661773, 0.661773, 0.661773, 0.661773, 0.661773, 0.661773, 0.661773, 0.661773, 0.661773, 0.661773, 0.661773, 0.661773, 0.661775, 0.661773, 0.661774, 0.661773, 0.661773
15.4932, 0.739529, 0.660035, 0.660031, 1.65515, 0.0794942, 0, 0.660031, 0.660031, 0.660031, 0.660031, 0.660031, 0.660031, 0.660031, 0.660031, 0.660031, 0.660031, 0.660031, 0.660031, 0.660031, 0.660031, 0.660031, 0.660031, 0.660031, 0.660034, 0.660031, 0.660033, 0.660031, 0.660031
15.5011, 0.99743, 0.657228, 0.657224, 1.73131, 0.340202, 0, 0.657224, 0.657224, 0.657224, 0.657224, 0.657224, 0.657224, 0.657224, 0.657224, 0.657224, 0.657224, 0.657224, 0.657224, 0.657224, 0.657224, 0.657224, 0.657224, 0.657224, 0.657226, 0.657224, 0.657226, 0.657224, 0.657224
15.509, 0.263041, 0.653895, 0.65389, 1.50434, -0.390854, 0, 0.65389, 0.65389, 0.65389, 0.65389, 0.65389, 0.65389, 0.65389, 0.65389, 0.65389, 0.65389, 0.65389, 0.65389, 0.65389, 0.65389, 0.65389, 0.65389, 0.65389, 0.653892, 0.65389, 0.653893, 0.65389, 0.65389
15.5168, 1, 0.65057, 0.650565, 1.73205, 0.34943, 0, 0.650565, 0.650565, 0.650565, 0.650565, 0.650565, 0.650565, 0.650565, 0.650565, 0.650565, 0.650565, 0.650565, 0.650565, 0.650565, 0.650565, 0.650565, 0.650565, 0.650565, 0.650567, 0.650565, 0.650568, 0.650565, 0.650565
15.5247, 1.72974, 0.650132, 0.650126, 1.93125, 1.07961, 0, 0.650126, 0.650126, 0.650126, 0.650126, 0.650126, 0.650126, 0.650126, 0.650126, 0.650126, 0.650126, 0.650126, 0.650126, 0.650126, 0.650126, 0.650126, 0.650126, 0.650126, 0.650128, 0.650126, 0.65013, 0.650126, 0.650126
15.5326, 1.27026, 0.648459, 0.648452, 1.80839, 0.621801, 0, 0.648452, 0.648452, 0.648452, 0.648452, 0.648452, 0.648452, 0.648452, 0.648452, 0.648452, 0.648452, 0.648452, 0.648452, 0.648452, 0.648452, 0.648452, 0.648452, 0.648452, 0.648454, 0.648452, 0.648457, 0.648452, 0.648452
15.5405, 0, 0.645641, 0.645633, 1.41421, -0.645641, 0, 0.645633, 0.645633, 0.645633, 0.645633, 0.645633, 0.645633, 0.645633, 0.645633, 0.645633, 0.645633, 0.645633, 0.645633, 0.645633, 0.645633, 0.645633, 0.645633, 0.645633, 0.645635, 0.645633, 0.645639, 0.645633, 0.645633
15.5483, 2, 0.642257, 0.642247, 2, 1.35774, 0, 0.642247, 0.642247, 0.642247, 0.642247, 0.642247, 0.642247, 0.642247, 0.642247, 0.642247, 0.642247, 0.642247, 0.642247, 0.642247, 0.642247, 0.642247, 0.642247, 0.642247, 0.642249, 0.642247, 0.642255, 0.642247, 0.642247
15.5562, 1.7202, 0.638882, 0.63887, 1.92878, 1.08132, 0, 0.63887, 0.63887, 0.63887, 0.63887, 0.63887, 0.63887, 0.63887, 0.63887, 0.63887, 0.63887, 0.63887, 0.63887, 0.63887, 0.63887, 0.63887, 0.63887, 0.63887, 0.638872, 0.63887, 0.638879, 0.63887, 0.63887
15.5641, 1.99752, 0.638536, 0.638523, 1.99938, 1.35899, 0, 0.638523, 0.638523, 0.638523, 0.638523, 0.638523, 0.638523, 0.638523, 0.638523, 0.638523, 0.638523, 0.638523, 0.638523, 0.638523, 0.638523, 0.638523, 0.638523, 0.638523, 0.638525, 0.638523, 0.638534, 0.638523, 0.638523
15.5719, 0.28228, 0.636877, 0.636861, 1.51072, -0.354597, 0, 0.636861, 0.636861, 0.636861, 0.636861, 0.636861, 0.636861, 0.636861, 0.636861, 0.636861, 0.636861, 0.636861, 0.636861, 0.636861, 0.636861, 0.636861, 0.636861, 0.636861, 0.636863, 0.636861, 0.636875, 0.636861, 0.636861
15.5798, 3, 0.633999, 0.633979, 2.23607, 2.366, 0, 0.633979, 0.633979, 0.633979, 0.633979, 0.633979, 0.633979, 0.633979, 0.633979, 0.633979, 0.633979, 0.633979, 0.633979, 0.633979, 0.633979, 0.633979, 0.633979, 0.633979, 0.633981, 0.633979, 0.633997, 0.633979, 0.633979
15.5877, 1, 0.630519, 0.630495, 1.73205, 0.369481, 0, 0.630495, 0.630495, 0.630495, 0.630495, 0.630495, 0.630495, 0.630495, 0.630495, 0.630495, 0.630495, 0.630495, 0.630495, 0.630495, 0.630495, 0.630495, 0.630495, 0.630495, 0.630497, 0.630495, 0.630517, 0.630495, 0.630495
15.5956, 2, 0.627049, 0.627021, 2, 1.37295, 0, 0.627021, 0.627021, 0.627021, 0.627021, 0.627021, 0.627021, 0.627021, 0.627021, 0.627021, 0.627021, 0.627021, 0.627021, 0.627021, 0.627021, 0.627021, 0.627021, 0.627021, 0.627023, 0.627021, 0.627047, 0.627021, 0.627021
15.6034, 0, 0.626857, 0.626823, 1.41421, -0.626857, 0, 0.626823, 0.626823, 0.626823, 0.626823, 0.626823, 0.626823, 0.626823, 0.626823, 0.626823, 0.626823, 0.626823, 0.626823, 0.626823, 0.626823, 0.626823, 0.626823, 0.626823, 0.626825, 0.626823, 0.626854, 0.626823, 0.626823
15.6113, 0.703259, 0.625267, 0.625227, 1.64416, 0.0779912, 0, 0.625227, 0.625227, 0.625227, 0.625227, 0.625227, 0.625227, 0.625227, 0.625227, 0.625227, 0.625227, 0.625227, 0.625227, 0.625227, 0.625227, 0.625227, 0.625227, 0.625227, 0.625229, 0.625227, 0.625265, 0.625227, 0.625227
15.6192, 2.69848, 0.622383, 0.622336, 2.1676, 2.07609, 0, 0.622336, 0.622336, 0.622336, 0.622336, 0.622336, 0.622336, 0.622336, 0.622336, 0.622336, 0.622336, 0.622336, 0.622336, 0.622336, 0.622336, 0.622336, 0.622336, 0.622336, 0.622338, 0.622336, 0.622381, 0.622336, 0.622336
15.627, 1.29678, 0.61886, 0.618804, 1.8157, 0.677918, 0, 0.618804, 0.618804, 0.618804, 0.618804, 0.618804, 0.618804, 0.618804, 0.618804, 0.618804, 0.618804, 0.618804, 0.618804, 0.618804, 0.618804, 0.618804, 0.618804, 0.618804, 0.618806, 0.618804, 0.618858, 0.618804, 0.618804
15.6349, 1.30149, 0.615348, 0.615282, 1.817, 0.686139, 0, 0.615282, 0.615282, 0.615282, 0.615282, 0.615282, 0.615282, 0.615282, 0.615282, 0.615282, 0.615282, 0.615282, 0.615282, 0.615282, 0.615282, 0.615282, 0.615282, 0.615282, 0.615284, 0.615282, 0.615346, 0.615282, 0.615282
15.6428, 0.69368, 0.615252, 0.615173, 1.64124, 0.0784287, 0, 0.615173, 0.615173, 0.615173, 0.615173, 0.615173, 0.615173, 0.615173, 0.615173, 0.615173, 0.615173, 0.615173, 0.615173, 0.615173, 0.615173, 0.615173, 0.615173, 0.615173, 0.615175, 0.615173, 0.61525, 0.615173, 0.615173
15.6506, 0.99756, 0.613681, 0.61359, 1.73135, 0.383878, 0, 0.61359, 0.61359, 0.61359, 0.61359, 0.61359, 0.61359, 0.61359, 0.61359, 0.61359, 0.61359, 0.61359, 0.61359, 0.61359, 0.61359, 0.61359, 0.61359, 0.61359, 0.613592, 0.61359, 0.613679, 0.61359, 0.61359
15.6585, 0.30876, 0.610745, 0.610639, 1.51946, -0.301986, 0, 0.610639, 0.610639, 0.610639, 0.610639, 0.610639, 0.610639, 0.610639, 0.610639, 0.610639, 0.610639, 0.610639, 0.610639, 0.610639, 0.610639, 0.610639, 0.610639, 0.610639, 0.610641, 0.610639, 0.610743, 0.610639, 0.610639
15.6664, 0, 0.607136, 0.607012, 1.41421, -0.607136, 0, 0.607012, 0.607012, 0.607012, 0.607012, 0.607012, 0.607012, 0.607012, 0.607012, 0.607012, 0.607012, 0.607012, 0.607012, 0.607012, 0.607012, 0.607012, 0.607012, 0.607012, 0.607014, 0.607012, 0.607134, 0.607012, 0.607012
15.6743, 0, 0.603539, 0.603396, 1.41421, -0.603539, 0, 0.603396, 0.603396, 0.603396, 0.603396, 0.603396, 0.603396, 0.603396, 0.603396, 0.603396, 0.603396, 0.603396, 0.603396, 0.603396, 0.603396, 0.603396, 0.603396, 0.603396, 0.603398, 0.603396, 0.603537, 0.603396, 0.603396
15.6821, 2.36307, 0.603602, 0.603436, 2.0888, 1.75947, 0, 0.603436, 0.603436, 0.603436, 0.603436, 0.603436, 0.603436, 0.603436, 0.603436, 0.603436, 0.603436, 0.603436, 0.603436, 0.603436, 0.603436, 0.603436, 0.603436, 0.603436, 0.603438, 0.603436, 0.6036, 0.603436, 0.603436
15.69, 2.99554, 0.60211, 0.601919, 2.23507, 2.39343, 0, 0.601919, 0.601919, 0.601919, 0.601919, 0.601919, 0.601919, 0.601919, 0.601919, 0.601919, 0.601919, 0.601919, 0.601919, 0.601919, 0.601919, 0.601919, 0.601919, 0.601919, 0.601921, 0.601919, 0.602108, 0.601919, 0.601919
15.6979, 1.31822, 0.599177, 0.598959, 1.8216, 0.719038, 0, 0.598959, 0.598959, 0.598959, 0.598959, 0.598959, 0.598959, 0.598959, 0.598959, 0.598959, 0.598959, 0.598959, 0.598959, 0.598959, 0.598959, 0.598959, 0.598959, 0.598959, 0.598961, 0.598959, 0.599175, 0.598959, 0.598959
15.7057, 1.67187, 0.595535, 0.595287, 1.91621, 1.07634, 0, 0.595287, 0.595287, 0.595287, 0.595287, 0.595287, 0.595287, 0.595287, 0.595287, 0.595287, 0.595287, 0.595287, 0.595287, 0.595287, 0.595287, 0.595287, 0.595287, 0.595287, 0.595289, 0.595287, 0.595533, 0.595287, 0.595287
15.7136, 1.32334, 0.591907, 0.591625, 1.823, 0.73143, 0, 0.591625, 0.591625, 0.591625, 0.591625, 0.591625, 0.591625, 0.591625, 0.591625, 0.591625, 0.591625, 0.591625, 0.591625, 0.591625, 0.591625, 0.591625, 0.591625, 0.591625, 0.591627, 0.591625, 0.591905, 0.591625, 0.591625
15.7215, 0.997481, 0.592076, 0.591758, 1.73132, 0.405405, 0, 0.591758, 0.591758, 0.591758, 0.591758, 0.591758, 0.591758, 0.591758, 0.591758, 0.591758, 0.591758, 0.591758, 0.591758, 0.591758, 0.591758, 0.591758, 0.591758, 0.591758, 0.59176, 0.591758, 0.592074, 0.591758, 0.591758
15.7294, 0.330483, 0.590614, 0.590256, 1.52659, -0.260131, 0, 0.590256, 0.590256, 0.590256, 0.590256, 0.590256, 0.590256, 0.590256, 0.590256, 0.590256, 0.590256, 0.590256, 0.590256, 0.590256, 0.590256, 0.590256, 0.590256, 0.590256, 0.590258, 0.590256, 0.590612, 0.590256, 0.590256
15.7372, 2.32962, 0.58764, 0.587239, 2.08077, 1.74198, 0, 0.587239, 0.587239, 0.587239, 0.587239, 0.587239, 0.587239, 0.587239, 0.587239, 0.587239, 0.587239, 0.587239, 0.587239, 0.587239, 0.587239, 0.587239, 0.587239, 0.587239, 0.587241, 0.587239, 0.587638, 0.587239, 0.587239
15.7451, 1.33271, 0.583922, 0.583473, 1.82557, 0.748792, 0, 0.583473, 0.583473, 0.583473, 0.583473, 0.583473, 0.583473, 0.583473, 0.583473, 0.583473, 0.583473, 0.583473, 0.583473, 0.583473, 0.583473, 0.583473, 0.583473, 0.583473, 0.583475, 0.583473, 0.58392, 0.583473, 0.583473
15.753, 0.33767, 0.580219, 0.57972, 1.52894, -0.242548, 0, 0.57972, 0.57972, 0.57972, 0.57972, 0.57972, 0.57972, 0.57972, 0.57972, 0.57972, 0.57972, 0.57972, 0.57972, 0.57972, 0.57972, 0.57972, 0.57972, 0.57972, 0.579722, 0.57972, 0.580217, 0.57972, 0.57972
15.7608, 0, 0.580587, 0.580035, 1.41421, -0.580587, 0, 0.580035, 0.580035, 0.580035, 0.580035, 0.580035, 0.580035, 0.580035, 0.580035, 0.580035, 0.580035, 0.580035, 0.580035, 0.580035, 0.580035, 0.580035, 0.580035, 0.580035, 0.580037, 0.580035, 0.580585, 0.580035, 0.580035
15.7687, 0, 0.579223, 0.578614, 1.41421, -0.579223, 0, 0.578614, 0.578614, 0.578614, 0.578614, 0.578614, 0.578614, 0.578614, 0.578614, 0.578614, 0.578614, 0.578614, 0.578614, 0.578614, 0.578614, 0.578614, 0.578614, 0.578614, 0.578616, 0.578614, 0.579221, 0.578614, 0.578614
15.7766, 1.65254, 0.576252, 0.575581, 1.91116, 1.07629, 0, 0.575581, 0.575581, 0.575581, 0.575581, 0.575581, 0.575581, 0.575581, 0.575581, 0.575581, 0.575581, 0.575581, 0.575581, 0.575581, 0.575581, 0.575581, 0.575581, 0.575581, 0.575583, 0.575581, 0.576249, 0.575581, 0.575581
15.7845, 0.34746, 0.572487, 0.571752, 1.53214, -0.225027, 0, 0.571752, 0.571752, 0.571752, 0.571752, 0.571752, 0.571752, 0.571752, 0.571752, 0.571752, 0.571752, 0.571752, 0.571752, 0.571752, 0.571752, 0.571752, 0.571752, 0.571752, 0.571754, 0.571752, 0.572485, 0.571752, 0.571752
15.7923, 0, 0.568739, 0.567936, 1.41421, -0.568739, 0, 0.567936, 0.567936, 0.567936, 0.567936, 0.567936, 0.567936, 0.567936, 0.567936, 0.567936, 0.567936, 0.567936, 0.567936, 0.567936, 0.567936, 0.567936, 0.567936, 0.567936, 0.567938, 0.567936, 0.568737, 0.567936, 0.567936
15.8002, 0, 0.569276, 0.568402, 1.41421, -0.569276, 0, 0.568402, 0.568402, 0.568402, 0.568402, 0.568402, 0.568402, 0.568402, 0.568402, 0.568402, 0.568402, 0.568402, 0.568402, 0.568402, 0.568402, 0.568402, 0.568402, 0.568402, 0.568404, 0.568402, 0.569274, 0.568402, 0.568402
15.8081, 2, 0.567969, 0.567022, 2, 1.43203, 0, 0.567022, 0.567022, 0.567022, 0.567022, 0.567022, 0.567022, 0.567022, 0.567022, 0.567022, 0.567022, 0.567022, 0.567022, 0.567022, 0.567022, 0.567022, 0.567022, 0.567022, 0.567024, 0.567022, 0.567967, 0.567022, 0.567022
15.8159, 0, 0.564945, 0.563921, 1.41421, -0.564945, 0, 0.563921, 0.563921, 0.563921, 0.563921, 0.563921, 0.563921, 0.563921, 0.563921, 0.563921, 0.563921, 0.563921, 0.563921, 0.563921, 0.563921, 0.563921, 0.563921, 0.563921, 0.563923, 0.563921, 0.564943, 0.563921, 0.563921
15.8238, 2, 0.561074, 0.559972, 2, 1.43893, 0, 0.559972, 0.559972, 0.559972, 0.559972, 0.559972, 0.559972, 0.559972, 0.559972, 0.559972, 0.559972, 0.559972, 0.559972, 0.559972, 0.559972, 0.559972, 0.559972, 0.559972, 0.559974, 0.559972, 0.561072, 0.559972, 0.559972
15.8317, 0, 0.557219, 0.556036, 1.41421, -0.557219, 0, 0.556036, 0.556036, 0.556036, 0.556036, 0.556036, 0.556036, 0.556036, 0.556036, 0.556036, 0.556036, 0.556036, 0.556036, 0.556036, 0.556036, 0.556036, 0.556036, 0.556036, 0.556038, 0.556036, 0.557217, 0.556036, 0.556036
15.8396, 2, 0.557939, 0.556673, 2, 1.44206, 0, 0.556673, 0.556673, 0.556673, 0.556673, 0.556673, 0.556673, 0.556673, 0.556673, 0.556673, 0.556673, 0.556673, 0.556673, 0.556673, 0.556673, 0.556673, 0.556673, 0.556673, 0.556676, 0.556673, 0.557937, 0.556673, 0.556673
15.8474, 2, 0.556715, 0.555365, 2, 1.44328, 0, 0.555365, 0.555365, 0.555365, 0.555365, 0.555365, 0.555365, 0.555365, 0.555365, 0.555365, 0.555365, 0.555365, 0.555365, 0.555365, 0.555365, 0.555365, 0.555365, 0.555365, 0.555367, 0.555365, 0.556713, 0.555365, 0.555365
15.8553, 1.25725, 0.553688, 0.552252, 1.80479, 0.703561, 0, 0.552252, 0.552252, 0.552252, 0.552252, 0.552252, 0.552252, 0.552252, 0.552252, 0.552252, 0.552252, 0.552252, 0.552252, 0.552252, 0.552252, 0.552252, 0.552252, 0.552252, 0.552254, 0.552252, 0.553686, 0.552252, 0.552252
15.8632, 0.742751, 0.549773, 0.54825, 1.65613, 0.192978, 0, 0.54825, 0.54825, 0.54825, 0.54825, 0.54825, 0.54825, 0.54825, 0.54825, 0.54825, 0.54825, 0.54825, 0.54825, 0.54825, 0.54825, 0.54825, 0.54825, 0.54825, 0.548252, 0.54825, 0.54977, 0.54825, 0.54825
15.871, 1, 0.545872, 0.544262, 1.73205, 0.454128, 0, 0.544262, 0.544262, 0.544262, 0.544262, 0.544262, 0.544262, 0.544262, 0.544262, 0.544262, 0.544262, 0.544262, 0.544262, 0.544262, 0.544262, 0.544262, 0.544262, 0.544262, 0.544264, 0.544262, 0.54587, 0.544262, 0.544262
15.8789, 1, 0.546697, 0.545, 1.73205, 0.453303, 0, 0.545, 0.545, 0.545, 0.545, 0.545, 0.545, 0.545, 0.545, 0.545, 0.545, 0.545, 0.545, 0.545, 0.545, 0.545, 0.545, 0.545, 0.545003, 0.545, 0.546695, 0.545, 0.545
15.8868, 0, 0.545494, 0.54371, 1.41421, -0.545494, 0, 0.54371, 0.54371, 0.54371, 0.54371, 0.54371, 0.54371, 0.54371, 0.54371, 0.54371, 0.54371, 0.54371, 0.54371, 0.54371, 0.54371, 0.54371, 0.54371, 0.54371, 0.543712, 0.54371, 0.545492, 0.54371, 0.54371
15.8947, 0.616481, 0.54242, 0.540549, 1.61755, 0.0740609, 0, 0.540549, 0.540549, 0.540549, 0.540549, 0.540549, 0.540549, 0.540549, 0.540549, 0.540549, 0.540549, 0.540549, 0.540549, 0.540549, 0.540549, 0.540549, 0.540549, 0.540549, 0.540551, 0.540549, 0.542418, 0.540549, 0.540549
15.9025, 2.99765, 0.538422, 0.536465, 2.23554, 2.45922, 0, 0.536465, 0.536465, 0.536465, 0.536465, 0.536465, 0.536465, 0.536465, 0.536465, 0.536465, 0.536465, 0.536465, 0.536465, 0.536465, 0.536465, 0.536465, 0.536465, 0.536465, 0.536467, 0.536465, 0.53842, 0.536465, 0.536465
15.9104, 1.38587, 0.534438, 0.532396, 1.84007, 0.851436, 0, 0.532396, 0.532396, 0.532396, 0.532396, 0.532396, 0.532396, 0.532396, 0.532396, 0.532396, 0.532396, 0.532396, 0.532396, 0.532396, 0.532396, 0.532396, 0.532396, 0.532396, 0.532398, 0.532396, 0.534436, 0.532396, 0.532396
15.9183, 0, 0.535204, 0.533079, 1.41421, -0.535204, 0, 0.533079, 0.533079, 0.533079, 0.533079, 0.533079, 0.533079, 0.533079, 0.533079, 0.533079, 0.533079, 0.533079, 0.533079, 0.533079, 0.533079, 0.533079, 0.533079, 0.533079, 0.533081, 0.533079, 0.535202, 0.533079, 0.533079
15.9261, 0.606939, 0.534015, 0.531807, 1.6146, 0.0729247, 0, 0.531807, 0.531807, 0.531807, 0.531807, 0.531807, 0.531807, 0.531807, 0.531807, 0.531807, 0.531807, 0.531807, 0.531807, 0.531807, 0.531807, 0.531807, 0.531807, 0.531807, 0.531809, 0.531807, 0.534012, 0.531807, 0.531807
15.934, 1.99745, 0.53098, 0.528693, 1.99936, 1.46647, 0, 0.528693, 0.528693, 0.528693, 0.528693, 0.528693, 0.528693, 0.528693, 0.528693, 0.528693, 0.528693, 0.528693, 0.528693, 0.528693, 0.528693, 0.528693, 0.528693, 0.528693, 0.528695, 0.528693, 0.530978, 0.528693, 0.528693
15.9419, 1.99772, 0.527035, 0.524669, 1.99943, 1.47069, 0, 0.524669, 0.524669, 0.524669, 0.524669, 0.524669, 0.524669, 0.524669, 0.524669, 0.524669, 0.524669, 0.524669, 0.524669, 0.524669, 0.524669, 0.524669, 0.524669, 0.524669, 0.524671, 0.524669, 0.527033, 0.524669, 0.524669
15.9498, 1.39789, 0.523103, 0.520661, 1.84334, 0.874791, 0, 0.520661, 0.520661, 0.520661, 0.520661, 0.520661, 0.520661, 0.520661, 0.520661, 0.520661, 0.520661, 0.520661, 0.520661, 0.520661, 0.520661, 0.520661, 0.520661, 0.520661, 0.520663, 0.520661, 0.523101, 0.520661, 0.520661
15.9576, 3.59715, 0.523599, 0.521083, 2.36583, 3.07355, 0, 0.521083, 0.521083, 0.521083, 0.521083, 0.521083, 0.521083, 0.521083, 0.521083, 0.521083, 0.521083, 0.521083, 0.521083, 0.521083, 0.521083, 0.521083, 0.521083, 0.521083, 0.521085, 0.521083, 0.523597, 0.521083, 0.521083
15.9655, 1.40285, 0.522316, 0.519729, 1.84468, 0.880534, 0, 0.519729, 0.519729, 0.519729, 0.519729, 0.519729, 0.519729, 0.519729, 0.519729, 0.519729, 0.519729, 0.519729, 0.519729, 0.519729, 0.519729, 0.519729, 0.519729, 0.519729, 0.519731, 0.519729, 0.522314, 0.519729, 0.519729
15.9734, 2, 0.519321, 0.516664, 2, 1.48068, 0, 0.516664, 0.516664, 0.516664, 0.516664, 0.516664, 0.516664, 0.516664, 0.516664, 0.516664, 0.516664, 0.516664, 0.516664, 0.516664, 0.516664, 0.516664, 0.516664, 0.516664, 0.516666, 0.516664, 0.519319, 0.516664, 0.516664
15.9812, 1, 0.51548, 0.512755, 1.73205, 0.48452, 0, 0.512755, 0.512755, 0.512755, 0.512755, 0.512755, 0.512755, 0.512755, 0.512755, 0.512755, 0.512755, 0.512755, 0.512755, 0.512755, 0.512755, 0.512755, 0.512755, 0.512755, 0.512758, 0.512755, 0.515478, 0.512755, 0.512755
15.9891, 0, 0.511651, 0.508862, 1.41421, -0.511651, 0, 0.508862, 0.508862, 0.508862, 0.508862, 0.508862, 0.508862, 0.508862, 0.508862, 0.508862, 0.508862, 0.508862, 0.508862, 0.508862, 0.508862, 0.508862, 0.508862, 0.508862, 0.508864, 0.508862, 0.511649, 0.508862, 0.508862
15.997, 0.58513, 0.511813, 0.508961, 1.60783, 0.0733175, 0, 0.508961, 0.508961, 0.508961, 0.508961, 0.508961, 0.508961, 0.508961, 0.508961, 0.508961, 0.508961, 0.508961, 0.508961, 0.508961, 0.508961, 0.508961, 0.508961, 0.508961, 0.508963, 0.508961, 0.511811, 0.508961, 0.508961
16.0049, 0.41487, 0.510425, 0.507513, 1.55399, -0.0955555, 0, 0.507513, 0.507513, 0.507513, 0.507513, 0.507513, 0.507513, 0.507513, 0.507513, 0.507513, 0.507513, 0.507513, 0.507513, 0.507513, 0.507513, 0.507513, 0.507513, 0.507513, 0.507515, 0.507513, 0.510423, 0.507513, 0.507513
16.0127, 0, 0.507535, 0.504564, 1.41421, -0.507535, 0, 0.504564, 0.504564, 0.504564, 0.504564, 0.504564, 0.504564, 0.504564, 0.504564, 0.504564, 0.504564, 0.504564, 0.504564, 0.504564, 0.504564, 0.504564, 0.504564, 0.504564, 0.504566, 0.504564, 0.507532, 0.504564, 0.504564
16.0206, 0, 0.503902, 0.500874, 1.41421, -0.503902, 0, 0.500874, 0.500874, 0.500874, 0.500874, 0.500874, 0.500874, 0.500874, 0.500874, 0.500874, 0.500874, 0.500874, 0.500874, 0.500874, 0.500874, 0.500874, 0.500874, 0.500874, 0.500876, 0.500874, 0.5039, 0.500874, 0.500874
16.0285, 2.15093, 0.50028, 0.497199, 2.03738, 1.65065, 0, 0.497199, 0.497199, 0.497199, 0.497199, 0.497199, 0.497199, 0.497199, 0.497199, 0.497199, 0.497199, 0.497199, 0.497199, 0.497199, 0.497199, 0.497199, 0.497199, 0.497199, 0.497201, 0.497199, 0.500278, 0.497199, 0.497199
16.0363, 1.84907, 0.499632, 0.496498, 1.9619, 1.34944, 0, 0.496498, 0.496498, 0.496498, 0.496498, 0.496498, 0.496498, 0.496498, 0.496498, 0.496498, 0.496498, 0.496498, 0.496498, 0.496498, 0.496498, 0.496498, 0.496498, 0.496498, 0.4965, 0.496498, 0.49963, 0.496498, 0.496498
16.0442, 1, 0.497953, 0.494767, 1.73205, 0.502047, 0, 0.494767, 0.494767, 0.494767, 0.494767, 0.494767, 0.494767, 0.494767, 0.494767, 0.494767, 0.494767, 0.494767, 0.494767, 0.494767, 0.494767, 0.494767, 0.494767, 0.494767, 0.494769, 0.494767, 0.497951, 0.494767, 0.494767
16.0521, 1.56828, 0.495248, 0.492012, 1.88899, 1.07303, 0, 0.492012, 0.492012, 0.492012, 0.492012, 0.492012, 0.492012, 0.492012, 0.492012, 0.492012, 0.492012, 0.492012, 0.492012, 0.492012, 0.492012, 0.492012, 0.492012, 0.492012, 0.492014, 0.492012, 0.495246, 0.492012, 0.492012
16.06, 1.99765, 0.492037, 0.488753, 1.99941, 1.50561, 0, 0.488753, 0.488753, 0.488753, 0.488753, 0.488753, 0.488753, 0.488753, 0.488753, 0.488753, 0.488753, 0.488753, 0.488753, 0.488753, 0.488753, 0.488753, 0.488753, 0.488753, 0.488755, 0.488753, 0.492035, 0.488753, 0.488753
16.0678, 0.434077, 0.488837, 0.485504, 1.56015, -0.0547598, 0, 0.485504, 0.485504, 0.485504, 0.485504, 0.485504, 0.485504, 0.485504, 0.485504, 0.485504, 0.485504, 0.485504, 0.485504, 0.485504, 0.485504, 0.485504, 0.485504, 0.485504, 0.485507, 0.485504, 0.488835, 0.485504, 0.485504
16.0757, 0.56109, 0.487038, 0.48366, 1.60034, 0.0740523, 0, 0.48366, 0.48366, 0.48366, 0.48366, 0.48366, 0.48366, 0.48366, 0.48366, 0.48366, 0.48366, 0.48366, 0.48366, 0.48366, 0.48366, 0.48366, 0.48366, 0.48366, 0.483662, 0.48366, 0.487036, 0.48366, 0.48366
16.0836, 1.99765, 0.484945, 0.48152, 1.99941, 1.5127, 0, 0.48152, 0.48152, 0.48152, 0.48152, 0.48152, 0.48152, 0.48152, 0.48152, 0.48152, 0.48152, 0.48152, 0.48152, 0.48152, 0.48152, 0.48152, 0.48152, 0.48152, 0.481522, 0.48152, 0.484943, 0.48152, 0.48152
16.0914, 0.997453, 0.482559, 0.479089, 1.73132, 0.514894, 0, 0.479089, 0.479089, 0.479089, 0.479089, 0.479089, 0.479089, 0.479089, 0.479089, 0.479089, 0.479089, 0.479089, 0.479089, 0.479089, 0.479089, 0.479089, 0.479089, 0.479089, 0.479091, 0.479089, 0.482556, 0.479089, 0.479089
16.0993, 0.997591, 0.479938, 0.476424, 1.73136, 0.517653, 0, 0.476424, 0.476424, 0.476424, 0.476424, 0.476424, 0.476424, 0.476424, 0.476424, 0.476424, 0.476424, 0.476424, 0.476424, 0.476424, 0.476424, 0.476424, 0.476424, 0.476424, 0.476426, 0.476424, 0.479936, 0.476424, 0.476424
16.1072, 0.446221, 0.477158, 0.4736, 1.56404, -0.0309376, 0, 0.4736, 0.4736, 0.4736, 0.4736, 0.4736, 0.4736, 0.4736, 0.4736, 0.4736, 0.4736, 0.4736, 0.4736, 0.4736, 0.4736, 0.4736, 0.4736, 0.4736, 0.473602, 0.4736, 0.477156, 0.4736, 0.4736
16.1151, 0, 0.474281, 0.470679, 1.41421, -0.474281, 0, 0.470679, 0.470679, 0.470679, 0.470679, 0.470679, 0.470679, 0.470679, 0.470679, 0.470679, 0.470679, 0.470679, 0.470679, 0.470679, 0.470679, 0.470679, 0.470679, 0.470679, 0.470682, 0.470679, 0.474279, 0.470679, 0.470679
16.1229, 0, 0.471349, 0.467704, 1.41421, -0.471349, 0, 0.467704, 0.467704, 0.467704, 0.467704, 0.467704, 0.467704, 0.467704, 0.467704, 0.467704, 0.467704, 0.467704, 0.467704, 0.467704, 0.467704, 0.467704, 0.467704, 0.467704, 0.467706, 0.467704, 0.471347, 0.467704, 0.467704
16.1308, 1.08848, 0.468395, 0.464706, 1.75741, 0.620081, 0, 0.464706, 0.464706, 0.464706, 0.464706, 0.464706, 0.464706, 0.464706, 0.464706, 0.464706, 0.464706, 0.464706, 0.464706, 0.464706, 0.464706, 0.464706, 0.464706, 0.464706, 0.464708, 0.464706, 0.468392, 0.464706, 0.464706
16.1387, 1.45328, 0.46545, 0.461717, 1.8583, 0.987834, 0, 0.461717, 0.461717, 0.461717, 0.461717, 0.461717, 0.461717, 0.461717, 0.461717, 0.461717, 0.461717, 0.461717, 0.461717, 0.461717, 0.461717, 0.461717, 0.461717, 0.461717, 0.46172, 0.461717, 0.465447, 0.461717, 0.461717
16.1465, 1.45824, 0.463101, 0.459325, 1.85963, 0.99514, 0, 0.459325, 0.459325, 0.459325, 0.459325, 0.459325, 0.459325, 0.459325, 0.459325, 0.459325, 0.459325, 0.459325, 0.459325, 0.459325, 0.459325, 0.459325, 0.459325, 0.459325, 0.459327, 0.459325, 0.463099, 0.459325, 0.459325
16.1544, 0, 0.460146, 0.456327, 1.41421, -0.460146, 0, 0.456327, 0.456327, 0.456327, 0.456327, 0.456327, 0.456327, 0.456327, 0.456327, 0.456327, 0.456327, 0.456327, 0.456327, 0.456327, 0.456327, 0.456327, 0.456327, 0.456327, 0.456329, 0.456327, 0.460144, 0.456327, 0.456327
16.1623, 0.534449, 0.456745, 0.452882, 1.592, 0.077704, 0, 0.452882, 0.452882, 0.452882, 0.452882, 0.452882, 0.452882, 0.452882, 0.452882, 0.452882, 0.452882, 0.452882, 0.452882, 0.452882, 0.452882, 0.452882, 0.452882, 0.452882, 0.452884, 0.452882, 0.456742, 0.452882, 0.452882
16.1702, 0.99777, 0.453128, 0.449222, 1.73141, 0.544641, 0, 0.449222, 0.449222, 0.449222, 0.449222, 0.449222, 0.449222, 0.449222, 0.449222, 0.449222, 0.449222, 0.449222, 0.449222, 0.449222, 0.449222, 0.449222, 0.449222, 0.449222, 0.449224, 0.449222, 0.453126, 0.449222, 0.449222
16.178, 0.997522, 0.449527, 0.445576, 1.73134, 0.547994, 0, 0.445576, 0.445576, 0.445576, 0.445576, 0.445576, 0.445576, 0.445576, 0.445576, 0.445576, 0.445576, 0.445576, 0.445576, 0.445576, 0.445576, 0.445576, 0.445576, 0.445576, 0.445578, 0.445576, 0.449525, 0.445576, 0.445576
16.1859, 2.47026, 0.447865, 0.443869, 2.1143, 2.0224, 0, 0.443869, 0.443869, 0.443869, 0.443869, 0.443869, 0.443869, 0.443869, 0.443869, 0.443869, 0.443869, 0.443869, 0.443869, 0.443869, 0.443869, 0.443869, 0.443869, 0.443869, 0.443871, 0.443869, 0.447863, 0.443869, 0.443869
16.1938, 0.525031, 0.445138, 0.441097, 1.58903, 0.0798928, 0, 0.441097, 0.441097, 0.441097, 0.441097, 0.441097, 0.441097, 0.441097, 0.441097, 0.441097, 0.441097, 0.441097, 0.441097, 0.441097, 0.441097, 0.441097, 0.441097, 0.441097, 0.441099, 0.441097, 0.445136, 0.441097, 0.441097
16.2016, 1.47497, 0.441553, 0.437466, 1.86413, 1.03342, 0, 0.437466, 0.437466, 0.437466, 0.437466, 0.437466, 0.437466, 0.437466, 0.437466, 0.437466, 0.437466, 0.437466, 0.437466, 0.437466, 0.437466, 0.437466, 0.437466, 0.437466, 0.437469, 0.437466, 0.441551, 0.437466, 0.437466
16.2095, 1.51995, 0.437551, 0.433419, 1.87615, 1.0824, 0, 0.433419, 0.433419, 0.433419, 0.433419, 0.433419, 0.433419, 0.433419, 0.433419, 0.433419, 0.433419, 0.433419, 0.433419, 0.433419, 0.433419, 0.433419, 0.433419, 0.433419, 0.433421, 0.433419, 0.437549, 0.433419, 0.433419
16.2174, 0.997769, 0.433568, 0.42939, 1.73141, 0.564201, 0, 0.42939, 0.42939, 0.42939, 0.42939, 0.42939, 0.42939, 0.42939, 0.42939, 0.42939, 0.42939, 0.42939, 0.42939, 0.42939, 0.42939, 0.42939, 0.42939, 0.42939, 0.429392, 0.42939, 0.433566, 0.42939, 0.42939
16.2253, 1.51276, 0.432472, 0.428247, 1.87424, 1.08029, 0, 0.428247, 0.428247, 0.428247, 0.428247, 0.428247, 0.428247, 0.428247, 0.428247, 0.428247, 0.428247, 0.428247, 0.428247, 0.428247, 0.428247, 0.428247, 0.428247, 0.428247, 0.428249, 0.428247, 0.43247, 0.428247, 0.428247
16.2331, 1.96952, 0.429983, 0.42571, 1.99236, 1.53953, 0, 0.42571, 0.42571, 0.42571, 0.42571, 0.42571, 0.42571, 0.42571, 0.42571, 0.42571, 0.42571, 0.42571, 0.42571, 0.42571, 0.42571, 0.42571, 0.42571, 0.42571, 0.425712, 0.42571, 0.429981, 0.42571, 0.42571
16.241, 0, 0.426331, 0.422011, 1.41421, -0.426331, 0, 0.422011, 0.422011, 0.422011, 0.422011, 0.422011, 0.422011, 0.422011, 0.422011, 0.422011, 0.422011, 0.422011, 0.422011, 0.422011, 0.422011, 0.422011, 0.422011, 0.422011, 0.422013, 0.422011, 0.426329, 0.422011, 0.422011
16.2489, 2.01611, 0.422115, 0.417746, 2.00402, 1.59399, 0, 0.417746, 0.417746, 0.417746, 0.417746, 0.417746, 0.417746, 0.417746, 0.417746, 0.417746, 0.417746, 0.417746, 0.417746, 0.417746, 0.417746, 0.417746, 0.417746, 0.417746, 0.417748, 0.417746, 0.422113, 0.417746, 0.417746
16.2567, 1.98389, 0.417921, 0.413503, 1.99597, 1.56597, 0, 0.413503, 0.413503, 0.413503, 0.413503, 0.413503, 0.413503, 0.413503, 0.413503, 0.413503, 0.413503, 0.413503, 0.413503, 0.413503, 0.413503, 0.413503, 0.413503, 0.413503, 0.413505, 0.413503, 0.417919, 0.413503, 0.413503
16.2646, 0.503283, 0.41733, 0.412862, 1.58218, 0.0859538, 0, 0.412862, 0.412862, 0.412862, 0.412862, 0.412862, 0.412862, 0.412862, 0.412862, 0.412862, 0.412862, 0.412862, 0.412862, 0.412862, 0.412862, 0.412862, 0.412862, 0.412862, 0.412864, 0.412862, 0.417327, 0.412862, 0.412862
16.2725, 1.49672, 0.415029, 0.410511, 1.86995, 1.08169, 0, 0.410511, 0.410511, 0.410511, 0.410511, 0.410511, 0.410511, 0.410511, 0.410511, 0.410511, 0.410511, 0.410511, 0.410511, 0.410511, 0.410511, 0.410511, 0.410511, 0.410511, 0.410513, 0.410511, 0.415027, 0.410511, 0.410511
16.2804, 0.498389, 0.411273, 0.406705, 1.58063, 0.0871159, 0, 0.406705, 0.406705, 0.406705, 0.406705, 0.406705, 0.406705, 0.406705, 0.406705, 0.406705, 0.406705, 0.406705, 0.406705, 0.406705, 0.406705, 0.406705, 0.406705, 0.406705, 0.406707, 0.406705, 0.411271, 0.406705, 0.406705
16.2882, 0.997646, 0.406809, 0.40219, 1.73137, 0.590836, 0, 0.40219, 0.40219, 0.40219, 0.40219, 0.40219, 0.40219, 0.40219, 0.40219, 0.40219, 0.40219, 0.40219, 0.40219, 0.40219, 0.40219, 0.40219, 0.40219, 0.40219, 0.402192, 0.40219, 0.406807, 0.40219, 0.40219
16.2961, 1.50397, 0.402371, 0.3977, 1.87189, 1.10159, 0, 0.3977, 0.3977, 0.3977, 0.3977, 0.3977, 0.3977, 0.3977, 0.3977, 0.3977, 0.3977, 0.3977, 0.3977, 0.3977, 0.3977, 0.3977, 0.3977, 0.3977, 0.397702, 0.3977, 0.402369, 0.3977, 0.3977
16.304, 0.982404, 0.402209, 0.397485, 1.72696, 0.580195, 0, 0.397485, 0.397485, 0.397485, 0.397485, 0.397485, 0.397485, 0.397485, 0.397485, 0.397485, 0.397485, 0.397485, 0.397485, 0.397485, 0.397485, 0.397485, 0.397485, 0.397485, 0.397488, 0.397485, 0.402207, 0.397485, 0.397485
16.3118, 1.0176, 0.400095, 0.395318, 1.73712, 0.617501, 0, 0.395318, 0.395318, 0.395318, 0.395318, 0.395318, 0.395318, 0.395318, 0.395318, 0.395318, 0.395318, 0.395318, 0.395318, 0.395318, 0.395318, 0.395318, 0.395318, 0.395318, 0.39532, 0.395318, 0.400093, 0.395318, 0.395318
16.3197, 0.486245, 0.396311, 0.39148, 1.57678, 0.0899347, 0, 0.39148, 0.39148, 0.39148, 0.39148, 0.39148, 0.39148, 0.39148, 0.39148, 0.39148, 0.39148, 0.39148, 0.39148, 0.39148, 0.39148, 0.39148, 0.39148, 0.39148, 0.391482, 0.39148, 0.396308, 0.39148, 0.39148
16.3276, 0.997646, 0.391714, 0.386828, 1.73137, 0.605932, 0, 0.386828, 0.386828, 0.386828, 0.386828, 0.386828, 0.386828, 0.386828, 0.386828, 0.386828, 0.386828, 0.386828, 0.386828, 0.386828, 0.386828, 0.386828, 0.386828, 0.386828, 0.38683, 0.386828, 0.391711, 0.386828, 0.386828
16.3355, 0.516109, 0.387145, 0.382204, 1.58622, 0.128964, 0, 0.382204, 0.382204, 0.382204, 0.382204, 0.382204, 0.382204, 0.382204, 0.382204, 0.382204, 0.382204, 0.382204, 0.382204, 0.382204, 0.382204, 0.382204, 0.382204, 0.382204, 0.382206, 0.382204, 0.387143, 0.382204, 0.382204
16.3433, 0.479058, 0.387257, 0.38226, 1.5745, 0.0918017, 0, 0.38226, 0.38226, 0.38226, 0.38226, 0.38226, 0.38226, 0.38226, 0.38226, 0.38226, 0.38226, 0.38226, 0.38226, 0.38226, 0.38226, 0.38226, 0.38226, 0.38226, 0.382262, 0.38226, 0.387254, 0.38226, 0.38226
16.3512, 0.997646, 0.385255, 0.380203, 1.73137, 0.61239, 0, 0.380203, 0.380203, 0.380203, 0.380203, 0.380203, 0.380203, 0.380203, 0.380203, 0.380203, 0.380203, 0.380203, 0.380203, 0.380203, 0.380203, 0.380203, 0.380203, 0.380203, 0.380205, 0.380203, 0.385253, 0.380203, 0.380203
16.3591, 0.523296, 0.381456, 0.376347, 1.58849, 0.14184, 0, 0.376347, 0.376347, 0.376347, 0.376347, 0.376347, 0.376347, 0.376347, 0.376347, 0.376347, 0.376347, 0.376347, 0.376347, 0.376347, 0.376347, 0.376347, 0.376347, 0.376347, 0.376349, 0.376347, 0.381454, 0.376347, 0.376347
16.3669, 0, 0.376782, 0.371615, 1.41421, -0.376782, 0, 0.371615, 0.371615, 0.371615, 0.371615, 0.371615, 0.371615, 0.371615, 0.371615, 0.371615, 0.371615, 0.371615, 0.371615, 0.371615, 0.371615, 0.371615, 0.371615, 0.371615, 0.371617, 0.371615, 0.37678, 0.371615, 0.371615
16.3748, 1, 0.372139, 0.366913, 1.73205, 0.627861, 0, 0.366913, 0.366913, 0.366913, 0.366913, 0.366913, 0.366913, 0.366913, 0.366913, 0.366913, 0.366913, 0.366913, 0.366913, 0.366913, 0.366913, 0.366913, 0.366913, 0.366913, 0.366915, 0.366913, 0.372137, 0.366913, 0.366913
16.3827, 1, 0.372511, 0.367226, 1.73205, 0.627489, 0, 0.367226, 0.367226, 0.367226, 0.367226, 0.367226, 0.367226, 0.367226, 0.367226, 0.367226, 0.367226, 0.367226, 0.367226, 0.367226, 0.367226, 0.367226, 0.367226, 0.367226, 0.367228, 0.367226, 0.372509, 0.367226, 0.367226
16.3906, 0.464618, 0.37064, 0.365295, 1.56991, 0.0939778, 0, 0.365295, 0.365295, 0.365295, 0.365295, 0.365295, 0.365295, 0.365295, 0.365295, 0.365295, 0.365295, 0.365295, 0.365295, 0.365295, 0.365295, 0.365295, 0.365295, 0.365295, 0.365297, 0.365295, 0.370638, 0.365295, 0.365295
16.3984, 0.535382, 0.366857, 0.361451, 1.59229, 0.168525, 0, 0.361451, 0.361451, 0.361451, 0.361451, 0.361451, 0.361451, 0.361451, 0.361451, 0.361451, 0.361451, 0.361451, 0.361451, 0.361451, 0.361451, 0.361451, 0.361451, 0.361451, 0.361454, 0.361451, 0.366855, 0.361451, 0.361451
16.4063, 0, 0.362144, 0.356677, 1.41421, -0.362144, 0, 0.356677, 0.356677, 0.356677, 0.356677, 0.356677, 0.356677, 0.356677, 0.356677, 0.356677, 0.356677, 0.356677, 0.356677, 0.356677, 0.356677, 0.356677, 0.356677, 0.356677, 0.356679, 0.356677, 0.362142, 0.356677, 0.356677
16.4142, 1, 0.357463, 0.351934, 1.73205, 0.642537, 0, 0.351934, 0.351934, 0.351934, 0.351934, 0.351934, 0.351934, 0.351934, 0.351934, 0.351934, 0.351934, 0.351934, 0.351934, 0.351934, 0.351934, 0.351934, 0.351934, 0.351934, 0.351936, 0.351934, 0.357461, 0.351934, 0.351934
16.422, 0.455131, 0.358053, 0.352461, 1.56689, 0.0970782, 0, 0.352461, 0.352461, 0.352461, 0.352461, 0.352461, 0.352461, 0.352461, 0.352461, 0.352461, 0.352461, 0.352461, 0.352461, 0.352461, 0.352461, 0.352461, 0.352461, 0.352461, 0.352464, 0.352461, 0.358051, 0.352461, 0.352461
16.4299, 1.99754, 0.356298, 0.350642, 1.99939, 1.64125, 0, 0.350642, 0.350642, 0.350642, 0.350642, 0.350642, 0.350642, 0.350642, 0.350642, 0.350642, 0.350642, 0.350642, 0.350642, 0.350642, 0.350642, 0.350642, 0.350642, 0.350642, 0.350645, 0.350642, 0.356296, 0.350642, 0.350642
16.4378, 1.54732, 0.352542, 0.346822, 1.88343, 1.19478, 0, 0.346822, 0.346822, 0.346822, 0.346822, 0.346822, 0.346822, 0.346822, 0.346822, 0.346822, 0.346822, 0.346822, 0.346822, 0.346822, 0.346822, 0.346822, 0.346822, 0.346822, 0.346825, 0.346822, 0.35254, 0.346822, 0.346822
16.4456, 1.44797, 0.347813, 0.342028, 1.85687, 1.10016, 0, 0.342028, 0.342028, 0.342028, 0.342028, 0.342028, 0.342028, 0.342028, 0.342028, 0.342028, 0.342028, 0.342028, 0.342028, 0.342028, 0.342028, 0.342028, 0.342028, 0.342028, 0.34203, 0.342028, 0.34781, 0.342028, 0.342028
16.4535, 0.552032, 0.343117, 0.337267, 1.59751, 0.208914, 0, 0.337267, 0.337267, 0.337267, 0.337267, 0.337267, 0.337267, 0.337267, 0.337267, 0.337267, 0.337267, 0.337267, 0.337267, 0.337267, 0.337267, 0.337267, 0.337267, 0.337267, 0.337269, 0.337267, 0.343115, 0.337267, 0.337267
16.4614, 0, 0.344131, 0.338214, 1.41421, -0.344131, 0, 0.338214, 0.338214, 0.338214, 0.338214, 0.338214, 0.338214, 0.338214, 0.338214, 0.338214, 0.338214, 0.338214, 0.338214, 0.338214, 0.338214, 0.338214, 0.338214, 0.338214, 0.338216, 0.338214, 0.344129, 0.338214, 0.338214
16.4693, 0, 0.342574, 0.336589, 1.41421, -0.342574, 0, 0.336589, 0.336589, 0.336589, 0.336589, 0.336589, 0.336589, 0.336589, 0.336589, 0.336589, 0.336589, 0.336589, 0.336589, 0.336589, 0.336589, 0.336589, 0.336589, 0.336589, 0.336591, 0.336589, 0.342571, 0.336589, 0.336589
16.4771, 0, 0.338792, 0.33274, 1.41421, -0.338792, 0, 0.33274, 0.33274, 0.33274, 0.33274, 0.33274, 0.33274, 0.33274, 0.33274, 0.33274, 0.33274, 0.33274, 0.33274, 0.33274, 0.33274, 0.33274, 0.33274, 0.33274, 0.332742, 0.33274, 0.33879, 0.33274, 0.33274
16.485, 1, 0.333929, 0.327807, 1.73205, 0.666071, 0, 0.327807, 0.327807, 0.327807, 0.327807, 0.327807, 0.327807, 0.327807, 0.327807, 0.327807, 0.327807, 0.327807, 0.327807, 0.327807, 0.327807, 0.327807, 0.327807, 0.327807, 0.32781, 0.327807, 0.333927, 0.327807, 0.327807
16.4929, 0, 0.329103, 0.322912, 1.41421, -0.329103, 0, 0.322912, 0.322912, 0.322912, 0.322912, 0.322912, 0.322912, 0.322912, 0.322912, 0.322912, 0.322912, 0.322912, 0.322912, 0.322912, 0.322912, 0.322912, 0.322912, 0.322912, 0.322914, 0.322912, 0.329101, 0.322912, 0.322912
16.5007, 0.430872, 0.332622, 0.32636, 1.55913, 0.0982504, 0, 0.32636, 0.32636, 0.32636, 0.32636, 0.32636, 0.32636, 0.32636, 0.32636, 0.32636, 0.32636, 0.32636, 0.32636, 0.32636, 0.32636, 0.32636, 0.32636, 0.32636, 0.326362, 0.32636, 0.33262, 0.32636, 0.32636
16.5086, 1.56913, 0.333418, 0.327084, 1.88921, 1.23571, 0, 0.327084, 0.327084, 0.327084, 0.327084, 0.327084, 0.327084, 0.327084, 0.327084, 0.327084, 0.327084, 0.327084, 0.327084, 0.327084, 0.327084, 0.327084, 0.327084, 0.327084, 0.327087, 0.327084, 0.333416, 0.327084, 0.327084
16.5165, 0, 0.331807, 0.325401, 1.41421, -0.331807, 0, 0.325401, 0.325401, 0.325401, 0.325401, 0.325401, 0.325401, 0.325401, 0.325401, 0.325401, 0.325401, 0.325401, 0.325401, 0.325401, 0.325401, 0.325401, 0.325401, 0.325401, 0.325404, 0.325401, 0.331805, 0.325401, 0.325401
16.5244, 0, 0.329004, 0.322525, 1.41421, -0.329004, 0, 0.322525, 0.322525, 0.322525, 0.322525, 0.322525, 0.322525, 0.322525, 0.322525, 0.322525, 0.322525, 0.322525, 0.322525, 0.322525, 0.322525, 0.322525, 0.322525, 0.322525, 0.322527, 0.322525, 0.329002, 0.322525, 0.322525
16.5322, 0, 0.326215, 0.319661, 1.41421, -0.326215, 0, 0.319661, 0.319661, 0.319661, 0.319661, 0.319661, 0.319661, 0.319661, 0.319661, 0.319661, 0.319661, 0.319661, 0.319661, 0.319661, 0.319661, 0.319661, 0.319661, 0.319661, 0.319663, 0.319661, 0.326212, 0.319661, 0.319661
16.5401, 1, 0.329145, 0.322516, 1.73205, 0.670855, 0, 0.322516, 0.322516, 0.322516, 0.322516, 0.322516, 0.322516, 0.322516, 0.322516, 0.322516, 0.322516, 0.322516, 0.322516, 0.322516, 0.322516, 0.322516, 0.322516, 0.322516, 0.322518, 0.322516, 0.329143, 0.322516, 0.322516
16.548, 1.4165, 0.329737, 0.323032, 1.84838, 1.08676, 0, 0.323032, 0.323032, 0.323032, 0.323032, 0.323032, 0.323032, 0.323032, 0.323032, 0.323032, 0.323032, 0.323032, 0.323032, 0.323032, 0.323032, 0.323032, 0.323032, 0.323032, 0.323034, 0.323032, 0.329734, 0.323032, 0.323032
16.5558, 1.82513, 0.328284, 0.321503, 1.9558, 1.49685, 0, 0.321503, 0.321503, 0.321503, 0.321503, 0.321503, 0.321503, 0.321503, 0.321503, 0.321503, 0.321503, 0.321503, 0.321503, 0.321503, 0.321503, 0.321503, 0.321503, 0.321503, 0.321505, 0.321503, 0.328282, 0.321503, 0.321503
16.5637, 2.17001, 0.325819, 0.31896, 2.04206, 1.84419, 0, 0.31896, 0.31896, 0.31896, 0.31896, 0.31896, 0.31896, 0.31896, 0.31896, 0.31896, 0.31896, 0.31896, 0.31896, 0.31896, 0.31896, 0.31896, 0.31896, 0.31896, 0.318962, 0.31896, 0.325817, 0.31896, 0.31896
16.5716, 0.588352, 0.323364, 0.316426, 1.60884, 0.264987, 0, 0.316426, 0.316426, 0.316426, 0.316426, 0.316426, 0.316426, 0.316426, 0.316426, 0.316426, 0.316426, 0.316426, 0.316426, 0.316426, 0.316426, 0.316426, 0.316426, 0.316426, 0.316429, 0.316426, 0.323362, 0.316426, 0.316426
16.5795, 3, 0.325958, 0.31894, 2.23607, 2.67404, 0, 0.31894, 0.31894, 0.31894, 0.31894, 0.31894, 0.31894, 0.31894, 0.31894, 0.31894, 0.31894, 0.31894, 0.31894, 0.31894, 0.31894, 0.31894, 0.31894, 0.31894, 0.318942, 0.31894, 0.325956, 0.31894, 0.31894
16.5873, 1, 0.326373, 0.319274, 1.73205, 0.673627, 0, 0.319274, 0.319274, 0.319274, 0.319274, 0.319274, 0.319274, 0.319274, 0.319274, 0.319274, 0.319274, 0.319274, 0.319274, 0.319274, 0.319274, 0.319274, 0.319274, 0.319274, 0.319276, 0.319274, 0.326371, 0.319274, 0.319274
16.5952, 3, 0.324896, 0.317715, 2.23607, 2.6751, 0, 0.317715, 0.317715, 0.317715, 0.317715, 0.317715, 0.317715, 0.317715, 0.317715, 0.317715, 0.317715, 0.317715, 0.317715, 0.317715, 0.317715, 0.317715, 0.317715, 0.317715, 0.317718, 0.317715, 0.324894, 0.317715, 0.317715
16.6031, 0, 0.322481, 0.315218, 1.41421, -0.322481, 0, 0.315218, 0.315218, 0.315218, 0.315218, 0.315218, 0.315218, 0.315218, 0.315218, 0.315218, 0.315218, 0.315218, 0.315218, 0.315218, 0.315218, 0.315218, 0.315218, 0.315218, 0.31522, 0.315218, 0.322479, 0.315218, 0.315218
16.6109, 0, 0.320078, 0.312731, 1.41421, -0.320078, 0, 0.312731, 0.312731, 0.312731, 0.312731, 0.312731, 0.312731, 0.312731, 0.312731, 0.312731, 0.312731, 0.312731, 0.312731, 0.312731, 0.312731, 0.312731, 0.312731, 0.312731, 0.312733, 0.312731, 0.320075, 0.312731, 0.312731
16.6188, 1.39495, 0.322488, 0.315057, 1.84254, 1.07246, 0, 0.315057, 0.315057, 0.315057, 0.315057, 0.315057, 0.315057, 0.315057, 0.315057, 0.315057, 0.315057, 0.315057, 0.315057, 0.315057, 0.315057, 0.315057, 0.315057, 0.315057, 0.315059, 0.315057, 0.322486, 0.315057, 0.315057
16.6267, 0.605054, 0.32285, 0.315333, 1.61402, 0.282204, 0, 0.315333, 0.315333, 0.315333, 0.315333, 0.315333, 0.315333, 0.315333, 0.315333, 0.315333, 0.315333, 0.315333, 0.315333, 0.315333, 0.315333, 0.315333, 0.315333, 0.315333, 0.315335, 0.315333, 0.322848, 0.315333, 0.315333
16.6346, 0, 0.321431, 0.313827, 1.41421, -0.321431, 0, 0.313827, 0.313827, 0.313827, 0.313827, 0.313827, 0.313827, 0.313827, 0.313827, 0.313827, 0.313827, 0.313827, 0.313827, 0.313827, 0.313827, 0.313827, 0.313827, 0.313827, 0.313829, 0.313827, 0.321429, 0.313827, 0.313827
16.6424, 1.77541, 0.31913, 0.311437, 1.94304, 1.45628, 0, 0.311437, 0.311437, 0.311437, 0.311437, 0.311437, 0.311437, 0.311437, 0.311437, 0.311437, 0.311437, 0.311437, 0.311437, 0.311437, 0.311437, 0.311437, 0.311437, 0.311437, 0.311439, 0.311437, 0.319127, 0.311437, 0.311437
16.6503, 1.22459, 0.316838, 0.309057, 1.79571, 0.907753, 0, 0.309057, 0.309057, 0.309057, 0.309057, 0.309057, 0.309057, 0.309057, 0.309057, 0.309057, 0.309057, 0.309057, 0.309057, 0.309057, 0.309057, 0.309057, 0.309057, 0.309057, 0.309059, 0.309057, 0.316836, 0.309057, 0.309057
16.6582, 1, 0.318947, 0.311075, 1.73205, 0.681053, 0, 0.311075, 0.311075, 0.311075, 0.311075, 0.311075, 0.311075, 0.311075, 0.311075, 0.311075, 0.311075, 0.311075, 0.311075, 0.311075, 0.311075, 0.311075, 0.311075, 0.311075, 0.311077, 0.311075, 0.318944, 0.311075, 0.311075
16.666, 0, 0.319122, 0.311159, 1.41421, -0.319122, 0, 0.311159, 0.311159, 0.311159, 0.311159, 0.311159, 0.311159, 0.311159, 0.311159, 0.311159, 0.311159, 0.311159, 0.311159, 0.311159, 0.311159, 0.311159, 0.311159, 0.311159, 0.311161, 0.311159, 0.31912, 0.311159, 0.311159
16.6739, 0.377602, 0.317623, 0.309567, 1.54195, 0.0599786, 0, 0.309567, 0.309567, 0.309567, 0.309567, 0.309567, 0.309567, 0.309567, 0.309567, 0.309567, 0.309567, 0.309567, 0.309567, 0.309567, 0.309567, 0.309567, 0.309567, 0.309567, 0.309569, 0.309567, 0.317621, 0.309567, 0.309567
16.6818, 1.6224, 0.315295, 0.307146, 1.90326, 1.3071, 0, 0.307146, 0.307146, 0.307146, 0.307146, 0.307146, 0.307146, 0.307146, 0.307146, 0.307146, 0.307146, 0.307146, 0.307146, 0.307146, 0.307146, 0.307146, 0.307146, 0.307146, 0.307148, 0.307146, 0.315293, 0.307146, 0.307146
16.6897, 0, 0.312978, 0.304734, 1.41421, -0.312978, 0, 0.304734, 0.304734, 0.304734, 0.304734, 0.304734, 0.304734, 0.304734, 0.304734, 0.304734, 0.304734, 0.304734, 0.304734, 0.304734, 0.304734, 0.304734, 0.304734, 0.304734, 0.304736, 0.304734, 0.312976, 0.304734, 0.304734
16.6975, 1, 0.314954, 0.306613, 1.73205, 0.685046, 0, 0.306613, 0.306613, 0.306613, 0.306613, 0.306613, 0.306613, 0.306613, 0.306613, 0.306613, 0.306613, 0.306613, 0.306613, 0.306613, 0.306613, 0.306613, 0.306613, 0.306613, 0.306615, 0.306613, 0.314952, 0.306613, 0.306613
16.7054, 0, 0.315095, 0.306657, 1.41421, -0.315095, 0, 0.306657, 0.306657, 0.306657, 0.306657, 0.306657, 0.306657, 0.306657, 0.306657, 0.306657, 0.306657, 0.306657, 0.306657, 0.306657, 0.306657, 0.306657, 0.306657, 0.306657, 0.30666, 0.306657, 0.315093, 0.306657, 0.306657
16.7133, 0, 0.313645, 0.305108, 1.41421, -0.313645, 0, 0.305108, 0.305108, 0.305108, 0.305108, 0.305108, 0.305108, 0.305108, 0.305108, 0.305108, 0.305108, 0.305108, 0.305108, 0.305108, 0.305108, 0.305108, 0.305108, 0.305108, 0.30511, 0.305108, 0.313643, 0.305108, 0.305108
16.7211, 1, 0.311406, 0.30277, 1.73205, 0.688594, 0, 0.30277, 0.30277, 0.30277, 0.30277, 0.30277, 0.30277, 0.30277, 0.30277, 0.30277, 0.30277, 0.30277, 0.30277, 0.30277, 0.30277, 0.30277, 0.30277, 0.30277, 0.302772, 0.30277, 0.311404, 0.30277, 0.30277
16.729, 0.721864, 0.309178, 0.300441, 1.64981, 0.412686, 0, 0.300441, 0.300441, 0.300441, 0.300441, 0.300441, 0.300441, 0.300441, 0.300441, 0.300441, 0.300441, 0.300441, 0.300441, 0.300441, 0.300441, 0.300441, 0.300441, 0.300441, 0.300443, 0.300441, 0.309176, 0.300441, 0.300441
16.7369, 1.27814, 0.310842, 0.302002, 1.81056, 0.967294, 0, 0.302002, 0.302002, 0.302002, 0.302002, 0.302002, 0.302002, 0.302002, 0.302002, 0.302002, 0.302002, 0.302002, 0.302002, 0.302002, 0.302002, 0.302002, 0.302002, 0.302002, 0.302004, 0.302002, 0.310839, 0.302002, 0.302002
16.7448, 0, 0.310775, 0.301831, 1.41421, -0.310775, 0, 0.301831, 0.301831, 0.301831, 0.301831, 0.301831, 0.301831, 0.301831, 0.301831, 0.301831, 0.301831, 0.301831, 0.301831, 0.301831, 0.301831, 0.301831, 0.301831, 0.301831, 0.301833, 0.301831, 0.310773, 0.301831, 0.301831
16.7526, 0.707631, 0.309212, 0.300163, 1.64549, 0.39842, 0, 0.300163, 0.300163, 0.300163, 0.300163, 0.300163, 0.300163, 0.300163, 0.300163, 0.300163, 0.300163, 0.300163, 0.300163, 0.300163, 0.300163, 0.300163, 0.300163, 0.300163, 0.300165, 0.300163, 0.309209, 0.300163, 0.300163
16.7605, 1.64388, 0.306909, 0.297754, 1.9089, 1.33697, 0, 0.297754, 0.297754, 0.297754, 0.297754, 0.297754, 0.297754, 0.297754, 0.297754, 0.297754, 0.297754, 0.297754, 0.297754, 0.297754, 0.297754, 0.297754, 0.297754, 0.297754, 0.297756, 0.297754, 0.306907, 0.297754, 0.297754
16.7684, 1.34621, 0.304617, 0.295354, 1.82926, 1.04159, 0, 0.295354, 0.295354, 0.295354, 0.295354, 0.295354, 0.295354, 0.295354, 0.295354, 0.295354, 0.295354, 0.295354, 0.295354, 0.295354, 0.295354, 0.295354, 0.295354, 0.295354, 0.295356, 0.295354, 0.304615, 0.295354, 0.295354
16.7762, 2.64875, 0.306167, 0.296795, 2.1561, 2.34258, 0, 0.296795, 0.296795, 0.296795, 0.296795, 0.296795, 0.296795, 0.296795, 0.296795, 0.296795, 0.296795, 0.296795, 0.296795, 0.296795, 0.296795, 0.296795, 0.296795, 0.296795, 0.296797, 0.296795, 0.306165, 0.296795, 0.296795
16.7841, 0.653532, 0.306075, 0.296592, 1.62897, 0.347457, 0, 0.296592, 0.296592, 0.296592, 0.296592, 0.296592, 0.296592, 0.296592, 0.296592, 0.296592, 0.296592, 0.296592, 0.296592, 0.296592, 0.296592, 0.296592, 0.296592, 0.296592, 0.296594, 0.296592, 0.306073, 0.296592, 0.296592
16.792, 0.341427, 0.30456, 0.294965, 1.53017, 0.036867, 0, 0.294965, 0.294965, 0.294965, 0.294965, 0.294965, 0.294965, 0.294965, 0.294965, 0.294965, 0.294965, 0.294965, 0.294965, 0.294965, 0.294965, 0.294965, 0.294965, 0.294965, 0.294967, 0.294965, 0.304558, 0.294965, 0.294965
16.7999, 1.33681, 0.302342, 0.292633, 1.82669, 1.03447, 0, 0.292633, 0.292633, 0.292633, 0.292633, 0.292633, 0.292633, 0.292633, 0.292633, 0.292633, 0.292633, 0.292633, 0.292633, 0.292633, 0.292633, 0.292633, 0.292633, 0.292633, 0.292636, 0.292633, 0.30234, 0.292633, 0.292633
16.8077, 2.32176, 0.300135, 0.290311, 2.07889, 2.02163, 0, 0.290311, 0.290311, 0.290311, 0.290311, 0.290311, 0.290311, 0.290311, 0.290311, 0.290311, 0.290311, 0.290311, 0.290311, 0.290311, 0.290311, 0.290311, 0.290311, 0.290311, 0.290313, 0.290311, 0.300133, 0.290311, 0.290311
16.8156, 1, 0.301364, 0.291423, 1.73205, 0.698636, 0, 0.291423, 0.291423, 0.291423, 0.291423, 0.291423, 0.291423, 0.291423, 0.291423, 0.291423, 0.291423, 0.291423, 0.291423, 0.291423, 0.291423, 0.291423, 0.291423, 0.291423, 0.291426, 0.291423, 0.301362, 0.291423, 0.291423
16.8235, 0, 0.301049, 0.29099, 1.41421, -0.301049, 0, 0.29099, 0.29099, 0.29099, 0.29099, 0.29099, 0.29099, 0.29099, 0.29099, 0.29099, 0.29099, 0.29099, 0.29099, 0.29099, 0.29099, 0.29099, 0.29099, 0.29099, 0.290992, 0.29099, 0.301046, 0.29099, 0.29099
16.8313, 0, 0.299401, 0.289222, 1.41421, -0.299401, 0, 0.289222, 0.289222, 0.289222, 0.289222, 0.289222, 0.289222, 0.289222, 0.289222, 0.289222, 0.289222, 0.289222, 0.289222, 0.289222, 0.289222, 0.289222, 0.289222, 0.289222, 0.289224, 0.289222, 0.299399, 0.289222, 0.289222
16.8392, 0, 0.297096, 0.286795, 1.41421, -0.297096, 0, 0.286795, 0.286795, 0.286795, 0.286795, 0.286795, 0.286795, 0.286795, 0.286795, 0.286795, 0.286795, 0.286795, 0.286795, 0.286795, 0.286795, 0.286795, 0.286795, 0.286795, 0.286798, 0.286795, 0.297093, 0.286795, 0.286795
16.8471, 1, 0.294802, 0.284379, 1.73205, 0.705198, 0, 0.284379, 0.284379, 0.284379, 0.284379, 0.284379, 0.284379, 0.284379, 0.284379, 0.284379, 0.284379, 0.284379, 0.284379, 0.284379, 0.284379, 0.284379, 0.284379, 0.284379, 0.284381, 0.284379, 0.2948, 0.284379, 0.284379
16.855, 0, 0.295938, 0.28539, 1.41421, -0.295938, 0, 0.28539, 0.28539, 0.28539, 0.28539, 0.28539, 0.28539, 0.28539, 0.28539, 0.28539, 0.28539, 0.28539, 0.28539, 0.28539, 0.28539, 0.28539, 0.28539, 0.28539, 0.285392, 0.28539, 0.295935, 0.28539, 0.28539
16.8628, 0.32003, 0.295607, 0.284933, 1.52316, 0.0244225, 0, 0.284933, 0.284933, 0.284933, 0.284933, 0.284933, 0.284933, 0.284933, 0.284933, 0.284933, 0.284933, 0.284933, 0.284933, 0.284933, 0.284933, 0.284933, 0.284933, 0.284933, 0.284935, 0.284933, 0.295605, 0.284933, 0.284933
16.8707, 0.997612, 0.294009, 0.283206, 1.73136, 0.703603, 0, 0.283206, 0.283206, 0.283206, 0.283206, 0.283206, 0.283206, 0.283206, 0.283206, 0.283206, 0.283206, 0.283206, 0.283206, 0.283206, 0.283206, 0.283206, 0.283206, 0.283206, 0.283208, 0.283206, 0.294006, 0.283206, 0.283206
16.8786, 1.68236, 0.291785, 0.280852, 1.91895, 1.39057, 0, 0.280852, 0.280852, 0.280852, 0.280852, 0.280852, 0.280852, 0.280852, 0.280852, 0.280852, 0.280852, 0.280852, 0.280852, 0.280852, 0.280852, 0.280852, 0.280852, 0.280852, 0.280855, 0.280852, 0.291782, 0.280852, 0.280852
16.8864, 2, 0.289572, 0.278508, 2, 1.71043, 0, 0.278508, 0.278508, 0.278508, 0.278508, 0.278508, 0.278508, 0.278508, 0.278508, 0.278508, 0.278508, 0.278508, 0.278508, 0.278508, 0.278508, 0.278508, 0.278508, 0.278508, 0.278511, 0.278508, 0.28957, 0.278508, 0.278508
16.8943, 0, 0.290392, 0.279195, 1.41421, -0.290392, 0, 0.279195, 0.279195, 0.279195, 0.279195, 0.279195, 0.279195, 0.279195, 0.279195, 0.279195, 0.279195, 0.279195, 0.279195, 0.279195, 0.279195, 0.279195, 0.279195, 0.279195, 0.279197, 0.279195, 0.29039, 0.279195, 0.279195
16.9022, 1.30788, 0.289835, 0.278502, 1.81876, 1.01805, 0, 0.278502, 0.278502, 0.278502, 0.278502, 0.278502, 0.278502, 0.278502, 0.278502, 0.278502, 0.278502, 0.278502, 0.278502, 0.278502, 0.278502, 0.278502, 0.278502, 0.278502, 0.278504, 0.278502, 0.289832, 0.278502, 0.278502
16.9101, 0.692117, 0.288092, 0.276623, 1.64077, 0.404024, 0, 0.276623, 0.276623, 0.276623, 0.276623, 0.276623, 0.276623, 0.276623, 0.276623, 0.276623, 0.276623, 0.276623, 0.276623, 0.276623, 0.276623, 0.276623, 0.276623, 0.276623, 0.276625, 0.276623, 0.28809, 0.276623, 0.276623
16.9179, 0.302925, 0.285768, 0.274159, 1.51754, 0.0171574, 0, 0.274159, 0.274159, 0.274159, 0.274159, 0.274159, 0.274159, 0.274159, 0.274159, 0.274159, 0.274159, 0.274159, 0.274159, 0.274159, 0.274159, 0.274159, 0.274159, 0.274159, 0.274161, 0.274159, 0.285765, 0.274159, 0.274159
16.9258, 2.69707, 0.283456, 0.271706, 2.16727, 2.41362, 0, 0.271706, 0.271706, 0.271706, 0.271706, 0.271706, 0.271706, 0.271706, 0.271706, 0.271706, 0.271706, 0.271706, 0.271706, 0.271706, 0.271706, 0.271706, 0.271706, 0.271706, 0.271709, 0.271706, 0.283454, 0.271706, 0.271706
16.9337, 0, 0.28419, 0.272298, 1.41421, -0.28419, 0, 0.272298, 0.272298, 0.272298, 0.272298, 0.272298, 0.272298, 0.272298, 0.272298, 0.272298, 0.272298, 0.272298, 0.272298, 0.272298, 0.272298, 0.272298, 0.272298, 0.272298, 0.2723, 0.272298, 0.284188, 0.272298, 0.272298
16.9415, 0, 0.283624, 0.271587, 1.41421, -0.283624, 0, 0.271587, 0.271587, 0.271587, 0.271587, 0.271587, 0.271587, 0.271587, 0.271587, 0.271587, 0.271587, 0.271587, 0.271587, 0.271587, 0.271587, 0.271587, 0.271587, 0.271587, 0.271589, 0.271587, 0.283622, 0.271587, 0.271587
16.9494, 1.29351, 0.281937, 0.269753, 1.8148, 1.01157, 0, 0.269753, 0.269753, 0.269753, 0.269753, 0.269753, 0.269753, 0.269753, 0.269753, 0.269753, 0.269753, 0.269753, 0.269753, 0.269753, 0.269753, 0.269753, 0.269753, 0.269753, 0.269755, 0.269753, 0.281935, 0.269753, 0.269753
16.9573, 0.706495, 0.279698, 0.267365, 1.64514, 0.426796, 0, 0.267365, 0.267365, 0.267365, 0.267365, 0.267365, 0.267365, 0.267365, 0.267365, 0.267365, 0.267365, 0.267365, 0.267365, 0.267365, 0.267365, 0.267365, 0.267365, 0.267365, 0.267367, 0.267365, 0.279696, 0.267365, 0.267365
16.9652, 0, 0.277473, 0.264988, 1.41421, -0.277473, 0, 0.264988, 0.264988, 0.264988, 0.264988, 0.264988, 0.264988, 0.264988, 0.264988, 0.264988, 0.264988, 0.264988, 0.264988, 0.264988, 0.264988, 0.264988, 0.264988, 0.264988, 0.264991, 0.264988, 0.27747, 0.264988, 0.264988
16.973, 1, 0.27786, 0.265223, 1.73205, 0.72214, 0, 0.265223, 0.265223, 0.265223, 0.265223, 0.265223, 0.265223, 0.265223, 0.265223, 0.265223, 0.265223, 0.265223, 0.265223, 0.265223, 0.265223, 0.265223, 0.265223, 0.265223, 0.265225, 0.265223, 0.277858, 0.265223, 0.265223
16.9809, 2, 0.277057, 0.264264, 2, 1.72294, 0, 0.264264, 0.264264, 0.264264, 0.264264, 0.264264, 0.264264, 0.264264, 0.264264, 0.264264, 0.264264, 0.264264, 0.264264, 0.264264, 0.264264, 0.264264, 0.264264, 0.264264, 0.264267, 0.264264, 0.277055, 0.264264, 0.264264
16.9888, 0, 0.275239, 0.262288, 1.41421, -0.275239, 0, 0.262288, 0.262288, 0.262288, 0.262288, 0.262288, 0.262288, 0.262288, 0.262288, 0.262288, 0.262288, 0.262288, 0.262288, 0.262288, 0.262288, 0.262288, 0.262288, 0.262288, 0.262291, 0.262288, 0.275237, 0.262288, 0.262288
16.9966, 0, 0.272923, 0.259813, 1.41421, -0.272923, 0, 0.259813, 0.259813, 0.259813, 0.259813, 0.259813, 0.259813, 0.259813, 0.259813, 0.259813, 0.259813, 0.259813, 0.259813, 0.259813, 0.259813, 0.259813, 0.259813, 0.259813, 0.259815, 0.259813, 0.272921, 0.259813, 0.259813
17.0045, 0.27658, 0.270622, 0.257349, 1.50883, 0.0059579, 0, 0.257349, 0.257349, 0.257349, 0.257349, 0.257349, 0.257349, 0.257349, 0.257349, 0.257349, 0.257349, 0.257349, 0.257349, 0.257349, 0.257349, 0.257349, 0.257349, 0.257349, 0.257352, 0.257349, 0.27062, 0.257349, 0.257349
17.0124, 1.72342, 0.270909, 0.257471, 1.92962, 1.45251, 0, 0.257471, 0.257471, 0.257471, 0.257471, 0.257471, 0.257471, 0.257471, 0.257471, 0.257471, 0.257471, 0.257471, 0.257471, 0.257471, 0.257471, 0.257471, 0.257471, 0.257471, 0.257474, 0.257471, 0.270906, 0.257471, 0.257471
17.0203, 2.27169, 0.270096, 0.256492, 2.06681, 2.00159, 0, 0.256492, 0.256492, 0.256492, 0.256492, 0.256492, 0.256492, 0.256492, 0.256492, 0.256492, 0.256492, 0.256492, 0.256492, 0.256492, 0.256492, 0.256492, 0.256492, 0.256492, 0.256495, 0.256492, 0.270094, 0.256492, 0.256492
17.0281, 1.99764, 0.268346, 0.254573, 1.99941, 1.72929, 0, 0.254573, 0.254573, 0.254573, 0.254573, 0.254573, 0.254573, 0.254573, 0.254573, 0.254573, 0.254573, 0.254573, 0.254573, 0.254573, 0.254573, 0.254573, 0.254573, 0.254573, 0.254575, 0.254573, 0.268344, 0.254573, 0.254573
17.036, 0.730674, 0.266137, 0.252192, 1.65247, 0.464537, 0, 0.252192, 0.252192, 0.252192, 0.252192, 0.252192, 0.252192, 0.252192, 0.252192, 0.252192, 0.252192, 0.252192, 0.252192, 0.252192, 0.252192, 0.252192, 0.252192, 0.252192, 0.252194, 0.252192, 0.266135, 0.252192, 0.252192
17.0439, 1.26462, 0.263941, 0.249822, 1.80683, 1.00068, 0, 0.249822, 0.249822, 0.249822, 0.249822, 0.249822, 0.249822, 0.249822, 0.249822, 0.249822, 0.249822, 0.249822, 0.249822, 0.249822, 0.249822, 0.249822, 0.249822, 0.249822, 0.249824, 0.249822, 0.263939, 0.249822, 0.249822
17.0517, 0.735382, 0.263912, 0.249616, 1.6539, 0.471469, 0, 0.249616, 0.249616, 0.249616, 0.249616, 0.249616, 0.249616, 0.249616, 0.249616, 0.249616, 0.249616, 0.249616, 0.249616, 0.249616, 0.249616, 0.249616, 0.249616, 0.249616, 0.249618, 0.249616, 0.26391, 0.249616, 0.249616
17.0596, 1, 0.262883, 0.248407, 1.73205, 0.737117, 0, 0.248407, 0.248407, 0.248407, 0.248407, 0.248407, 0.248407, 0.248407, 0.248407, 0.248407, 0.248407, 0.248407, 0.248407, 0.248407, 0.248407, 0.248407, 0.248407, 0.248407, 0.24841, 0.248407, 0.262881, 0.248407, 0.248407
17.0675, 0.257313, 0.261012, 0.246354, 1.50244, -0.00369897, 0, 0.246354, 0.246354, 0.246354, 0.246354, 0.246354, 0.246354, 0.246354, 0.246354, 0.246354, 0.246354, 0.246354, 0.246354, 0.246354, 0.246354, 0.246354, 0.246354, 0.246354, 0.246356, 0.246354, 0.261009, 0.246354, 0.246354
17.0753, 0.742687, 0.25873, 0.243887, 1.65611, 0.483957, 0, 0.243887, 0.243887, 0.243887, 0.243887, 0.243887, 0.243887, 0.243887, 0.243887, 0.243887, 0.243887, 0.243887, 0.243887, 0.243887, 0.243887, 0.243887, 0.243887, 0.243887, 0.24389, 0.243887, 0.258728, 0.243887, 0.243887
17.0832, 1.25235, 0.256464, 0.241433, 1.80343, 0.995891, 0, 0.241433, 0.241433, 0.241433, 0.241433, 0.241433, 0.241433, 0.241433, 0.241433, 0.241433, 0.241433, 0.241433, 0.241433, 0.241433, 0.241433, 0.241433, 0.241433, 0.241433, 0.241435, 0.241433, 0.256461, 0.241433, 0.241433
17.0911, 1.74765, 0.256371, 0.24115, 1.93588, 1.49127, 0, 0.24115, 0.24115, 0.24115, 0.24115, 0.24115, 0.24115, 0.24115, 0.24115, 0.24115, 0.24115, 0.24115, 0.24115, 0.24115, 0.24115, 0.24115, 0.24115, 0.24115, 0.241152, 0.24115, 0.256368, 0.24115, 0.24115
17.099, 0, 0.255351, 0.239936, 1.41421, -0.255351, 0, 0.239936, 0.239936, 0.239936, 0.239936, 0.239936, 0.239936, 0.239936, 0.239936, 0.239936, 0.239936, 0.239936, 0.239936, 0.239936, 0.239936, 0.239936, 0.239936, 0.239936, 0.239939, 0.239936, 0.255348, 0.239936, 0.239936
17.1068, 1, 0.253549, 0.237938, 1.73205, 0.746451, 0, 0.237938, 0.237938, 0.237938, 0.237938, 0.237938, 0.237938, 0.237938, 0.237938, 0.237938, 0.237938, 0.237938, 0.237938, 0.237938, 0.237938, 0.237938, 0.237938, 0.237938, 0.237941, 0.237938, 0.253547, 0.237938, 0.237938
17.1147, 0, 0.251367, 0.235557, 1.41421, -0.251367, 0, 0.235557, 0.235557, 0.235557, 0.235557, 0.235557, 0.235557, 0.235557, 0.235557, 0.235557, 0.235557, 0.235557, 0.235557, 0.235557, 0.235557, 0.235557, 0.235557, 0.235557, 0.235559, 0.235557, 0.251365, 0.235557, 0.235557
17.1226, 1, 0.2492, 0.233188, 1.73205, 0.7508, 0, 0.233188, 0.233188, 0.233188, 0.233188, 0.233188, 0.233188, 0.233188, 0.233188, 0.233188, 0.233188, 0.233188, 0.233188, 0.233188, 0.233188, 0.233188, 0.233188, 0.233188, 0.23319, 0.233188, 0.249198, 0.233188, 0.233188
17.1305, 0, 0.248844, 0.232625, 1.41421, -0.248844, 0, 0.232625, 0.232625, 0.232625, 0.232625, 0.232625, 0.232625, 0.232625, 0.232625, 0.232625, 0.232625, 0.232625, 0.232625, 0.232625, 0.232625, 0.232625, 0.232625, 0.232625, 0.232628, 0.232625, 0.248841, 0.232625, 0.232625
17.1383, 1.2355, 0.247641, 0.231213, 1.79875, 0.987858, 0, 0.231213, 0.231213, 0.231213, 0.231213, 0.231213, 0.231213, 0.231213, 0.231213, 0.231213, 0.231213, 0.231213, 0.231213, 0.231213, 0.231213, 0.231213, 0.231213, 0.231213, 0.231216, 0.231213, 0.247638, 0.231213, 0.231213
17.1462, 0.764502, 0.245734, 0.229095, 1.66268, 0.518768, 0, 0.229095, 0.229095, 0.229095, 0.229095, 0.229095, 0.229095, 0.229095, 0.229095, 0.229095, 0.229095, 0.229095, 0.229095, 0.229095, 0.229095, 0.229095, 0.229095, 0.229095, 0.229097, 0.229095, 0.245732, 0.229095, 0.229095
17.1541, 0, 0.243487, 0.226633, 1.41421, -0.243487, 0, 0.226633, 0.226633, 0.226633, 0.226633, 0.226633, 0.226633, 0.226633, 0.226633, 0.226633, 0.226633, 0.226633, 0.226633, 0.226633, 0.226633, 0.226633, 0.226633, 0.226633, 0.226635, 0.226633, 0.243485, 0.226633, 0.226633
17.1619, 0, 0.241257, 0.224184, 1.41421, -0.241257, 0, 0.224184, 0.224184, 0.224184, 0.224184, 0.224184, 0.224184, 0.224184, 0.224184, 0.224184, 0.224184, 0.224184, 0.224184, 0.224184, 0.224184, 0.224184, 0.224184, 0.224184, 0.224186, 0.224184, 0.241255, 0.224184, 0.224184
17.1698, 1, 0.240872, 0.223576, 1.73205, 0.759128, 0, 0.223576, 0.223576, 0.223576, 0.223576, 0.223576, 0.223576, 0.223576, 0.223576, 0.223576, 0.223576, 0.223576, 0.223576, 0.223576, 0.223576, 0.223576, 0.223576, 0.223576, 0.223578, 0.223576, 0.240869, 0.223576, 0.223576
17.1777, 0, 0.239697, 0.222175, 1.41421, -0.239697, 0, 0.222175, 0.222175, 0.222175, 0.222175, 0.222175, 0.222175, 0.222175, 0.222175, 0.222175, 0.222175, 0.222175, 0.222175, 0.222175, 0.222175, 0.222175, 0.222175, 0.222175, 0.222177, 0.222175, 0.239694, 0.222175, 0.222175
17.1855, 0.22112, 0.237863, 0.220112, 1.49034, -0.0167429, 0, 0.220112, 0.220112, 0.220112, 0.220112, 0.220112, 0.220112, 0.220112, 0.220112, 0.220112, 0.220112, 0.220112, 0.220112, 0.220112, 0.220112, 0.220112, 0.220112, 0.220112, 0.220115, 0.220112, 0.237861, 0.220112, 0.220112
17.1934, 0.77888, 0.235712, 0.217728, 1.667, 0.543167, 0, 0.217728, 0.217728, 0.217728, 0.217728, 0.217728, 0.217728, 0.217728, 0.217728, 0.217728, 0.217728, 0.217728, 0.217728, 0.217728, 0.217728, 0.217728, 0.217728, 0.217728, 0.217731, 0.217728, 0.23571, 0.217728, 0.217728
17.2013, 2, 0.233578, 0.215357, 2, 1.76642, 0, 0.215357, 0.215357, 0.215357, 0.215357, 0.215357, 0.215357, 0.215357, 0.215357, 0.215357, 0.215357, 0.215357, 0.215357, 0.215357, 0.215357, 0.215357, 0.215357, 0.215357, 0.21536, 0.215357, 0.233576, 0.215357, 0.215357
17.2092, 0.214073, 0.232983, 0.214521, 1.48798, -0.0189096, 0, 0.214521, 0.214521, 0.214521, 0.214521, 0.214521, 0.214521, 0.214521, 0.214521, 0.214521, 0.214521, 0.214521, 0.214521, 0.214521, 0.214521, 0.214521, 0.214521, 0.214521, 0.214524, 0.214521, 0.232981, 0.214521, 0.214521
17.217, 0.785927, 0.231665, 0.212959, 1.66911, 0.554262, 0, 0.212959, 0.212959, 0.212959, 0.212959, 0.212959, 0.212959, 0.212959, 0.212959, 0.212959, 0.212959, 0.212959, 0.212959, 0.212959, 0.212959, 0.212959, 0.212959, 0.212959, 0.212961, 0.212959, 0.231663, 0.212959, 0.212959
17.2249, 0, 0.229752, 0.210797, 1.41421, -0.229752, 0, 0.210797, 0.210797, 0.210797, 0.210797, 0.210797, 0.210797, 0.210797, 0.210797, 0.210797, 0.210797, 0.210797, 0.210797, 0.210797, 0.210797, 0.210797, 0.210797, 0.210797, 0.2108, 0.210797, 0.22975, 0.210797, 0.210797
17.2328, 0, 0.227554, 0.208346, 1.41421, -0.227554, 0, 0.208346, 0.208346, 0.208346, 0.208346, 0.208346, 0.208346, 0.208346, 0.208346, 0.208346, 0.208346, 0.208346, 0.208346, 0.208346, 0.208346, 0.208346, 0.208346, 0.208346, 0.208349, 0.208346, 0.227551, 0.208346, 0.208346
17.2406, 1.20426, 0.225374, 0.20591, 1.79005, 0.97889, 0, 0.20591, 0.20591, 0.20591, 0.20591, 0.20591, 0.20591, 0.20591, 0.20591, 0.20591, 0.20591, 0.20591, 0.20591, 0.20591, 0.20591, 0.20591, 0.20591, 0.20591, 0.205912, 0.20591, 0.225372, 0.20591, 0.20591
17.2485, 0.795736, 0.224778, 0.205053, 1.67205, 0.570959, 0, 0.205053, 0.205053, 0.205053, 0.205053, 0.205053, 0.205053, 0.205053, 0.205053, 0.205053, 0.205053, 0.205053, 0.205053, 0.205053, 0.205053, 0.205053, 0.205053, 0.205053, 0.205055, 0.205053, 0.224775, 0.205053, 0.205053
17.2564, 0, 0.223504, 0.203514, 1.41421, -0.223504, 0, 0.203514, 0.203514, 0.203514, 0.203514, 0.203514, 0.203514, 0.203514, 0.203514, 0.203514, 0.203514, 0.203514, 0.203514, 0.203514, 0.203514, 0.203514, 0.203514, 0.203514, 0.203516, 0.203514, 0.223501, 0.203514, 0.203514
17.2643, 1, 0.22167, 0.201411, 1.73205, 0.77833, 0, 0.201411, 0.201411, 0.201411, 0.201411, 0.201411, 0.201411, 0.201411, 0.201411, 0.201411, 0.201411, 0.201411, 0.201411, 0.201411, 0.201411, 0.201411, 0.201411, 0.201411, 0.201413, 0.201411, 0.221668, 0.201411, 0.201411
17.2721, 0, 0.219569, 0.199036, 1.41421, -0.219569, 0, 0.199036, 0.199036, 0.199036, 0.199036, 0.199036, 0.199036, 0.199036, 0.199036, 0.199036, 0.199036, 0.199036, 0.199036, 0.199036, 0.199036, 0.199036, 0.199036, 0.199036, 0.199038, 0.199036, 0.219566, 0.199036, 0.199036
17.28, 0.19227, 0.217486, 0.196675, 1.48063, -0.0252163, 0, 0.196675, 0.196675, 0.196675, 0.196675, 0.196675, 0.196675, 0.196675, 0.196675, 0.196675, 0.196675, 0.196675, 0.196675, 0.196675, 0.196675, 0.196675, 0.196675, 0.196675, 0.196677, 0.196675, 0.217483, 0.196675, 0.196675
17.2879, 0.80773, 0.216736, 0.195642, 1.67563, 0.590994, 0, 0.195642, 0.195642, 0.195642, 0.195642, 0.195642, 0.195642, 0.195642, 0.195642, 0.195642, 0.195642, 0.195642, 0.195642, 0.195642, 0.195642, 0.195642, 0.195642, 0.195642, 0.195644, 0.195642, 0.216734, 0.195642, 0.195642
17.2957, 2, 0.215363, 0.193982, 2, 1.78464, 0, 0.193982, 0.193982, 0.193982, 0.193982, 0.193982, 0.193982, 0.193982, 0.193982, 0.193982, 0.193982, 0.193982, 0.193982, 0.193982, 0.193982, 0.193982, 0.193982, 0.193982, 0.193984, 0.193982, 0.215361, 0.193982, 0.193982
17.3036, 0.184928, 0.213481, 0.191807, 1.47815, -0.0285526, 0, 0.191807, 0.191807, 0.191807, 0.191807, 0.191807, 0.191807, 0.191807, 0.191807, 0.191807, 0.191807, 0.191807, 0.191807, 0.191807, 0.191807, 0.191807, 0.191807, 0.191807, 0.19181, 0.191807, 0.213478, 0.191807, 0.191807
17.3115, 0.997926, 0.211356, 0.189386, 1.73145, 0.78657, 0, 0.189386, 0.189386, 0.189386, 0.189386, 0.189386, 0.189386, 0.189386, 0.189386, 0.189386, 0.189386, 0.189386, 0.189386, 0.189386, 0.189386, 0.189386, 0.189386, 0.189386, 0.189389, 0.189386, 0.211354, 0.189386, 0.189386
17.3194, 0.817146, 0.209252, 0.18698, 1.67844, 0.607894, 0, 0.18698, 0.18698, 0.18698, 0.18698, 0.18698, 0.18698, 0.18698, 0.18698, 0.18698, 0.18698, 0.18698, 0.18698, 0.18698, 0.18698, 0.18698, 0.18698, 0.18698, 0.186983, 0.18698, 0.209249, 0.18698, 0.18698
17.3272, 0, 0.208524, 0.185945, 1.41421, -0.208524, 0, 0.185945, 0.185945, 0.185945, 0.185945, 0.185945, 0.185945, 0.185945, 0.185945, 0.185945, 0.185945, 0.185945, 0.185945, 0.185945, 0.185945, 0.185945, 0.185945, 0.185945, 0.185948, 0.185945, 0.208521, 0.185945, 0.185945
17.3351, 0, 0.20721, 0.18432, 1.41421, -0.20721, 0, 0.18432, 0.18432, 0.18432, 0.18432, 0.18432, 0.18432, 0.18432, 0.18432, 0.18432, 0.18432, 0.18432, 0.18432, 0.18432, 0.18432, 0.18432, 0.18432, 0.18432, 0.184323, 0.18432, 0.207208, 0.18432, 0.18432
17.343, 1, 0.205414, 0.182208, 1.73205, 0.794586, 0, 0.182208, 0.182208, 0.182208, 0.182208, 0.182208, 0.182208, 0.182208, 0.182208, 0.182208, 0.182208, 0.182208, 0.182208, 0.182208, 0.182208, 0.182208, 0.182208, 0.182208, 0.18221, 0.182208, 0.205412, 0.182208, 0.182208
17.3508, 0.170466, 0.20339, 0.179862, 1.47325, -0.0329241, 0, 0.179862, 0.179862, 0.179862, 0.179862, 0.179862, 0.179862, 0.179862, 0.179862, 0.179862, 0.179862, 0.179862, 0.179862, 0.179862, 0.179862, 0.179862, 0.179862, 0.179862, 0.179864, 0.179862, 0.203387, 0.179862, 0.179862
17.3587, 0.829534, 0.201386, 0.177531, 1.68212, 0.628148, 0, 0.177531, 0.177531, 0.177531, 0.177531, 0.177531, 0.177531, 0.177531, 0.177531, 0.177531, 0.177531, 0.177531, 0.177531, 0.177531, 0.177531, 0.177531, 0.177531, 0.177531, 0.177533, 0.177531, 0.201384, 0.177531, 0.177531
17.3666, 0, 0.200561, 0.176373, 1.41421, -0.200561, 0, 0.176373, 0.176373, 0.176373, 0.176373, 0.176373, 0.176373, 0.176373, 0.176373, 0.176373, 0.176373, 0.176373, 0.176373, 0.176373, 0.176373, 0.176373, 0.176373, 0.176373, 0.176375, 0.176373, 0.200558, 0.176373, 0.176373
17.3745, 1, 0.199194, 0.174668, 1.73205, 0.800806, 0, 0.174668, 0.174668, 0.174668, 0.174668, 0.174668, 0.174668, 0.174668, 0.174668, 0.174668, 0.174668, 0.174668, 0.174668, 0.174668, 0.174668, 0.174668, 0.174668, 0.174668, 0.17467, 0.174668, 0.199191, 0.174668, 0.174668
17.3823, 0, 0.197384, 0.172514, 1.41421, -0.197384, 0, 0.172514, 0.172514, 0.172514, 0.172514, 0.172514, 0.172514, 0.172514, 0.172514, 0.172514, 0.172514, 0.172514, 0.172514, 0.172514, 0.172514, 0.172514, 0.172514, 0.172514, 0.172516, 0.172514, 0.197382, 0.172514, 0.172514
17.3902, 0, 0.195367, 0.170147, 1.41421, -0.195367, 0, 0.170147, 0.170147, 0.170147, 0.170147, 0.170147, 0.170147, 0.170147, 0.170147, 0.170147, 0.170147, 0.170147, 0.170147, 0.170147, 0.170147, 0.170147, 0.170147, 0.170147, 0.17015, 0.170147, 0.195364, 0.170147, 0.170147
17.3981, 0, 0.193371, 0.167796, 1.41421, -0.193371, 0, 0.167796, 0.167796, 0.167796, 0.167796, 0.167796, 0.167796, 0.167796, 0.167796, 0.167796, 0.167796, 0.167796, 0.167796, 0.167796, 0.167796, 0.167796, 0.167796, 0.167796, 0.167799, 0.167796, 0.193369, 0.167796, 0.167796
17.4059, 0, 0.192592, 0.166655, 1.41421, -0.192592, 0, 0.166655, 0.166655, 0.166655, 0.166655, 0.166655, 0.166655, 0.166655, 0.166655, 0.166655, 0.166655, 0.166655, 0.166655, 0.166655, 0.166655, 0.166655, 0.166655, 0.166655, 0.166658, 0.166655, 0.19259, 0.166655, 0.166655
17.4138, 1.15139, 0.191299, 0.164995, 1.77521, 0.960088, 0, 0.164995, 0.164995, 0.164995, 0.164995, 0.164995, 0.164995, 0.164995, 0.164995, 0.164995, 0.164995, 0.164995, 0.164995, 0.164995, 0.164995, 0.164995, 0.164995, 0.164995, 0.164998, 0.164995, 0.191297, 0.164995, 0.164995
17.4217, 0.848612, 0.189584, 0.162906, 1.68778, 0.659028, 0, 0.162906, 0.162906, 0.162906, 0.162906, 0.162906, 0.162906, 0.162906, 0.162906, 0.162906, 0.162906, 0.162906, 0.162906, 0.162906, 0.162906, 0.162906, 0.162906, 0.162906, 0.162908, 0.162906, 0.189582, 0.162906, 0.162906
17.4296, 0, 0.187672, 0.160613, 1.41421, -0.187672, 0, 0.160613, 0.160613, 0.160613, 0.160613, 0.160613, 0.160613, 0.160613, 0.160613, 0.160613, 0.160613, 0.160613, 0.160613, 0.160613, 0.160613, 0.160613, 0.160613, 0.160613, 0.160616, 0.160613, 0.18767, 0.160613, 0.160613
17.4374, 0.143954, 0.185783, 0.158337, 1.46422, -0.0418283, 0, 0.158337, 0.158337, 0.158337, 0.158337, 0.158337, 0.158337, 0.158337, 0.158337, 0.158337, 0.158337, 0.158337, 0.158337, 0.158337, 0.158337, 0.158337, 0.158337, 0.158337, 0.158339, 0.158337, 0.18578, 0.158337, 0.158337
17.4453, 0.856046, 0.184963, 0.157123, 1.68998, 0.671082, 0, 0.157123, 0.157123, 0.157123, 0.157123, 0.157123, 0.157123, 0.157123, 0.157123, 0.157123, 0.157123, 0.157123, 0.157123, 0.157123, 0.157123, 0.157123, 0.157123, 0.157123, 0.157126, 0.157123, 0.184961, 0.157123, 0.157123
17.4532, 1, 0.183665, 0.155424, 1.73205, 0.816335, 0, 0.155424, 0.155424, 0.155424, 0.155424, 0.155424, 0.155424, 0.155424, 0.155424, 0.155424, 0.155424, 0.155424, 0.155424, 0.155424, 0.155424, 0.155424, 0.155424, 0.155424, 0.155426, 0.155424, 0.183662, 0.155424, 0.155424
17.461, 0, 0.181974, 0.153325, 1.41421, -0.181974, 0, 0.153325, 0.153325, 0.153325, 0.153325, 0.153325, 0.153325, 0.153325, 0.153325, 0.153325, 0.153325, 0.153325, 0.153325, 0.153325, 0.153325, 0.153325, 0.153325, 0.153325, 0.153327, 0.153325, 0.181971, 0.153325, 0.153325
17.4689, 0, 0.180102, 0.151037, 1.41421, -0.180102, 0, 0.151037, 0.151037, 0.151037, 0.151037, 0.151037, 0.151037, 0.151037, 0.151037, 0.151037, 0.151037, 0.151037, 0.151037, 0.151037, 0.151037, 0.151037, 0.151037, 0.151037, 0.15104, 0.151037, 0.180099, 0.151037, 0.151037
17.4768, 0, 0.178254, 0.148767, 1.41421, -0.178254, 0, 0.148767, 0.148767, 0.148767, 0.148767, 0.148767, 0.148767, 0.148767, 0.148767, 0.148767, 0.148767, 0.148767, 0.148767, 0.148767, 0.148767, 0.148767, 0.148767, 0.148767, 0.148769, 0.148767, 0.178252, 0.148767, 0.148767
17.4847, 0.129584, 0.177501, 0.147583, 1.45931, -0.0479173, 0, 0.147583, 0.147583, 0.147583, 0.147583, 0.147583, 0.147583, 0.147583, 0.147583, 0.147583, 0.147583, 0.147583, 0.147583, 0.147583, 0.147583, 0.147583, 0.147583, 0.147583, 0.147586, 0.147583, 0.177499, 0.147583, 0.147583
17.4925, 2.12426, 0.176292, 0.145936, 2.03083, 1.94797, 0, 0.145936, 0.145936, 0.145936, 0.145936, 0.145936, 0.145936, 0.145936, 0.145936, 0.145936, 0.145936, 0.145936, 0.145936, 0.145936, 0.145936, 0.145936, 0.145936, 0.145936, 0.145939, 0.145936, 0.176289, 0.145936, 0.145936
17.5004, 1.74616, 0.174706, 0.143904, 1.9355, 1.57145, 0, 0.143904, 0.143904, 0.143904, 0.143904, 0.143904, 0.143904, 0.143904, 0.143904, 0.143904, 0.143904, 0.143904, 0.143904, 0.143904, 0.143904, 0.143904, 0.143904, 0.143904, 0.143907, 0.143904, 0.174704, 0.143904, 0.143904
17.5083, 0, 0.172948, 0.141691, 1.41421, -0.172948, 0, 0.141691, 0.141691, 0.141691, 0.141691, 0.141691, 0.141691, 0.141691, 0.141691, 0.141691, 0.141691, 0.141691, 0.141691, 0.141691, 0.141691, 0.141691, 0.141691, 0.141691, 0.141694, 0.141691, 0.172945, 0.141691, 0.141691
17.5161, 0.239841, 0.171214, 0.139495, 1.49661, 0.0686269, 0, 0.139495, 0.139495, 0.139495, 0.139495, 0.139495, 0.139495, 0.139495, 0.139495, 0.139495, 0.139495, 0.139495, 0.139495, 0.139495, 0.139495, 0.139495, 0.139495, 0.139495, 0.139498, 0.139495, 0.171212, 0.139495, 0.139495
17.524, 1.76016, 0.170474, 0.138284, 1.93911, 1.58968, 0, 0.138284, 0.138284, 0.138284, 0.138284, 0.138284, 0.138284, 0.138284, 0.138284, 0.138284, 0.138284, 0.138284, 0.138284, 0.138284, 0.138284, 0.138284, 0.138284, 0.138284, 0.138286, 0.138284, 0.170472, 0.138284, 0.138284
17.5319, 0.115213, 0.169305, 0.136635, 1.45438, -0.0540922, 0, 0.136635, 0.136635, 0.136635, 0.136635, 0.136635, 0.136635, 0.136635, 0.136635, 0.136635, 0.136635, 0.136635, 0.136635, 0.136635, 0.136635, 0.136635, 0.136635, 0.136635, 0.136637, 0.136635, 0.169303, 0.136635, 0.136635
17.5398, 0.884787, 0.167783, 0.134623, 1.69847, 0.717004, 0, 0.134623, 0.134623, 0.134623, 0.134623, 0.134623, 0.134623, 0.134623, 0.134623, 0.134623, 0.134623, 0.134623, 0.134623, 0.134623, 0.134623, 0.134623, 0.134623, 0.134623, 0.134626, 0.134623, 0.16778, 0.134623, 0.134623
17.5476, 0, 0.1661, 0.132442, 1.41421, -0.1661, 0, 0.132442, 0.132442, 0.132442, 0.132442, 0.132442, 0.132442, 0.132442, 0.132442, 0.132442, 0.132442, 0.132442, 0.132442, 0.132442, 0.132442, 0.132442, 0.132442, 0.132442, 0.132445, 0.132442, 0.166098, 0.132442, 0.132442
17.5555, 1.10778, 0.164444, 0.130279, 1.76289, 0.943336, 0, 0.130279, 0.130279, 0.130279, 0.130279, 0.130279, 0.130279, 0.130279, 0.130279, 0.130279, 0.130279, 0.130279, 0.130279, 0.130279, 0.130279, 0.130279, 0.130279, 0.130279, 0.130282, 0.130279, 0.164442, 0.130279, 0.130279
17.5634, 0.89222, 0.163788, 0.129105, 1.70065, 0.728432, 0, 0.129105, 0.129105, 0.129105, 0.129105, 0.129105, 0.129105, 0.129105, 0.129105, 0.129105, 0.129105, 0.129105, 0.129105, 0.129105, 0.129105, 0.129105, 0.129105, 0.129105, 0.129108, 0.129105, 0.163785, 0.129105, 0.129105
17.5712, 1, 0.162722, 0.127512, 1.73205, 0.837278, 0, 0.127512, 0.127512, 0.127512, 0.127512, 0.127512, 0.127512, 0.127512, 0.127512, 0.127512, 0.127512, 0.127512, 0.127512, 0.127512, 0.127512, 0.127512, 0.127512, 0.127512, 0.127515, 0.127512, 0.162719, 0.127512, 0.127512
17.5791, 0, 0.161316, 0.12557, 1.41421, -0.161316, 0, 0.12557, 0.12557, 0.12557, 0.12557, 0.12557, 0.12557, 0.12557, 0.12557, 0.12557, 0.12557, 0.12557, 0.12557, 0.12557, 0.12557, 0.12557, 0.12557, 0.12557, 0.125573, 0.12557, 0.161314, 0.12557, 0.12557
17.587, 0, 0.159759, 0.123465, 1.41421, -0.159759, 0, 0.123465, 0.123465, 0.123465, 0.123465, 0.123465, 0.123465, 0.123465, 0.123465, 0.123465, 0.123465, 0.123465, 0.123465, 0.123465, 0.123465, 0.123465, 0.123465, 0.123465, 0.123468, 0.123465, 0.159756, 0.123465, 0.123465
17.5949, 0, 0.158229, 0.121378, 1.41421, -0.158229, 0, 0.121378, 0.121378, 0.121378, 0.121378, 0.121378, 0.121378, 0.121378, 0.121378, 0.121378, 0.121378, 0.121378, 0.121378, 0.121378, 0.121378, 0.121378, 0.121378, 0.121378, 0.12138, 0.121378, 0.158227, 0.121378, 0.121378
17.6027, 0, 0.157633, 0.120212, 1.41421, -0.157633, 0, 0.120212, 0.120212, 0.120212, 0.120212, 0.120212, 0.120212, 0.120212, 0.120212, 0.120212, 0.120212, 0.120212, 0.120212, 0.120212, 0.120212, 0.120212, 0.120212, 0.120212, 0.120215, 0.120212, 0.15763, 0.120212, 0.120212
17.6106, 0, 0.15665, 0.11865, 1.41421, -0.15665, 0, 0.11865, 0.11865, 0.11865, 0.11865, 0.11865, 0.11865, 0.11865, 0.11865, 0.11865, 0.11865, 0.11865, 0.11865, 0.11865, 0.11865, 0.11865, 0.11865, 0.11865, 0.118652, 0.11865, 0.156647, 0.11865, 0.11865
17.6185, 0, 0.155347, 0.116756, 1.41421, -0.155347, 0, 0.116756, 0.116756, 0.116756, 0.116756, 0.116756, 0.116756, 0.116756, 0.116756, 0.116756, 0.116756, 0.116756, 0.116756, 0.116756, 0.116756, 0.116756, 0.116756, 0.116756, 0.116759, 0.116756, 0.155344, 0.116756, 0.116756
17.6263, 1, 0.153902, 0.114708, 1.73205, 0.846098, 0, 0.114708, 0.114708, 0.114708, 0.114708, 0.114708, 0.114708, 0.114708, 0.114708, 0.114708, 0.114708, 0.114708, 0.114708, 0.114708, 0.114708, 0.114708, 0.114708, 0.114708, 0.114711, 0.114708, 0.153899, 0.114708, 0.114708
17.6342, 0, 0.152487, 0.112679, 1.41421, -0.152487, 0, 0.112679, 0.112679, 0.112679, 0.112679, 0.112679, 0.112679, 0.112679, 0.112679, 0.112679, 0.112679, 0.112679, 0.112679, 0.112679, 0.112679, 0.112679, 0.112679, 0.112679, 0.112681, 0.112679, 0.152484, 0.112679, 0.112679
17.6421, 1, 0.15199, 0.111555, 1.73205, 0.84801, 0, 0.111555, 0.111555, 0.111555, 0.111555, 0.111555, 0.111555, 0.111555, 0.111555, 0.111555, 0.111555, 0.111555, 0.111555, 0.111555, 0.111555, 0.111555, 0.111555, 0.111555, 0.111557, 0.111555, 0.151987, 0.111555, 0.111555
17.65, 0, 0.151124, 0.11005, 1.41421, -0.151124, 0, 0.11005, 0.11005, 0.11005, 0.11005, 0.11005, 0.11005, 0.11005, 0.11005, 0.11005, 0.11005, 0.11005, 0.11005, 0.11005, 0.11005, 0.11005, 0.11005, 0.11005, 0.110052, 0.11005, 0.151122, 0.11005, 0.11005
17.6578, 0, 0.149953, 0.108227, 1.41421, -0.149953, 0, 0.108227, 0.108227, 0.108227, 0.108227, 0.108227, 0.108227, 0.108227, 0.108227, 0.108227, 0.108227, 0.108227, 0.108227, 0.108227, 0.108227, 0.108227, 0.108227, 0.108227, 0.108229, 0.108227, 0.14995, 0.108227, 0.108227
17.6657, 0, 0.148647, 0.106256, 1.41421, -0.148647, 0, 0.106256, 0.106256, 0.106256, 0.106256, 0.106256, 0.106256, 0.106256, 0.106256, 0.106256, 0.106256, 0.106256, 0.106256, 0.106256, 0.106256, 0.106256, 0.106256, 0.106256, 0.106258, 0.106256, 0.148644, 0.106256, 0.106256
17.6736, 0.0718533, 0.147373, 0.104303, 1.43939, -0.0755196, 0, 0.104303, 0.104303, 0.104303, 0.104303, 0.104303, 0.104303, 0.104303, 0.104303, 0.104303, 0.104303, 0.104303, 0.104303, 0.104303, 0.104303, 0.104303, 0.104303, 0.104303, 0.104305, 0.104303, 0.14737, 0.104303, 0.104303
17.6814, 0.928147, 0.146983, 0.103221, 1.71118, 0.781163, 0, 0.103221, 0.103221, 0.103221, 0.103221, 0.103221, 0.103221, 0.103221, 0.103221, 0.103221, 0.103221, 0.103221, 0.103221, 0.103221, 0.103221, 0.103221, 0.103221, 0.103221, 0.103223, 0.103221, 0.146981, 0.103221, 0.103221
17.6893, 1, 0.146242, 0.101773, 1.73205, 0.853758, 0, 0.101773, 0.101773, 0.101773, 0.101773, 0.101773, 0.101773, 0.101773, 0.101773, 0.101773, 0.101773, 0.101773, 0.101773, 0.101773, 0.101773, 0.101773, 0.101773, 0.101773, 0.101776, 0.101773, 0.14624, 0.101773, 0.101773
17.6972, 0.0644522, 0.145211, 0.10002, 1.43682, -0.0807588, 0, 0.10002, 0.10002, 0.10002, 0.10002, 0.10002, 0.10002, 0.10002, 0.10002, 0.10002, 0.10002, 0.10002, 0.10002, 0.10002, 0.10002, 0.10002, 0.10002, 0.10002, 0.100023, 0.10002, 0.145208, 0.10002, 0.10002
17.7051, 1.99749, 0.144053, 0.0981262, 1.99937, 1.85344, 0, 0.0981262, 0.0981262, 0.0981262, 0.0981262, 0.0981262, 0.0981262, 0.0981262, 0.0981262, 0.0981262, 0.0981262, 0.0981262, 0.0981262, 0.0981262, 0.0981262, 0.0981262, 0.0981262, 0.0981262, 0.0981288, 0.0981262, 0.144051, 0.0981262, 0.0981262
17.7129, 0.938057, 0.142929, 0.0962504, 1.71408, 0.795129, 0, 0.0962504, 0.0962504, 0.0962504, 0.0962504, 0.0962504, 0.0962504, 0.0962504, 0.0962504, 0.0962504, 0.0962504, 0.0962504, 0.0962504, 0.0962504, 0.0962504, 0.0962504, 0.0962504, 0.0962504, 0.096253, 0.0962504, 0.142926, 0.0962504, 0.0962504
17.7208, 0, 0.142657, 0.0952108, 1.41421, -0.142657, 0, 0.0952108, 0.0952108, 0.0952108, 0.0952108, 0.0952108, 0.0952108, 0.0952108, 0.0952108, 0.0952108, 0.0952108, 0.0952108, 0.0952108, 0.0952108, 0.0952108, 0.0952108, 0.0952108, 0.0952108, 0.0952133, 0.0952108, 0.142654, 0.0952108, 0.0952108
17.7287, 0, 0.14205, 0.0938206, 1.41421, -0.14205, 0, 0.0938206, 0.0938206, 0.0938206, 0.0938206, 0.0938206, 0.0938206, 0.0938206, 0.0938206, 0.0938206, 0.0938206, 0.0938206, 0.0938206, 0.0938206, 0.0938206, 0.0938206, 0.0938206, 0.0938206, 0.0938231, 0.0938206, 0.142048, 0.0938206, 0.0938206
17.7365, 0, 0.141167, 0.0921379, 1.41421, -0.141167, 0, 0.0921379, 0.0921379, 0.0921379, 0.0921379, 0.0921379, 0.0921379, 0.0921379, 0.0921379, 0.0921379, 0.0921379, 0.0921379, 0.0921379, 0.0921379, 0.0921379, 0.0921379, 0.0921379, 0.0921379, 0.0921404, 0.0921379, 0.141165, 0.0921379, 0.0921379
17.7444, 0, 0.140168, 0.0903206, 1.41421, -0.140168, 0, 0.0903206, 0.0903206, 0.0903206, 0.0903206, 0.0903206, 0.0903206, 0.0903206, 0.0903206, 0.0903206, 0.0903206, 0.0903206, 0.0903206, 0.0903206, 0.0903206, 0.0903206, 0.0903206, 0.0903206, 0.0903232, 0.0903206, 0.140165, 0.0903206, 0.0903206
17.7523, 0, 0.139203, 0.0885215, 1.41421, -0.139203, 0, 0.0885215, 0.0885215, 0.0885215, 0.0885215, 0.0885215, 0.0885215, 0.0885215, 0.0885215, 0.0885215, 0.0885215, 0.0885215, 0.0885215, 0.0885215, 0.0885215, 0.0885215, 0.0885215, 0.0885215, 0.088524, 0.0885215, 0.139201, 0.0885215, 0.0885215
17.7602, 0, 0.140932, 0.0893977, 1.41421, -0.140932, 0, 0.0893977, 0.0893977, 0.0893977, 0.0893977, 0.0893977, 0.0893977, 0.0893977, 0.0893977, 0.0893977, 0.0893977, 0.0893977, 0.0893977, 0.0893977, 0.0893977, 0.0893977, 0.0893977, 0.0893977, 0.0894002, 0.0893977, 0.14093, 0.0893977, 0.0893977
17.768, 0, 0.142469, 0.0900626, 1.41421, -0.142469, 0, 0.0900626, 0.0900626, 0.0900626, 0.0900626, 0.0900626, 0.0900626, 0.0900626, 0.0900626, 0.0900626, 0.0900626, 0.0900626, 0.0900626, 0.0900626, 0.0900626, 0.0900626, 0.0900626, 0.0900626, 0.0900652, 0.0900626, 0.142466, 0.0900626, 0.0900626
17.7759, 0, 0.143833, 0.090537, 1.41421, -0.143833, 0, 0.090537, 0.090537, 0.090537, 0.090537, 0.090537, 0.090537, 0.090537, 0.090537, 0.090537, 0.090537, 0.090537, 0.090537, 0.090537, 0.090537, 0.090537, 0.090537, 0.090537, 0.0905396, 0.090537, 0.143831, 0.090537, 0.090537
17.7838, 0, 0.145122, 0.0909159, 1.41421, -0.145122, 0, 0.0909159, 0.0909159, 0.0909159, 0.0909159, 0.0909159, 0.0909159, 0.0909159, 0.0909159, 0.0909159, 0.0909159, 0.0909159, 0.0909159, 0.0909159, 0.0909159, 0.0909159, 0.0909159, 0.0909159, 0.0909185, 0.0909159, 0.145119, 0.0909159, 0.0909159
17.7916, 0.0356789, 0.146432, 0.0912956, 1.42677, -0.110753, 0, 0.0912956, 0.0912956, 0.0912956, 0.0912956, 0.0912956, 0.0912956, 0.0912956, 0.0912956, 0.0912956, 0.0912956, 0.0912956, 0.0912956, 0.0912956, 0.0912956, 0.0912956, 0.0912956, 0.0912956, 0.0912982, 0.0912956, 0.146429, 0.0912956, 0.0912956
17.7995, 0.964321, 0.148191, 0.0921047, 1.72172, 0.81613, 0, 0.0921047, 0.0921047, 0.0921047, 0.0921047, 0.0921047, 0.0921047, 0.0921047, 0.0921047, 0.0921047, 0.0921047, 0.0921047, 0.0921047, 0.0921047, 0.0921047, 0.0921047, 0.0921047, 0.0921047, 0.0921073, 0.0921047, 0.148188, 0.0921047, 0.0921047
17.8074, 0.0307235, 0.149805, 0.0927473, 1.42503, -0.119081, 0, 0.0927473, 0.0927473, 0.0927473, 0.0927473, 0.0927473, 0.0927473, 0.0927473, 0.0927473, 0.0927473, 0.0927473, 0.0927473, 0.0927473, 0.0927473, 0.0927473, 0.0927473, 0.0927473, 0.0927473, 0.0927499, 0.0927473, 0.149802, 0.0927473, 0.0927473
17.8153, 1.0258, 0.1513, 0.0932489, 1.73948, 0.874496, 0, 0.0932489, 0.0932489, 0.0932489, 0.0932489, 0.0932489, 0.0932489, 0.0932489, 0.0932489, 0.0932489, 0.0932489, 0.0932489, 0.0932489, 0.0932489, 0.0932489, 0.0932489, 0.0932489, 0.0932489, 0.0932515, 0.0932489, 0.151298, 0.0932489, 0.0932489
17.8231, 1.94348, 0.152747, 0.0936802, 1.98582, 1.79073, 0, 0.0936802, 0.0936802, 0.0936802, 0.0936802, 0.0936802, 0.0936802, 0.0936802, 0.0936802, 0.0936802, 0.0936802, 0.0936802, 0.0936802, 0.0936802, 0.0936802, 0.0936802, 0.0936802, 0.0936802, 0.0936828, 0.0936802, 0.152744, 0.0936802, 0.0936802
17.831, 0, 0.154218, 0.0941125, 1.41421, -0.154218, 0, 0.0941125, 0.0941125, 0.0941125, 0.0941125, 0.0941125, 0.0941125, 0.0941125, 0.0941125, 0.0941125, 0.0941125, 0.0941125, 0.0941125, 0.0941125, 0.0941125, 0.0941125, 0.0941125, 0.0941125, 0.0941151, 0.0941125, 0.154215, 0.0941125, 0.0941125
17.8389, 0, 0.156063, 0.0948953, 1.41421, -0.156063, 0, 0.0948953, 0.0948953, 0.0948953, 0.0948953, 0.0948953, 0.0948953, 0.0948953, 0.0948953, 0.0948953, 0.0948953, 0.0948953, 0.0948953, 0.0948953, 0.0948953, 0.0948953, 0.0948953, 0.0948953, 0.0948979, 0.0948953, 0.15606, 0.0948953, 0.0948953
17.8467, 0, 0.157767, 0.0955136, 1.41421, -0.157767, 0, 0.0955136, 0.0955136, 0.0955136, 0.0955136, 0.0955136, 0.0955136, 0.0955136, 0.0955136, 0.0955136, 0.0955136, 0.0955136, 0.0955136, 0.0955136, 0.0955136, 0.0955136, 0.0955136, 0.0955136, 0.0955162, 0.0955136, 0.157765, 0.0955136, 0.0955136
17.8546, 0, 0.159358, 0.095993, 1.41421, -0.159358, 0, 0.095993, 0.095993, 0.095993, 0.095993, 0.095993, 0.095993, 0.095993, 0.095993, 0.095993, 0.095993, 0.095993, 0.095993, 0.095993, 0.095993, 0.095993, 0.095993, 0.095993, 0.0959956, 0.095993, 0.159355, 0.095993, 0.095993
17.8625, 0, 0.160905, 0.0964031, 1.41421, -0.160905, 0, 0.0964031, 0.0964031, 0.0964031, 0.0964031, 0.0964031, 0.0964031, 0.0964031, 0.0964031, 0.0964031, 0.0964031, 0.0964031, 0.0964031, 0.0964031, 0.0964031, 0.0964031, 0.0964031, 0.0964031, 0.0964057, 0.0964031, 0.160902, 0.0964031, 0.0964031
17.8703, 1, 0.162478, 0.0968141, 1.73205, 0.837522, 0, 0.0968141, 0.0968141, 0.0968141, 0.0968141, 0.0968141, 0.0968141, 0.0968141, 0.0968141, 0.0968141, 0.0968141, 0.0968141, 0.0968141, 0.0968141, 0.0968141, 0.0968141, 0.0968141, 0.0968141, 0.0968167, 0.0968141, 0.162476, 0.0968141, 0.0968141
17.8782, 1, 0.164455, 0.0976006, 1.73205, 0.835545, 0, 0.0976006, 0.0976006, 0.0976006, 0.0976006, 0.0976006, 0.0976006, 0.0976006, 0.0976006, 0.0976006, 0.0976006, 0.0976006, 0.0976006, 0.0976006, 0.0976006, 0.0976006, 0.0976006, 0.0976006, 0.0976032, 0.0976006, 0.164452, 0.0976006, 0.0976006
17.8861, 1.00645, 0.166298, 0.0982265, 1.73391, 0.840147, 0, 0.0982265, 0.0982265, 0.0982265, 0.0982265, 0.0982265, 0.0982265, 0.0982265, 0.0982265, 0.0982265, 0.0982265, 0.0982265, 0.0982265, 0.0982265, 0.0982265, 0.0982265, 0.0982265, 0.0982265, 0.0982291, 0.0982265, 0.166296, 0.0982265, 0.0982265
17.894, 0.993555, 0.168032, 0.0987146, 1.73019, 0.825523, 0, 0.0987146, 0.0987146, 0.0987146, 0.0987146, 0.0987146, 0.0987146, 0.0987146, 0.0987146, 0.0987146, 0.0987146, 0.0987146, 0.0987146, 0.0987146, 0.0987146, 0.0987146, 0.0987146, 0.0987146, 0.0987172, 0.0987146, 0.168029, 0.0987146, 0.0987146
17.9018, 1, 0.169727, 0.0991338, 1.73205, 0.830273, 0, 0.0991338, 0.0991338, 0.0991338, 0.0991338, 0.0991338, 0.0991338, 0.0991338, 0.0991338, 0.0991338, 0.0991338, 0.0991338, 0.0991338, 0.0991338, 0.0991338, 0.0991338, 0.0991338, 0.0991338, 0.0991364, 0.0991338, 0.169724, 0.0991338, 0.0991338
17.9097, 0, 0.171452, 0.0995539, 1.41421, -0.171452, 0, 0.0995539, 0.0995539, 0.0995539, 0.0995539, 0.0995539, 0.0995539, 0.0995539, 0.0995539, 0.0995539, 0.0995539, 0.0995539, 0.0995539, 0.0995539, 0.0995539, 0.0995539, 0.0995539, 0.0995539, 0.0995566, 0.0995539, 0.171449, 0.0995539, 0.0995539
17.9176, 0, 0.173523, 0.10029, 1.41421, -0.173523, 0, 0.10029, 0.10029, 0.10029, 0.10029, 0.10029, 0.10029, 0.10029, 0.10029, 0.10029, 0.10029, 0.10029, 0.10029, 0.10029, 0.10029, 0.10029, 0.10029, 0.10029, 0.100292, 0.10029, 0.173521, 0.10029, 0.10029
17.9254, 0.994546, 0.175473, 0.100872, 1.73048, 0.819073, 0, 0.100872, 0.100872, 0.100872, 0.100872, 0.100872, 0.100872, 0.100872, 0.100872, 0.100872, 0.100872, 0.100872, 0.100872, 0.100872, 0.100872, 0.100872, 0.100872, 0.100872, 0.100875, 0.100872, 0.175471, 0.100872, 0.100872
17.9333, 0.997525, 0.177325, 0.101323, 1.73134, 0.8202, 0, 0.101323, 0.101323, 0.101323, 0.101323, 0.101323, 0.101323, 0.101323, 0.101323, 0.101323, 0.101323, 0.101323, 0.101323, 0.101323, 0.101323, 0.101323, 0.101323, 0.101323, 0.101326, 0.101323, 0.177322, 0.101323, 0.101323
17.9412, 0.00792864, 0.179143, 0.101709, 1.41701, -0.171215, 0, 0.101709, 0.101709, 0.101709, 0.101709, 0.101709, 0.101709, 0.101709, 0.101709, 0.101709, 0.101709, 0.101709, 0.101709, 0.101709, 0.101709, 0.101709, 0.101709, 0.101709, 0.101712, 0.101709, 0.179141, 0.101709, 0.101709
17.9491, 0, 0.180998, 0.102095, 1.41421, -0.180998, 0, 0.102095, 0.102095, 0.102095, 0.102095, 0.102095, 0.102095, 0.102095, 0.102095, 0.102095, 0.102095, 0.102095, 0.102095, 0.102095, 0.102095, 0.102095, 0.102095, 0.102095, 0.102098, 0.102095, 0.180995, 0.102095, 0.102095
17.9569, 0, 0.183179, 0.102775, 1.41421, -0.183179, 0, 0.102775, 0.102775, 0.102775, 0.102775, 0.102775, 0.102775, 0.102775, 0.102775, 0.102775, 0.102775, 0.102775, 0.102775, 0.102775, 0.102775, 0.102775, 0.102775, 0.102775, 0.102778, 0.102775, 0.183177, 0.102775, 0.102775
17.9648, 0, 0.185287, 0.103344, 1.41421, -0.185287, 0, 0.103344, 0.103344, 0.103344, 0.103344, 0.103344, 0.103344, 0.103344, 0.103344, 0.103344, 0.103344, 0.103344, 0.103344, 0.103344, 0.103344, 0.103344, 0.103344, 0.103344, 0.103347, 0.103344, 0.185285, 0.103344, 0.103344
17.9727, 0, 0.187337, 0.103818, 1.41421, -0.187337, 0, 0.103818, 0.103818, 0.103818, 0.103818, 0.103818, 0.103818, 0.103818, 0.103818, 0.103818, 0.103818, 0.103818, 0.103818, 0.103818, 0.103818, 0.103818, 0.103818, 0.103818, 0.10382, 0.103818, 0.187334, 0.103818, 0.103818
17.9805, 0, 0.189375, 0.104242, 1.41421, -0.189375, 0, 0.104242, 0.104242, 0.104242, 0.104242, 0.104242, 0.104242, 0.104242, 0.104242, 0.104242, 0.104242, 0.104242, 0.104242, 0.104242, 0.104242, 0.104242, 0.104242, 0.104242, 0.104245, 0.104242, 0.189372, 0.104242, 0.104242
17.9884, 1.97522, 0.191428, 0.104643, 1.99379, 1.78379, 0, 0.104643, 0.104643, 0.104643, 0.104643, 0.104643, 0.104643, 0.104643, 0.104643, 0.104643, 0.104643, 0.104643, 0.104643, 0.104643, 0.104643, 0.104643, 0.104643, 0.104643, 0.104646, 0.104643, 0.191425, 0.104643, 0.104643
17.9963, 0.0247831, 0.193483, 0.105005, 1.42295, -0.1687, 0, 0.105005, 0.105005, 0.105005, 0.105005, 0.105005, 0.105005, 0.105005, 0.105005, 0.105005, 0.105005, 0.105005, 0.105005, 0.105005, 0.105005, 0.105005, 0.105005, 0.105005, 0.105008, 0.105005, 0.19348, 0.105005, 0.105005
18.0042, 0, 0.195547, 0.105335, 1.41421, -0.195547, 0, 0.105335, 0.105335, 0.105335, 0.105335, 0.105335, 0.105335, 0.105335, 0.105335, 0.105335, 0.105335, 0.105335, 0.105335, 0.105335, 0.105335, 0.105335, 0.105335, 0.105335, 0.105338, 0.105335, 0.195544, 0.105335, 0.105335
18.012, 0, 0.19763, 0.105642, 1.41421, -0.19763, 0, 0.105642, 0.105642, 0.105642, 0.105642, 0.105642, 0.105642, 0.105642, 0.105642, 0.105642, 0.105642, 0.105642, 0.105642, 0.105642, 0.105642, 0.105642, 0.105642, 0.105642, 0.105645, 0.105642, 0.197627, 0.105642, 0.105642
18.0199, 0, 0.199696, 0.10589, 1.41421, -0.199696, 0, 0.10589, 0.10589, 0.10589, 0.10589, 0.10589, 0.10589, 0.10589, 0.10589, 0.10589, 0.10589, 0.10589, 0.10589, 0.10589, 0.10589, 0.10589, 0.10589, 0.10589, 0.105893, 0.10589, 0.199693, 0.10589, 0.10589
18.0278, 1, 0.201733, 0.106064, 1.73205, 0.798267, 0, 0.106064, 0.106064, 0.106064, 0.106064, 0.106064, 0.106064, 0.106064, 0.106064, 0.106064, 0.106064, 0.106064, 0.106064, 0.106064, 0.106064, 0.106064, 0.106064, 0.106064, 0.106067, 0.106064, 0.20173, 0.106064, 0.106064
18.0356, 0, 0.203757, 0.106179, 1.41421, -0.203757, 0, 0.106179, 0.106179, 0.106179, 0.106179, 0.106179, 0.106179, 0.106179, 0.106179, 0.106179, 0.106179, 0.106179, 0.106179, 0.106179, 0.106179, 0.106179, 0.106179, 0.106179, 0.106182, 0.106179, 0.203754, 0.106179, 0.106179
18.0435, 0, 0.205716, 0.106182, 1.41421, -0.205716, 0, 0.106182, 0.106182, 0.106182, 0.106182, 0.106182, 0.106182, 0.106182, 0.106182, 0.106182, 0.106182, 0.106182, 0.106182, 0.106182, 0.106182, 0.106182, 0.106182, 0.106182, 0.106185, 0.106182, 0.205712, 0.106182, 0.106182
18.0514, 1.9559, 0.207623, 0.106087, 1.98894, 1.74827, 0, 0.106087, 0.106087, 0.106087, 0.106087, 0.106087, 0.106087, 0.106087, 0.106087, 0.106087, 0.106087, 0.106087, 0.106087, 0.106087, 0.106087, 0.106087, 0.106087, 0.106087, 0.106091, 0.106087, 0.20762, 0.106087, 0.106087
18.0593, 0.0441031, 0.20949, 0.105902, 1.42972, -0.165387, 0, 0.105902, 0.105902, 0.105902, 0.105902, 0.105902, 0.105902, 0.105902, 0.105902, 0.105902, 0.105902, 0.105902, 0.105902, 0.105902, 0.105902, 0.105902, 0.105902, 0.105902, 0.105906, 0.105902, 0.209486, 0.105902, 0.105902
18.0671, 0, 0.211337, 0.105646, 1.41421, -0.211337, 0, 0.105646, 0.105646, 0.105646, 0.105646, 0.105646, 0.105646, 0.105646, 0.105646, 0.105646, 0.105646, 0.105646, 0.105646, 0.105646, 0.105646, 0.105646, 0.105646, 0.105646, 0.10565, 0.105646, 0.211333, 0.105646, 0.105646
18.075, 0.948934, 0.213153, 0.105309, 1.71725, 0.735781, 0, 0.105309, 0.105309, 0.105309, 0.105309, 0.105309, 0.105309, 0.105309, 0.105309, 0.105309, 0.105309, 0.105309, 0.105309, 0.105309, 0.105309, 0.105309, 0.105309, 0.105309, 0.105313, 0.105309, 0.213149, 0.105309, 0.105309
18.0829, 0.0510659, 0.21495, 0.104898, 1.43215, -0.163884, 0, 0.104898, 0.104898, 0.104898, 0.104898, 0.104898, 0.104898, 0.104898, 0.104898, 0.104898, 0.104898, 0.104898, 0.104898, 0.104898, 0.104898, 0.104898, 0.104898, 0.104898, 0.104903, 0.104898, 0.214945, 0.104898, 0.104898
18.0907, 0.943742, 0.216711, 0.104398, 1.71573, 0.727032, 0, 0.104398, 0.104398, 0.104398, 0.104398, 0.104398, 0.104398, 0.104398, 0.104398, 0.104398, 0.104398, 0.104398, 0.104398, 0.104398, 0.104398, 0.104398, 0.104398, 0.104398, 0.104403, 0.104398, 0.216706, 0.104398, 0.104398
18.0986, 0.0562577, 0.218405, 0.103776, 1.43397, -0.162147, 0, 0.103776, 0.103776, 0.103776, 0.103776, 0.103776, 0.103776, 0.103776, 0.103776, 0.103776, 0.103776, 0.103776, 0.103776, 0.103776, 0.103776, 0.103776, 0.103776, 0.103776, 0.103781, 0.103776, 0.218399, 0.103776, 0.103776
18.1065, 0.939049, 0.220057, 0.103054, 1.71437, 0.718992, 0, 0.103054, 0.103054, 0.103054, 0.103054, 0.103054, 0.103054, 0.103054, 0.103054, 0.103054, 0.103054, 0.103054, 0.103054, 0.103054, 0.103054, 0.103054, 0.103054, 0.103054, 0.10306, 0.103054, 0.220051, 0.103054, 0.103054
18.1144, 0.0609514, 0.221681, 0.102247, 1.4356, -0.16073, 0, 0.102247, 0.102247, 0.102247, 0.102247, 0.102247, 0.102247, 0.102247, 0.102247, 0.102247, 0.102247, 0.102247, 0.102247, 0.102247, 0.102247, 0.102247, 0.102247, 0.102247, 0.102253, 0.102247, 0.221675, 0.102247, 0.102247
18.1222, 0.934093, 0.223287, 0.101361, 1.71292, 0.710806, 0, 0.101361, 0.101361, 0.101361, 0.101361, 0.101361, 0.101361, 0.101361, 0.101361, 0.101361, 0.101361, 0.101361, 0.101361, 0.101361, 0.101361, 0.101361, 0.101361, 0.101361, 0.101367, 0.101361, 0.223281, 0.101361, 0.101361
18.1301, 0.997984, 0.22487, 0.100389, 1.73147, 0.773114, 0, 0.100389, 0.100389, 0.100389, 0.100389, 0.100389, 0.100389, 0.100389, 0.100389, 0.100389, 0.100389, 0.100389, 0.100389, 0.100389, 0.100389, 0.100389, 0.100389, 0.100389, 0.100396, 0.100389, 0.224863, 0.100389, 0.100389
18.138, 0.99706, 0.226451, 0.0993523, 1.7312, 0.770609, 0, 0.0993523, 0.0993523, 0.0993523, 0.0993523, 0.0993523, 0.0993523, 0.0993523, 0.0993523, 0.0993523, 0.0993523, 0.0993523, 0.0993523, 0.0993523, 0.0993523, 0.0993523, 0.0993523, 0.0993523, 0.0993599, 0.0993523, 0.226443, 0.0993523, 0.0993523
18.1458, 0.0708622, 0.228045, 0.0982652, 1.43905, -0.157183, 0, 0.0982652, 0.0982652, 0.0982652, 0.0982652, 0.0982652, 0.0982652, 0.0982652, 0.0982652, 0.0982652, 0.0982652, 0.0982652, 0.0982652, 0.0982652, 0.0982652, 0.0982652, 0.0982652, 0.0982652, 0.0982734, 0.0982652, 0.228037, 0.0982652, 0.0982652
18.1537, 0, 0.229653, 0.0971229, 1.41421, -0.229653, 0, 0.0971229, 0.0971229, 0.0971229, 0.0971229, 0.0971229, 0.0971229, 0.0971229, 0.0971229, 0.0971229, 0.0971229, 0.0971229, 0.0971229, 0.0971229, 0.0971229, 0.0971229, 0.0971229, 0.0971229, 0.0971318, 0.0971229, 0.229644, 0.0971229, 0.0971229
18.1616, 0, 0.231288, 0.0959402, 1.41421, -0.231288, 0, 0.0959402, 0.0959402, 0.0959402, 0.0959402, 0.0959402, 0.0959402, 0.0959402, 0.0959402, 0.0959402, 0.0959402, 0.0959402, 0.0959402, 0.0959402, 0.0959402, 0.0959402, 0.0959402, 0.0959402, 0.0959499, 0.0959402, 0.231278, 0.0959402, 0.0959402
18.1695, 0, 0.232947, 0.0947114, 1.41421, -0.232947, 0, 0.0947114, 0.0947114, 0.0947114, 0.0947114, 0.0947114, 0.0947114, 0.0947114, 0.0947114, 0.0947114, 0.0947114, 0.0947114, 0.0947114, 0.0947114, 0.0947114, 0.0947114, 0.0947114, 0.0947114, 0.0947219, 0.0947114, 0.232937, 0.0947114, 0.0947114
18.1773, 0, 0.234646, 0.0934492, 1.41421, -0.234646, 0, 0.0934492, 0.0934492, 0.0934492, 0.0934492, 0.0934492, 0.0934492, 0.0934492, 0.0934492, 0.0934492, 0.0934492, 0.0934492, 0.0934492, 0.0934492, 0.0934492, 0.0934492, 0.0934492, 0.0934492, 0.0934604, 0.0934492, 0.234634, 0.0934492, 0.0934492
18.1852, 0, 0.236406, 0.0921747, 1.41421, -0.236406, 0, 0.0921747, 0.0921747, 0.0921747, 0.0921747, 0.0921747, 0.0921747, 0.0921747, 0.0921747, 0.0921747, 0.0921747, 0.0921747, 0.0921747, 0.0921747, 0.0921747, 0.0921747, 0.0921747, 0.0921747, 0.0921869, 0.0921747, 0.236394, 0.0921747, 0.0921747
18.1931, 0, 0.238252, 0.0909091, 1.41421, -0.238252, 0, 0.0909091, 0.0909091, 0.0909091, 0.0909091, 0.0909091, 0.0909091, 0.0909091, 0.0909091, 0.0909091, 0.0909091, 0.0909091, 0.0909091, 0.0909091, 0.0909091, 0.0909091, 0.0909091, 0.0909091, 0.0909222, 0.0909091, 0.238239, 0.0909091, 0.0909091
18.2009, 0, 0.241443, 0.0909091, 1.41421, -0.241443, 0, 0.0909091, 0.0909091, 0.0909091, 0.0909091, 0.0909091, 0.0909091, 0.0909091, 0.0909091, 0.0909091, 0.0909091, 0.0909091, 0.0909091, 0.0909091, 0.0909091, 0.0909091, 0.0909091, 0.0909091, 0.0909232, 0.0909091, 0.241429, 0.0909091, 0.0909091
18.2088, 0, 0.244714, 0.0909091, 1.41421, -0.244714, 0, 0.0909091, 0.0909091, 0.0909091, 0.0909091, 0.0909091, 0.0909091, 0.0909091, 0.0909091, 0.0909091, 0.0909091, 0.0909091, 0.0909091, 0.0909091, 0.0909091, 0.0909091, 0.0909091, 0.0909091, 0.0909242, 0.0909091, 0.244699, 0.0909091, 0.0909091
18.2167, 1, 0.248069, 0.0909091, 1.73205, 0.751931, 0, 0.0909091, 0.0909091, 0.0909091, 0.0909091, 0.0909091, 0.0909091, 0.0909091, 0.0909091, 0.0909091, 0.0909091, 0.0909091, 0.0909091, 0.0909091, 0.0909091, 0.0909091, 0.0909091, 0.0909091, 0.0909253, 0.0909091, 0.248052, 0.0909091, 0.0909091
18.2246, 0, 0.25151, 0.0909091, 1.41421, -0.25151, 0, 0.0909091, 0.0909091, 0.0909091, 0.0909091, 0.0909091, 0.0909091, 0.0909091, 0.0909091, 0.0909091, 0.0909091, 0.0909091, 0.0909091, 0.0909091, 0.0909091, 0.0909091, 0.0909091, 0.0909091, 0.0909265, 0.0909091, 0.251493, 0.0909091, 0.0909091
18.2324, 0, 0.255039, 0.0909091, 1.41421, -0.255039, 0, 0.0909091, 0.0909091, 0.0909091, 0.0909091, 0.0909091, 0.0909091, 0.0909091, 0.0909091, 0.0909091, 0.0909091, 0.0909091, 0.0909091, 0.0909091, 0.0909091, 0.0909091, 0.0909091, 0.0909091, 0.0909277, 0.0909091, 0.255021, 0.0909091, 0.0909091
18.2403, 0, 0.258659, 0.0909091, 1.41421, -0.258659, 0, 0.0909091, 0.0909091, 0.0909091, 0.0909091, 0.0909091, 0.0909091, 0.0909091, 0.0909091, 0.0909091, 0.0909091, 0.0909091, 0.0909091, 0.0909091, 0.0909091, 0.0909091, 0.0909091, 0.0909091, 0.0909289, 0.0909091, 0.258639, 0.0909091, 0.0909091
18.2482, 0, 0.262374, 0.0909091, 1.41421, -0.262374, 0, 0.0909091, 0.0909091, 0.0909091, 0.0909091, 0.0909091, 0.0909091, 0.0909091, 0.0909091, 0.0909091, 0.0909091, 0.0909091, 0.0909091, 0.0909091, 0.0909091, 0.0909091, 0.0909091, 0.0909091, 0.0909302, 0.0909091, 0.262353, 0.0909091, 0.0909091
18.256, 0, 0.266184, 0.0909091, 1.41421, -0.266184, 0, 0.0909091, 0.0909091, 0.0909091, 0.0909091, 0.0909091, 0.0909091, 0.0909091, 0.0909091, 0.0909091, 0.0909091, 0.0909091, 0.0909091, 0.0909091, 0.0909091, 0.0909091, 0.0909091, 0.0909091, 0.0909315, 0.0909091, 0.266162, 0.0909091, 0.0909091
18.2639, 1, 0.270095, 0.0909091, 1.73205, 0.729905, 0, 0.0909091, 0.0909091, 0.0909091, 0.0909091, 0.0909091, 0.0909091, 0.0909091, 0.0909091, 0.0909091, 0.0909091, 0.0909091, 0.0909091, 0.0909091, 0.0909091, 0.0909091, 0.0909091, 0.0909091, 0.0909328, 0.0909091, 0.270071, 0.0909091, 0.0909091
18.2718, 0, 0.274108, 0.0909091, 1.41421, -0.274108, 0, 0.0909091, 0.0909091, 0.0909091, 0.0909091, 0.0909091, 0.0909091, 0.0909091, 0.0909091, 0.0909091, 0.0909091, 0.0909091, 0.0909091, 0.0909091, 0.0909091, 0.0909091, 0.0909091, 0.0909091, 0.0909342, 0.0909091, 0.274083, 0.0909091, 0.0909091
18.2797, 0.885969, 0.278227, 0.0909091, 1.69881, 0.607743, 0, 0.0909091, 0.0909091, 0.0909091, 0.0909091, 0.0909091, 0.0909091, 0.0909091, 0.0909091, 0.0909091, 0.0909091, 0.0909091, 0.0909091, 0.0909091, 0.0909091, 0.0909091, 0.0909091, 0.0909091, 0.0909356, 0.0909091, 0.2782, 0.0909091, 0.0909091
18.2875, 0.114031, 0.282455, 0.0909091, 1.45397, -0.168424, 0, 0.0909091, 0.0909091, 0.0909091, 0.0909091, 0.0909091, 0.0909091, 0.0909091, 0.0909091, 0.0909091, 0.0909091, 0.0909091, 0.0909091, 0.0909091, 0.0909091, 0.0909091, 0.0909091, 0.0909091, 0.0909369, 0.0909091, 0.282427, 0.0909091, 0.0909091
18.2954, 2, 0.286796, 0.0909091, 2, 1.7132, 0, 0.0909091, 0.0909091, 0.0909091, 0.0909091, 0.0909091, 0.0909091, 0.0909091, 0.0909091, 0.0909091, 0.0909091, 0.0909091, 0.0909091, 0.0909091, 0.0909091, 0.0909091, 0.0909091, 0.0909091, 0.0909383, 0.0909091, 0.286767, 0.0909091, 0.0909091
18.3033, 0, 0.291252, 0.0909091, 1.41421, -0.291252, 0, 0.0909091, 0.0909091, 0.0909091, 0.0909091, 0.0909091, 0.0909091, 0.0909091, 0.0909091, 0.0909091, 0.0909091, 0.0909091, 0.0909091, 0.0909091, 0.0909091, 0.0909091, 0.0909091, 0.0909091, 0.0909397, 0.0909091, 0.291221, 0.0909091, 0.0909091
18.3111, 0, 0.295829, 0.0909091, 1.41421, -0.295829, 0, 0.0909091, 0.0909091, 0.0909091, 0.0909091, 0.0909091, 0.0909091, 0.0909091, 0.0909091, 0.0909091, 0.0909091, 0.0909091, 0.0909091, 0.0909091, 0.0909091, 0.0909091, 0.0909091, 0.0909091, 0.090941, 0.0909091, 0.295797, 0.0909091, 0.0909091
18.319, 0, 0.300528, 0.0909091, 1.41421, -0.300528, 0, 0.0909091, 0.0909091, 0.0909091, 0.0909091, 0.0909091, 0.0909091, 0.0909091, 0.0909091, 0.0909091, 0.0909091, 0.0909091, 0.0909091, 0.0909091, 0.0909091, 0.0909091, 0.0909091, 0.0909091, 0.0909423, 0.0909091, 0.300495, 0.0909091, 0.0909091
18.3269, 0, 0.305354, 0.0909091, 1.41421, -0.305354, 0, 0.0909091, 0.0909091, 0.0909091, 0.0909091, 0.0909091, 0.0909091, 0.0909091, 0.0909091, 0.0909091, 0.0909091, 0.0909091, 0.0909091, 0.0909091, 0.0909091, 0.0909091, 0.0909091, 0.0909091, 0.0909436, 0.0909091, 0.305319, 0.0909091, 0.0909091
18.3348, 1, 0.31031, 0.0909091, 1.73205, 0.68969, 0, 0.0909091, 0.0909091, 0.0909091, 0.0909091, 0.0909091, 0.0909091, 0.0909091, 0.0909091, 0.0909091, 0.0909091, 0.0909091, 0.0909091, 0.0909091, 0.0909091, 0.0909091, 0.0909091, 0.0909091, 0.0909449, 0.0909091, 0.310274, 0.0909091, 0.0909091
18.3426, 1, 0.3154, 0.0909091, 1.73205, 0.6846, 0, 0.0909091, 0.0909091, 0.0909091, 0.0909091, 0.0909091, 0.0909091, 0.0909091, 0.0909091, 0.0909091, 0.0909091, 0.0909091, 0.0909091, 0.0909091, 0.0909091, 0.0909091, 0.0909091, 0.0909091, 0.0909461, 0.0909091, 0.315363, 0.0909091, 0.0909091
18.3505, 0, 0.320627, 0.0909091, 1.41421, -0.320627, 0, 0.0909091, 0.0909091, 0.0909091, 0.0909091, 0.0909091, 0.0909091, 0.0909091, 0.0909091, 0.0909091, 0.0909091, 0.0909091, 0.0909091, 0.0909091, 0.0909091, 0.0909091, 0.0909091, 0.0909091, 0.0909472, 0.0909091, 0.320589, 0.0909091, 0.0909091
18.3584, 0.861744, 0.325997, 0.0909091, 1.69167, 0.535747, 0, 0.0909091, 0.0909091, 0.0909091, 0.0909091, 0.0909091, 0.0909091, 0.0909091, 0.0909091, 0.0909091, 0.0909091, 0.0909091, 0.0909091, 0.0909091, 0.0909091, 0.0909091, 0.0909091, 0.0909091, 0.0909483, 0.0909091, 0.325958, 0.0909091, 0.0909091
18.3662, 0.997948, 0.331508, 0.0909091, 1.73146, 0.66644, 0, 0.0909091, 0.0909091, 0.0909091, 0.0909091, 0.0909091, 0.0909091, 0.0909091, 0.0909091, 0.0909091, 0.0909091, 0.0909091, 0.0909091, 0.0909091, 0.0909091, 0.0909091, 0.0909091, 0.0909091, 0.0909493, 0.0909091, 0.331468, 0.0909091, 0.0909091
18.3741, 1.14031, 0.337168, 0.0909091, 1.77209, 0.80314, 0, 0.0909091, 0.0909091, 0.0909091, 0.0909091, 0.0909091, 0.0909091, 0.0909091, 0.0909091, 0.0909091, 0.0909091, 0.0909091, 0.0909091, 0.0909091, 0.0909091, 0.0909091, 0.0909091, 0.0909091, 0.0909502, 0.0909091, 0.337127, 0.0909091, 0.0909091
18.382, 0, 0.342979, 0.0909091, 1.41421, -0.342979, 0, 0.0909091, 0.0909091, 0.0909091, 0.0909091, 0.0909091, 0.0909091, 0.0909091, 0.0909091, 0.0909091, 0.0909091, 0.0909091, 0.0909091, 0.0909091, 0.0909091, 0.0909091, 0.0909091, 0.0909091, 0.090951, 0.0909091, 0.342937, 0.0909091, 0.0909091
18.3899, 0, 0.348941, 0.0909091, 1.41421, -0.348941, 0, 0.0909091, 0.0909091, 0.0909091, 0.0909091, 0.0909091, 0.0909091, 0.0909091, 0.0909091, 0.0909091, 0.0909091, 0.0909091, 0.0909091, 0.0909091, 0.0909091, 0.0909091, 0.0909091, 0.0909091, 0.0909518, 0.0909091, 0.348899, 0.0909091, 0.0909091
18.3977, 1, 0.355057, 0.0909091, 1.73205, 0.644943, 0, 0.0909091, 0.0909091, 0.0909091, 0.0909091, 0.0909091, 0.0909091, 0.0909091, 0.0909091, 0.0909091, 0.0909091, 0.0909091, 0.0909091, 0.0909091, 0.0909091, 0.0909091, 0.0909091, 0.0909091, 0.0909524, 0.0909091, 0.355014, 0.0909091, 0.0909091
18.4056, 0, 0.361332, 0.0909091, 1.41421, -0.361332, 0, 0.0909091, 0.0909091, 0.0909091, 0.0909091, 0.0909091, 0.0909091, 0.0909091, 0.0909091, 0.0909091, 0.0909091, 0.0909091, 0.0909091, 0.0909091, 0.0909091, 0.0909091, 0.0909091, 0.0909091, 0.0909529, 0.0909091, 0.361288, 0.0909091, 0.0909091
18.4135, 0, 0.367762, 0.0909091, 1.41421, -0.367762, 0, 0.0909091, 0.0909091, 0.0909091, 0.0909091, 0.0909091, 0.0909091, 0.0909091, 0.0909091, 0.0909091, 0.0909091, 0.0909091, 0.0909091, 0.0909091, 0.0909091, 0.0909091, 0.0909091, 0.0909091, 0.0909533, 0.0909091, 0.367718, 0.0909091, 0.0909091
18.4213, 0, 0.374351, 0.0909091, 1.41421, -0.374351, 0, 0.0909091, 0.0909091, 0.0909091, 0.0909091, 0.0909091, 0.0909091, 0.0909091, 0.0909091, 0.0909091, 0.0909091, 0.0909091, 0.0909091, 0.0909091, 0.0909091, 0.0909091, 0.0909091, 0.0909091, 0.0909536, 0.0909091, 0.374306, 0.0909091, 0.0909091
18.4292, 0, 0.381097, 0.0909091, 1.41421, -0.381097, 0, 0.0909091, 0.0909091, 0.0909091, 0.0909091, 0.0909091, 0.0909091, 0.0909091, 0.0909091, 0.0909091, 0.0909091, 0.0909091, 0.0909091, 0.0909091, 0.0909091, 0.0909091, 0.0909091, 0.0909091, 0.0909537, 0.0909091, 0.381052, 0.0909091, 0.0909091
18.4371, 0, 0.387998, 0.0909091, 1.41421, -0.387998, 0, 0.0909091, 0.0909091, 0.0909091, 0.0909091, 0.0909091, 0.0909091, 0.0909091, 0.0909091, 0.0909091, 0.0909091, 0.0909091, 0.0909091, 0.0909091, 0.0909091, 0.0909091, 0.0909091, 0.0909091, 0.0909537, 0.0909091, 0.387954, 0.0909091, 0.0909091
18.445, 0, 0.395054, 0.0909091, 1.41421, -0.395054, 0, 0.0909091, 0.0909091, 0.0909091, 0.0909091, 0.0909091, 0.0909091, 0.0909091, 0.0909091, 0.0909091, 0.0909091, 0.0909091, 0.0909091, 0.0909091, 0.0909091, 0.0909091, 0.0909091, 0.0909091, 0.0909536, 0.0909091, 0.395009, 0.0909091, 0.0909091
18.4528, 0, 0.402278, 0.090925, 1.41421, -0.402278, 0, 0.090925, 0.090925, 0.090925, 0.090925, 0.090925, 0.090925, 0.090925, 0.090925, 0.090925, 0.090925, 0.090925, 0.090925, 0.090925, 0.090925, 0.090925, 0.090925, 0.090925, 0.0909693, 0.090925, 0.402234, 0.090925, 0.090925
18.4607, 0, 0.409643, 0.0909389, 1.41421, -0.409643, 0, 0.0909389, 0.0909389, 0.0909389, 0.0909389, 0.0909389, 0.0909389, 0.0909389, 0.0909389, 0.0909389, 0.0909389, 0.0909389, 0.0909389, 0.0909389, 0.0909389, 0.0909389, 0.0909389, 0.0909389, 0.0909828, 0.0909389, 0.409599, 0.0909389, 0.0909389
18.4686, 0, 0.417148, 0.0909509, 1.41421, -0.417148, 0, 0.0909509, 0.0909509, 0.0909509, 0.0909509, 0.0909509, 0.0909509, 0.0909509, 0.0909509, 0.0909509, 0.0909509, 0.0909509, 0.0909509, 0.0909509, 0.0909509, 0.0909509, 0.0909509, 0.0909509, 0.0909942, 0.0909509, 0.417104, 0.0909509, 0.0909509
18.4764, 0, 0.424788, 0.0909618, 1.41421, -0.424788, 0, 0.0909618, 0.0909618, 0.0909618, 0.0909618, 0.0909618, 0.0909618, 0.0909618, 0.0909618, 0.0909618, 0.0909618, 0.0909618, 0.0909618, 0.0909618, 0.0909618, 0.0909618, 0.0909618, 0.0909618, 0.0910046, 0.0909618, 0.424745, 0.0909618, 0.0909618
18.4843, 1, 0.432551, 0.0909728, 1.73205, 0.567449, 0, 0.0909728, 0.0909728, 0.0909728, 0.0909728, 0.0909728, 0.0909728, 0.0909728, 0.0909728, 0.0909728, 0.0909728, 0.0909728, 0.0909728, 0.0909728, 0.0909728, 0.0909728, 0.0909728, 0.0909728, 0.0910147, 0.0909728, 0.432509, 0.0909728, 0.0909728
18.4922, 1, 0.440444, 0.0909994, 1.73205, 0.559556, 0, 0.0909994, 0.0909994, 0.0909994, 0.0909994, 0.0909994, 0.0909994, 0.0909994, 0.0909994, 0.0909994, 0.0909994, 0.0909994, 0.0909994, 0.0909994, 0.0909994, 0.0909994, 0.0909994, 0.0909994, 0.0910405, 0.0909994, 0.440403, 0.0909994, 0.0909994
18.5001, 0, 0.448439, 0.0910201, 1.41421, -0.448439, 0, 0.0910201, 0.0910201, 0.0910201, 0.0910201, 0.0910201, 0.0910201, 0.0910201, 0.0910201, 0.0910201, 0.0910201, 0.0910201, 0.0910201, 0.0910201, 0.0910201, 0.0910201, 0.0910201, 0.0910201, 0.0910602, 0.0910201, 0.448399, 0.0910201, 0.0910201
18.5079, 0, 0.456512, 0.0910293, 1.41421, -0.456512, 0, 0.0910293, 0.0910293, 0.0910293, 0.0910293, 0.0910293, 0.0910293, 0.0910293, 0.0910293, 0.0910293, 0.0910293, 0.0910293, 0.0910293, 0.0910293, 0.0910293, 0.0910293, 0.0910293, 0.0910293, 0.0910684, 0.0910293, 0.456473, 0.0910293, 0.0910293
18.5158, 0, 0.464656, 0.0910329, 1.41421, -0.464656, 0, 0.0910329, 0.0910329, 0.0910329, 0.0910329, 0.0910329, 0.0910329, 0.0910329, 0.0910329, 0.0910329, 0.0910329, 0.0910329, 0.0910329, 0.0910329, 0.0910329, 0.0910329, 0.0910329, 0.0910329, 0.0910707, 0.0910329, 0.464618, 0.0910329, 0.0910329
18.5237, 2.8112, 0.472861, 0.0910364, 2.19344, 2.33834, 0, 0.0910364, 0.0910364, 0.0910364, 0.0910364, 0.0910364, 0.0910364, 0.0910364, 0.0910364, 0.0910364, 0.0910364, 0.0910364, 0.0910364, 0.0910364, 0.0910364, 0.0910364, 0.0910364, 0.0910364, 0.091073, 0.0910364, 0.472824, 0.0910364, 0.0910364
18.5315, 1.80664, 0.481134, 0.0910657, 1.95106, 1.32551, 0, 0.0910657, 0.0910657, 0.0910657, 0.0910657, 0.0910657, 0.0910657, 0.0910657, 0.0910657, 0.0910657, 0.0910657, 0.0910657, 0.0910657, 0.0910657, 0.0910657, 0.0910657, 0.0910657, 0.0910657, 0.091101, 0.0910657, 0.481098, 0.0910657, 0.0910657
18.5394, 0.382156, 0.489419, 0.0910836, 1.54342, -0.107262, 0, 0.0910836, 0.0910836, 0.0910836, 0.0910836, 0.0910836, 0.0910836, 0.0910836, 0.0910836, 0.0910836, 0.0910836, 0.0910836, 0.0910836, 0.0910836, 0.0910836, 0.0910836, 0.0910836, 0.0910836, 0.0911175, 0.0910836, 0.489385, 0.0910836, 0.0910836
18.5473, 2.60753, 0.49769, 0.0910841, 2.14652, 2.10984, 0, 0.0910841, 0.0910841, 0.0910841, 0.0910841, 0.0910841, 0.0910841, 0.0910841, 0.0910841, 0.0910841, 0.0910841, 0.0910841, 0.0910841, 0.0910841, 0.0910841, 0.0910841, 0.0910841, 0.0910841, 0.0911165, 0.0910841, 0.497658, 0.0910841, 0.0910841
18.5552, 1.39247, 0.505928, 0.0910758, 1.84187, 0.88654, 0, 0.0910758, 0.0910758, 0.0910758, 0.0910758, 0.0910758, 0.0910758, 0.0910758, 0.0910758, 0.0910758, 0.0910758, 0.0910758, 0.0910758, 0.0910758, 0.0910758, 0.0910758, 0.0910758, 0.0910758, 0.0911067, 0.0910758, 0.505897, 0.0910758, 0.0910758
18.563, 0, 0.514126, 0.0910675, 1.41421, -0.514126, 0, 0.0910675, 0.0910675, 0.0910675, 0.0910675, 0.0910675, 0.0910675, 0.0910675, 0.0910675, 0.0910675, 0.0910675, 0.0910675, 0.0910675, 0.0910675, 0.0910675, 0.0910675, 0.0910675, 0.0910675, 0.0910969, 0.0910675, 0.514096, 0.0910675, 0.0910675
18.5709, 1, 0.5223, 0.0911091, 1.73205, 0.4777, 0, 0.0911091, 0.0911091, 0.0911091, 0.0911091, 0.0911091, 0.0911091, 0.0911091, 0.0911091, 0.0911091, 0.0911091, 0.0911091, 0.0911091, 0.0911091, 0.0911091, 0.0911091, 0.0911091, 0.0911091, 0.091137, 0.0911091, 0.522272, 0.0911091, 0.0911091
18.5788, 0, 0.530359, 0.0911317, 1.41421, -0.530359, 0, 0.0911317, 0.0911317, 0.0911317, 0.0911317, 0.0911317, 0.0911317, 0.0911317, 0.0911317, 0.0911317, 0.0911317, 0.0911317, 0.0911317, 0.0911317, 0.0911317, 0.0911317, 0.0911317, 0.0911317, 0.0911581, 0.0911317, 0.530332, 0.0911317, 0.0911317
18.5866, 0, 0.538267, 0.091129, 1.41421, -0.538267, 0, 0.091129, 0.091129, 0.091129, 0.091129, 0.091129, 0.091129, 0.091129, 0.091129, 0.091129, 0.091129, 0.091129, 0.091129, 0.091129, 0.091129, 0.091129, 0.091129, 0.091129, 0.0911539, 0.091129, 0.538242, 0.091129, 0.091129
18.5945, 0, 0.546008, 0.0911137, 1.41421, -0.546008, 0, 0.0911137, 0.0911137, 0.0911137, 0.0911137, 0.0911137, 0.0911137, 0.0911137, 0.0911137, 0.0911137, 0.0911137, 0.0911137, 0.0911137, 0.0911137, 0.0911137, 0.0911137, 0.0911137, 0.0911137, 0.0911371, 0.0911137, 0.545985, 0.0911137, 0.0911137
18.6024, 2.57462, 0.553566, 0.0910985, 2.13884, 2.02105, 0, 0.0910985, 0.0910985, 0.0910985, 0.0910985, 0.0910985, 0.0910985, 0.0910985, 0.0910985, 0.0910985, 0.0910985, 0.0910985, 0.0910985, 0.0910985, 0.0910985, 0.0910985, 0.0910985, 0.0910985, 0.0911203, 0.0910985, 0.553544, 0.0910985, 0.0910985
18.6103, 0.425384, 0.560967, 0.0911397, 1.55736, -0.135583, 0, 0.0911397, 0.0911397, 0.0911397, 0.0911397, 0.0911397, 0.0911397, 0.0911397, 0.0911397, 0.0911397, 0.0911397, 0.0911397, 0.0911397, 0.0911397, 0.0911397, 0.0911397, 0.0911397, 0.0911397, 0.0911602, 0.0911397, 0.560947, 0.0911397, 0.0911397
18.6181, 1, 0.568095, 0.0911567, 1.73205, 0.431905, 0, 0.0911567, 0.0911567, 0.0911567, 0.0911567, 0.0911567, 0.0911567, 0.0911567, 0.0911567, 0.0911567, 0.0911567, 0.0911567, 0.0911567, 0.0911567, 0.0911567, 0.0911567, 0.0911567, 0.0911567, 0.0911758, 0.0911567, 0.568076, 0.0911567, 0.0911567
18.626, 1, 0.574917, 0.0911414, 1.73205, 0.425083, 0, 0.0911414, 0.0911414, 0.0911414, 0.0911414, 0.0911414, 0.0911414, 0.0911414, 0.0911414, 0.0911414, 0.0911414, 0.0911414, 0.0911414, 0.0911414, 0.0911414, 0.0911414, 0.0911414, 0.0911414, 0.0911591, 0.0911414, 0.5749, 0.0911414, 0.0911414
18.6339, 1.55578, 0.581418, 0.0911099, 1.88568, 0.974358, 0, 0.0911099, 0.0911099, 0.0911099, 0.0911099, 0.0911099, 0.0911099, 0.0911099, 0.0911099, 0.0911099, 0.0911099, 0.0911099, 0.0911099, 0.0911099, 0.0911099, 0.0911099, 0.0911099, 0.0911099, 0.0911263, 0.0911099, 0.581402, 0.0911099, 0.0911099
18.6417, 0.444224, 0.58758, 0.0910785, 1.5634, -0.143356, 0, 0.0910785, 0.0910785, 0.0910785, 0.0910785, 0.0910785, 0.0910785, 0.0910785, 0.0910785, 0.0910785, 0.0910785, 0.0910785, 0.0910785, 0.0910785, 0.0910785, 0.0910785, 0.0910785, 0.0910785, 0.0910937, 0.0910785, 0.587565, 0.0910785, 0.0910785
18.6496, 0, 0.593462, 0.0911357, 1.41421, -0.593462, 0, 0.0911357, 0.0911357, 0.0911357, 0.0911357, 0.0911357, 0.0911357, 0.0911357, 0.0911357, 0.0911357, 0.0911357, 0.0911357, 0.0911357, 0.0911357, 0.0911357, 0.0911357, 0.0911357, 0.0911357, 0.0911497, 0.0911357, 0.593448, 0.0911357, 0.0911357
18.6575, 0.770451, 0.598917, 0.0911586, 1.66447, 0.171534, 0, 0.0911586, 0.0911586, 0.0911586, 0.0911586, 0.0911586, 0.0911586, 0.0911586, 0.0911586, 0.0911586, 0.0911586, 0.0911586, 0.0911586, 0.0911586, 0.0911586, 0.0911586, 0.0911586, 0.0911586, 0.0911716, 0.0911586, 0.598904, 0.0911586, 0.0911586
18.6653, 1.22955, 0.603904, 0.0911393, 1.79709, 0.625645, 0, 0.0911393, 0.0911393, 0.0911393, 0.0911393, 0.0911393, 0.0911393, 0.0911393, 0.0911393, 0.0911393, 0.0911393, 0.0911393, 0.0911393, 0.0911393, 0.0911393, 0.0911393, 0.0911393, 0.0911393, 0.0911513, 0.0911393, 0.603892, 0.0911393, 0.0911393
18.6732, 0.765493, 0.60842, 0.0910989, 1.66298, 0.157074, 0, 0.0910989, 0.0910989, 0.0910989, 0.0910989, 0.0910989, 0.0910989, 0.0910989, 0.0910989, 0.0910989, 0.0910989, 0.0910989, 0.0910989, 0.0910989, 0.0910989, 0.0910989, 0.0910989, 0.0910989, 0.0911099, 0.0910989, 0.608409, 0.0910989, 0.0910989
18.6811, 0.234507, 0.61246, 0.0910585, 1.49483, -0.377954, 0, 0.0910585, 0.0910585, 0.0910585, 0.0910585, 0.0910585, 0.0910585, 0.0910585, 0.0910585, 0.0910585, 0.0910585, 0.0910585, 0.0910585, 0.0910585, 0.0910585, 0.0910585, 0.0910585, 0.0910585, 0.0910686, 0.0910585, 0.61245, 0.0910585, 0.0910585
18.689, 0, 0.6161, 0.0911136, 1.41421, -0.6161, 0, 0.0911136, 0.0911136, 0.0911136, 0.0911136, 0.0911136, 0.0911136, 0.0911136, 0.0911136, 0.0911136, 0.0911136, 0.0911136, 0.0911136, 0.0911136, 0.0911136, 0.0911136, 0.0911136, 0.0911136, 0.0911229, 0.0911136, 0.61609, 0.0911136, 0.0911136
18.6968, 0.758176, 0.61918, 0.0911282, 1.66078, 0.138996, 0, 0.0911282, 0.0911282, 0.0911282, 0.0911282, 0.0911282, 0.0911282, 0.0911282, 0.0911282, 0.0911282, 0.0911282, 0.0911282, 0.0911282, 0.0911282, 0.0911282, 0.0911282, 0.0911282, 0.0911282, 0.0911367, 0.0911282, 0.619172, 0.0911282, 0.0911282
18.7047, 0.241824, 0.621675, 0.0910913, 1.49727, -0.379851, 0, 0.0910913, 0.0910913, 0.0910913, 0.0910913, 0.0910913, 0.0910913, 0.0910913, 0.0910913, 0.0910913, 0.0910913, 0.0910913, 0.0910913, 0.0910913, 0.0910913, 0.0910913, 0.0910913, 0.0910913, 0.0910992, 0.0910913, 0.621667, 0.0910913, 0.0910913
18.7126, 1, 0.623591, 0.0910287, 1.73205, 0.376409, 0, 0.0910287, 0.0910287, 0.0910287, 0.0910287, 0.0910287, 0.0910287, 0.0910287, 0.0910287, 0.0910287, 0.0910287, 0.0910287, 0.0910287, 0.0910287, 0.0910287, 0.0910287, 0.0910287, 0.0910287, 0.0910361, 0.0910287, 0.623584, 0.0910287, 0.0910287
18.7204, 0, 0.624945, 0.0909662, 1.41421, -0.624945, 0, 0.0909662, 0.0909662, 0.0909662, 0.0909662, 0.0909662, 0.0909662, 0.0909662, 0.0909662, 0.0909662, 0.0909662, 0.0909662, 0.0909662, 0.0909662, 0.0909662, 0.0909662, 0.0909662, 0.0909662, 0.090973, 0.0909662, 0.624938, 0.0909662, 0.0909662
18.7283, 0.748761, 0.625866, 0.0910431, 1.65794, 0.122895, 0, 0.0910431, 0.0910431, 0.0910431, 0.0910431, 0.0910431, 0.0910431, 0.0910431, 0.0910431, 0.0910431, 0.0910431, 0.0910431, 0.0910431, 0.0910431, 0.0910431, 0.0910431, 0.0910431, 0.0910431, 0.0910494, 0.0910431, 0.62586, 0.0910431, 0.0910431
18.7362, 0.251239, 0.626154, 0.0910659, 1.50041, -0.374916, 0, 0.0910659, 0.0910659, 0.0910659, 0.0910659, 0.0910659, 0.0910659, 0.0910659, 0.0910659, 0.0910659, 0.0910659, 0.0910659, 0.0910659, 0.0910659, 0.0910659, 0.0910659, 0.0910659, 0.0910659, 0.0910718, 0.0910659, 0.626149, 0.0910659, 0.0910659
18.7441, 0, 0.625796, 0.0910236, 1.41421, -0.625796, 0, 0.0910236, 0.0910236, 0.0910236, 0.0910236, 0.0910236, 0.0910236, 0.0910236, 0.0910236, 0.0910236, 0.0910236, 0.0910236, 0.0910236, 0.0910236, 0.0910236, 0.0910236, 0.0910236, 0.0910236, 0.0910291, 0.0910236, 0.625791, 0.0910236, 0.0910236
18.7519, 0.741512, 0.624824, 0.0909488, 1.65575, 0.116687, 0, 0.0909488, 0.0909488, 0.0909488, 0.0909488, 0.0909488, 0.0909488, 0.0909488, 0.0909488, 0.0909488, 0.0909488, 0.0909488, 0.0909488, 0.0909488, 0.0909488, 0.0909488, 0.0909488, 0.0909488, 0.090954, 0.0909488, 0.624819, 0.0909488, 0.0909488
18.7598, 0.997274, 0.623276, 0.090874, 1.73126, 0.373998, 0, 0.090874, 0.090874, 0.090874, 0.090874, 0.090874, 0.090874, 0.090874, 0.090874, 0.090874, 0.090874, 0.090874, 0.090874, 0.090874, 0.090874, 0.090874, 0.090874, 0.090874, 0.0908789, 0.090874, 0.623271, 0.090874, 0.090874
18.7677, 0.261214, 0.621307, 0.0909483, 1.50373, -0.360093, 0, 0.0909483, 0.0909483, 0.0909483, 0.0909483, 0.0909483, 0.0909483, 0.0909483, 0.0909483, 0.0909483, 0.0909483, 0.0909483, 0.0909483, 0.0909483, 0.0909483, 0.0909483, 0.0909483, 0.0909483, 0.0909529, 0.0909483, 0.621303, 0.0909483, 0.0909483
18.7755, 0, 0.618717, 0.09096, 1.41421, -0.618717, 0, 0.09096, 0.09096, 0.09096, 0.09096, 0.09096, 0.09096, 0.09096, 0.09096, 0.09096, 0.09096, 0.09096, 0.09096, 0.09096, 0.09096, 0.09096, 0.09096, 0.09096, 0.0909644, 0.09096, 0.618713, 0.09096, 0.09096
18.7834, 1, 0.615505, 0.090894, 1.73205, 0.384495, 0, 0.090894, 0.090894, 0.090894, 0.090894, 0.090894, 0.090894, 0.090894, 0.090894, 0.090894, 0.090894, 0.090894, 0.090894, 0.090894, 0.090894, 0.090894, 0.090894, 0.090894, 0.0908982, 0.090894, 0.6155, 0.090894, 0.090894
18.7913, 1, 0.611725, 0.0907892, 1.73205, 0.388275, 0, 0.0907892, 0.0907892, 0.0907892, 0.0907892, 0.0907892, 0.0907892, 0.0907892, 0.0907892, 0.0907892, 0.0907892, 0.0907892, 0.0907892, 0.0907892, 0.0907892, 0.0907892, 0.0907892, 0.0907892, 0.0907932, 0.0907892, 0.611721, 0.0907892, 0.0907892
18.7992, 0, 0.607436, 0.0906845, 1.41421, -0.607436, 0, 0.0906845, 0.0906845, 0.0906845, 0.0906845, 0.0906845, 0.0906845, 0.0906845, 0.0906845, 0.0906845, 0.0906845, 0.0906845, 0.0906845, 0.0906845, 0.0906845, 0.0906845, 0.0906845, 0.0906845, 0.0906883, 0.0906845, 0.607432, 0.0906845, 0.0906845
18.807, 1, 0.602873, 0.0907886, 1.73205, 0.397127, 0, 0.0907886, 0.0907886, 0.0907886, 0.0907886, 0.0907886, 0.0907886, 0.0907886, 0.0907886, 0.0907886, 0.0907886, 0.0907886, 0.0907886, 0.0907886, 0.0907886, 0.0907886, 0.0907886, 0.0907886, 0.0907924, 0.0907886, 0.602869, 0.0907886, 0.0907886
18.8149, 0, 0.597759, 0.0908053, 1.41421, -0.597759, 0, 0.0908053, 0.0908053, 0.0908053, 0.0908053, 0.0908053, 0.0908053, 0.0908053, 0.0908053, 0.0908053, 0.0908053, 0.0908053, 0.0908053, 0.0908053, 0.0908053, 0.0908053, 0.0908053, 0.0908053, 0.090809, 0.0908053, 0.597755, 0.0908053, 0.0908053
18.8228, 2, 0.592122, 0.0907319, 2, 1.40788, 0, 0.0907319, 0.0907319, 0.0907319, 0.0907319, 0.0907319, 0.0907319, 0.0907319, 0.0907319, 0.0907319, 0.0907319, 0.0907319, 0.0907319, 0.0907319, 0.0907319, 0.0907319, 0.0907319, 0.0907319, 0.0907355, 0.0907319, 0.592118, 0.0907319, 0.0907319
18.8306, 0.717294, 0.586035, 0.0906135, 1.64842, 0.131259, 0, 0.0906135, 0.0906135, 0.0906135, 0.0906135, 0.0906135, 0.0906135, 0.0906135, 0.0906135, 0.0906135, 0.0906135, 0.0906135, 0.0906135, 0.0906135, 0.0906135, 0.0906135, 0.0906135, 0.0906135, 0.090617, 0.0906135, 0.586032, 0.0906135, 0.0906135
18.8385, 0.282706, 0.579575, 0.0904951, 1.51086, -0.296869, 0, 0.0904951, 0.0904951, 0.0904951, 0.0904951, 0.0904951, 0.0904951, 0.0904951, 0.0904951, 0.0904951, 0.0904951, 0.0904951, 0.0904951, 0.0904951, 0.0904951, 0.0904951, 0.0904951, 0.0904951, 0.0904986, 0.0904951, 0.579571, 0.0904951, 0.0904951
18.8464, 0, 0.572976, 0.0905814, 1.41421, -0.572976, 0, 0.0905814, 0.0905814, 0.0905814, 0.0905814, 0.0905814, 0.0905814, 0.0905814, 0.0905814, 0.0905814, 0.0905814, 0.0905814, 0.0905814, 0.0905814, 0.0905814, 0.0905814, 0.0905814, 0.0905814, 0.0905848, 0.0905814, 0.572973, 0.0905814, 0.0905814
18.8543, 1, 0.565975, 0.0905738, 1.73205, 0.434025, 0, 0.0905738, 0.0905738, 0.0905738, 0.0905738, 0.0905738, 0.0905738, 0.0905738, 0.0905738, 0.0905738, 0.0905738, 0.0905738, 0.0905738, 0.0905738, 0.0905738, 0.0905738, 0.0905738, 0.0905738, 0.0905772, 0.0905738, 0.565971, 0.0905738, 0.0905738
18.8621, 1.41526, 0.558602, 0.090473, 1.84804, 0.856661, 0, 0.090473, 0.090473, 0.090473, 0.090473, 0.090473, 0.090473, 0.090473, 0.090473, 0.090473, 0.090473, 0.090473, 0.090473, 0.090473, 0.090473, 0.090473, 0.090473, 0.090473, 0.0904763, 0.090473, 0.558598, 0.090473, 0.090473
18.87, 2.28989, 0.550943, 0.0903257, 2.07121, 1.73895, 0, 0.0903257, 0.0903257, 0.0903257, 0.0903257, 0.0903257, 0.0903257, 0.0903257, 0.0903257, 0.0903257, 0.0903257, 0.0903257, 0.0903257, 0.0903257, 0.0903257, 0.0903257, 0.0903257, 0.0903257, 0.090329, 0.0903257, 0.550939, 0.0903257, 0.0903257
18.8779, 0.294846, 0.543072, 0.0901785, 1.51488, -0.248226, 0, 0.0901785, 0.0901785, 0.0901785, 0.0901785, 0.0901785, 0.0901785, 0.0901785, 0.0901785, 0.0901785, 0.0901785, 0.0901785, 0.0901785, 0.0901785, 0.0901785, 0.0901785, 0.0901785, 0.0901785, 0.0901818, 0.0901785, 0.543069, 0.0901785, 0.0901785
18.8857, 0, 0.535265, 0.0902725, 1.41421, -0.535265, 0, 0.0902725, 0.0902725, 0.0902725, 0.0902725, 0.0902725, 0.0902725, 0.0902725, 0.0902725, 0.0902725, 0.0902725, 0.0902725, 0.0902725, 0.0902725, 0.0902725, 0.0902725, 0.0902725, 0.0902725, 0.0902759, 0.0902725, 0.535261, 0.0902725, 0.0902725
18.8936, 0.698066, 0.527215, 0.0902671, 1.64258, 0.170851, 0, 0.0902671, 0.0902671, 0.0902671, 0.0902671, 0.0902671, 0.0902671, 0.0902671, 0.0902671, 0.0902671, 0.0902671, 0.0902671, 0.0902671, 0.0902671, 0.0902671, 0.0902671, 0.0902671, 0.0902671, 0.0902704, 0.0902671, 0.527212, 0.0902671, 0.0902671
18.9015, 0.997424, 0.518958, 0.0901645, 1.73131, 0.478466, 0, 0.0901645, 0.0901645, 0.0901645, 0.0901645, 0.0901645, 0.0901645, 0.0901645, 0.0901645, 0.0901645, 0.0901645, 0.0901645, 0.0901645, 0.0901645, 0.0901645, 0.0901645, 0.0901645, 0.0901645, 0.0901678, 0.0901645, 0.518954, 0.0901645, 0.0901645
18.9094, 0.304509, 0.510565, 0.0900134, 1.51806, -0.206055, 0, 0.0900134, 0.0900134, 0.0900134, 0.0900134, 0.0900134, 0.0900134, 0.0900134, 0.0900134, 0.0900134, 0.0900134, 0.0900134, 0.0900134, 0.0900134, 0.0900134, 0.0900134, 0.0900134, 0.0900134, 0.0900167, 0.0900134, 0.510562, 0.0900134, 0.0900134
18.9172, 0, 0.50212, 0.0898625, 1.41421, -0.50212, 0, 0.0898625, 0.0898625, 0.0898625, 0.0898625, 0.0898625, 0.0898625, 0.0898625, 0.0898625, 0.0898625, 0.0898625, 0.0898625, 0.0898625, 0.0898625, 0.0898625, 0.0898625, 0.0898625, 0.0898625, 0.0898658, 0.0898625, 0.502117, 0.0898625, 0.0898625
18.9251, 0, 0.493861, 0.089924, 1.41421, -0.493861, 0, 0.089924, 0.089924, 0.089924, 0.089924, 0.089924, 0.089924, 0.089924, 0.089924, 0.089924, 0.089924, 0.089924, 0.089924, 0.089924, 0.089924, 0.089924, 0.089924, 0.089924, 0.0899272, 0.089924, 0.493857, 0.089924, 0.089924
18.933, 0, 0.485499, 0.0898852, 1.41421, -0.485499, 0, 0.0898852, 0.0898852, 0.0898852, 0.0898852, 0.0898852, 0.0898852, 0.0898852, 0.0898852, 0.0898852, 0.0898852, 0.0898852, 0.0898852, 0.0898852, 0.0898852, 0.0898852, 0.0898852, 0.0898852, 0.0898885, 0.0898852, 0.485496, 0.0898852, 0.0898852
18.9408, 0, 0.477064, 0.0897503, 1.41421, -0.477064, 0, 0.0897503, 0.0897503, 0.0897503, 0.0897503, 0.0897503, 0.0897503, 0.0897503, 0.0897503, 0.0897503, 0.0897503, 0.0897503, 0.0897503, 0.0897503, 0.0897503, 0.0897503, 0.0897503, 0.0897503, 0.0897536, 0.0897503, 0.47706, 0.0897503, 0.0897503
18.9487, 0, 0.468624, 0.0895674, 1.41421, -0.468624, 0, 0.0895674, 0.0895674, 0.0895674, 0.0895674, 0.0895674, 0.0895674, 0.0895674, 0.0895674, 0.0895674, 0.0895674, 0.0895674, 0.0895674, 0.0895674, 0.0895674, 0.0895674, 0.0895674, 0.0895674, 0.0895707, 0.0895674, 0.468621, 0.0895674, 0.0895674
18.9566, 0.678731, 0.460245, 0.0893847, 1.63668, 0.218485, 0, 0.0893847, 0.0893847, 0.0893847, 0.0893847, 0.0893847, 0.0893847, 0.0893847, 0.0893847, 0.0893847, 0.0893847, 0.0893847, 0.0893847, 0.0893847, 0.0893847, 0.0893847, 0.0893847, 0.0893847, 0.089388, 0.0893847, 0.460242, 0.0893847, 0.0893847
18.9645, 0.997681, 0.452201, 0.089451, 1.73138, 0.545481, 0, 0.089451, 0.089451, 0.089451, 0.089451, 0.089451, 0.089451, 0.089451, 0.089451, 0.089451, 0.089451, 0.089451, 0.089451, 0.089451, 0.089451, 0.089451, 0.089451, 0.089451, 0.0894543, 0.089451, 0.452198, 0.089451, 0.089451
18.9723, 0.997441, 0.444147, 0.0894131, 1.73131, 0.553295, 0, 0.0894131, 0.0894131, 0.0894131, 0.0894131, 0.0894131, 0.0894131, 0.0894131, 0.0894131, 0.0894131, 0.0894131, 0.0894131, 0.0894131, 0.0894131, 0.0894131, 0.0894131, 0.0894131, 0.0894131, 0.0894164, 0.0894131, 0.444143, 0.0894131, 0.0894131
18.9802, 0.997522, 0.436103, 0.0892773, 1.73134, 0.561419, 0, 0.0892773, 0.0892773, 0.0892773, 0.0892773, 0.0892773, 0.0892773, 0.0892773, 0.0892773, 0.0892773, 0.0892773, 0.0892773, 0.0892773, 0.0892773, 0.0892773, 0.0892773, 0.0892773, 0.0892773, 0.0892806, 0.0892773, 0.436099, 0.0892773, 0.0892773
18.9881, 0.328625, 0.428134, 0.0890926, 1.52598, -0.0995092, 0, 0.0890926, 0.0890926, 0.0890926, 0.0890926, 0.0890926, 0.0890926, 0.0890926, 0.0890926, 0.0890926, 0.0890926, 0.0890926, 0.0890926, 0.0890926, 0.0890926, 0.0890926, 0.0890926, 0.0890926, 0.0890959, 0.0890926, 0.428131, 0.0890926, 0.0890926
18.9959, 0, 0.420299, 0.0889082, 1.41421, -0.420299, 0, 0.0889082, 0.0889082, 0.0889082, 0.0889082, 0.0889082, 0.0889082, 0.0889082, 0.0889082, 0.0889082, 0.0889082, 0.0889082, 0.0889082, 0.0889082, 0.0889082, 0.0889082, 0.0889082, 0.0889082, 0.0889115, 0.0889082, 0.420296, 0.0889082, 0.0889082
19.0038, 1, 0.412806, 0.0889286, 1.73205, 0.587194, 0, 0.0889286, 0.0889286, 0.0889286, 0.0889286, 0.0889286, 0.0889286, 0.0889286, 0.0889286, 0.0889286, 0.0889286, 0.0889286, 0.0889286, 0.0889286, 0.0889286, 0.0889286, 0.0889286, 0.0889286, 0.0889319, 0.0889286, 0.412802, 0.0889286, 0.0889286
19.0117, 0.661874, 0.405359, 0.0888475, 1.63153, 0.256515, 0, 0.0888475, 0.0888475, 0.0888475, 0.0888475, 0.0888475, 0.0888475, 0.0888475, 0.0888475, 0.0888475, 0.0888475, 0.0888475, 0.0888475, 0.0888475, 0.0888475, 0.0888475, 0.0888475, 0.0888475, 0.0888508, 0.0888475, 0.405356, 0.0888475, 0.0888475
19.0196, 0.338126, 0.397972, 0.088673, 1.52909, -0.0598456, 0, 0.088673, 0.088673, 0.088673, 0.088673, 0.088673, 0.088673, 0.088673, 0.088673, 0.088673, 0.088673, 0.088673, 0.088673, 0.088673, 0.088673, 0.088673, 0.088673, 0.088673, 0.0886763, 0.088673, 0.397968, 0.088673, 0.088673
19.0274, 0.656916, 0.390693, 0.088452, 1.63001, 0.266223, 0, 0.088452, 0.088452, 0.088452, 0.088452, 0.088452, 0.088452, 0.088452, 0.088452, 0.088452, 0.088452, 0.088452, 0.088452, 0.088452, 0.088452, 0.088452, 0.088452, 0.088452, 0.0884553, 0.088452, 0.39069, 0.088452, 0.088452
19.0353, 0.343084, 0.383573, 0.0882312, 1.53071, -0.0404887, 0, 0.0882312, 0.0882312, 0.0882312, 0.0882312, 0.0882312, 0.0882312, 0.0882312, 0.0882312, 0.0882312, 0.0882312, 0.0882312, 0.0882312, 0.0882312, 0.0882312, 0.0882312, 0.0882312, 0.0882312, 0.0882345, 0.0882312, 0.383569, 0.0882312, 0.0882312
19.0432, 1.65221, 0.376841, 0.0882397, 1.91107, 1.27537, 0, 0.0882397, 0.0882397, 0.0882397, 0.0882397, 0.0882397, 0.0882397, 0.0882397, 0.0882397, 0.0882397, 0.0882397, 0.0882397, 0.0882397, 0.0882397, 0.0882397, 0.0882397, 0.0882397, 0.0882397, 0.088243, 0.0882397, 0.376838, 0.0882397, 0.0882397
19.051, 0.347794, 0.370175, 0.0881554, 1.53225, -0.022381, 0, 0.0881554, 0.0881554, 0.0881554, 0.0881554, 0.0881554, 0.0881554, 0.0881554, 0.0881554, 0.0881554, 0.0881554, 0.0881554, 0.0881554, 0.0881554, 0.0881554, 0.0881554, 0.0881554, 0.0881554, 0.0881587, 0.0881554, 0.370171, 0.0881554, 0.0881554
19.0589, 0, 0.363584, 0.0879845, 1.41421, -0.363584, 0, 0.0879845, 0.0879845, 0.0879845, 0.0879845, 0.0879845, 0.0879845, 0.0879845, 0.0879845, 0.0879845, 0.0879845, 0.0879845, 0.0879845, 0.0879845, 0.0879845, 0.0879845, 0.0879845, 0.0879845, 0.0879879, 0.0879845, 0.363581, 0.0879845, 0.0879845
19.0668, 2, 0.357106, 0.0877706, 2, 1.64289, 0, 0.0877706, 0.0877706, 0.0877706, 0.0877706, 0.0877706, 0.0877706, 0.0877706, 0.0877706, 0.0877706, 0.0877706, 0.0877706, 0.0877706, 0.0877706, 0.0877706, 0.0877706, 0.0877706, 0.0877706, 0.0877739, 0.0877706, 0.357102, 0.0877706, 0.0877706
19.0747, 0, 0.350785, 0.0875568, 1.41421, -0.350785, 0, 0.0875568, 0.0875568, 0.0875568, 0.0875568, 0.0875568, 0.0875568, 0.0875568, 0.0875568, 0.0875568, 0.0875568, 0.0875568, 0.0875568, 0.0875568, 0.0875568, 0.0875568, 0.0875568, 0.0875568, 0.0875601, 0.0875568, 0.350781, 0.0875568, 0.0875568
19.0825, 0, 0.344769, 0.0874945, 1.41421, -0.344769, 0, 0.0874945, 0.0874945, 0.0874945, 0.0874945, 0.0874945, 0.0874945, 0.0874945, 0.0874945, 0.0874945, 0.0874945, 0.0874945, 0.0874945, 0.0874945, 0.0874945, 0.0874945, 0.0874945, 0.0874945, 0.0874978, 0.0874945, 0.344765, 0.0874945, 0.0874945
19.0904, 2.63776, 0.338824, 0.0873535, 2.15355, 2.29894, 0, 0.0873535, 0.0873535, 0.0873535, 0.0873535, 0.0873535, 0.0873535, 0.0873535, 0.0873535, 0.0873535, 0.0873535, 0.0873535, 0.0873535, 0.0873535, 0.0873535, 0.0873535, 0.0873535, 0.0873535, 0.0873568, 0.0873535, 0.338821, 0.0873535, 0.0873535
19.0983, 0.36224, 0.332955, 0.0871398, 1.53696, 0.0292853, 0, 0.0871398, 0.0871398, 0.0871398, 0.0871398, 0.0871398, 0.0871398, 0.0871398, 0.0871398, 0.0871398, 0.0871398, 0.0871398, 0.0871398, 0.0871398, 0.0871398, 0.0871398, 0.0871398, 0.0871398, 0.0871432, 0.0871398, 0.332951, 0.0871398, 0.0871398
19.1061, 0, 0.327192, 0.0868901, 1.41421, -0.327192, 0, 0.0868901, 0.0868901, 0.0868901, 0.0868901, 0.0868901, 0.0868901, 0.0868901, 0.0868901, 0.0868901, 0.0868901, 0.0868901, 0.0868901, 0.0868901, 0.0868901, 0.0868901, 0.0868901, 0.0868901, 0.0868934, 0.0868901, 0.327189, 0.0868901, 0.0868901
19.114, 0, 0.321569, 0.0866407, 1.41421, -0.321569, 0, 0.0866407, 0.0866407, 0.0866407, 0.0866407, 0.0866407, 0.0866407, 0.0866407, 0.0866407, 0.0866407, 0.0866407, 0.0866407, 0.0866407, 0.0866407, 0.0866407, 0.0866407, 0.0866407, 0.0866407, 0.086644, 0.0866407, 0.321566, 0.0866407, 0.0866407
19.1219, 0, 0.316261, 0.0865677, 1.41421, -0.316261, 0, 0.0865677, 0.0865677, 0.0865677, 0.0865677, 0.0865677, 0.0865677, 0.0865677, 0.0865677, 0.0865677, 0.0865677, 0.0865677, 0.0865677, 0.0865677, 0.0865677, 0.0865677, 0.0865677, 0.0865677, 0.086571, 0.0865677, 0.316257, 0.0865677, 0.0865677
19.1298, 0, 0.311012, 0.0864241, 1.41421, -0.311012, 0, 0.0864241, 0.0864241, 0.0864241, 0.0864241, 0.0864241, 0.0864241, 0.0864241, 0.0864241, 0.0864241, 0.0864241, 0.0864241, 0.0864241, 0.0864241, 0.0864241, 0.0864241, 0.0864241, 0.0864241, 0.0864275, 0.0864241, 0.311009, 0.0864241, 0.0864241
19.1376, 0, 0.305824, 0.0862144, 1.41421, -0.305824, 0, 0.0862144, 0.0862144, 0.0862144, 0.0862144, 0.0862144, 0.0862144, 0.0862144, 0.0862144, 0.0862144, 0.0862144, 0.0862144, 0.0862144, 0.0862144, 0.0862144, 0.0862144, 0.0862144, 0.0862144, 0.0862177, 0.0862144, 0.305821, 0.0862144, 0.0862144
19.1455, 0, 0.300728, 0.0859717, 1.41421, -0.300728, 0, 0.0859717, 0.0859717, 0.0859717, 0.0859717, 0.0859717, 0.0859717, 0.0859717, 0.0859717, 0.0859717, 0.0859717, 0.0859717, 0.0859717, 0.0859717, 0.0859717, 0.0859717, 0.0859717, 0.0859717, 0.0859751, 0.0859717, 0.300725, 0.0859717, 0.0859717
19.1534, 0, 0.295754, 0.0857294, 1.41421, -0.295754, 0, 0.0857294, 0.0857294, 0.0857294, 0.0857294, 0.0857294, 0.0857294, 0.0857294, 0.0857294, 0.0857294, 0.0857294, 0.0857294, 0.0857294, 0.0857294, 0.0857294, 0.0857294, 0.0857294, 0.0857294, 0.0857328, 0.0857294, 0.295751, 0.0857294, 0.0857294
19.1612, 0, 0.290991, 0.0855851, 1.41421, -0.290991, 0, 0.0855851, 0.0855851, 0.0855851, 0.0855851, 0.0855851, 0.0855851, 0.0855851, 0.0855851, 0.0855851, 0.0855851, 0.0855851, 0.0855851, 0.0855851, 0.0855851, 0.0855851, 0.0855851, 0.0855851, 0.0855885, 0.0855851, 0.290988, 0.0855851, 0.0855851
19.1691, 0, 0.286279, 0.0853794, 1.41421, -0.286279, 0, 0.0853794, 0.0853794, 0.0853794, 0.0853794, 0.0853794, 0.0853794, 0.0853794, 0.0853794, 0.0853794, 0.0853794, 0.0853794, 0.0853794, 0.0853794, 0.0853794, 0.0853794, 0.0853794, 0.0853794, 0.0853828, 0.0853794, 0.286276, 0.0853794, 0.0853794
19.177, 1, 0.281619, 0.0851166, 1.73205, 0.718381, 0, 0.0851166, 0.0851166, 0.0851166, 0.0851166, 0.0851166, 0.0851166, 0.0851166, 0.0851166, 0.0851166, 0.0851166, 0.0851166, 0.0851166, 0.0851166, 0.0851166, 0.0851166, 0.0851166, 0.0851166, 0.08512, 0.0851166, 0.281616, 0.0851166, 0.0851166
19.1849, 0, 0.277035, 0.0848256, 1.41421, -0.277035, 0, 0.0848256, 0.0848256, 0.0848256, 0.0848256, 0.0848256, 0.0848256, 0.0848256, 0.0848256, 0.0848256, 0.0848256, 0.0848256, 0.0848256, 0.0848256, 0.0848256, 0.0848256, 0.0848256, 0.0848256, 0.084829, 0.0848256, 0.277031, 0.0848256, 0.0848256
19.1927, 0, 0.272552, 0.0845351, 1.41421, -0.272552, 0, 0.0845351, 0.0845351, 0.0845351, 0.0845351, 0.0845351, 0.0845351, 0.0845351, 0.0845351, 0.0845351, 0.0845351, 0.0845351, 0.0845351, 0.0845351, 0.0845351, 0.0845351, 0.0845351, 0.0845351, 0.0845384, 0.0845351, 0.272548, 0.0845351, 0.0845351
19.2006, 0, 0.268311, 0.084389, 1.41421, -0.268311, 0, 0.084389, 0.084389, 0.084389, 0.084389, 0.084389, 0.084389, 0.084389, 0.084389, 0.084389, 0.084389, 0.084389, 0.084389, 0.084389, 0.084389, 0.084389, 0.084389, 0.084389, 0.0843924, 0.084389, 0.268307, 0.084389, 0.084389
19.2085, 0, 0.264103, 0.0841838, 1.41421, -0.264103, 0, 0.0841838, 0.0841838, 0.0841838, 0.0841838, 0.0841838, 0.0841838, 0.0841838, 0.0841838, 0.0841838, 0.0841838, 0.0841838, 0.0841838, 0.0841838, 0.0841838, 0.0841838, 0.0841838, 0.0841838, 0.0841872, 0.0841838, 0.2641, 0.0841838, 0.0841838
19.2163, 0, 0.259933, 0.0839235, 1.41421, -0.259933, 0, 0.0839235, 0.0839235, 0.0839235, 0.0839235, 0.0839235, 0.0839235, 0.0839235, 0.0839235, 0.0839235, 0.0839235, 0.0839235, 0.0839235, 0.0839235, 0.0839235, 0.0839235, 0.0839235, 0.0839235, 0.0839269, 0.0839235, 0.25993, 0.0839235, 0.0839235
19.2242, 0.59663, 0.255823, 0.0836361, 1.61141, 0.340808, 0, 0.0836361, 0.0836361, 0.0836361, 0.0836361, 0.0836361, 0.0836361, 0.0836361, 0.0836361, 0.0836361, 0.0836361, 0.0836361, 0.0836361, 0.0836361, 0.0836361, 0.0836361, 0.0836361, 0.0836361, 0.0836394, 0.0836361, 0.255819, 0.0836361, 0.0836361
19.2321, 0.40337, 0.251796, 0.0833491, 1.55028, 0.151574, 0, 0.0833491, 0.0833491, 0.0833491, 0.0833491, 0.0833491, 0.0833491, 0.0833491, 0.0833491, 0.0833491, 0.0833491, 0.0833491, 0.0833491, 0.0833491, 0.0833491, 0.0833491, 0.0833491, 0.0833491, 0.0833525, 0.0833491, 0.251793, 0.0833491, 0.0833491
19.24, 0.591675, 0.24792, 0.0831296, 1.60987, 0.343755, 0, 0.0831296, 0.0831296, 0.0831296, 0.0831296, 0.0831296, 0.0831296, 0.0831296, 0.0831296, 0.0831296, 0.0831296, 0.0831296, 0.0831296, 0.0831296, 0.0831296, 0.0831296, 0.0831296, 0.0831296, 0.083133, 0.0831296, 0.247916, 0.0831296, 0.0831296
19.2478, 0.408325, 0.24407, 0.0828567, 1.55188, 0.164256, 0, 0.0828567, 0.0828567, 0.0828567, 0.0828567, 0.0828567, 0.0828567, 0.0828567, 0.0828567, 0.0828567, 0.0828567, 0.0828567, 0.0828567, 0.0828567, 0.0828567, 0.0828567, 0.0828567, 0.0828567, 0.0828601, 0.0828567, 0.244066, 0.0828567, 0.0828567
19.2557, 0.587215, 0.240244, 0.0825342, 1.60848, 0.346971, 0, 0.0825342, 0.0825342, 0.0825342, 0.0825342, 0.0825342, 0.0825342, 0.0825342, 0.0825342, 0.0825342, 0.0825342, 0.0825342, 0.0825342, 0.0825342, 0.0825342, 0.0825342, 0.0825342, 0.0825342, 0.0825376, 0.0825342, 0.240241, 0.0825342, 0.0825342
19.2636, 1.41278, 0.236469, 0.0821875, 1.84737, 1.17632, 0, 0.0821875, 0.0821875, 0.0821875, 0.0821875, 0.0821875, 0.0821875, 0.0821875, 0.0821875, 0.0821875, 0.0821875, 0.0821875, 0.0821875, 0.0821875, 0.0821875, 0.0821875, 0.0821875, 0.0821875, 0.0821909, 0.0821875, 0.236466, 0.0821875, 0.0821875
19.2714, 0.58226, 0.232766, 0.0818414, 1.60694, 0.349494, 0, 0.0818414, 0.0818414, 0.0818414, 0.0818414, 0.0818414, 0.0818414, 0.0818414, 0.0818414, 0.0818414, 0.0818414, 0.0818414, 0.0818414, 0.0818414, 0.0818414, 0.0818414, 0.0818414, 0.0818414, 0.0818448, 0.0818414, 0.232763, 0.0818414, 0.0818414
19.2793, 0.41774, 0.229262, 0.0816261, 1.55491, 0.188478, 0, 0.0816261, 0.0816261, 0.0816261, 0.0816261, 0.0816261, 0.0816261, 0.0816261, 0.0816261, 0.0816261, 0.0816261, 0.0816261, 0.0816261, 0.0816261, 0.0816261, 0.0816261, 0.0816261, 0.0816261, 0.0816295, 0.0816261, 0.229259, 0.0816261, 0.0816261
19.2872, 0, 0.225771, 0.0813563, 1.41421, -0.225771, 0, 0.0813563, 0.0813563, 0.0813563, 0.0813563, 0.0813563, 0.0813563, 0.0813563, 0.0813563, 0.0813563, 0.0813563, 0.0813563, 0.0813563, 0.0813563, 0.0813563, 0.0813563, 0.0813563, 0.0813563, 0.0813597, 0.0813563, 0.225768, 0.0813563, 0.0813563
19.2951, 0.574969, 0.222293, 0.0810363, 1.60467, 0.352676, 0, 0.0810363, 0.0810363, 0.0810363, 0.0810363, 0.0810363, 0.0810363, 0.0810363, 0.0810363, 0.0810363, 0.0810363, 0.0810363, 0.0810363, 0.0810363, 0.0810363, 0.0810363, 0.0810363, 0.0810363, 0.0810397, 0.0810363, 0.22229, 0.0810363, 0.0810363
19.3029, 0.425031, 0.218854, 0.0806915, 1.55725, 0.206177, 0, 0.0806915, 0.0806915, 0.0806915, 0.0806915, 0.0806915, 0.0806915, 0.0806915, 0.0806915, 0.0806915, 0.0806915, 0.0806915, 0.0806915, 0.0806915, 0.0806915, 0.0806915, 0.0806915, 0.0806915, 0.080695, 0.0806915, 0.21885, 0.0806915, 0.0806915
19.3108, 0, 0.215476, 0.0803476, 1.41421, -0.215476, 0, 0.0803476, 0.0803476, 0.0803476, 0.0803476, 0.0803476, 0.0803476, 0.0803476, 0.0803476, 0.0803476, 0.0803476, 0.0803476, 0.0803476, 0.0803476, 0.0803476, 0.0803476, 0.0803476, 0.0803476, 0.080351, 0.0803476, 0.215473, 0.0803476, 0.0803476
19.3187, 0, 0.212207, 0.0800542, 1.41421, -0.212207, 0, 0.0800542, 0.0800542, 0.0800542, 0.0800542, 0.0800542, 0.0800542, 0.0800542, 0.0800542, 0.0800542, 0.0800542, 0.0800542, 0.0800542, 0.0800542, 0.0800542, 0.0800542, 0.0800542, 0.0800542, 0.0800577, 0.0800542, 0.212203, 0.0800542, 0.0800542
19.3265, 0, 0.208945, 0.0797112, 1.41421, -0.208945, 0, 0.0797112, 0.0797112, 0.0797112, 0.0797112, 0.0797112, 0.0797112, 0.0797112, 0.0797112, 0.0797112, 0.0797112, 0.0797112, 0.0797112, 0.0797112, 0.0797112, 0.0797112, 0.0797112, 0.0797112, 0.0797147, 0.0797112, 0.208941, 0.0797112, 0.0797112
19.3344, 0, 0.205692, 0.079322, 1.41421, -0.205692, 0, 0.079322, 0.079322, 0.079322, 0.079322, 0.079322, 0.079322, 0.079322, 0.079322, 0.079322, 0.079322, 0.079322, 0.079322, 0.079322, 0.079322, 0.079322, 0.079322, 0.079322, 0.0793255, 0.079322, 0.205689, 0.079322, 0.079322
19.3423, 0, 0.20247, 0.0789104, 1.41421, -0.20247, 0, 0.0789104, 0.0789104, 0.0789104, 0.0789104, 0.0789104, 0.0789104, 0.0789104, 0.0789104, 0.0789104, 0.0789104, 0.0789104, 0.0789104, 0.0789104, 0.0789104, 0.0789104, 0.0789104, 0.0789104, 0.0789138, 0.0789104, 0.202467, 0.0789104, 0.0789104
19.3502, 0, 0.199302, 0.0784997, 1.41421, -0.199302, 0, 0.0784997, 0.0784997, 0.0784997, 0.0784997, 0.0784997, 0.0784997, 0.0784997, 0.0784997, 0.0784997, 0.0784997, 0.0784997, 0.0784997, 0.0784997, 0.0784997, 0.0784997, 0.0784997, 0.0784997, 0.0785032, 0.0784997, 0.199298, 0.0784997, 0.0784997
19.358, 1, 0.196309, 0.0782145, 1.73205, 0.803691, 0, 0.0782145, 0.0782145, 0.0782145, 0.0782145, 0.0782145, 0.0782145, 0.0782145, 0.0782145, 0.0782145, 0.0782145, 0.0782145, 0.0782145, 0.0782145, 0.0782145, 0.0782145, 0.0782145, 0.0782145, 0.078218, 0.0782145, 0.196305, 0.0782145, 0.0782145
19.3659, 1.65989, 0.193312, 0.0778769, 1.91308, 1.46658, 0, 0.0778769, 0.0778769, 0.0778769, 0.0778769, 0.0778769, 0.0778769, 0.0778769, 0.0778769, 0.0778769, 0.0778769, 0.0778769, 0.0778769, 0.0778769, 0.0778769, 0.0778769, 0.0778769, 0.0778769, 0.0778804, 0.0778769, 0.193309, 0.0778769, 0.0778769
19.3738, 1.34011, 0.190317, 0.077491, 1.8276, 1.14979, 0, 0.077491, 0.077491, 0.077491, 0.077491, 0.077491, 0.077491, 0.077491, 0.077491, 0.077491, 0.077491, 0.077491, 0.077491, 0.077491, 0.077491, 0.077491, 0.077491, 0.077491, 0.0774945, 0.077491, 0.190313, 0.077491, 0.077491
19.3816, 0, 0.187344, 0.0770817, 1.41421, -0.187344, 0, 0.0770817, 0.0770817, 0.0770817, 0.0770817, 0.0770817, 0.0770817, 0.0770817, 0.0770817, 0.0770817, 0.0770817, 0.0770817, 0.0770817, 0.0770817, 0.0770817, 0.0770817, 0.0770817, 0.0770817, 0.0770852, 0.0770817, 0.187341, 0.0770817, 0.0770817
19.3895, 0, 0.184417, 0.0766734, 1.41421, -0.184417, 0, 0.0766734, 0.0766734, 0.0766734, 0.0766734, 0.0766734, 0.0766734, 0.0766734, 0.0766734, 0.0766734, 0.0766734, 0.0766734, 0.0766734, 0.0766734, 0.0766734, 0.0766734, 0.0766734, 0.0766734, 0.076677, 0.0766734, 0.184414, 0.0766734, 0.0766734
19.3974, 1, 0.181577, 0.0763066, 1.73205, 0.818423, 0, 0.0763066, 0.0763066, 0.0763066, 0.0763066, 0.0763066, 0.0763066, 0.0763066, 0.0763066, 0.0763066, 0.0763066, 0.0763066, 0.0763066, 0.0763066, 0.0763066, 0.0763066, 0.0763066, 0.0763066, 0.0763103, 0.0763066, 0.181574, 0.0763066, 0.0763066
19.4052, 0, 0.178733, 0.0758916, 1.41421, -0.178733, 0, 0.0758916, 0.0758916, 0.0758916, 0.0758916, 0.0758916, 0.0758916, 0.0758916, 0.0758916, 0.0758916, 0.0758916, 0.0758916, 0.0758916, 0.0758916, 0.0758916, 0.0758916, 0.0758916, 0.0758916, 0.0758953, 0.0758916, 0.178729, 0.0758916, 0.0758916
19.4131, 0, 0.175886, 0.0754318, 1.41421, -0.175886, 0, 0.0754318, 0.0754318, 0.0754318, 0.0754318, 0.0754318, 0.0754318, 0.0754318, 0.0754318, 0.0754318, 0.0754318, 0.0754318, 0.0754318, 0.0754318, 0.0754318, 0.0754318, 0.0754318, 0.0754318, 0.0754356, 0.0754318, 0.175882, 0.0754318, 0.0754318
19.421, 0, 0.173059, 0.0749504, 1.41421, -0.173059, 0, 0.0749504, 0.0749504, 0.0749504, 0.0749504, 0.0749504, 0.0749504, 0.0749504, 0.0749504, 0.0749504, 0.0749504, 0.0749504, 0.0749504, 0.0749504, 0.0749504, 0.0749504, 0.0749504, 0.0749504, 0.0749544, 0.0749504, 0.173055, 0.0749504, 0.0749504
19.4289, 0, 0.170275, 0.0744707, 1.41421, -0.170275, 0, 0.0744707, 0.0744707, 0.0744707, 0.0744707, 0.0744707, 0.0744707, 0.0744707, 0.0744707, 0.0744707, 0.0744707, 0.0744707, 0.0744707, 0.0744707, 0.0744707, 0.0744707, 0.0744707, 0.0744707, 0.0744747, 0.0744707, 0.170271, 0.0744707, 0.0744707
19.4367, 1.53148, 0.167566, 0.0740264, 1.87922, 1.36392, 0, 0.0740264, 0.0740264, 0.0740264, 0.0740264, 0.0740264, 0.0740264, 0.0740264, 0.0740264, 0.0740264, 0.0740264, 0.0740264, 0.0740264, 0.0740264, 0.0740264, 0.0740264, 0.0740264, 0.0740264, 0.0740307, 0.0740264, 0.167562, 0.0740264, 0.0740264
19.4446, 0.468518, 0.164873, 0.0735569, 1.57115, 0.303645, 0, 0.0735569, 0.0735569, 0.0735569, 0.0735569, 0.0735569, 0.0735569, 0.0735569, 0.0735569, 0.0735569, 0.0735569, 0.0735569, 0.0735569, 0.0735569, 0.0735569, 0.0735569, 0.0735569, 0.0735569, 0.0735614, 0.0735569, 0.164868, 0.0735569, 0.0735569
19.4525, 0, 0.162154, 0.0730237, 1.41421, -0.162154, 0, 0.0730237, 0.0730237, 0.0730237, 0.0730237, 0.0730237, 0.0730237, 0.0730237, 0.0730237, 0.0730237, 0.0730237, 0.0730237, 0.0730237, 0.0730237, 0.0730237, 0.0730237, 0.0730237, 0.0730237, 0.0730284, 0.0730237, 0.162149, 0.0730237, 0.0730237
19.4604, 0.524281, 0.159417, 0.072434, 1.5888, 0.364865, 0, 0.072434, 0.072434, 0.072434, 0.072434, 0.072434, 0.072434, 0.072434, 0.072434, 0.072434, 0.072434, 0.072434, 0.072434, 0.072434, 0.072434, 0.072434, 0.072434, 0.072434, 0.072439, 0.072434, 0.159412, 0.072434, 0.072434
19.4682, 0.475719, 0.156669, 0.0717946, 1.57344, 0.319049, 0, 0.0717946, 0.0717946, 0.0717946, 0.0717946, 0.0717946, 0.0717946, 0.0717946, 0.0717946, 0.0717946, 0.0717946, 0.0717946, 0.0717946, 0.0717946, 0.0717946, 0.0717946, 0.0717946, 0.0717946, 0.0718, 0.0717946, 0.156664, 0.0717946, 0.0717946
19.4761, 0, 0.153917, 0.0711139, 1.41421, -0.153917, 0, 0.0711139, 0.0711139, 0.0711139, 0.0711139, 0.0711139, 0.0711139, 0.0711139, 0.0711139, 0.0711139, 0.0711139, 0.0711139, 0.0711139, 0.0711139, 0.0711139, 0.0711139, 0.0711139, 0.0711139, 0.0711197, 0.0711139, 0.153912, 0.0711139, 0.0711139
19.484, 0, 0.151175, 0.0704053, 1.41421, -0.151175, 0, 0.0704053, 0.0704053, 0.0704053, 0.0704053, 0.0704053, 0.0704053, 0.0704053, 0.0704053, 0.0704053, 0.0704053, 0.0704053, 0.0704053, 0.0704053, 0.0704053, 0.0704053, 0.0704053, 0.0704053, 0.0704117, 0.0704053, 0.151168, 0.0704053, 0.0704053
19.4918, 0, 0.148422, 0.0696493, 1.41421, -0.148422, 0, 0.0696493, 0.0696493, 0.0696493, 0.0696493, 0.0696493, 0.0696493, 0.0696493, 0.0696493, 0.0696493, 0.0696493, 0.0696493, 0.0696493, 0.0696493, 0.0696493, 0.0696493, 0.0696493, 0.0696493, 0.0696564, 0.0696493, 0.148415, 0.0696493, 0.0696493
19.4997, 0, 0.145668, 0.0688545, 1.41421, -0.145668, 0, 0.0688545, 0.0688545, 0.0688545, 0.0688545, 0.0688545, 0.0688545, 0.0688545, 0.0688545, 0.0688545, 0.0688545, 0.0688545, 0.0688545, 0.0688545, 0.0688545, 0.0688545, 0.0688545, 0.0688545, 0.0688624, 0.0688545, 0.14566, 0.0688545, 0.0688545
19.5076, 0.509911, 0.142932, 0.068043, 1.58427, 0.366979, 0, 0.068043, 0.068043, 0.068043, 0.068043, 0.068043, 0.068043, 0.068043, 0.068043, 0.068043, 0.068043, 0.068043, 0.068043, 0.068043, 0.068043, 0.068043, 0.068043, 0.068043, 0.0680519, 0.068043, 0.142923, 0.068043, 0.068043
19.5154, 0.490089, 0.14018, 0.0671773, 1.578, 0.34991, 0, 0.0671773, 0.0671773, 0.0671773, 0.0671773, 0.0671773, 0.0671773, 0.0671773, 0.0671773, 0.0671773, 0.0671773, 0.0671773, 0.0671773, 0.0671773, 0.0671773, 0.0671773, 0.0671773, 0.0671773, 0.0671874, 0.0671773, 0.140169, 0.0671773, 0.0671773
19.5233, 0, 0.137396, 0.0662445, 1.41421, -0.137396, 0, 0.0662445, 0.0662445, 0.0662445, 0.0662445, 0.0662445, 0.0662445, 0.0662445, 0.0662445, 0.0662445, 0.0662445, 0.0662445, 0.0662445, 0.0662445, 0.0662445, 0.0662445, 0.0662445, 0.0662445, 0.066256, 0.0662445, 0.137384, 0.0662445, 0.0662445
19.5312, 0, 0.134581, 0.065244, 1.41421, -0.134581, 0, 0.065244, 0.065244, 0.065244, 0.065244, 0.065244, 0.065244, 0.065244, 0.065244, 0.065244, 0.065244, 0.065244, 0.065244, 0.065244, 0.065244, 0.065244, 0.065244, 0.065244, 0.0652572, 0.065244, 0.134567, 0.065244, 0.065244
19.5391, 0, 0.131753, 0.0641954, 1.41421, -0.131753, 0, 0.0641954, 0.0641954, 0.0641954, 0.0641954, 0.0641954, 0.0641954, 0.0641954, 0.0641954, 0.0641954, 0.0641954, 0.0641954, 0.0641954, 0.0641954, 0.0641954, 0.0641954, 0.0641954, 0.0641954, 0.0642106, 0.0641954, 0.131738, 0.0641954, 0.0641954
19.5469, 0, 0.128942, 0.0631276, 1.41421, -0.128942, 0, 0.0631276, 0.0631276, 0.0631276, 0.0631276, 0.0631276, 0.0631276, 0.0631276, 0.0631276, 0.0631276, 0.0631276, 0.0631276, 0.0631276, 0.0631276, 0.0631276, 0.0631276, 0.0631276, 0.0631276, 0.0631452, 0.0631276, 0.128925, 0.0631276, 0.0631276
19.5548, 0, 0.126177, 0.0620687, 1.41421, -0.126177, 0, 0.0620687, 0.0620687, 0.0620687, 0.0620687, 0.0620687, 0.0620687, 0.0620687, 0.0620687, 0.0620687, 0.0620687, 0.0620687, 0.0620687, 0.0620687, 0.0620687, 0.0620687, 0.0620687, 0.0620687, 0.0620892, 0.0620687, 0.126156, 0.0620687, 0.0620687
19.5627, 0, 0.1237, 0.0612626, 1.41421, -0.1237, 0, 0.0612626, 0.0612626, 0.0612626, 0.0612626, 0.0612626, 0.0612626, 0.0612626, 0.0612626, 0.0612626, 0.0612626, 0.0612626, 0.0612626, 0.0612626, 0.0612626, 0.0612626, 0.0612626, 0.0612626, 0.0612865, 0.0612626, 0.123676, 0.0612626, 0.0612626
19.5705, 1, 0.121127, 0.0603251, 1.73205, 0.878873, 0, 0.0603251, 0.0603251, 0.0603251, 0.0603251, 0.0603251, 0.0603251, 0.0603251, 0.0603251, 0.0603251, 0.0603251, 0.0603251, 0.0603251, 0.0603251, 0.0603251, 0.0603251, 0.0603251, 0.0603251, 0.060353, 0.0603251, 0.121099, 0.0603251, 0.0603251
19.5784, 1, 0.118484, 0.0592808, 1.73205, 0.881516, 0, 0.0592808, 0.0592808, 0.0592808, 0.0592808, 0.0592808, 0.0592808, 0.0592808, 0.0592808, 0.0592808, 0.0592808, 0.0592808, 0.0592808, 0.0592808, 0.0592808, 0.0592808, 0.0592808, 0.0592808, 0.0593136, 0.0592808, 0.118451, 0.0592808, 0.0592808
19.5863, 1, 0.115829, 0.0581892, 1.73205, 0.884171, 0, 0.0581892, 0.0581892, 0.0581892, 0.0581892, 0.0581892, 0.0581892, 0.0581892, 0.0581892, 0.0581892, 0.0581892, 0.0581892, 0.0581892, 0.0581892, 0.0581892, 0.0581892, 0.0581892, 0.0581892, 0.0582278, 0.0581892, 0.115791, 0.0581892, 0.0581892
19.5942, 0.483647, 0.113221, 0.0571078, 1.57596, 0.370426, 0, 0.0571078, 0.0571078, 0.0571078, 0.0571078, 0.0571078, 0.0571078, 0.0571078, 0.0571078, 0.0571078, 0.0571078, 0.0571078, 0.0571078, 0.0571078, 0.0571078, 0.0571078, 0.0571078, 0.0571078, 0.0571532, 0.0571078, 0.113175, 0.0571078, 0.0571078
19.602, 1.51635, 0.111024, 0.0564015, 1.87519, 1.40533, 0, 0.0564015, 0.0564015, 0.0564015, 0.0564015, 0.0564015, 0.0564015, 0.0564015, 0.0564015, 0.0564015, 0.0564015, 0.0564015, 0.0564015, 0.0564015, 0.0564015, 0.0564015, 0.0564015, 0.0564015, 0.0564553, 0.0564015, 0.11097, 0.0564015, 0.0564015
19.6099, 0.478692, 0.108686, 0.0555177, 1.57439, 0.370005, 0, 0.0555177, 0.0555177, 0.0555177, 0.0555177, 0.0555177, 0.0555177, 0.0555177, 0.0555177, 0.0555177, 0.0555177, 0.0555177, 0.0555177, 0.0555177, 0.0555177, 0.0555177, 0.0555177, 0.0555177, 0.0555814, 0.0555177, 0.108623, 0.0555177, 0.0555177
19.6178, 0.521308, 0.106238, 0.0544863, 1.58786, 0.41507, 0, 0.0544863, 0.0544863, 0.0544863, 0.0544863, 0.0544863, 0.0544863, 0.0544863, 0.0544863, 0.0544863, 0.0544863, 0.0544863, 0.0544863, 0.0544863, 0.0544863, 0.0544863, 0.0544863, 0.0544863, 0.0545621, 0.0544863, 0.106162, 0.0544863, 0.0544863
19.6256, 1.47374, 0.103761, 0.0533882, 1.8638, 1.36998, 0, 0.0533882, 0.0533882, 0.0533882, 0.0533882, 0.0533882, 0.0533882, 0.0533882, 0.0533882, 0.0533882, 0.0533882, 0.0533882, 0.0533882, 0.0533882, 0.0533882, 0.0533882, 0.0533882, 0.0533882, 0.0534785, 0.0533882, 0.103671, 0.0533882, 0.0533882
19.6335, 0.526264, 0.101333, 0.0523011, 1.58942, 0.424931, 0, 0.0523011, 0.0523011, 0.0523011, 0.0523011, 0.0523011, 0.0523011, 0.0523011, 0.0523011, 0.0523011, 0.0523011, 0.0523011, 0.0523011, 0.0523011, 0.0523011, 0.0523011, 0.0523011, 0.0523011, 0.0524092, 0.0523011, 0.101225, 0.0523011, 0.0523011
19.6414, 0, 0.0994133, 0.0516846, 1.41421, -0.0994133, 0, 0.0516846, 0.0516846, 0.0516846, 0.0516846, 0.0516846, 0.0516846, 0.0516846, 0.0516846, 0.0516846, 0.0516846, 0.0516846, 0.0516846, 0.0516846, 0.0516846, 0.0516846, 0.0516846, 0.0516846, 0.0518144, 0.0516846, 0.0992835, 0.0516846, 0.0516846
19.6493, 0, 0.0973238, 0.0508579, 1.41421, -0.0973238, 0, 0.0508579, 0.0508579, 0.0508579, 0.0508579, 0.0508579, 0.0508579, 0.0508579, 0.0508579, 0.0508579, 0.0508579, 0.0508579, 0.0508579, 0.0508579, 0.0508579, 0.0508579, 0.0508579, 0.0508579, 0.0510142, 0.0508579, 0.0971675, 0.0508579, 0.0508579
19.6571, 0, 0.0951008, 0.0498564, 1.41421, -0.0951008, 0, 0.0498564, 0.0498564, 0.0498564, 0.0498564, 0.0498564, 0.0498564, 0.0498564, 0.0498564, 0.0498564, 0.0498564, 0.0498564, 0.0498564, 0.0498564, 0.0498564, 0.0498564, 0.0498564, 0.0498564, 0.0500452, 0.0498564, 0.094912, 0.0498564, 0.0498564
19.665, 0, 0.0928396, 0.0487752, 1.41421, -0.0928396, 0, 0.0487752, 0.0487752, 0.0487752, 0.0487752, 0.0487752, 0.0487752, 0.0487752, 0.0487752, 0.0487752, 0.0487752, 0.0487752, 0.0487752, 0.0487752, 0.0487752, 0.0487752, 0.0487752, 0.0487752, 0.049004, 0.0487752, 0.0926109, 0.0487752, 0.0487752
19.6729, 0, 0.0906345, 0.0477058, 1.41421, -0.0906345, 0, 0.0477058, 0.0477058, 0.0477058, 0.0477058, 0.0477058, 0.0477058, 0.0477058, 0.0477058, 0.0477058, 0.0477058, 0.0477058, 0.0477058, 0.0477058, 0.0477058, 0.0477058, 0.0477058, 0.0477058, 0.0479837, 0.0477058, 0.0903566, 0.0477058, 0.0477058
19.6807, 0, 0.0889947, 0.0471556, 1.41421, -0.0889947, 0, 0.0471556, 0.0471556, 0.0471556, 0.0471556, 0.0471556, 0.0471556, 0.0471556, 0.0471556, 0.0471556, 0.0471556, 0.0471556, 0.0471556, 0.0471556, 0.0471556, 0.0471556, 0.0471556, 0.0471556, 0.0474938, 0.0471556, 0.0886564, 0.0471556, 0.0471556
19.6886, 0, 0.0871706, 0.0463728, 1.41421, -0.0871706, 0, 0.0463728, 0.0463728, 0.0463728, 0.0463728, 0.0463728, 0.0463728, 0.0463728, 0.0463728, 0.0463728, 0.0463728, 0.0463728, 0.0463728, 0.0463728, 0.0463728, 0.0463728, 0.0463728, 0.0463728, 0.0467852, 0.0463728, 0.0867582, 0.0463728, 0.0463728
19.6965, 0, 0.0852032, 0.0453953, 1.41421, -0.0852032, 0, 0.0453953, 0.0453953, 0.0453953, 0.0453953, 0.0453953, 0.0453953, 0.0453953, 0.0453953, 0.0453953, 0.0453953, 0.0453953, 0.0453953, 0.0453953, 0.0453953, 0.0453953, 0.0453953, 0.0453953, 0.0458987, 0.0453953, 0.0846998, 0.0453953, 0.0453953
19.7044, 0, 0.0832017, 0.0443288, 1.41421, -0.0832017, 0, 0.0443288, 0.0443288, 0.0443288, 0.0443288, 0.0443288, 0.0443288, 0.0443288, 0.0443288, 0.0443288, 0.0443288, 0.0443288, 0.0443288, 0.0443288, 0.0443288, 0.0443288, 0.0443288, 0.0443288, 0.0449437, 0.0443288, 0.0825868, 0.0443288, 0.0443288
19.7122, 0, 0.0812716, 0.043275, 1.41421, -0.0812716, 0, 0.043275, 0.043275, 0.043275, 0.043275, 0.043275, 0.043275, 0.043275, 0.043275, 0.043275, 0.043275, 0.043275, 0.043275, 0.043275, 0.043275, 0.043275, 0.043275, 0.043275, 0.0440262, 0.043275, 0.0805203, 0.043275, 0.043275
19.7201, 1.44472, 0.0799749, 0.0427904, 1.856, 1.36475, 0, 0.0427904, 0.0427904, 0.0427904, 0.0427904, 0.0427904, 0.0427904, 0.0427904, 0.0427904, 0.0427904, 0.0427904, 0.0427904, 0.0427904, 0.0427904, 0.0427904, 0.0427904, 0.0427904, 0.0427904, 0.0437077, 0.0427904, 0.0790575, 0.0427904, 0.0427904
19.728, 0.55528, 0.0784998, 0.0420582, 1.59852, 0.47678, 0, 0.0420582, 0.0420582, 0.0420582, 0.0420582, 0.0420582, 0.0420582, 0.0420582, 0.0420582, 0.0420582, 0.0420582, 0.0420582, 0.0420582, 0.0420582, 0.0420582, 0.0420582, 0.0420582, 0.0420582, 0.0431775, 0.0420582, 0.0773805, 0.0420582, 0.0420582
19.7358, 0, 0.0768921, 0.0411179, 1.41421, -0.0768921, 0, 0.0411179, 0.0411179, 0.0411179, 0.0411179, 0.0411179, 0.0411179, 0.0411179, 0.0411179, 0.0411179, 0.0411179, 0.0411179, 0.0411179, 0.0411179, 0.0411179, 0.0411179, 0.0411179, 0.0411179, 0.0424818, 0.0411179, 0.0755282, 0.0411179, 0.0411179
19.7437, 0.437423, 0.0752726, 0.0400824, 1.56122, 0.36215, 0, 0.0400824, 0.0400824, 0.0400824, 0.0400824, 0.0400824, 0.0400824, 0.0400824, 0.0400824, 0.0400824, 0.0400824, 0.0400824, 0.0400824, 0.0400824, 0.0400824, 0.0400824, 0.0400824, 0.0400824, 0.0417413, 0.0400824, 0.0736136, 0.0400824, 0.0400824
19.7516, 0.562577, 0.0737579, 0.03906, 1.60081, 0.488819, 0, 0.03906, 0.03906, 0.03906, 0.03906, 0.03906, 0.03906, 0.03906, 0.03906, 0.03906, 0.03906, 0.03906, 0.03906, 0.03906, 0.03906, 0.03906, 0.03906, 0.03906, 0.0410734, 0.03906, 0.0717446, 0.03906, 0.03906
19.7595, 0, 0.072928, 0.0386215, 1.41421, -0.072928, 0, 0.0386215, 0.0386215, 0.0386215, 0.0386215, 0.0386215, 0.0386215, 0.0386215, 0.0386215, 0.0386215, 0.0386215, 0.0386215, 0.0386215, 0.0386215, 0.0386215, 0.0386215, 0.0386215, 0.0386215, 0.0410589, 0.0386215, 0.0704905, 0.0386215, 0.0386215
19.7673, 0, 0.0719538, 0.0379269, 1.41421, -0.0719538, 0, 0.0379269, 0.0379269, 0.0379269, 0.0379269, 0.0379269, 0.0379269, 0.0379269, 0.0379269, 0.0379269, 0.0379269, 0.0379269, 0.0379269, 0.0379269, 0.0379269, 0.0379269, 0.0379269, 0.0379269, 0.0408694, 0.0379269, 0.0690114, 0.0379269, 0.0379269
19.7752, 0.427863, 0.070888, 0.0370169, 1.55816, 0.356975, 0, 0.0370169, 0.0370169, 0.0370169, 0.0370169, 0.0370169, 0.0370169, 0.0370169, 0.0370169, 0.0370169, 0.0370169, 0.0370169, 0.0370169, 0.0370169, 0.0370169, 0.0370169, 0.0370169, 0.0370169, 0.040558, 0.0370169, 0.0673469, 0.0370169, 0.0370169
19.7831, 0.572137, 0.0698607, 0.0360088, 1.60379, 0.502276, 0, 0.0360088, 0.0360088, 0.0360088, 0.0360088, 0.0360088, 0.0360088, 0.0360088, 0.0360088, 0.0360088, 0.0360088, 0.0360088, 0.0360088, 0.0360088, 0.0360088, 0.0360088, 0.0360088, 0.0360088, 0.040256, 0.0360088, 0.0656134, 0.0360088, 0.0360088
19.7909, 0, 0.0689984, 0.0350145, 1.41421, -0.0689984, 0, 0.0350145, 0.0350145, 0.0350145, 0.0350145, 0.0350145, 0.0350145, 0.0350145, 0.0350145, 0.0350145, 0.0350145, 0.0350145, 0.0350145, 0.0350145, 0.0350145, 0.0350145, 0.0350145, 0.0350145, 0.0400908, 0.0350145, 0.0639221, 0.0350145, 0.0350145
19.7988, 0, 0.0689072, 0.0346248, 1.41421, -0.0689072, 0, 0.0346248, 0.0346248, 0.0346248, 0.0346248, 0.0346248, 0.0346248, 0.0346248, 0.0346248, 0.0346248, 0.0346248, 0.0346248, 0.0346248, 0.0346248, 0.0346248, 0.0346248, 0.0346248, 0.0346248, 0.0406696, 0.0346248, 0.0628625, 0.0346248, 0.0346248
19.8067, 0.418443, 0.0687401, 0.0339759, 1.55513, 0.349703, 0, 0.0339759, 0.0339759, 0.0339759, 0.0339759, 0.0339759, 0.0339759, 0.0339759, 0.0339759, 0.0339759, 0.0339759, 0.0339759, 0.0339759, 0.0339759, 0.0339759, 0.0339759, 0.0339759, 0.0339759, 0.041146, 0.0339759, 0.0615701, 0.0339759, 0.0339759
19.8146, 0.581557, 0.0685555, 0.0331087, 1.60672, 0.513001, 0, 0.0331087, 0.0331087, 0.0331087, 0.0331087, 0.0331087, 0.0331087, 0.0331087, 0.0331087, 0.0331087, 0.0331087, 0.0331087, 0.0331087, 0.0331087, 0.0331087, 0.0331087, 0.0331087, 0.0331087, 0.0415795, 0.0331087, 0.0600847, 0.0331087, 0.0331087
19.8224, 0, 0.0684915, 0.0321423, 1.41421, -0.0684915, 0, 0.0321423, 0.0321423, 0.0321423, 0.0321423, 0.0321423, 0.0321423, 0.0321423, 0.0321423, 0.0321423, 0.0321423, 0.0321423, 0.0321423, 0.0321423, 0.0321423, 0.0321423, 0.0321423, 0.0321423, 0.0421099, 0.0321423, 0.0585239, 0.0321423, 0.0321423
19.8303, 0, 0.0686805, 0.0311901, 1.41421, -0.0686805, 0, 0.0311901, 0.0311901, 0.0311901, 0.0311901, 0.0311901, 0.0311901, 0.0311901, 0.0311901, 0.0311901, 0.0311901, 0.0311901, 0.0311901, 0.0311901, 0.0311901, 0.0311901, 0.0311901, 0.0311901, 0.0428702, 0.0311901, 0.0570005, 0.0311901, 0.0311901
19.8382, 0, 0.0697193, 0.0308293, 1.41421, -0.0697193, 0, 0.0308293, 0.0308293, 0.0308293, 0.0308293, 0.0308293, 0.0308293, 0.0308293, 0.0308293, 0.0308293, 0.0308293, 0.0308293, 0.0308293, 0.0308293, 0.0308293, 0.0308293, 0.0308293, 0.0308293, 0.0444585, 0.0308293, 0.0560901, 0.0308293, 0.0308293
19.846, 0, 0.0707812, 0.0302129, 1.41421, -0.0707812, 0, 0.0302129, 0.0302129, 0.0302129, 0.0302129, 0.0302129, 0.0302129, 0.0302129, 0.0302129, 0.0302129, 0.0302129, 0.0302129, 0.0302129, 0.0302129, 0.0302129, 0.0302129, 0.0302129, 0.0302129, 0.0460493, 0.0302129, 0.0549449, 0.0302129, 0.0302129
19.8539, 0, 0.0719271, 0.0293821, 1.41421, -0.0719271, 0, 0.0293821, 0.0293821, 0.0293821, 0.0293821, 0.0293821, 0.0293821, 0.0293821, 0.0293821, 0.0293821, 0.0293821, 0.0293821, 0.0293821, 0.0293821, 0.0293821, 0.0293821, 0.0293821, 0.0293821, 0.0477046, 0.0293821, 0.0536047, 0.0293821, 0.0293821
19.8618, 0, 0.0732942, 0.0284544, 1.41421, -0.0732942, 0, 0.0284544, 0.0284544, 0.0284544, 0.0284544, 0.0284544, 0.0284544, 0.0284544, 0.0284544, 0.0284544, 0.0284544, 0.0284544, 0.0284544, 0.0284544, 0.0284544, 0.0284544, 0.0284544, 0.0284544, 0.0495626, 0.0284544, 0.0521859, 0.0284544, 0.0284544
19.8697, 0, 0.0750135, 0.0275415, 1.41421, -0.0750135, 0, 0.0275415, 0.0275415, 0.0275415, 0.0275415, 0.0275415, 0.0275415, 0.0275415, 0.0275415, 0.0275415, 0.0275415, 0.0275415, 0.0275415, 0.0275415, 0.0275415, 0.0275415, 0.0275415, 0.0275415, 0.0517558, 0.0275415, 0.0507992, 0.0275415, 0.0275415
19.8775, 0, 0.0776744, 0.0272173, 1.41421, -0.0776744, 0, 0.0272173, 0.0272173, 0.0272173, 0.0272173, 0.0272173, 0.0272173, 0.0272173, 0.0272173, 0.0272173, 0.0272173, 0.0272173, 0.0272173, 0.0272173, 0.0272173, 0.0272173, 0.0272173, 0.0272173, 0.054874, 0.0272173, 0.0500177, 0.0272173, 0.0272173
19.8854, 1, 0.0804566, 0.0266435, 1.73205, 0.919543, 0, 0.0266435, 0.0266435, 0.0266435, 0.0266435, 0.0266435, 0.0266435, 0.0266435, 0.0266435, 0.0266435, 0.0266435, 0.0266435, 0.0266435, 0.0266435, 0.0266435, 0.0266435, 0.0266435, 0.0266435, 0.0580985, 0.0266435, 0.0490016, 0.0266435, 0.0266435
19.8933, 0, 0.0834142, 0.0258601, 1.41421, -0.0834142, 0, 0.0258601, 0.0258601, 0.0258601, 0.0258601, 0.0258601, 0.0258601, 0.0258601, 0.0258601, 0.0258601, 0.0258601, 0.0258601, 0.0258601, 0.0258601, 0.0258601, 0.0258601, 0.0258601, 0.0258601, 0.0614843, 0.0258601, 0.04779, 0.0258601, 0.0258601
19.9011, 0, 0.0866724, 0.0249823, 1.41421, -0.0866724, 0, 0.0249823, 0.0249823, 0.0249823, 0.0249823, 0.0249823, 0.0249823, 0.0249823, 0.0249823, 0.0249823, 0.0249823, 0.0249823, 0.0249823, 0.0249823, 0.0249823, 0.0249823, 0.0249823, 0.0249823, 0.0651572, 0.0249823, 0.0464975, 0.0249823, 0.0249823
19.909, 1.38696, 0.0903491, 0.0241197, 1.84037, 1.29661, 0, 0.0241197, 0.0241197, 0.0241197, 0.0241197, 0.0241197, 0.0241197, 0.0241197, 0.0241197, 0.0241197, 0.0241197, 0.0241197, 0.0241197, 0.0241197, 0.0241197, 0.0241197, 0.0241197, 0.0241197, 0.0692361, 0.0241197, 0.0452328, 0.0241197, 0.0241197
19.9169, 0.613039, 0.0949935, 0.0238122, 1.61649, 0.518046, 0, 0.0238122, 0.0238122, 0.0238122, 0.0238122, 0.0238122, 0.0238122, 0.0238122, 0.0238122, 0.0238122, 0.0238122, 0.0238122, 0.0238122, 0.0238122, 0.0238122, 0.0238122, 0.0238122, 0.0238122, 0.074271, 0.0238122, 0.0445346, 0.0238122, 0.0238122
19.9248, 0, 0.0998131, 0.0232686, 1.41421, -0.0998131, 0, 0.0232686, 0.0232686, 0.0232686, 0.0232686, 0.0232686, 0.0232686, 0.0232686, 0.0232686, 0.0232686, 0.0232686, 0.0232686, 0.0232686, 0.0232686, 0.0232686, 0.0232686, 0.0232686, 0.0232686, 0.0794702, 0.0232686, 0.0436116, 0.0232686, 0.0232686
19.9326, 0, 0.104846, 0.0225272, 1.41421, -0.104846, 0, 0.0225272, 0.0225272, 0.0225272, 0.0225272, 0.0225272, 0.0225272, 0.0225272, 0.0225272, 0.0225272, 0.0225272, 0.0225272, 0.0225272, 0.0225272, 0.0225272, 0.0225272, 0.0225272, 0.0225272, 0.0848722, 0.0225272, 0.042501, 0.0225272, 0.0225272
19.9405, 0, 0.110196, 0.0216977, 1.41421, -0.110196, 0, 0.0216977, 0.0216977, 0.0216977, 0.0216977, 0.0216977, 0.0216977, 0.0216977, 0.0216977, 0.0216977, 0.0216977, 0.0216977, 0.0216977, 0.0216977, 0.0216977, 0.0216977, 0.0216977, 0.0216977, 0.090582, 0.0216977, 0.0413122, 0.0216977, 0.0216977
19.9484, 0, 0.115959, 0.0208838, 1.41421, -0.115959, 0, 0.0208838, 0.0208838, 0.0208838, 0.0208838, 0.0208838, 0.0208838, 0.0208838, 0.0208838, 0.0208838, 0.0208838, 0.0208838, 0.0208838, 0.0208838, 0.0208838, 0.0208838, 0.0208838, 0.0208838, 0.0966944, 0.0208838, 0.0401483, 0.0208838, 0.0208838
19.9562, 0, 0.122634, 0.0205998, 1.41421, -0.122634, 0, 0.0205998, 0.0205998, 0.0205998, 0.0205998, 0.0205998, 0.0205998, 0.0205998, 0.0205998, 0.0205998, 0.0205998, 0.0205998, 0.0205998, 0.0205998, 0.0205998, 0.0205998, 0.0205998, 0.0205998, 0.103711, 0.0205998, 0.0395233, 0.0205998, 0.0205998
19.9641, 0, 0.129456, 0.0200958, 1.41421, -0.129456, 0, 0.0200958, 0.0200958, 0.0200958, 0.0200958, 0.0200958, 0.0200958, 0.0200958, 0.0200958, 0.0200958, 0.0200958, 0.0200958, 0.0200958, 0.0200958, 0.0200958, 0.0200958, 0.0200958, 0.0200958, 0.110865, 0.0200958, 0.0386867, 0.0200958, 0.0200958
19.972, 0, 0.136433, 0.0194067, 1.41421, -0.136433, 0, 0.0194067, 0.0194067, 0.0194067, 0.0194067, 0.0194067, 0.0194067, 0.0194067, 0.0194067, 0.0194067, 0.0194067, 0.0194067, 0.0194067, 0.0194067, 0.0194067, 0.0194067, 0.0194067, 0.0194067, 0.118166, 0.0194067, 0.0376735, 0.0194067, 0.0194067
19.9799, 0, 0.143648, 0.018636, 1.41421, -0.143648, 0, 0.018636, 0.018636, 0.018636, 0.018636, 0.018636, 0.018636, 0.018636, 0.018636, 0.018636, 0.018636, 0.018636, 0.018636, 0.018636, 0.018636, 0.018636, 0.018636, 0.018636, 0.125697, 0.018636, 0.0365867, 0.018636, 0.018636
19.9877, 0.362735, 0.151168, 0.0178808, 1.53712, 0.211567, 0, 0.0178808, 0.0178808, 0.0178808, 0.0178808, 0.0178808, 0.0178808, 0.0178808, 0.0178808, 0.0178808, 0.0178808, 0.0178808, 0.0178808, 0.0178808, 0.0178808, 0.0178808, 0.0178808, 0.0178808, 0.133525, 0.0178808, 0.0355234, 0.0178808, 0.0178808
19.9956, 0.637265, 0.159422, 0.0176071, 1.62397, 0.477843, 0, 0.0176071, 0.0176071, 0.0176071, 0.0176071, 0.0176071, 0.0176071, 0.0176071, 0.0176071, 0.0176071, 0.0176071, 0.0176071, 0.0176071, 0.0176071, 0.0176071, 0.0176071, 0.0176071, 0.0176071, 0.14208, 0.0176071, 0.0349494, 0.0176071, 0.0176071
20.0035, 0, 0.167691, 0.0171332, 1.41421, -0.167691, 0, 0.0171332, 0.0171332, 0.0171332, 0.0171332, 0.0171332, 0.0171332, 0.0171332, 0.0171332, 0.0171332, 0.0171332, 0.0171332, 0.0171332, 0.0171332, 0.0171332, 0.0171332, 0.0171332, 0.0171332, 0.150641, 0.0171332, 0.0341833, 0.0171332, 0.0171332
20.0113, 1.35548, 0.175975, 0.0164912, 1.8318, 1.1795, 0, 0.0164912, 0.0164912, 0.0164912, 0.0164912, 0.0164912, 0.0164912, 0.0164912, 0.0164912, 0.0164912, 0.0164912, 0.0164912, 0.0164912, 0.0164912, 0.0164912, 0.0164912, 0.0164912, 0.0164912, 0.159209, 0.0164912, 0.0332568, 0.0164912, 0.0164912
20.0192, 0.644522, 0.184317, 0.0157762, 1.6262, 0.460205, 0, 0.0157762, 0.0157762, 0.0157762, 0.0157762, 0.0157762, 0.0157762, 0.0157762, 0.0157762, 0.0157762, 0.0157762, 0.0157762, 0.0157762, 0.0157762, 0.0157762, 0.0157762, 0.0157762, 0.0157762, 0.167828, 0.0157762, 0.0322654, 0.0157762, 0.0157762
20.0271, 0, 0.192763, 0.0150771, 1.41421, -0.192763, 0, 0.0150771, 0.0150771, 0.0150771, 0.0150771, 0.0150771, 0.0150771, 0.0150771, 0.0150771, 0.0150771, 0.0150771, 0.0150771, 0.0150771, 0.0150771, 0.0150771, 0.0150771, 0.0150771, 0.0150771, 0.176542, 0.0150771, 0.031298, 0.0150771, 0.0150771
20.035, 0.348365, 0.201694, 0.0148226, 1.53244, 0.14667, 0, 0.0148226, 0.0148226, 0.0148226, 0.0148226, 0.0148226, 0.0148226, 0.0148226, 0.0148226, 0.0148226, 0.0148226, 0.0148226, 0.0148226, 0.0148226, 0.0148226, 0.0148226, 0.0148226, 0.0148226, 0.185733, 0.0148226, 0.0307837, 0.0148226, 0.0148226
20.0428, 0.651635, 0.210434, 0.0143874, 1.62838, 0.441202, 0, 0.0143874, 0.0143874, 0.0143874, 0.0143874, 0.0143874, 0.0143874, 0.0143874, 0.0143874, 0.0143874, 0.0143874, 0.0143874, 0.0143874, 0.0143874, 0.0143874, 0.0143874, 0.0143874, 0.0143874, 0.194724, 0.0143874, 0.0300973, 0.0143874, 0.0143874
20.0507, 0, 0.21896, 0.0138004, 1.41421, -0.21896, 0, 0.0138004, 0.0138004, 0.0138004, 0.0138004, 0.0138004, 0.0138004, 0.0138004, 0.0138004, 0.0138004, 0.0138004, 0.0138004, 0.0138004, 0.0138004, 0.0138004, 0.0138004, 0.0138004, 0.0138004, 0.203492, 0.0138004, 0.0292678, 0.0138004, 0.0138004
20.0586, 0, 0.2273, 0.0131484, 1.41421, -0.2273, 0, 0.0131484, 0.0131484, 0.0131484, 0.0131484, 0.0131484, 0.0131484, 0.0131484, 0.0131484, 0.0131484, 0.0131484, 0.0131484, 0.0131484, 0.0131484, 0.0131484, 0.0131484, 0.0131484, 0.0131484, 0.212066, 0.0131484, 0.0283827, 0.0131484, 0.0131484
20.0664, 0, 0.235478, 0.0125122, 1.41421, -0.235478, 0, 0.0125122, 0.0125122, 0.0125122, 0.0125122, 0.0125122, 0.0125122, 0.0125122, 0.0125122, 0.0125122, 0.0125122, 0.0125122, 0.0125122, 0.0125122, 0.0125122, 0.0125122, 0.0125122, 0.0125122, 0.220468, 0.0125122, 0.0275229, 0.0125122, 0.0125122
20.0743, 0, 0.243821, 0.012269, 1.41421, -0.243821, 0, 0.012269, 0.012269, 0.012269, 0.012269, 0.012269, 0.012269, 0.012269, 0.012269, 0.012269, 0.012269, 0.012269, 0.012269, 0.012269, 0.012269, 0.012269, 0.012269, 0.012269, 0.229024, 0.012269, 0.0270659, 0.012269, 0.012269
20.0822, 0, 0.251711, 0.0118663, 1.41421, -0.251711, 0, 0.0118663, 0.0118663, 0.0118663, 0.0118663, 0.0118663, 0.0118663, 0.0118663, 0.0118663, 0.0118663, 0.0118663, 0.0118663, 0.0118663, 0.0118663, 0.0118663, 0.0118663, 0.0118663, 0.0118663, 0.237117, 0.0118663, 0.0264598, 0.0118663, 0.0118663
20.0901, 0.331516, 0.259115, 0.01133, 1.52693, 0.0724014, 0, 0.01133, 0.01133, 0.01133, 0.01133, 0.01133, 0.01133, 0.01133, 0.01133, 0.01133, 0.01133, 0.01133, 0.01133, 0.01133, 0.01133, 0.01133, 0.01133, 0.01133, 0.244714, 0.01133, 0.0257308, 0.01133, 0.01133
20.0979, 0.668484, 0.266051, 0.0107379, 1.63355, 0.402432, 0, 0.0107379, 0.0107379, 0.0107379, 0.0107379, 0.0107379, 0.0107379, 0.0107379, 0.0107379, 0.0107379, 0.0107379, 0.0107379, 0.0107379, 0.0107379, 0.0107379, 0.0107379, 0.0107379, 0.0107379, 0.251832, 0.0107379, 0.024957, 0.0107379, 0.0107379
20.1058, 0, 0.272531, 0.0101617, 1.41421, -0.272531, 0, 0.0101617, 0.0101617, 0.0101617, 0.0101617, 0.0101617, 0.0101617, 0.0101617, 0.0101617, 0.0101617, 0.0101617, 0.0101617, 0.0101617, 0.0101617, 0.0101617, 0.0101617, 0.0101617, 0.0101617, 0.258482, 0.0101617, 0.0242107, 0.0101617, 0.0101617
20.1137, 0, 0.27883, 0.00993736, 1.41421, -0.27883, 0, 0.00993736, 0.00993736, 0.00993736, 0.00993736, 0.00993736, 0.00993736, 0.00993736, 0.00993736, 0.00993736, 0.00993736, 0.00993736, 0.00993736, 0.00993736, 0.00993736, 0.00993736, 0.00993736, 0.00993736, 0.264939, 0.00993736, 0.0238283, 0.00993736, 0.00993736
20.1215, 0, 0.2844, 0.00957391, 1.41421, -0.2844, 0, 0.00957391, 0.00957391, 0.00957391, 0.00957391, 0.00957391, 0.00957391, 0.00957391, 0.00957391, 0.00957391, 0.00957391, 0.00957391, 0.00957391, 0.00957391, 0.00957391, 0.00957391, 0.00957391, 0.00957391, 0.270655, 0.00957391, 0.0233191, 0.00957391, 0.00957391
20.1294, 0, 0.289203, 0.00909406, 1.41421, -0.289203, 0, 0.00909406, 0.00909406, 0.00909406, 0.00909406, 0.00909406, 0.00909406, 0.00909406, 0.00909406, 0.00909406, 0.00909406, 0.00909406, 0.00909406, 0.00909406, 0.00909406, 0.00909406, 0.00909406, 0.00909406, 0.27559, 0.00909406, 0.0227063, 0.00909406, 0.00909406
20.1373, 0.317146, 0.293256, 0.00856687, 1.52222, 0.02389, 0, 0.00856687, 0.00856687, 0.00856687, 0.00856687, 0.00856687, 0.00856687, 0.00856687, 0.00856687, 0.00856687, 0.00856687, 0.00856687, 0.00856687, 0.00856687, 0.00856687, 0.00856687, 0.00856687, 0.00856687, 0.279763, 0.00856687, 0.0220594, 0.00856687, 0.00856687
20.1452, 0.682854, 0.296571, 0.00805543, 1.63794, 0.386284, 0, 0.00805543, 0.00805543, 0.00805543, 0.00805543, 0.00805543, 0.00805543, 0.00805543, 0.00805543, 0.00805543, 0.00805543, 0.00805543, 0.00805543, 0.00805543, 0.00805543, 0.00805543, 0.00805543, 0.00805543, 0.283184, 0.00805543, 0.0214417, 0.00805543, 0.00805543
20.153, 0, 0.299384, 0.00784558, 1.41421, -0.299384, 0, 0.00784558, 0.00784558, 0.00784558, 0.00784558, 0.00784558, 0.00784558, 0.00784558, 0.00784558, 0.00784558, 0.00784558, 0.00784558, 0.00784558, 0.00784558, 0.00784558, 0.00784558, 0.00784558, 0.00784558, 0.286091, 0.00784558, 0.0211395, 0.00784558, 0.00784558
20.1609, 0, 0.301236, 0.00751758, 1.41421, -0.301236, 0, 0.00751758, 0.00751758, 0.00751758, 0.00751758, 0.00751758, 0.00751758, 0.00751758, 0.00751758, 0.00751758, 0.00751758, 0.00751758, 0.00751758, 0.00751758, 0.00751758, 0.00751758, 0.00751758, 0.00751758, 0.28802, 0.00751758, 0.0207334, 0.00751758, 0.00751758
20.1688, 0, 0.30211, 0.00709138, 1.41421, -0.30211, 0, 0.00709138, 0.00709138, 0.00709138, 0.00709138, 0.00709138, 0.00709138, 0.00709138, 0.00709138, 0.00709138, 0.00709138, 0.00709138, 0.00709138, 0.00709138, 0.00709138, 0.00709138, 0.00709138, 0.00709138, 0.288957, 0.00709138, 0.0202436, 0.00709138, 0.00709138
20.1766, 0, 0.302036, 0.00662686, 1.41421, -0.302036, 0, 0.00662686, 0.00662686, 0.00662686, 0.00662686, 0.00662686, 0.00662686, 0.00662686, 0.00662686, 0.00662686, 0.00662686, 0.00662686, 0.00662686, 0.00662686, 0.00662686, 0.00662686, 0.00662686, 0.00662686, 0.288933, 0.00662686, 0.0197302, 0.00662686, 0.00662686
20.1845, 1, 0.301049, 0.00617807, 1.73205, 0.698951, 0, 0.00617807, 0.00617807, 0.00617807, 0.00617807, 0.00617807, 0.00617807, 0.00617807, 0.00617807, 0.00617807, 0.00617807, 0.00617807, 0.00617807, 0.00617807, 0.00617807, 0.00617807, 0.00617807, 0.00617807, 0.28798, 0.00617807, 0.0192475, 0.00617807, 0.00617807
20.1924, 0, 0.29938, 0.00598872, 1.41421, -0.29938, 0, 0.00598872, 0.00598872, 0.00598872, 0.00598872, 0.00598872, 0.00598872, 0.00598872, 0.00598872, 0.00598872, 0.00598872, 0.00598872, 0.00598872, 0.00598872, 0.00598872, 0.00598872, 0.00598872, 0.00598872, 0.286329, 0.00598872, 0.0190394, 0.00598872, 0.00598872
20.2002, 2, 0.296668, 0.00570094, 2, 1.70333, 0, 0.00570094, 0.00570094, 0.00570094, 0.00570094, 0.00570094, 0.00570094, 0.00570094, 0.00570094, 0.00570094, 0.00570094, 0.00570094, 0.00570094, 0.00570094, 0.00570094, 0.00570094, 0.00570094, 0.00570094, 0.283621, 0.00570094, 0.018748, 0.00570094, 0.00570094
20.2081, 0.295342, 0.292939, 0.00533195, 1.51504, 0.0024032, 0, 0.00533195, 0.00533195, 0.00533195, 0.00533195, 0.00533195, 0.00533195, 0.00533195, 0.00533195, 0.00533195, 0.00533195, 0.00533195, 0.00533195, 0.00533195, 0.00533195, 0.00533195, 0.00533195, 0.00533195, 0.27988, 0.00533195, 0.0183908, 0.00533195, 0.00533195
20.216, 0.704658, 0.288259, 0.00493293, 1.64458, 0.416399, 0, 0.00493293, 0.00493293, 0.00493293, 0.00493293, 0.00493293, 0.00493293, 0.00493293, 0.00493293, 0.00493293, 0.00493293, 0.00493293, 0.00493293, 0.00493293, 0.00493293, 0.00493293, 0.00493293, 0.00493293, 0.275173, 0.00493293, 0.0180188, 0.00493293, 0.00493293
20.2239, 0, 0.282707, 0.00454942, 1.41421, -0.282707, 0, 0.00454942, 0.00454942, 0.00454942, 0.00454942, 0.00454942, 0.00454942, 0.00454942, 0.00454942, 0.00454942, 0.00454942, 0.00454942, 0.00454942, 0.00454942, 0.00454942, 0.00454942, 0.00454942, 0.00454942, 0.269579, 0.00454942, 0.0176777, 0.00454942, 0.00454942
20.2317, 0, 0.276516, 0.00437914, 1.41421, -0.276516, 0, 0.00437914, 0.00437914, 0.00437914, 0.00437914, 0.00437914, 0.00437914, 0.00437914, 0.00437914, 0.00437914, 0.00437914, 0.00437914, 0.00437914, 0.00437914, 0.00437914, 0.00437914, 0.00437914, 0.00437914, 0.26333, 0.00437914, 0.017565, 0.00437914, 0.00437914
20.2396, 0, 0.269441, 0.00412996, 1.41421, -0.269441, 0, 0.00412996, 0.00412996, 0.00412996, 0.00412996, 0.00412996, 0.00412996, 0.00412996, 0.00412996, 0.00412996, 0.00412996, 0.00412996, 0.00412996, 0.00412996, 0.00412996, 0.00412996, 0.00412996, 0.00412996, 0.256182, 0.00412996, 0.0173886, 0.00412996, 0.00412996
20.2475, 0, 0.261558, 0.00381659, 1.41421, -0.261558, 0, 0.00381659, 0.00381659, 0.00381659, 0.00381659, 0.00381659, 0.00381659, 0.00381659, 0.00381659, 0.00381659, 0.00381659, 0.00381659, 0.00381659, 0.00381659, 0.00381659, 0.00381659, 0.00381659, 0.00381659, 0.248212, 0.00381659, 0.017163, 0.00381659, 0.00381659
20.2553, 0, 0.252979, 0.00348153, 1.41421, -0.252979, 0, 0.00348153, 0.00348153, 0.00348153, 0.00348153, 0.00348153, 0.00348153, 0.00348153, 0.00348153, 0.00348153, 0.00348153, 0.00348153, 0.00348153, 0.00348153, 0.00348153, 0.00348153, 0.00348153, 0.00348153, 0.23953, 0.00348153, 0.0169304, 0.00348153, 0.00348153
20.2632, 0.278632, 0.243808, 0.00316186, 1.50951, 0.0348237, 0, 0.00316186, 0.00316186, 0.00316186, 0.00316186, 0.00316186, 0.00316186, 0.00316186, 0.00316186, 0.00316186, 0.00316186, 0.00316186, 0.00316186, 0.00316186, 0.00316186, 0.00316186, 0.00316186, 0.00316186, 0.230242, 0.00316186, 0.016728, 0.00316186, 0.00316186
20.2711, 0.721368, 0.23429, 0.00301511, 1.64966, 0.487079, 0, 0.00301511, 0.00301511, 0.00301511, 0.00301511, 0.00301511, 0.00301511, 0.00301511, 0.00301511, 0.00301511, 0.00301511, 0.00301511, 0.00301511, 0.00301511, 0.00301511, 0.00301511, 0.00301511, 0.00301511, 0.220592, 0.00301511, 0.0167128, 0.00301511, 0.00301511
20.279, 0.273606, 0.224273, 0.00280748, 1.50785, 0.0493334, 0, 0.00280748, 0.00280748, 0.00280748, 0.00280748, 0.00280748, 0.00280748, 0.00280748, 0.00280748, 0.00280748, 0.00280748, 0.00280748, 0.00280748, 0.00280748, 0.00280748, 0.00280748, 0.00280748, 0.00280748, 0.210429, 0.00280748, 0.0166508, 0.00280748, 0.00280748
20.2868, 0.726394, 0.213865, 0.00255136, 1.65118, 0.512529, 0, 0.00255136, 0.00255136, 0.00255136, 0.00255136, 0.00255136, 0.00255136, 0.00255136, 0.00255136, 0.00255136, 0.00255136, 0.00255136, 0.00255136, 0.00255136, 0.00255136, 0.00255136, 0.00255136, 0.00255136, 0.199863, 0.00255136, 0.0165542, 0.00255136, 0.00255136
20.2947, 0, 0.203187, 0.00228113, 1.41421, -0.203187, 0, 0.00228113, 0.00228113, 0.00228113, 0.00228113, 0.00228113, 0.00228113, 0.00228113, 0.00228113, 0.00228113, 0.00228113, 0.00228113, 0.00228113, 0.00228113, 0.00228113, 0.00228113, 0.00228113, 0.00228113, 0.189011, 0.00228113, 0.016457, 0.00228113, 0.00228113
20.3026, 0.266237, 0.192359, 0.00202602, 1.5054, 0.0738784, 0, 0.00202602, 0.00202602, 0.00202602, 0.00202602, 0.00202602, 0.00202602, 0.00202602, 0.00202602, 0.00202602, 0.00202602, 0.00202602, 0.00202602, 0.00202602, 0.00202602, 0.00202602, 0.00202602, 0.00202602, 0.177996, 0.00202602, 0.0163882, 0.00202602, 0.00202602
20.3104, 0.997886, 0.181594, 0.00190369, 1.73144, 0.816292, 0, 0.00190369, 0.00190369, 0.00190369, 0.00190369, 0.00190369, 0.00190369, 0.00190369, 0.00190369, 0.00190369, 0.00190369, 0.00190369, 0.00190369, 0.00190369, 0.00190369, 0.00190369, 0.00190369, 0.00190369, 0.167032, 0.00190369, 0.0164651, 0.00190369, 0.00190369
20.3183, 0.735877, 0.170804, 0.00173752, 1.65405, 0.565073, 0, 0.00173752, 0.00173752, 0.00173752, 0.00173752, 0.00173752, 0.00173752, 0.00173752, 0.00173752, 0.00173752, 0.00173752, 0.00173752, 0.00173752, 0.00173752, 0.00173752, 0.00173752, 0.00173752, 0.00173752, 0.156031, 0.00173752, 0.0165108, 0.00173752, 0.00173752
20.3262, 0, 0.160077, 0.00153785, 1.41421, -0.160077, 0, 0.00153785, 0.00153785, 0.00153785, 0.00153785, 0.00153785, 0.00153785, 0.00153785, 0.00153785, 0.00153785, 0.00153785, 0.00153785, 0.00153785, 0.00153785, 0.00153785, 0.00153785, 0.00153785, 0.00153785, 0.145079, 0.00153785, 0.0165353, 0.00153785, 0.00153785
20.3341, 0.256817, 0.149524, 0.0013313, 1.50227, 0.107293, 0, 0.0013313, 0.0013313, 0.0013313, 0.0013313, 0.0013313, 0.0013313, 0.0013313, 0.0013313, 0.0013313, 0.0013313, 0.0013313, 0.0013313, 0.0013313, 0.0013313, 0.0013313, 0.0013313, 0.0013313, 0.13429, 0.0013313, 0.016565, 0.0013313, 0.0013313
20.3419, 0.743183, 0.139238, 0.00113964, 1.65626, 0.603945, 0, 0.00113964, 0.00113964, 0.00113964, 0.00113964, 0.00113964, 0.00113964, 0.00113964, 0.00113964, 0.00113964, 0.00113964, 0.00113964, 0.00113964, 0.00113964, 0.00113964, 0.00113964, 0.00113964, 0.00113964, 0.123756, 0.00113964, 0.0166213, 0.00113964, 0.00113964
20.3498, 1, 0.129365, 0.00104456, 1.73205, 0.870635, 0, 0.00104456, 0.00104456, 0.00104456, 0.00104456, 0.00104456, 0.00104456, 0.00104456, 0.00104456, 0.00104456, 0.00104456, 0.00104456, 0.00104456, 0.00104456, 0.00104456, 0.00104456, 0.00104456, 0.00104456, 0.113624, 0.00104456, 0.0167857, 0.00104456, 0.00104456
20.3577, 0, 0.119837, 0.000921331, 1.41421, -0.119837, 0, 0.000921331, 0.000921331, 0.000921331, 0.000921331, 0.000921331, 0.000921331, 0.000921331, 0.000921331, 0.000921331, 0.000921331, 0.000921331, 0.000921331, 0.000921331, 0.000921331, 0.000921331, 0.000921331, 0.000921331, 0.103825, 0.000921331, 0.0169332, 0.000921331, 0.000921331
20.3655, 0, 0.110713, 0.000778407, 1.41421, -0.110713, 0, 0.000778407, 0.000778407, 0.000778407, 0.000778407, 0.000778407, 0.000778407, 0.000778407, 0.000778407, 0.000778407, 0.000778407, 0.000778407, 0.000778407, 0.000778407, 0.000778407, 0.000778407, 0.000778407, 0.000778407, 0.0944189, 0.000778407, 0.0170721, 0.000778407, 0.000778407
20.3734, 0, 0.102048, 0.000635182, 1.41421, -0.102048, 0, 0.000635182, 0.000635182, 0.000635182, 0.000635182, 0.000635182, 0.000635182, 0.000635182, 0.000635182, 0.000635182, 0.000635182, 0.000635182, 0.000635182, 0.000635182, 0.000635182, 0.000635182, 0.000635182, 0.000635182, 0.0854614, 0.000635182, 0.0172215, 0.000635182, 0.000635182
20.3813, 0, 0.0938949, 0.000506506, 1.41421, -0.0938949, 0, 0.000506506, 0.000506506, 0.000506506, 0.000506506, 0.000506506, 0.000506506, 0.000506506, 0.000506506, 0.000506506, 0.000506506, 0.000506506, 0.000506506, 0.000506506, 0.000506506, 0.000506506, 0.000506506, 0.000506506, 0.0770054, 0.000506506, 0.017396, 0.000506506, 0.000506506
20.3892, 0, 0.0863043, 0.000425975, 1.41421, -0.0863043, 0, 0.000425975, 0.000425975, 0.000425975, 0.000425975, 0.000425975, 0.000425975, 0.000425975, 0.000425975, 0.000425975, 0.000425975, 0.000425975, 0.000425975, 0.000425975, 0.000425975, 0.000425975, 0.000425975, 0.000425975, 0.069101, 0.000425975, 0.0176293, 0.000425975, 0.000425975
20.397, 0.237364, 0.0792397, 0.000342801, 1.49578, 0.158124, 0, 0.000342801, 0.000342801, 0.000342801, 0.000342801, 0.000342801, 0.000342801, 0.000342801, 0.000342801, 0.000342801, 0.000342801, 0.000342801, 0.000342801, 0.000342801, 0.000342801, 0.000342801, 0.000342801, 0.000342801, 0.0617121, 0.000342801, 0.0178703, 0.000342801, 0.000342801
20.4049, 0.762636, 0.0727157, 0.000261414, 1.66212, 0.689921, 0, 0.000261414, 0.000261414, 0.000261414, 0.000261414, 0.000261414, 0.000261414, 0.000261414, 0.000261414, 0.000261414, 0.000261414, 0.000261414, 0.000261414, 0.000261414, 0.000261414, 0.000261414, 0.000261414, 0.000261414, 0.0548537, 0.000261414, 0.0181234, 0.000261414, 0.000261414
20.4128, 0, 0.066736, 0.000186309, 1.41421, -0.066736, 0, 0.000186309, 0.000186309, 0.000186309, 0.000186309, 0.000186309, 0.000186309, 0.000186309, 0.000186309, 0.000186309, 0.000186309, 0.000186309, 0.000186309, 0.000186309, 0.000186309, 0.000186309, 0.000186309, 0.000186309, 0.0485293, 0.000186309, 0.018393, 0.000186309, 0.000186309
20.4206, 0, 0.0612932, 0.000121309, 1.41421, -0.0612932, 0, 0.000121309, 0.000121309, 0.000121309, 0.000121309, 0.000121309, 0.000121309, 0.000121309, 0.000121309, 0.000121309, 0.000121309, 0.000121309, 0.000121309, 0.000121309, 0.000121309, 0.000121309, 0.000121309, 0.000121309, 0.0427315, 0.000121309, 0.018683, 0.000121309, 0.000121309
20.4285, 0, 0.0563816, 6.89722e-05, 1.41421, -0.0563816, 0, 6.89722e-05, 6.89722e-05, 6.89722e-05, 6.89722e-05, 6.89722e-05, 6.89722e-05, 6.89722e-05, 6.89722e-05, 6.89722e-05, 6.89722e-05, 6.89722e-05, 6.89722e-05, 6.89722e-05, 6.89722e-05, 6.89722e-05, 6.89722e-05, 6.89722e-05, 0.0374547, 6.89722e-05, 0.0189958, 6.89722e-05, 6.89722e-05
20.4364, 0, 0.0519839, 3.08186e-05, 1.41421, -0.0519839, 0, 3.08186e-05, 3.08186e-05, 3.08186e-05, 3.08186e-05, 3.08186e-05, 3.08186e-05, 3.08186e-05, 3.08186e-05, 3.08186e-05, 3.08186e-05, 3.08186e-05, 3.08186e-05, 3.08186e-05, 3.08186e-05, 3.08186e-05, 3.08186e-05, 3.08186e-05, 0.0326816, 3.08186e-05, 0.0193331, 3.08186e-05, 3.08186e-05
20.4443, 0, 0.0480796, 7.70464e-06, 1.41421, -0.0480796, 0, 7.70464e-06, 7.70464e-06, 7.70464e-06, 7.70464e-06, 7.70464e-06, 7.70464e-06, 7.70464e-06, 7.70464e-06, 7.70464e-06, 7.70464e-06, 7.70464e-06, 7.70464e-06, 7.70464e-06, 7.70464e-06, 7.70464e-06, 7.70464e-06, 7.70464e-06, 0.0283916, 7.70464e-06, 0.0196957, 7.70464e-06, 7.70464e-06
20.4521, 0, 0.0446447, 0, 1.41421, -0.0446447, 0, 0, 0, 0, 0, 0, 0, 0, 0, 0, 0, 0, 0, 0, 0, 0, 0, 0, 0.0245606, 0, 0.0200841, 0, 0
20.46, 0, 0.0416447, 0, 1.41421, -0.0416447, 0, 0, 0, 0, 0, 0, 0, 0, 0, 0, 0, 0, 0, 0, 0, 0, 0, 0, 0.0211539, 0, 0.0204907, 0, 0
20.4679, 0, 0.0390428, 0, 1.41421, -0.0390428, 0, 0, 0, 0, 0, 0, 0, 0, 0, 0, 0, 0, 0, 0, 0, 0, 0, 0, 0.0181347, 0, 0.0209081, 0, 0
20.4757, 0, 0.0368115, 0, 1.41421, -0.0368115, 0, 0, 0, 0, 0, 0, 0, 0, 0, 0, 0, 0, 0, 0, 0, 0, 0, 0, 0.0154755, 0, 0.0213361, 0, 0
20.4836, 0, 0.0349195, 0, 1.41421, -0.0349195, 0, 0, 0, 0, 0, 0, 0, 0, 0, 0, 0, 0, 0, 0, 0, 0, 0, 0, 0.0131444, 0, 0.0217751, 0, 0
20.4915, 0, 0.0333376, 0, 1.41421, -0.0333376, 0, 0, 0, 0, 0, 0, 0, 0, 0, 0, 0, 0, 0, 0, 0, 0, 0, 0, 0.0111121, 0, 0.0222255, 0, 0
20.4994, 0, 0.032038, 0, 1.41421, -0.032038, 0, 0, 0, 0, 0, 0, 0, 0, 0, 0, 0, 0, 0, 0, 0, 0, 0, 0, 0.00935078, 0, 0.0226872, 0, 0
20.5072, 0.203717, 0.0309929, 0, 1.48449, 0.172725, 0, 0, 0, 0, 0, 0, 0, 0, 0, 0, 0, 0, 0, 0, 0, 0, 0, 0, 0.00783241, 0, 0.0231604, 0, 0
20.5151, 0.796283, 0.0301754, 0, 1.67221, 0.766107, 0, 0, 0, 0, 0, 0, 0, 0, 0, 0, 0, 0, 0, 0, 0, 0, 0, 0, 0.00652951, 0, 0.0236459, 0, 0
20.523, 0, 0.0295618, 0, 1.41421, -0.0295618, 0, 0, 0, 0, 0, 0, 0, 0, 0, 0, 0, 0, 0, 0, 0, 0, 0, 0, 0.00541828, 0, 0.0241435, 0, 0
20.5308, 0, 0.0291287, 0, 1.41421, -0.0291287, 0, 0, 0, 0, 0, 0, 0, 0, 0, 0, 0, 0, 0, 0, 0, 0, 0, 0, 0.00447506, 0, 0.0246537, 0, 0
20.5387, 0, 0.0288557, 0, 1.41421, -0.0288557, 0, 0, 0, 0, 0, 0, 0, 0, 0, 0, 0, 0, 0, 0, 0, 0, 0, 0, 0.0036792, 0, 0.0251765, 0, 0
20.5466, 0, 0.0287232, 0, 1.41421, -0.0287232, 0, 0, 0, 0, 0, 0, 0, 0, 0, 0, 0, 0, 0, 0, 0, 0, 0, 0, 0.00301069, 0, 0.0257125, 0, 0
20.5545, 0, 0.0287142, 0, 1.41421, -0.0287142, 0, 0, 0, 0, 0, 0, 0, 0, 0, 0, 0, 0, 0, 0, 0, 0, 0, 0, 0.00245207, 0, 0.0262622, 0, 0
20.5623, 0, 0.0288134, 0, 1.41421, -0.0288134, 0, 0, 0, 0, 0, 0, 0, 0, 0, 0, 0, 0, 0, 0, 0, 0, 0, 0, 0.00198794, 0, 0.0268254, 0, 0
20.5702, 0, 0.0290069, 0, 1.41421, -0.0290069, 0, 0, 0, 0, 0, 0, 0, 0, 0, 0, 0, 0, 0, 0, 0, 0, 0, 0, 0.00160427, 0, 0.0274026, 0, 0
20.5781, 0, 0.0292829, 0, 1.41421, -0.0292829, 0, 0, 0, 0, 0, 0, 0, 0, 0, 0, 0, 0, 0, 0, 0, 0, 0, 0, 0.00128851, 0, 0.0279944, 0, 0
20.5859, 0, 0.0296307, 0, 1.41421, -0.0296307, 0, 0, 0, 0, 0, 0, 0, 0, 0, 0, 0, 0, 0, 0, 0, 0, 0, 0, 0.00103016, 0, 0.0286006, 0, 0
20.5938, 0, 0.0300414, 0, 1.41421, -0.0300414, 0, 0, 0, 0, 0, 0, 0, 0, 0, 0, 0, 0, 0, 0, 0, 0, 0, 0, 0.000819807, 0, 0.0292216, 0, 0
20.6017, 0, 0.030507, 0, 1.41421, -0.030507, 0, 0, 0, 0, 0, 0, 0, 0, 0, 0, 0, 0, 0, 0, 0, 0, 0, 0, 0.000649397, 0, 0.0298576, 0, 0
20.6096, 0, 0.0310207, 1.76652e-22, 1.41421, -0.0310207, 0, 1.76652e-22, 1.76652e-22, 1.76652e-22, 1.76652e-22, 1.76652e-22, 1.76652e-22, 1.76652e-22, 1.76652e-22, 1.76652e-22, 1.76652e-22, 1.76652e-22, 1.76652e-22, 1.76652e-22, 1.76652e-22, 1.76652e-22, 1.76652e-22, 1.76652e-22, 0.000512041, 1.76652e-22, 0.0305087, 1.76652e-22, 1.76652e-22
20.6174, 0, 0.0315768, 6.75049e-22, 1.41421, -0.0315768, 0, 6.75049e-22, 6.75049e-22, 6.75049e-22, 6.75049e-22, 6.75049e-22, 6.75049e-22, 6.75049e-22, 6.75049e-22, 6.75049e-22, 6.75049e-22, 6.75049e-22, 6.75049e-22, 6.75049e-22, 6.75049e-22, 6.75049e-22, 6.75049e-22, 6.75049e-22, 0.000401884, 6.75049e-22, 0.0311749, 6.75049e-22, 6.75049e-22
20.6253, 0, 0.0321705, 1.43781e-21, 1.41421, -0.0321705, 0, 1.43781e-21, 1.43781e-21, 1.43781e-21, 1.43781e-21, 1.43781e-21, 1.43781e-21, 1.43781e-21, 1.43781e-21, 1.43781e-21, 1.43781e-21, 1.43781e-21, 1.43781e-21, 1.43781e-21, 1.43781e-21, 1.43781e-21, 1.43781e-21, 1.43781e-21, 0.000313964, 1.43781e-21, 0.0318565, 1.43781e-21, 1.43781e-21
20.6332, 0, 0.0327971, 2.42571e-21, 1.41421, -0.0327971, 0, 2.42571e-21, 2.42571e-21, 2.42571e-21, 2.42571e-21, 2.42571e-21, 2.42571e-21, 2.42571e-21, 2.42571e-21, 2.42571e-21, 2.42571e-21, 2.42571e-21, 2.42571e-21, 2.42571e-21, 2.42571e-21, 2.42571e-21, 2.42571e-21, 2.42571e-21, 0.000244192, 2.42571e-21, 0.0325529, 2.42571e-21, 2.42571e-21
20.641, 0, 0.0334534, 3.58783e-21, 1.41421, -0.0334534, 0, 3.58783e-21, 3.58783e-21, 3.58783e-21, 3.58783e-21, 3.58783e-21, 3.58783e-21, 3.58783e-21, 3.58783e-21, 3.58783e-21, 3.58783e-21, 3.58783e-21, 3.58783e-21, 3.58783e-21, 3.58783e-21, 3.58783e-21, 3.58783e-21, 3.58783e-21, 0.000189056, 3.58783e-21, 0.0332643, 3.58783e-21, 3.58783e-21
20.6489, 1, 0.0341363, 4.87009e-21, 1.73205, 0.965864, 0, 4.87009e-21, 4.87009e-21, 4.87009e-21, 4.87009e-21, 4.87009e-21, 4.87009e-21, 4.87009e-21, 4.87009e-21, 4.87009e-21, 4.87009e-21, 4.87009e-21, 4.87009e-21, 4.87009e-21, 4.87009e-21, 4.87009e-21, 4.87009e-21, 4.87009e-21, 0.000145706, 4.87009e-21, 0.0339906, 4.87009e-21, 4.87009e-21
20.6568, 0, 0.0348427, 6.23624e-21, 1.41421, -0.0348427, 0, 6.23624e-21, 6.23624e-21, 6.23624e-21, 6.23624e-21, 6.23624e-21, 6.23624e-21, 6.23624e-21, 6.23624e-21, 6.23624e-21, 6.23624e-21, 6.23624e-21, 6.23624e-21, 6.23624e-21, 6.23624e-21, 6.23624e-21, 6.23624e-21, 6.23624e-21, 0.000111808, 6.23624e-21, 0.0347309, 6.23624e-21, 6.23624e-21
20.6647, 0, 0.03557, 7.6582e-21, 1.41421, -0.03557, 0, 7.6582e-21, 7.6582e-21, 7.6582e-21, 7.6582e-21, 7.6582e-21, 7.6582e-21, 7.6582e-21, 7.6582e-21, 7.6582e-21, 7.6582e-21, 7.6582e-21, 7.6582e-21, 7.6582e-21, 7.6582e-21, 7.6582e-21, 7.6582e-21, 7.6582e-21, 8.54317e-05, 7.6582e-21, 0.0354846, 7.6582e-21, 7.6582e-21
20.6725, 0, 0.0363167, 9.07206e-21, 1.41421, -0.0363167, 0, 9.07206e-21, 9.07206e-21, 9.07206e-21, 9.07206e-21, 9.07206e-21, 9.07206e-21, 9.07206e-21, 9.07206e-21, 9.07206e-21, 9.07206e-21, 9.07206e-21, 9.07206e-21, 9.07206e-21, 9.07206e-21, 9.07206e-21, 9.07206e-21, 9.07206e-21, 6.49963e-05, 9.07206e-21, 0.0362517, 9.07206e-21, 9.07206e-21
20.6804, 1, 0.03708, 1.04553e-20, 1.73205, 0.96292, 0, 1.04553e-20, 1.04553e-20, 1.04553e-20, 1.04553e-20, 1.04553e-20, 1.04553e-20, 1.04553e-20, 1.04553e-20, 1.04553e-20, 1.04553e-20, 1.04553e-20, 1.04553e-20, 1.04553e-20, 1.04553e-20, 1.04553e-20, 1.04553e-20, 1.04553e-20, 4.92555e-05, 1.04553e-20, 0.0370307, 1.04553e-20, 1.04553e-20
20.6883, 0, 0.037858, 1.17608e-20, 1.41421, -0.037858, 0, 1.17608e-20, 1.17608e-20, 1.17608e-20, 1.17608e-20, 1.17608e-20, 1.17608e-20, 1.17608e-20, 1.17608e-20, 1.17608e-20, 1.17608e-20, 1.17608e-20, 1.17608e-20, 1.17608e-20, 1.17608e-20, 1.17608e-20, 1.17608e-20, 1.17608e-20, 3.71889e-05, 1.17608e-20, 0.0378208, 1.17608e-20, 1.17608e-20
20.6961, 0, 0.0386488, 1.29476e-20, 1.41421, -0.0386488, 0, 1.29476e-20, 1.29476e-20, 1.29476e-20, 1.29476e-20, 1.29476e-20, 1.29476e-20, 1.29476e-20, 1.29476e-20, 1.29476e-20, 1.29476e-20, 1.29476e-20, 1.29476e-20, 1.29476e-20, 1.29476e-20, 1.29476e-20, 1.29476e-20, 1.29476e-20, 2.79867e-05, 1.29476e-20, 0.0386208, 1.29476e-20, 1.29476e-20
20.704, 0, 0.0394504, 1.39948e-20, 1.41421, -0.0394504, 0, 1.39948e-20, 1.39948e-20, 1.39948e-20, 1.39948e-20, 1.39948e-20, 1.39948e-20, 1.39948e-20, 1.39948e-20, 1.39948e-20, 1.39948e-20, 1.39948e-20, 1.39948e-20, 1.39948e-20, 1.39948e-20, 1.39948e-20, 1.39948e-20, 1.39948e-20, 2.10061e-05, 1.39948e-20, 0.0394294, 1.39948e-20, 1.39948e-20
20.7119, 0, 0.0402606, 1.4924e-20, 1.41421, -0.0402606, 0, 1.4924e-20, 1.4924e-20, 1.4924e-20, 1.4924e-20, 1.4924e-20, 1.4924e-20, 1.4924e-20, 1.4924e-20, 1.4924e-20, 1.4924e-20, 1.4924e-20, 1.4924e-20, 1.4924e-20, 1.4924e-20, 1.4924e-20, 1.4924e-20, 1.4924e-20, 1.57399e-05, 1.4924e-20, 0.0402449, 1.4924e-20, 1.4924e-20
20.7198, 0, 0.0410775, 1.57011e-20, 1.41421, -0.0410775, 0, 1.57011e-20, 1.57011e-20, 1.57011e-20, 1.57011e-20, 1.57011e-20, 1.57011e-20, 1.57011e-20, 1.57011e-20, 1.57011e-20, 1.57011e-20, 1.57011e-20, 1.57011e-20, 1.57011e-20, 1.57011e-20, 1.57011e-20, 1.57011e-20, 1.57011e-20, 1.17892e-05, 1.57011e-20, 0.0410657, 1.57011e-20, 1.57011e-20
20.7276, 0, 0.0418982, 1.63067e-20, 1.41421, -0.0418982, 0, 1.63067e-20, 1.63067e-20, 1.63067e-20, 1.63067e-20, 1.63067e-20, 1.63067e-20, 1.63067e-20, 1.63067e-20, 1.63067e-20, 1.63067e-20, 1.63067e-20, 1.63067e-20, 1.63067e-20, 1.63067e-20, 1.63067e-20, 1.63067e-20, 1.63067e-20, 8.84586e-06, 1.63067e-20, 0.0418893, 1.63067e-20, 1.63067e-20
20.7355, 0, 0.0427209, 1.67487e-20, 1.41421, -0.0427209, 0, 1.67487e-20, 1.67487e-20, 1.67487e-20, 1.67487e-20, 1.67487e-20, 1.67487e-20, 1.67487e-20, 1.67487e-20, 1.67487e-20, 1.67487e-20, 1.67487e-20, 1.67487e-20, 1.67487e-20, 1.67487e-20, 1.67487e-20, 1.67487e-20, 1.67487e-20, 6.66439e-06, 1.67487e-20, 0.0427142, 1.67487e-20, 1.67487e-20
20.7434, 0, 0.043543, 1.70036e-20, 1.41421, -0.043543, 0, 1.70036e-20, 1.70036e-20, 1.70036e-20, 1.70036e-20, 1.70036e-20, 1.70036e-20, 1.70036e-20, 1.70036e-20, 1.70036e-20, 1.70036e-20, 1.70036e-20, 1.70036e-20, 1.70036e-20, 1.70036e-20, 1.70036e-20, 1.70036e-20, 1.70036e-20, 5.06536e-06, 1.70036e-20, 0.0435379, 1.70036e-20, 1.70036e-20
20.7512, 1, 0.0443615, 1.70879e-20, 1.73205, 0.955638, 0, 1.70879e-20, 1.70879e-20, 1.70879e-20, 1.70879e-20, 1.70879e-20, 1.70879e-20, 1.70879e-20, 1.70879e-20, 1.70879e-20, 1.70879e-20, 1.70879e-20, 1.70879e-20, 1.70879e-20, 1.70879e-20, 1.70879e-20, 1.70879e-20, 1.70879e-20, 3.90347e-06, 1.70879e-20, 0.0443576, 1.70879e-20, 1.70879e-20
20.7591, 0, 0.0451736, 1.70285e-20, 1.41421, -0.0451736, 0, 1.70285e-20, 1.70285e-20, 1.70285e-20, 1.70285e-20, 1.70285e-20, 1.70285e-20, 1.70285e-20, 1.70285e-20, 1.70285e-20, 1.70285e-20, 1.70285e-20, 1.70285e-20, 1.70285e-20, 1.70285e-20, 1.70285e-20, 1.70285e-20, 1.70285e-20, 3.06936e-06, 1.70285e-20, 0.0451705, 1.70285e-20, 1.70285e-20
20.767, 0.124381, 0.0459768, 1.68234e-20, 1.45753, 0.0784037, 0, 1.68234e-20, 1.68234e-20, 1.68234e-20, 1.68234e-20, 1.68234e-20, 1.68234e-20, 1.68234e-20, 1.68234e-20, 1.68234e-20, 1.68234e-20, 1.68234e-20, 1.68234e-20, 1.68234e-20, 1.68234e-20, 1.68234e-20, 1.68234e-20, 1.68234e-20, 2.47994e-06, 1.68234e-20, 0.0459744, 1.68234e-20, 1.68234e-20
20.7749, 0.875619, 0.0467676, 1.64696e-20, 1.69577, 0.828852, 0, 1.64696e-20, 1.64696e-20, 1.64696e-20, 1.64696e-20, 1.64696e-20, 1.64696e-20, 1.64696e-20, 1.64696e-20, 1.64696e-20, 1.64696e-20, 1.64696e-20, 1.64696e-20, 1.64696e-20, 1.64696e-20, 1.64696e-20, 1.64696e-20, 1.64696e-20, 2.07327e-06, 1.64696e-20, 0.0467656, 1.64696e-20, 1.64696e-20
20.7827, 0, 0.0475431, 1.59856e-20, 1.41421, -0.0475431, 0, 1.59856e-20, 1.59856e-20, 1.59856e-20, 1.59856e-20, 1.59856e-20, 1.59856e-20, 1.59856e-20, 1.59856e-20, 1.59856e-20, 1.59856e-20, 1.59856e-20, 1.59856e-20, 1.59856e-20, 1.59856e-20, 1.59856e-20, 1.59856e-20, 1.59856e-20, 1.80225e-06, 1.59856e-20, 0.0475413, 1.59856e-20, 1.59856e-20
20.7906, 0, 0.0482996, 1.53731e-20, 1.41421, -0.0482996, 0, 1.53731e-20, 1.53731e-20, 1.53731e-20, 1.53731e-20, 1.53731e-20, 1.53731e-20, 1.53731e-20, 1.53731e-20, 1.53731e-20, 1.53731e-20, 1.53731e-20, 1.53731e-20, 1.53731e-20, 1.53731e-20, 1.53731e-20, 1.53731e-20, 1.53731e-20, 1.63192e-06, 1.53731e-20, 0.048298, 1.53731e-20, 1.53731e-20
20.7985, 0, 0.0490342, 1.46721e-20, 1.41421, -0.0490342, 0, 1.46721e-20, 1.46721e-20, 1.46721e-20, 1.46721e-20, 1.46721e-20, 1.46721e-20, 1.46721e-20, 1.46721e-20, 1.46721e-20, 1.46721e-20, 1.46721e-20, 1.46721e-20, 1.46721e-20, 1.46721e-20, 1.46721e-20, 1.46721e-20, 1.46721e-20, 1.5359e-06, 1.46721e-20, 0.0490327, 1.46721e-20, 1.46721e-20
20.8063, 0, 0.0497437, 1.39039e-20, 1.41421, -0.0497437, 0, 1.39039e-20, 1.39039e-20, 1.39039e-20, 1.39039e-20, 1.39039e-20, 1.39039e-20, 1.39039e-20, 1.39039e-20, 1.39039e-20, 1.39039e-20, 1.39039e-20, 1.39039e-20, 1.39039e-20, 1.39039e-20, 1.39039e-20, 1.39039e-20, 1.39039e-20, 1.49474e-06, 1.39039e-20, 0.0497422, 1.39039e-20, 1.39039e-20
20.8142, 2, 0.0504244, 1.30774e-20, 2, 1.94958, 0, 1.30774e-20, 1.30774e-20, 1.30774e-20, 1.30774e-20, 1.30774e-20, 1.30774e-20, 1.30774e-20, 1.30774e-20, 1.30774e-20, 1.30774e-20, 1.30774e-20, 1.30774e-20, 1.30774e-20, 1.30774e-20, 1.30774e-20, 1.30774e-20, 1.30774e-20, 1.49394e-06, 1.30774e-20, 0.0504229, 1.30774e-20, 1.30774e-20
20.8221, 1, 0.051073, 1.21661e-20, 1.73205, 0.948927, 0, 1.21661e-20, 1.21661e-20, 1.21661e-20, 1.21661e-20, 1.21661e-20, 1.21661e-20, 1.21661e-20, 1.21661e-20, 1.21661e-20, 1.21661e-20, 1.21661e-20, 1.21661e-20, 1.21661e-20, 1.21661e-20, 1.21661e-20, 1.21661e-20, 1.21661e-20, 1.52271e-06, 1.21661e-20, 0.0510714, 1.21661e-20, 1.21661e-20
20.83, 0, 0.0516867, 1.12004e-20, 1.41421, -0.0516867, 0, 1.12004e-20, 1.12004e-20, 1.12004e-20, 1.12004e-20, 1.12004e-20, 1.12004e-20, 1.12004e-20, 1.12004e-20, 1.12004e-20, 1.12004e-20, 1.12004e-20, 1.12004e-20, 1.12004e-20, 1.12004e-20, 1.12004e-20, 1.12004e-20, 1.12004e-20, 1.57303e-06, 1.12004e-20, 0.0516852, 1.12004e-20, 1.12004e-20
20.8378, 0.102577, 0.0522621, 1.02069e-20, 1.45003, 0.0503147, 0, 1.02069e-20, 1.02069e-20, 1.02069e-20, 1.02069e-20, 1.02069e-20, 1.02069e-20, 1.02069e-20, 1.02069e-20, 1.02069e-20, 1.02069e-20, 1.02069e-20, 1.02069e-20, 1.02069e-20, 1.02069e-20, 1.02069e-20, 1.02069e-20, 1.02069e-20, 1.63881e-06, 1.02069e-20, 0.0522604, 1.02069e-20, 1.02069e-20
20.8457, 0.897423, 0.0527963, 9.19325e-21, 1.70218, 0.844627, 0, 9.19325e-21, 9.19325e-21, 9.19325e-21, 9.19325e-21, 9.19325e-21, 9.19325e-21, 9.19325e-21, 9.19325e-21, 9.19325e-21, 9.19325e-21, 9.19325e-21, 9.19325e-21, 9.19325e-21, 9.19325e-21, 9.19325e-21, 9.19325e-21, 9.19325e-21, 1.71547e-06, 9.19325e-21, 0.0527946, 9.19325e-21, 9.19325e-21
20.8536, 0, 0.0532866, 8.1769e-21, 1.41421, -0.0532866, 0, 8.1769e-21, 8.1769e-21, 8.1769e-21, 8.1769e-21, 8.1769e-21, 8.1769e-21, 8.1769e-21, 8.1769e-21, 8.1769e-21, 8.1769e-21, 8.1769e-21, 8.1769e-21, 8.1769e-21, 8.1769e-21, 8.1769e-21, 8.1769e-21, 8.1769e-21, 1.79945e-06, 8.1769e-21, 0.0532848, 8.1769e-21, 8.1769e-21
20.8614, 0, 0.0537304, 7.17191e-21, 1.41421, -0.0537304, 0, 7.17191e-21, 7.17191e-21, 7.17191e-21, 7.17191e-21, 7.17191e-21, 7.17191e-21, 7.17191e-21, 7.17191e-21, 7.17191e-21, 7.17191e-21, 7.17191e-21, 7.17191e-21, 7.17191e-21, 7.17191e-21, 7.17191e-21, 7.17191e-21, 7.17191e-21, 1.88794e-06, 7.17191e-21, 0.0537285, 7.17191e-21, 7.17191e-21
20.8693, 0, 0.0541254, 6.20015e-21, 1.41421, -0.0541254, 0, 6.20015e-21, 6.20015e-21, 6.20015e-21, 6.20015e-21, 6.20015e-21, 6.20015e-21, 6.20015e-21, 6.20015e-21, 6.20015e-21, 6.20015e-21, 6.20015e-21, 6.20015e-21, 6.20015e-21, 6.20015e-21, 6.20015e-21, 6.20015e-21, 6.20015e-21, 1.97861e-06, 6.20015e-21, 0.0541234, 6.20015e-21, 6.20015e-21
20.8772, 0, 0.0544698, 5.26288e-21, 1.41421, -0.0544698, 0, 5.26288e-21, 5.26288e-21, 5.26288e-21, 5.26288e-21, 5.26288e-21, 5.26288e-21, 5.26288e-21, 5.26288e-21, 5.26288e-21, 5.26288e-21, 5.26288e-21, 5.26288e-21, 5.26288e-21, 5.26288e-21, 5.26288e-21, 5.26288e-21, 5.26288e-21, 2.06934e-06, 5.26288e-21, 0.0544677, 5.26288e-21, 5.26288e-21
20.885, 0, 0.0547616, 4.37317e-21, 1.41421, -0.0547616, 0, 4.37317e-21, 4.37317e-21, 4.37317e-21, 4.37317e-21, 4.37317e-21, 4.37317e-21, 4.37317e-21, 4.37317e-21, 4.37317e-21, 4.37317e-21, 4.37317e-21, 4.37317e-21, 4.37317e-21, 4.37317e-21, 4.37317e-21, 4.37317e-21, 4.37317e-21, 2.15543e-06, 4.37317e-21, 0.0547594, 4.37317e-21, 4.37317e-21
20.8929, 0, 0.0549996, 3.5368e-21, 1.41421, -0.0549996, 0, 3.5368e-21, 3.5368e-21, 3.5368e-21, 3.5368e-21, 3.5368e-21, 3.5368e-21, 3.5368e-21, 3.5368e-21, 3.5368e-21, 3.5368e-21, 3.5368e-21, 3.5368e-21, 3.5368e-21, 3.5368e-21, 3.5368e-21, 3.5368e-21, 3.5368e-21, 2.24363e-06, 3.5368e-21, 0.0549974, 3.5368e-21, 3.5368e-21
20.9008, 0.0832507, 0.0551829, 2.76929e-21, 1.44335, 0.0280678, 0, 2.76929e-21, 2.76929e-21, 2.76929e-21, 2.76929e-21, 2.76929e-21, 2.76929e-21, 2.76929e-21, 2.76929e-21, 2.76929e-21, 2.76929e-21, 2.76929e-21, 2.76929e-21, 2.76929e-21, 2.76929e-21, 2.76929e-21, 2.76929e-21, 2.76929e-21, 2.32799e-06, 2.76929e-21, 0.0551806, 2.76929e-21, 2.76929e-21
20.9087, 0.916749, 0.0553107, 2.08286e-21, 1.70785, 0.861439, 0, 2.08286e-21, 2.08286e-21, 2.08286e-21, 2.08286e-21, 2.08286e-21, 2.08286e-21, 2.08286e-21, 2.08286e-21, 2.08286e-21, 2.08286e-21, 2.08286e-21, 2.08286e-21, 2.08286e-21, 2.08286e-21, 2.08286e-21, 2.08286e-21, 2.08286e-21, 2.40701e-06, 2.08286e-21, 0.0553083, 2.08286e-21, 2.08286e-21
20.9165, 0, 0.0553827, 1.4756e-21, 1.41421, -0.0553827, 0, 1.4756e-21, 1.4756e-21, 1.4756e-21, 1.4756e-21, 1.4756e-21, 1.4756e-21, 1.4756e-21, 1.4756e-21, 1.4756e-21, 1.4756e-21, 1.4756e-21, 1.4756e-21, 1.4756e-21, 1.4756e-21, 1.4756e-21, 1.4756e-21, 1.4756e-21, 2.4797e-06, 1.4756e-21, 0.0553802, 1.4756e-21, 1.4756e-21
20.9244, 0, 0.0553991, 9.60036e-22, 1.41421, -0.0553991, 0, 9.60036e-22, 9.60036e-22, 9.60036e-22, 9.60036e-22, 9.60036e-22, 9.60036e-22, 9.60036e-22, 9.60036e-22, 9.60036e-22, 9.60036e-22, 9.60036e-22, 9.60036e-22, 9.60036e-22, 9.60036e-22, 9.60036e-22, 9.60036e-22, 9.60036e-22, 2.54526e-06, 9.60036e-22, 0.0553966, 9.60036e-22, 9.60036e-22
20.9323, 0, 0.0553604, 5.46217e-22, 1.41421, -0.0553604, 0, 5.46217e-22, 5.46217e-22, 5.46217e-22, 5.46217e-22, 5.46217e-22, 5.46217e-22, 5.46217e-22, 5.46217e-22, 5.46217e-22, 5.46217e-22, 5.46217e-22, 5.46217e-22, 5.46217e-22, 5.46217e-22, 5.46217e-22, 5.46217e-22, 5.46217e-22, 2.60285e-06, 5.46217e-22, 0.0553578, 5.46217e-22, 5.46217e-22
20.9401, 0, 0.0552674, 2.44146e-22, 1.41421, -0.0552674, 0, 2.44146e-22, 2.44146e-22, 2.44146e-22, 2.44146e-22, 2.44146e-22, 2.44146e-22, 2.44146e-22, 2.44146e-22, 2.44146e-22, 2.44146e-22, 2.44146e-22, 2.44146e-22, 2.44146e-22, 2.44146e-22, 2.44146e-22, 2.44146e-22, 2.44146e-22, 2.65181e-06, 2.44146e-22, 0.0552647, 2.44146e-22, 2.44146e-22
20.948, 0, 0.0551213, 6.10366e-23, 1.41421, -0.0551213, 0, 6.10366e-23, 6.10366e-23, 6.10366e-23, 6.10366e-23, 6.10366e-23, 6.10366e-23, 6.10366e-23, 6.10366e-23, 6.10366e-23, 6.10366e-23, 6.10366e-23, 6.10366e-23, 6.10366e-23, 6.10366e-23, 6.10366e-23, 6.10366e-23, 6.10366e-23, 2.69157e-06, 6.10366e-23, 0.0551186, 6.10366e-23, 6.10366e-23
20.9559, 0, 0.0549236, 0, 1.41421, -0.0549236, 0, 0, 0, 0, 0, 0, 0, 0, 0, 0, 0, 0, 0, 0, 0, 0, 0, 0, 2.72166e-06, 0, 0.0549209, 0, 0
20.9638, 0, 0.0546764, 0, 1.41421, -0.0546764, 0, 0, 0, 0, 0, 0, 0, 0, 0, 0, 0, 0, 0, 0, 0, 0, 0, 0, 2.74172e-06, 0, 0.0546736, 0, 0
20.9716, 0, 0.0543815, 0, 1.41421, -0.0543815, 0, 0, 0, 0, 0, 0, 0, 0, 0, 0, 0, 0, 0, 0, 0, 0, 0, 0, 2.75151e-06, 0, 0.0543787, 0, 0
20.9795, 0, 0.0540416, 0, 1.41421, -0.0540416, 0, 0, 0, 0, 0, 0, 0, 0, 0, 0, 0, 0, 0, 0, 0, 0, 0, 0, 2.75092e-06, 0, 0.0540389, 0, 0
20.9874, 0, 0.0536592, 0, 1.41421, -0.0536592, 0, 0, 0, 0, 0, 0, 0, 0, 0, 0, 0, 0, 0, 0, 0, 0, 0, 0, 2.73998e-06, 0, 0.0536565, 0, 0
20.9952, 0, 0.0532371, 0, 1.41421, -0.0532371, 0, 0, 0, 0, 0, 0, 0, 0, 0, 0, 0, 0, 0, 0, 0, 0, 0, 0, 2.71883e-06, 0, 0.0532344, 0, 0
21.0031, 0, 0.0527785, 0, 1.41421, -0.0527785, 0, 0, 0, 0, 0, 0, 0, 0, 0, 0, 0, 0, 0, 0, 0, 0, 0, 0, 2.68775e-06, 0, 0.0527758, 0, 0
21.011, 0, 0.0522864, 0, 1.41421, -0.0522864, 0, 0, 0, 0, 0, 0, 0, 0, 0, 0, 0, 0, 0, 0, 0, 0, 0, 0, 2.64715e-06, 0, 0.0522838, 0, 0
21.0189, 0, 0.0517638, 0, 1.41421, -0.0517638, 0, 0, 0, 0, 0, 0, 0, 0, 0, 0, 0, 0, 0, 0, 0, 0, 0, 0, 2.59751e-06, 0, 0.0517612, 0, 0
21.0267, 0, 0.0512142, 0, 1.41421, -0.0512142, 0, 0, 0, 0, 0, 0, 0, 0, 0, 0, 0, 0, 0, 0, 0, 0, 0, 0, 2.53945e-06, 0, 0.0512117, 0, 0
21.0346, 0, 0.0506406, 0, 1.41421, -0.0506406, 0, 0, 0, 0, 0, 0, 0, 0, 0, 0, 0, 0, 0, 0, 0, 0, 0, 0, 2.47365e-06, 0, 0.0506381, 0, 0
21.0425, 0, 0.0500466, 0, 1.41421, -0.0500466, 0, 0, 0, 0, 0, 0, 0, 0, 0, 0, 0, 0, 0, 0, 0, 0, 0, 0, 2.40094e-06, 0, 0.0500442, 0, 0
21.0503, 1, 0.049435, 0, 1.73205, 0.950565, 0, 0, 0, 0, 0, 0, 0, 0, 0, 0, 0, 0, 0, 0, 0, 0, 0, 0, 2.32211e-06, 0, 0.0494327, 0, 0
21.0582, 0.0351834, 0.0488087, 0, 1.4266, -0.0136254, 0, 0, 0, 0, 0, 0, 0, 0, 0, 0, 0, 0, 0, 0, 0, 0, 0, 0, 2.23803e-06, 0, 0.0488065, 0, 0
21.0661, 1.96482, 0.0481711, 0, 1.99118, 1.91665, 0, 0, 0, 0, 0, 0, 0, 0, 0, 0, 0, 0, 0, 0, 0, 0, 0, 0, 2.14966e-06, 0, 0.048169, 0, 0
21.074, 0, 0.0475249, 0, 1.41421, -0.0475249, 0, 0, 0, 0, 0, 0, 0, 0, 0, 0, 0, 0, 0, 0, 0, 0, 0, 0, 2.05795e-06, 0, 0.0475229, 0, 0
21.0818, 0, 0.0468723, 0, 1.41421, -0.0468723, 0, 0, 0, 0, 0, 0, 0, 0, 0, 0, 0, 0, 0, 0, 0, 0, 0, 0, 1.96376e-06, 0, 0.0468703, 0, 0
21.0897, 0, 0.0462161, 0, 1.41421, -0.0462161, 0, 0, 0, 0, 0, 0, 0, 0, 0, 0, 0, 0, 0, 0, 0, 0, 0, 0, 1.86807e-06, 0, 0.0462143, 0, 0
21.0976, 0, 0.0455585, 0, 1.41421, -0.0455585, 0, 0, 0, 0, 0, 0, 0, 0, 0, 0, 0, 0, 0, 0, 0, 0, 0, 0, 1.77176e-06, 0, 0.0455567, 0, 0
21.1054, 0, 0.0449015, 0, 1.41421, -0.0449015, 0, 0, 0, 0, 0, 0, 0, 0, 0, 0, 0, 0, 0, 0, 0, 0, 0, 0, 1.67569e-06, 0, 0.0448998, 0, 0
21.1133, 0, 0.0442469, 0, 1.41421, -0.0442469, 0, 0, 0, 0, 0, 0, 0, 0, 0, 0, 0, 0, 0, 0, 0, 0, 0, 0, 1.58065e-06, 0, 0.0442453, 0, 0
21.1212, 0, 0.0435961, 0, 1.41421, -0.0435961, 0, 0, 0, 0, 0, 0, 0, 0, 0, 0, 0, 0, 0, 0, 0, 0, 0, 0, 1.48739e-06, 0, 0.0435946, 0, 0
21.1291, 0, 0.0429507, 0, 1.41421, -0.0429507, 0, 0, 0, 0, 0, 0, 0, 0, 0, 0, 0, 0, 0, 0, 0, 0, 0, 0, 1.39658e-06, 0, 0.0429493, 0, 0
21.1369, 0, 0.042312, 0, 1.41421, -0.042312, 0, 0, 0, 0, 0, 0, 0, 0, 0, 0, 0, 0, 0, 0, 0, 0, 0, 0, 1.30887e-06, 0, 0.0423107, 0, 0
21.1448, 0, 0.0416807, 0, 1.41421, -0.0416807, 0, 0, 0, 0, 0, 0, 0, 0, 0, 0, 0, 0, 0, 0, 0, 0, 0, 0, 1.22474e-06, 0, 0.0416795, 0, 0
21.1527, 0, 0.0410574, 0, 1.41421, -0.0410574, 0, 0, 0, 0, 0, 0, 0, 0, 0, 0, 0, 0, 0, 0, 0, 0, 0, 0, 1.14463e-06, 0, 0.0410563, 0, 0
21.1605, 0, 0.0404431, 0, 1.41421, -0.0404431, 0, 0, 0, 0, 0, 0, 0, 0, 0, 0, 0, 0, 0, 0, 0, 0, 0, 0, 1.06895e-06, 0, 0.040442, 0, 0
21.1684, 0, 0.0398381, 0, 1.41421, -0.0398381, 0, 0, 0, 0, 0, 0, 0, 0, 0, 0, 0, 0, 0, 0, 0, 0, 0, 0, 9.97994e-07, 0, 0.0398371, 0, 0
21.1763, 0, 0.0392421, 0, 1.41421, -0.0392421, 0, 0, 0, 0, 0, 0, 0, 0, 0, 0, 0, 0, 0, 0, 0, 0, 0, 0, 9.31923e-07, 0, 0.0392412, 0, 0
21.1842, 0, 0.0386558, 0, 1.41421, -0.0386558, 0, 0, 0, 0, 0, 0, 0, 0, 0, 0, 0, 0, 0, 0, 0, 0, 0, 0, 8.70929e-07, 0, 0.038655, 0, 0
21.192, 0, 0.0380789, 0, 1.41421, -0.0380789, 0, 0, 0, 0, 0, 0, 0, 0, 0, 0, 0, 0, 0, 0, 0, 0, 0, 0, 8.15069e-07, 0, 0.0380781, 0, 0
21.1999, 0, 0.0375112, 0, 1.41421, -0.0375112, 0, 0, 0, 0, 0, 0, 0, 0, 0, 0, 0, 0, 0, 0, 0, 0, 0, 0, 7.64352e-07, 0, 0.0375105, 0, 0
21.2078, 0, 0.0369525, 0, 1.41421, -0.0369525, 0, 0, 0, 0, 0, 0, 0, 0, 0, 0, 0, 0, 0, 0, 0, 0, 0, 0, 7.18731e-07, 0, 0.0369518, 0, 0
21.2156, 0, 0.0364024, 0, 1.41421, -0.0364024, 0, 0, 0, 0, 0, 0, 0, 0, 0, 0, 0, 0, 0, 0, 0, 0, 0, 0, 6.78104e-07, 0, 0.0364017, 0, 0
21.2235, 0, 0.0358603, 0, 1.41421, -0.0358603, 0, 0, 0, 0, 0, 0, 0, 0, 0, 0, 0, 0, 0, 0, 0, 0, 0, 0, 6.42317e-07, 0, 0.0358597, 0, 0
21.2314, 0, 0.0353262, 0, 1.41421, -0.0353262, 0, 0, 0, 0, 0, 0, 0, 0, 0, 0, 0, 0, 0, 0, 0, 0, 0, 0, 6.1121e-07, 0, 0.0353256, 0, 0
21.2393, 0, 0.0347992, 0, 1.41421, -0.0347992, 0, 0, 0, 0, 0, 0, 0, 0, 0, 0, 0, 0, 0, 0, 0, 0, 0, 0, 5.84537e-07, 0, 0.0347986, 0, 0
21.2471, 0, 0.0342788, 0, 1.41421, -0.0342788, 0, 0, 0, 0, 0, 0, 0, 0, 0, 0, 0, 0, 0, 0, 0, 0, 0, 0, 5.62056e-07, 0, 0.0342782, 0, 0
21.255, 0, 0.0337646, 0, 1.41421, -0.0337646, 0, 0, 0, 0, 0, 0, 0, 0, 0, 0, 0, 0, 0, 0, 0, 0, 0, 0, 5.43508e-07, 0, 0.0337641, 0, 0
21.2629, 0, 0.0332561, 0, 1.41421, -0.0332561, 0, 0, 0, 0, 0, 0, 0, 0, 0, 0, 0, 0, 0, 0, 0, 0, 0, 0, 5.28602e-07, 0, 0.0332556, 0, 0
21.2707, 0, 0.0327528, 0, 1.41421, -0.0327528, 0, 0, 0, 0, 0, 0, 0, 0, 0, 0, 0, 0, 0, 0, 0, 0, 0, 0, 5.17038e-07, 0, 0.0327523, 0, 0
21.2786, 0, 0.0322542, 0, 1.41421, -0.0322542, 0, 0, 0, 0, 0, 0, 0, 0, 0, 0, 0, 0, 0, 0, 0, 0, 0, 0, 5.08511e-07, 0, 0.0322537, 0, 0
21.2865, 0, 0.0317597, 0, 1.41421, -0.0317597, 0, 0, 0, 0, 0, 0, 0, 0, 0, 0, 0, 0, 0, 0, 0, 0, 0, 0, 5.02709e-07, 0, 0.0317592, 0, 0
21.2944, 0, 0.0312692, 0, 1.41421, -0.0312692, 0, 0, 0, 0, 0, 0, 0, 0, 0, 0, 0, 0, 0, 0, 0, 0, 0, 0, 4.99325e-07, 0, 0.0312687, 0, 0
21.3022, 0.960109, 0.0307822, 0, 1.7205, 0.929327, 0, 0, 0, 0, 0, 0, 0, 0, 0, 0, 0, 0, 0, 0, 0, 0, 0, 0, 4.98048e-07, 0, 0.0307817, 0, 0
21.3101, 0.039891, 0.0302984, 3.79568e-18, 1.42825, 0.00959263, 0, 3.79568e-18, 3.79568e-18, 3.79568e-18, 3.79568e-18, 3.79568e-18, 3.79568e-18, 3.79568e-18, 3.79568e-18, 3.79568e-18, 3.79568e-18, 3.79568e-18, 3.79568e-18, 3.79568e-18, 3.79568e-18, 3.79568e-18, 3.79568e-18, 3.79568e-18, 4.98576e-07, 3.79568e-18, 0.0302979, 3.79568e-18, 3.79568e-18
21.318, 0, 0.0298175, 6.98548e-18, 1.41421, -0.0298175, 0, 6.98548e-18, 6.98548e-18, 6.98548e-18, 6.98548e-18, 6.98548e-18, 6.98548e-18, 6.98548e-18, 6.98548e-18, 6.98548e-18, 6.98548e-18, 6.98548e-18, 6.98548e-18, 6.98548e-18, 6.98548e-18, 6.98548e-18, 6.98548e-18, 6.98548e-18, 5.00612e-07, 6.98548e-18, 0.029817, 6.98548e-18, 6.98548e-18
21.3258, 0, 0.0293397, 4.64809e-18, 1.41421, -0.0293397, 0, 4.64809e-18, 4.64809e-18, 4.64809e-18, 4.64809e-18, 4.64809e-18, 4.64809e-18, 4.64809e-18, 4.64809e-18, 4.64809e-18, 4.64809e-18, 4.64809e-18, 4.64809e-18, 4.64809e-18, 4.64809e-18, 4.64809e-18, 4.64809e-18, 4.64809e-18, 5.03871e-07, 4.64809e-18, 0.0293392, 4.64809e-18, 4.64809e-18
21.3337, 1, 0.0288643, 1.16202e-18, 1.73205, 0.971136, 0, 1.16202e-18, 1.16202e-18, 1.16202e-18, 1.16202e-18, 1.16202e-18, 1.16202e-18, 1.16202e-18, 1.16202e-18, 1.16202e-18, 1.16202e-18, 1.16202e-18, 1.16202e-18, 1.16202e-18, 1.16202e-18, 1.16202e-18, 1.16202e-18, 1.16202e-18, 5.08079e-07, 1.16202e-18, 0.0288638, 1.16202e-18, 1.16202e-18
21.3416, 0, 0.0283917, 0, 1.41421, -0.0283917, 0, 0, 0, 0, 0, 0, 0, 0, 0, 0, 0, 0, 0, 0, 0, 0, 0, 0, 5.12972e-07, 0, 0.0283911, 0, 0
21.3495, 0, 0.0279216, 7.90537e-18, 1.41421, -0.0279216, 0, 7.90537e-18, 7.90537e-18, 7.90537e-18, 7.90537e-18, 7.90537e-18, 7.90537e-18, 7.90537e-18, 7.90537e-18, 7.90537e-18, 7.90537e-18, 7.90537e-18, 7.90537e-18, 7.90537e-18, 7.90537e-18, 7.90537e-18, 7.90537e-18, 7.90537e-18, 5.18305e-07, 7.90537e-18, 0.0279211, 7.90537e-18, 7.90537e-18
21.3573, 0, 0.0274543, 1.44249e-17, 1.41421, -0.0274543, 0, 1.44249e-17, 1.44249e-17, 1.44249e-17, 1.44249e-17, 1.44249e-17, 1.44249e-17, 1.44249e-17, 1.44249e-17, 1.44249e-17, 1.44249e-17, 1.44249e-17, 1.44249e-17, 1.44249e-17, 1.44249e-17, 1.44249e-17, 1.44249e-17, 1.44249e-17, 5.23845e-07, 1.44249e-17, 0.0274537, 1.44249e-17, 1.44249e-17
21.3652, 0, 0.0269896, 9.57964e-18, 1.41421, -0.0269896, 0, 9.57964e-18, 9.57964e-18, 9.57964e-18, 9.57964e-18, 9.57964e-18, 9.57964e-18, 9.57964e-18, 9.57964e-18, 9.57964e-18, 9.57964e-18, 9.57964e-18, 9.57964e-18, 9.57964e-18, 9.57964e-18, 9.57964e-18, 9.57964e-18, 9.57964e-18, 5.29377e-07, 9.57964e-18, 0.0269891, 9.57964e-18, 9.57964e-18
21.3731, 0, 0.0265279, 2.39491e-18, 1.41421, -0.0265279, 0, 2.39491e-18, 2.39491e-18, 2.39491e-18, 2.39491e-18, 2.39491e-18, 2.39491e-18, 2.39491e-18, 2.39491e-18, 2.39491e-18, 2.39491e-18, 2.39491e-18, 2.39491e-18, 2.39491e-18, 2.39491e-18, 2.39491e-18, 2.39491e-18, 2.39491e-18, 5.34703e-07, 2.39491e-18, 0.0265274, 2.39491e-18, 2.39491e-18
21.3809, 0, 0.0260691, 0, 1.41421, -0.0260691, 0, 0, 0, 0, 0, 0, 0, 0, 0, 0, 0, 0, 0, 0, 0, 0, 0, 0, 5.39647e-07, 0, 0.0260686, 0, 0
21.3888, 0, 0.0256138, 1.04281e-17, 1.41421, -0.0256138, 0, 1.04281e-17, 1.04281e-17, 1.04281e-17, 1.04281e-17, 1.04281e-17, 1.04281e-17, 1.04281e-17, 1.04281e-17, 1.04281e-17, 1.04281e-17, 1.04281e-17, 1.04281e-17, 1.04281e-17, 1.04281e-17, 1.04281e-17, 1.04281e-17, 1.04281e-17, 5.44044e-07, 1.04281e-17, 0.0256133, 1.04281e-17, 1.04281e-17
21.3967, 0, 0.0251619, 1.87395e-17, 1.41421, -0.0251619, 0, 1.87395e-17, 1.87395e-17, 1.87395e-17, 1.87395e-17, 1.87395e-17, 1.87395e-17, 1.87395e-17, 1.87395e-17, 1.87395e-17, 1.87395e-17, 1.87395e-17, 1.87395e-17, 1.87395e-17, 1.87395e-17, 1.87395e-17, 1.87395e-17, 1.87395e-17, 5.47757e-07, 1.87395e-17, 0.0251614, 1.87395e-17, 1.87395e-17
21.4046, 0, 0.0247136, 1.24017e-17, 1.41421, -0.0247136, 0, 1.24017e-17, 1.24017e-17, 1.24017e-17, 1.24017e-17, 1.24017e-17, 1.24017e-17, 1.24017e-17, 1.24017e-17, 1.24017e-17, 1.24017e-17, 1.24017e-17, 1.24017e-17, 1.24017e-17, 1.24017e-17, 1.24017e-17, 1.24017e-17, 1.24017e-17, 5.50665e-07, 1.24017e-17, 0.024713, 1.24017e-17, 1.24017e-17
21.4124, 0, 0.0242694, 3.10042e-18, 1.41421, -0.0242694, 0, 3.10042e-18, 3.10042e-18, 3.10042e-18, 3.10042e-18, 3.10042e-18, 3.10042e-18, 3.10042e-18, 3.10042e-18, 3.10042e-18, 3.10042e-18, 3.10042e-18, 3.10042e-18, 3.10042e-18, 3.10042e-18, 3.10042e-18, 3.10042e-18, 3.10042e-18, 5.52668e-07, 3.10042e-18, 0.0242689, 3.10042e-18, 3.10042e-18
21.4203, 0, 0.0238296, 2.60201e-33, 1.41421, -0.0238296, 0, 2.60201e-33, 2.60201e-33, 2.60201e-33, 2.60201e-33, 2.60201e-33, 2.60201e-33, 2.60201e-33, 2.60201e-33, 2.60201e-33, 2.60201e-33, 2.60201e-33, 2.60201e-33, 2.60201e-33, 2.60201e-33, 2.60201e-33, 2.60201e-33, 2.60201e-33, 5.53685e-07, 2.60201e-33, 0.0238291, 2.60201e-33, 2.60201e-33
21.4282, 0.921666, 0.0233942, 1.22871e-17, 1.70929, 0.898272, 0, 1.22871e-17, 1.22871e-17, 1.22871e-17, 1.22871e-17, 1.22871e-17, 1.22871e-17, 1.22871e-17, 1.22871e-17, 1.22871e-17, 1.22871e-17, 1.22871e-17, 1.22871e-17, 1.22871e-17, 1.22871e-17, 1.22871e-17, 1.22871e-17, 1.22871e-17, 5.53657e-07, 1.22871e-17, 0.0233937, 1.22871e-17, 1.22871e-17
21.436, 0.0783342, 0.0229638, 2.20538e-17, 1.44164, 0.0553704, 0, 2.20538e-17, 2.20538e-17, 2.20538e-17, 2.20538e-17, 2.20538e-17, 2.20538e-17, 2.20538e-17, 2.20538e-17, 2.20538e-17, 2.20538e-17, 2.20538e-17, 2.20538e-17, 2.20538e-17, 2.20538e-17, 2.20538e-17, 2.20538e-17, 2.20538e-17, 5.52545e-07, 2.20538e-17, 0.0229632, 2.20538e-17, 2.20538e-17
21.4439, 0, 0.0225385, 1.45911e-17, 1.41421, -0.0225385, 0, 1.45911e-17, 1.45911e-17, 1.45911e-17, 1.45911e-17, 1.45911e-17, 1.45911e-17, 1.45911e-17, 1.45911e-17, 1.45911e-17, 1.45911e-17, 1.45911e-17, 1.45911e-17, 1.45911e-17, 1.45911e-17, 1.45911e-17, 1.45911e-17, 1.45911e-17, 5.50325e-07, 1.45911e-17, 0.0225379, 1.45911e-17, 1.45911e-17
21.4518, 0, 0.0221186, 3.64777e-18, 1.41421, -0.0221186, 0, 3.64777e-18, 3.64777e-18, 3.64777e-18, 3.64777e-18, 3.64777e-18, 3.64777e-18, 3.64777e-18, 3.64777e-18, 3.64777e-18, 3.64777e-18, 3.64777e-18, 3.64777e-18, 3.64777e-18, 3.64777e-18, 3.64777e-18, 3.64777e-18, 3.64777e-18, 5.46998e-07, 3.64777e-18, 0.022118, 3.64777e-18, 3.64777e-18
21.4597, 1, 0.0217043, 1.0408e-32, 1.73205, 0.978296, 0, 1.0408e-32, 1.0408e-32, 1.0408e-32, 1.0408e-32, 1.0408e-32, 1.0408e-32, 1.0408e-32, 1.0408e-32, 1.0408e-32, 1.0408e-32, 1.0408e-32, 1.0408e-32, 1.0408e-32, 1.0408e-32, 1.0408e-32, 1.0408e-32, 1.0408e-32, 5.42578e-07, 1.0408e-32, 0.0217038, 1.0408e-32, 1.0408e-32
21.4675, 0, 0.021296, 1.12215e-17, 1.41421, -0.021296, 0, 1.12215e-17, 1.12215e-17, 1.12215e-17, 1.12215e-17, 1.12215e-17, 1.12215e-17, 1.12215e-17, 1.12215e-17, 1.12215e-17, 1.12215e-17, 1.12215e-17, 1.12215e-17, 1.12215e-17, 1.12215e-17, 1.12215e-17, 1.12215e-17, 1.12215e-17, 5.37096e-07, 1.12215e-17, 0.0212955, 1.12215e-17, 1.12215e-17
21.4754, 0, 0.0208938, 2.0041e-17, 1.41421, -0.0208938, 0, 2.0041e-17, 2.0041e-17, 2.0041e-17, 2.0041e-17, 2.0041e-17, 2.0041e-17, 2.0041e-17, 2.0041e-17, 2.0041e-17, 2.0041e-17, 2.0041e-17, 2.0041e-17, 2.0041e-17, 2.0041e-17, 2.0041e-17, 2.0041e-17, 2.0041e-17, 5.30597e-07, 2.0041e-17, 0.0208932, 2.0041e-17, 2.0041e-17
21.4833, 0, 0.020498, 1.32441e-17, 1.41421, -0.020498, 0, 1.32441e-17, 1.32441e-17, 1.32441e-17, 1.32441e-17, 1.32441e-17, 1.32441e-17, 1.32441e-17, 1.32441e-17, 1.32441e-17, 1.32441e-17, 1.32441e-17, 1.32441e-17, 1.32441e-17, 1.32441e-17, 1.32441e-17, 1.32441e-17, 1.32441e-17, 5.23146e-07, 1.32441e-17, 0.0204975, 1.32441e-17, 1.32441e-17
21.4911, 0.902354, 0.0201087, 3.31104e-18, 1.70363, 0.882246, 0, 3.31104e-18, 3.31104e-18, 3.31104e-18, 3.31104e-18, 3.31104e-18, 3.31104e-18, 3.31104e-18, 3.31104e-18, 3.31104e-18, 3.31104e-18, 3.31104e-18, 3.31104e-18, 3.31104e-18, 3.31104e-18, 3.31104e-18, 3.31104e-18, 3.31104e-18, 5.1481e-07, 3.31104e-18, 0.0201082, 3.31104e-18, 3.31104e-18
21.499, 0.0976456, 0.0197259, 1.0408e-32, 1.44833, 0.0779197, 0, 1.0408e-32, 1.0408e-32, 1.0408e-32, 1.0408e-32, 1.0408e-32, 1.0408e-32, 1.0408e-32, 1.0408e-32, 1.0408e-32, 1.0408e-32, 1.0408e-32, 1.0408e-32, 1.0408e-32, 1.0408e-32, 1.0408e-32, 1.0408e-32, 1.0408e-32, 5.0567e-07, 1.0408e-32, 0.0197254, 1.0408e-32, 1.0408e-32
21.5069, 0, 0.0193501, 8.29513e-18, 1.41421, -0.0193501, 0, 8.29513e-18, 8.29513e-18, 8.29513e-18, 8.29513e-18, 8.29513e-18, 8.29513e-18, 8.29513e-18, 8.29513e-18, 8.29513e-18, 8.29513e-18, 8.29513e-18, 8.29513e-18, 8.29513e-18, 8.29513e-18, 8.29513e-18, 8.29513e-18, 8.29513e-18, 4.95822e-07, 8.29513e-18, 0.0193496, 8.29513e-18, 8.29513e-18
21.5148, 0, 0.0189811, 1.49521e-17, 1.41421, -0.0189811, 0, 1.49521e-17, 1.49521e-17, 1.49521e-17, 1.49521e-17, 1.49521e-17, 1.49521e-17, 1.49521e-17, 1.49521e-17, 1.49521e-17, 1.49521e-17, 1.49521e-17, 1.49521e-17, 1.49521e-17, 1.49521e-17, 1.49521e-17, 1.49521e-17, 1.49521e-17, 4.85358e-07, 1.49521e-17, 0.0189806, 1.49521e-17, 1.49521e-17
21.5226, 0, 0.0186191, 9.90215e-18, 1.41421, -0.0186191, 0, 9.90215e-18, 9.90215e-18, 9.90215e-18, 9.90215e-18, 9.90215e-18, 9.90215e-18, 9.90215e-18, 9.90215e-18, 9.90215e-18, 9.90215e-18, 9.90215e-18, 9.90215e-18, 9.90215e-18, 9.90215e-18, 9.90215e-18, 9.90215e-18, 9.90215e-18, 4.74381e-07, 9.90215e-18, 0.0186186, 9.90215e-18, 9.90215e-18
21.5305, 0, 0.0182641, 2.47554e-18, 1.41421, -0.0182641, 0, 2.47554e-18, 2.47554e-18, 2.47554e-18, 2.47554e-18, 2.47554e-18, 2.47554e-18, 2.47554e-18, 2.47554e-18, 2.47554e-18, 2.47554e-18, 2.47554e-18, 2.47554e-18, 2.47554e-18, 2.47554e-18, 2.47554e-18, 2.47554e-18, 2.47554e-18, 4.62995e-07, 2.47554e-18, 0.0182636, 2.47554e-18, 2.47554e-18
21.5384, 0.888008, 0.017916, 1.0408e-32, 1.69941, 0.870092, 0, 1.0408e-32, 1.0408e-32, 1.0408e-32, 1.0408e-32, 1.0408e-32, 1.0408e-32, 1.0408e-32, 1.0408e-32, 1.0408e-32, 1.0408e-32, 1.0408e-32, 1.0408e-32, 1.0408e-32, 1.0408e-32, 1.0408e-32, 1.0408e-32, 1.0408e-32, 4.51299e-07, 1.0408e-32, 0.0179156, 1.0408e-32, 1.0408e-32
21.5462, 0.111992, 0.0175752, 4.72112e-18, 1.45327, 0.0944169, 0, 4.72112e-18, 4.72112e-18, 4.72112e-18, 4.72112e-18, 4.72112e-18, 4.72112e-18, 4.72112e-18, 4.72112e-18, 4.72112e-18, 4.72112e-18, 4.72112e-18, 4.72112e-18, 4.72112e-18, 4.72112e-18, 4.72112e-18, 4.72112e-18, 4.72112e-18, 4.39408e-07, 4.72112e-18, 0.0175748, 4.72112e-18, 4.72112e-18
21.5541, 0, 0.0172413, 8.5513e-18, 1.41421, -0.0172413, 0, 8.5513e-18, 8.5513e-18, 8.5513e-18, 8.5513e-18, 8.5513e-18, 8.5513e-18, 8.5513e-18, 8.5513e-18, 8.5513e-18, 8.5513e-18, 8.5513e-18, 8.5513e-18, 8.5513e-18, 8.5513e-18, 8.5513e-18, 8.5513e-18, 8.5513e-18, 4.27413e-07, 8.5513e-18, 0.0172409, 8.5513e-18, 8.5513e-18
21.562, 0, 0.0169143, 5.66943e-18, 1.41421, -0.0169143, 0, 5.66943e-18, 5.66943e-18, 5.66943e-18, 5.66943e-18, 5.66943e-18, 5.66943e-18, 5.66943e-18, 5.66943e-18, 5.66943e-18, 5.66943e-18, 5.66943e-18, 5.66943e-18, 5.66943e-18, 5.66943e-18, 5.66943e-18, 5.66943e-18, 5.66943e-18, 4.1541e-07, 5.66943e-18, 0.0169139, 5.66943e-18, 5.66943e-18
21.5699, 0, 0.0165944, 1.41736e-18, 1.41421, -0.0165944, 0, 1.41736e-18, 1.41736e-18, 1.41736e-18, 1.41736e-18, 1.41736e-18, 1.41736e-18, 1.41736e-18, 1.41736e-18, 1.41736e-18, 1.41736e-18, 1.41736e-18, 1.41736e-18, 1.41736e-18, 1.41736e-18, 1.41736e-18, 1.41736e-18, 1.41736e-18, 4.03497e-07, 1.41736e-18, 0.016594, 1.41736e-18, 1.41736e-18
21.5777, 0, 0.0162813, 5.85451e-33, 1.41421, -0.0162813, 0, 5.85451e-33, 5.85451e-33, 5.85451e-33, 5.85451e-33, 5.85451e-33, 5.85451e-33, 5.85451e-33, 5.85451e-33, 5.85451e-33, 5.85451e-33, 5.85451e-33, 5.85451e-33, 5.85451e-33, 5.85451e-33, 5.85451e-33, 5.85451e-33, 5.85451e-33, 3.9176e-07, 5.85451e-33, 0.0162809, 5.85451e-33, 5.85451e-33
21.5856, 0, 0.0159748, 1.52656e-18, 1.41421, -0.0159748, 0, 1.52656e-18, 1.52656e-18, 1.52656e-18, 1.52656e-18, 1.52656e-18, 1.52656e-18, 1.52656e-18, 1.52656e-18, 1.52656e-18, 1.52656e-18, 1.52656e-18, 1.52656e-18, 1.52656e-18, 1.52656e-18, 1.52656e-18, 1.52656e-18, 1.52656e-18, 3.80266e-07, 1.52656e-18, 0.0159745, 1.52656e-18, 1.52656e-18
21.5935, 0, 0.0156751, 2.76213e-18, 1.41421, -0.0156751, 0, 2.76213e-18, 2.76213e-18, 2.76213e-18, 2.76213e-18, 2.76213e-18, 2.76213e-18, 2.76213e-18, 2.76213e-18, 2.76213e-18, 2.76213e-18, 2.76213e-18, 2.76213e-18, 2.76213e-18, 2.76213e-18, 2.76213e-18, 2.76213e-18, 2.76213e-18, 3.69095e-07, 2.76213e-18, 0.0156747, 2.76213e-18, 2.76213e-18
21.6013, 0.868682, 0.0153819, 1.83083e-18, 1.69372, 0.8533, 0, 1.83083e-18, 1.83083e-18, 1.83083e-18, 1.83083e-18, 1.83083e-18, 1.83083e-18, 1.83083e-18, 1.83083e-18, 1.83083e-18, 1.83083e-18, 1.83083e-18, 1.83083e-18, 1.83083e-18, 1.83083e-18, 1.83083e-18, 1.83083e-18, 1.83083e-18, 3.58304e-07, 1.83083e-18, 0.0153815, 1.83083e-18, 1.83083e-18
21.6092, 0.131318, 0.0150951, 4.57708e-19, 1.4599, 0.116223, 0, 4.57708e-19, 4.57708e-19, 4.57708e-19, 4.57708e-19, 4.57708e-19, 4.57708e-19, 4.57708e-19, 4.57708e-19, 4.57708e-19, 4.57708e-19, 4.57708e-19, 4.57708e-19, 4.57708e-19, 4.57708e-19, 4.57708e-19, 4.57708e-19, 4.57708e-19, 3.47946e-07, 4.57708e-19, 0.0150947, 4.57708e-19, 4.57708e-19
21.6171, 0, 0.0148145, 1.46363e-33, 1.41421, -0.0148145, 0, 1.46363e-33, 1.46363e-33, 1.46363e-33, 1.46363e-33, 1.46363e-33, 1.46363e-33, 1.46363e-33, 1.46363e-33, 1.46363e-33, 1.46363e-33, 1.46363e-33, 1.46363e-33, 1.46363e-33, 1.46363e-33, 1.46363e-33, 1.46363e-33, 1.46363e-33, 3.38063e-07, 1.46363e-33, 0.0148141, 1.46363e-33, 1.46363e-33
21.6249, 0, 0.01454, 1.02277e-33, 1.41421, -0.01454, 0, 1.02277e-33, 1.02277e-33, 1.02277e-33, 1.02277e-33, 1.02277e-33, 1.02277e-33, 1.02277e-33, 1.02277e-33, 1.02277e-33, 1.02277e-33, 1.02277e-33, 1.02277e-33, 1.02277e-33, 1.02277e-33, 1.02277e-33, 1.02277e-33, 1.02277e-33, 3.28689e-07, 1.02277e-33, 0.0145397, 1.02277e-33, 1.02277e-33
21.6328, 0, 0.0142714, 6.15413e-34, 1.41421, -0.0142714, 0, 6.15413e-34, 6.15413e-34, 6.15413e-34, 6.15413e-34, 6.15413e-34, 6.15413e-34, 6.15413e-34, 6.15413e-34, 6.15413e-34, 6.15413e-34, 6.15413e-34, 6.15413e-34, 6.15413e-34, 6.15413e-34, 6.15413e-34, 6.15413e-34, 6.15413e-34, 3.19848e-07, 6.15413e-34, 0.0142711, 6.15413e-34, 6.15413e-34
21.6407, 0, 0.0140088, 2.82654e-34, 1.41421, -0.0140088, 0, 2.82654e-34, 2.82654e-34, 2.82654e-34, 2.82654e-34, 2.82654e-34, 2.82654e-34, 2.82654e-34, 2.82654e-34, 2.82654e-34, 2.82654e-34, 2.82654e-34, 2.82654e-34, 2.82654e-34, 2.82654e-34, 2.82654e-34, 2.82654e-34, 2.82654e-34, 3.11564e-07, 2.82654e-34, 0.0140085, 2.82654e-34, 2.82654e-34
21.6486, 0, 0.0137517, 7.06636e-35, 1.41421, -0.0137517, 0, 7.06636e-35, 7.06636e-35, 7.06636e-35, 7.06636e-35, 7.06636e-35, 7.06636e-35, 7.06636e-35, 7.06636e-35, 7.06636e-35, 7.06636e-35, 7.06636e-35, 7.06636e-35, 7.06636e-35, 7.06636e-35, 7.06636e-35, 7.06636e-35, 7.06636e-35, 3.03839e-07, 7.06636e-35, 0.0137514, 7.06636e-35, 7.06636e-35
21.6564, 0, 0.0135001, 0, 1.41421, -0.0135001, 0, 0, 0, 0, 0, 0, 0, 0, 0, 0, 0, 0, 0, 0, 0, 0, 0, 0, 2.96676e-07, 0, 0.0134998, 0, 0
21.6643, 0, 0.0132538, 0, 1.41421, -0.0132538, 0, 0, 0, 0, 0, 0, 0, 0, 0, 0, 0, 0, 0, 0, 0, 0, 0, 0, 2.90074e-07, 0, 0.0132535, 0, 0
21.6722, 0, 0.0130127, 0, 1.41421, -0.0130127, 0, 0, 0, 0, 0, 0, 0, 0, 0, 0, 0, 0, 0, 0, 0, 0, 0, 0, 2.84022e-07, 0, 0.0130124, 0, 0
21.68, 0, 0.0127764, 0, 1.41421, -0.0127764, 0, 0, 0, 0, 0, 0, 0, 0, 0, 0, 0, 0, 0, 0, 0, 0, 0, 0, 2.78501e-07, 0, 0.0127761, 0, 0
21.6879, 0, 0.012545, 0, 1.41421, -0.012545, 0, 0, 0, 0, 0, 0, 0, 0, 0, 0, 0, 0, 0, 0, 0, 0, 0, 0, 2.73495e-07, 0, 0.0125448, 0, 0
21.6958, 0, 0.0123183, 0, 1.41421, -0.0123183, 0, 0, 0, 0, 0, 0, 0, 0, 0, 0, 0, 0, 0, 0, 0, 0, 0, 0, 2.68981e-07, 0, 0.012318, 0, 0
21.7037, 0, 0.012096, 0, 1.41421, -0.012096, 0, 0, 0, 0, 0, 0, 0, 0, 0, 0, 0, 0, 0, 0, 0, 0, 0, 0, 2.64932e-07, 0, 0.0120958, 0, 0
21.7115, 0, 0.0118781, 0, 1.41421, -0.0118781, 0, 0, 0, 0, 0, 0, 0, 0, 0, 0, 0, 0, 0, 0, 0, 0, 0, 0, 2.6132e-07, 0, 0.0118778, 0, 0
21.7194, 0, 0.0116643, 0, 1.41421, -0.0116643, 0, 0, 0, 0, 0, 0, 0, 0, 0, 0, 0, 0, 0, 0, 0, 0, 0, 0, 2.58117e-07, 0, 0.011664, 0, 0
21.7273, 0, 0.0114545, 0, 1.41421, -0.0114545, 0, 0, 0, 0, 0, 0, 0, 0, 0, 0, 0, 0, 0, 0, 0, 0, 0, 0, 2.55293e-07, 0, 0.0114542, 0, 0
21.7351, 0, 0.0112486, 0, 1.41421, -0.0112486, 0, 0, 0, 0, 0, 0, 0, 0, 0, 0, 0, 0, 0, 0, 0, 0, 0, 0, 2.52818e-07, 0, 0.0112483, 0, 0
21.743, 0, 0.0110464, 0, 1.41421, -0.0110464, 0, 0, 0, 0, 0, 0, 0, 0, 0, 0, 0, 0, 0, 0, 0, 0, 0, 0, 2.50663e-07, 0, 0.0110461, 0, 0
21.7509, 0, 0.0108476, 0, 1.41421, -0.0108476, 0, 0, 0, 0, 0, 0, 0, 0, 0, 0, 0, 0, 0, 0, 0, 0, 0, 0, 2.48796e-07, 0, 0.0108474, 0, 0
21.7588, 0, 0.0106524, 0, 1.41421, -0.0106524, 0, 0, 0, 0, 0, 0, 0, 0, 0, 0, 0, 0, 0, 0, 0, 0, 0, 0, 2.47192e-07, 0, 0.0106521, 0, 0
21.7666, 0, 0.0104604, 0, 1.41421, -0.0104604, 0, 0, 0, 0, 0, 0, 0, 0, 0, 0, 0, 0, 0, 0, 0, 0, 0, 0, 2.45823e-07, 0, 0.0104601, 0, 0
21.7745, 0, 0.0102715, 0, 1.41421, -0.0102715, 0, 0, 0, 0, 0, 0, 0, 0, 0, 0, 0, 0, 0, 0, 0, 0, 0, 0, 2.44665e-07, 0, 0.0102713, 0, 0
21.7824, 0, 0.0100857, 0, 1.41421, -0.0100857, 0, 0, 0, 0, 0, 0, 0, 0, 0, 0, 0, 0, 0, 0, 0, 0, 0, 0, 2.43692e-07, 0, 0.0100855, 0, 0
21.7902, 0, 0.00990275, 0, 1.41421, -0.00990275, 0, 0, 0, 0, 0, 0, 0, 0, 0, 0, 0, 0, 0, 0, 0, 0, 0, 0, 2.42884e-07, 0, 0.00990251, 0, 0
21.7981, 1, 0.00972266, 0, 1.73205, 0.990277, 0, 0, 0, 0, 0, 0, 0, 0, 0, 0, 0, 0, 0, 0, 0, 0, 0, 0, 2.4222e-07, 0, 0.00972242, 0, 0
21.806, 0, 0.00954519, 0, 1.41421, -0.00954519, 0, 0, 0, 0, 0, 0, 0, 0, 0, 0, 0, 0, 0, 0, 0, 0, 0, 0, 2.41681e-07, 0, 0.00954495, 0, 0
21.8139, 0, 0.00937024, 0, 1.41421, -0.00937024, 0, 0, 0, 0, 0, 0, 0, 0, 0, 0, 0, 0, 0, 0, 0, 0, 0, 0, 2.41252e-07, 0, 0.00937, 0, 0
21.8217, 0, 0.00919781, 0, 1.41421, -0.00919781, 0, 0, 0, 0, 0, 0, 0, 0, 0, 0, 0, 0, 0, 0, 0, 0, 0, 0, 2.40917e-07, 0, 0.00919757, 0, 0
21.8296, 0, 0.00902778, 0, 1.41421, -0.00902778, 0, 0, 0, 0, 0, 0, 0, 0, 0, 0, 0, 0, 0, 0, 0, 0, 0, 0, 2.40662e-07, 0, 0.00902754, 0, 0
21.8375, 0, 0.00885996, 0, 1.41421, -0.00885996, 0, 0, 0, 0, 0, 0, 0, 0, 0, 0, 0, 0, 0, 0, 0, 0, 0, 0, 2.40477e-07, 0, 0.00885972, 0, 0
21.8453, 0, 0.00869437, 0, 1.41421, -0.00869437, 0, 0, 0, 0, 0, 0, 0, 0, 0, 0, 0, 0, 0, 0, 0, 0, 0, 0, 2.4035e-07, 0, 0.00869413, 0, 0
21.8532, 0, 0.00853091, 0, 1.41421, -0.00853091, 0, 0, 0, 0, 0, 0, 0, 0, 0, 0, 0, 0, 0, 0, 0, 0, 0, 0, 2.40272e-07, 0, 0.00853067, 0, 0
21.8611, 0, 0.0083695, 0, 1.41421, -0.0083695, 0, 0, 0, 0, 0, 0, 0, 0, 0, 0, 0, 0, 0, 0, 0, 0, 0, 0, 2.40236e-07, 0, 0.00836926, 0, 0
21.869, 0, 0.00821008, 0, 1.41421, -0.00821008, 0, 0, 0, 0, 0, 0, 0, 0, 0, 0, 0, 0, 0, 0, 0, 0, 0, 0, 2.40235e-07, 0, 0.00820984, 0, 0
21.8768, 1, 0.00805258, 0, 1.73205, 0.991947, 0, 0, 0, 0, 0, 0, 0, 0, 0, 0, 0, 0, 0, 0, 0, 0, 0, 0, 2.40263e-07, 0, 0.00805234, 0, 0
21.8847, 0, 0.00789693, 0, 1.41421, -0.00789693, 0, 0, 0, 0, 0, 0, 0, 0, 0, 0, 0, 0, 0, 0, 0, 0, 0, 0, 2.40314e-07, 0, 0.00789669, 0, 0
21.8926, 0.779485, 0.00774317, 0, 1.66718, 0.771741, 0, 0, 0, 0, 0, 0, 0, 0, 0, 0, 0, 0, 0, 0, 0, 0, 0, 0, 2.40385e-07, 0, 0.00774293, 0, 0
21.9004, 0.220515, 0.00759116, 0, 1.49014, 0.212924, 0, 0, 0, 0, 0, 0, 0, 0, 0, 0, 0, 0, 0, 0, 0, 0, 0, 0, 2.40473e-07, 0, 0.00759092, 0, 0
21.9083, 0, 0.00744085, 0, 1.41421, -0.00744085, 0, 0, 0, 0, 0, 0, 0, 0, 0, 0, 0, 0, 0, 0, 0, 0, 0, 0, 2.40573e-07, 0, 0.00744061, 0, 0
21.9162, 0.772434, 0.00729229, 0, 1.66506, 0.765142, 0, 0, 0, 0, 0, 0, 0, 0, 0, 0, 0, 0, 0, 0, 0, 0, 0, 0, 2.40684e-07, 0, 0.00729205, 0, 0
21.9241, 0.227566, 0.00714545, 0, 1.4925, 0.22042, 0, 0, 0, 0, 0, 0, 0, 0, 0, 0, 0, 0, 0, 0, 0, 0, 0, 0, 2.40803e-07, 0, 0.00714521, 0, 0
21.9319, 0, 0.0070002, 0, 1.41421, -0.0070002, 0, 0, 0, 0, 0, 0, 0, 0, 0, 0, 0, 0, 0, 0, 0, 0, 0, 0, 2.4093e-07, 0, 0.00699996, 0, 0
21.9398, 0, 0.00685661, 0, 1.41421, -0.00685661, 0, 0, 0, 0, 0, 0, 0, 0, 0, 0, 0, 0, 0, 0, 0, 0, 0, 0, 2.41061e-07, 0, 0.00685637, 0, 0
21.9477, 0, 0.00671464, 0, 1.41421, -0.00671464, 0, 0, 0, 0, 0, 0, 0, 0, 0, 0, 0, 0, 0, 0, 0, 0, 0, 0, 2.41197e-07, 0, 0.0067144, 0, 0
21.9555, 0, 0.00657427, 0, 1.41421, -0.00657427, 0, 0, 0, 0, 0, 0, 0, 0, 0, 0, 0, 0, 0, 0, 0, 0, 0, 0, 2.41336e-07, 0, 0.00657403, 0, 0
21.9634, 0, 0.0064355, 0, 1.41421, -0.0064355, 0, 0, 0, 0, 0, 0, 0, 0, 0, 0, 0, 0, 0, 0, 0, 0, 0, 0, 2.41478e-07, 0, 0.00643526, 0, 0
21.9713, 0, 0.0062983, 0, 1.41421, -0.0062983, 0, 0, 0, 0, 0, 0, 0, 0, 0, 0, 0, 0, 0, 0, 0, 0, 0, 0, 2.41623e-07, 0, 0.00629806, 0, 0
21.9792, 0, 0.00616265, 0, 1.41421, -0.00616265, 0, 0, 0, 0, 0, 0, 0, 0, 0, 0, 0, 0, 0, 0, 0, 0, 0, 0, 2.4177e-07, 0, 0.00616241, 0, 0
21.987, 0, 0.00602863, 0, 1.41421, -0.00602863, 0, 0, 0, 0, 0, 0, 0, 0, 0, 0, 0, 0, 0, 0, 0, 0, 0, 0, 2.4192e-07, 0, 0.00602838, 0, 0
21.9949, 0, 0.00589614, 0, 1.41421, -0.00589614, 0, 0, 0, 0, 0, 0, 0, 0, 0, 0, 0, 0, 0, 0, 0, 0, 0, 0, 2.42077e-07, 0, 0.00589589, 0, 0
22.0028, 0, 0.00576518, 0, 1.41421, -0.00576518, 0, 0, 0, 0, 0, 0, 0, 0, 0, 0, 0, 0, 0, 0, 0, 0, 0, 0, 2.42241e-07, 0, 0.00576494, 0, 0
22.0106, 0, 0.00563582, 0, 1.41421, -0.00563582, 0, 0, 0, 0, 0, 0, 0, 0, 0, 0, 0, 0, 0, 0, 0, 0, 0, 0, 2.42417e-07, 0, 0.00563558, 0, 0
22.0185, 0, 0.00550803, 0, 1.41421, -0.00550803, 0, 0, 0, 0, 0, 0, 0, 0, 0, 0, 0, 0, 0, 0, 0, 0, 0, 0, 2.42618e-07, 0, 0.00550778, 0, 0
22.0264, 0.738355, 0.0053818, 0, 1.6548, 0.732973, 0, 0, 0, 0, 0, 0, 0, 0, 0, 0, 0, 0, 0, 0, 0, 0, 0, 0, 2.42877e-07, 0, 0.00538156, 0, 0
22.0343, 0.261645, 0.00525715, 0, 1.50388, 0.256388, 0, 0, 0, 0, 0, 0, 0, 0, 0, 0, 0, 0, 0, 0, 0, 0, 0, 0, 2.43463e-07, 0, 0.00525691, 0, 0
22.0421, 0, 0.00513405, 0, 1.41421, -0.00513405, 0, 0, 0, 0, 0, 0, 0, 0, 0, 0, 0, 0, 0, 0, 0, 0, 0, 0, 2.4416e-07, 0, 0.00513381, 0, 0
22.05, 0, 0.0050126, 0, 1.41421, -0.0050126, 0, 0, 0, 0, 0, 0, 0, 0, 0, 0, 0, 0, 0, 0, 0, 0, 0, 0, 2.45288e-07, 0, 0.00501236, 0, 0
22.0579, 1, 0.00489273, 0, 1.73205, 0.995107, 0, 0, 0, 0, 0, 0, 0, 0, 0, 0, 0, 0, 0, 0, 0, 0, 0, 0, 2.46856e-07, 0, 0.00489248, 0, 0
22.0657, 0, 0.00477444, 0, 1.41421, -0.00477444, 0, 0, 0, 0, 0, 0, 0, 0, 0, 0, 0, 0, 0, 0, 0, 0, 0, 0, 2.48725e-07, 0, 0.00477419, 0, 0
22.0736, 0, 0.00465781, 0, 1.41421, -0.00465781, 0, 0, 0, 0, 0, 0, 0, 0, 0, 0, 0, 0, 0, 0, 0, 0, 0, 0, 2.51308e-07, 0, 0.00465756, 0, 0
22.0815, 0, 0.00454286, 0, 1.41421, -0.00454286, 0, 0, 0, 0, 0, 0, 0, 0, 0, 0, 0, 0, 0, 0, 0, 0, 0, 0, 2.54925e-07, 0, 0.00454261, 0, 0
22.0894, 0, 0.00442953, 0, 1.41421, -0.00442953, 0, 0, 0, 0, 0, 0, 0, 0, 0, 0, 0, 0, 0, 0, 0, 0, 0, 0, 2.60007e-07, 0, 0.00442927, 0, 0
22.0972, 0, 0.00431793, 0, 1.41421, -0.00431793, 0, 0, 0, 0, 0, 0, 0, 0, 0, 0, 0, 0, 0, 0, 0, 0, 0, 0, 2.67139e-07, 0, 0.00431766, 0, 0
22.1051, 0, 0.00420805, 0, 1.41421, -0.00420805, 0, 0, 0, 0, 0, 0, 0, 0, 0, 0, 0, 0, 0, 0, 0, 0, 0, 0, 2.77127e-07, 0, 0.00420778, 0, 0
22.113, 0, 0.00409994, 0, 1.41421, -0.00409994, 0, 0, 0, 0, 0, 0, 0, 0, 0, 0, 0, 0, 0, 0, 0, 0, 0, 0, 2.91076e-07, 0, 0.00409965, 0, 0
22.1208, 0, 0.00399361, 0, 1.41421, -0.00399361, 0, 0, 0, 0, 0, 0, 0, 0, 0, 0, 0, 0, 0, 0, 0, 0, 0, 0, 3.10485e-07, 0, 0.0039933, 0, 0
22.1287, 0, 0.00388912, 0, 1.41421, -0.00388912, 0, 0, 0, 0, 0, 0, 0, 0, 0, 0, 0, 0, 0, 0, 0, 0, 0, 0, 3.37384e-07, 0, 0.00388879, 0, 0
22.1366, 0, 0.00378648, 0, 1.41421, -0.00378648, 0, 0, 0, 0, 0, 0, 0, 0, 0, 0, 0, 0, 0, 0, 0, 0, 0, 0, 3.74521e-07, 0, 0.00378611, 0, 0
22.1445, 0, 0.00368581, 0, 1.41421, -0.00368581, 0, 0, 0, 0, 0, 0, 0, 0, 0, 0, 0, 0, 0, 0, 0, 0, 0, 0, 4.25528e-07, 0, 0.00368538, 0, 0
22.1523, 0, 0.00358707, 0, 1.41421, -0.00358707, 0, 0, 0, 0, 0, 0, 0, 0, 0, 0, 0, 0, 0, 0, 0, 0, 0, 0, 4.95317e-07, 0, 0.00358658, 0, 0
22.1602, 0, 0.00349033, 0, 1.41421, -0.00349033, 0, 0, 0, 0, 0, 0, 0, 0, 0, 0, 0, 0, 0, 0, 0, 0, 0, 0, 5.90373e-07, 0, 0.00348974, 0, 0
22.1681, 0, 0.00339566, 0, 1.41421, -0.00339566, 0, 0, 0, 0, 0, 0, 0, 0, 0, 0, 0, 0, 0, 0, 0, 0, 0, 0, 7.19175e-07, 0, 0.00339495, 0, 0
22.1759, 0, 0.00330314, 0, 1.41421, -0.00330314, 0, 0, 0, 0, 0, 0, 0, 0, 0, 0, 0, 0, 0, 0, 0, 0, 0, 0, 8.92869e-07, 0, 0.00330225, 0, 0
22.1838, 0, 0.00321273, 0, 1.41421, -0.00321273, 0, 0, 0, 0, 0, 0, 0, 0, 0, 0, 0, 0, 0, 0, 0, 0, 0, 0, 1.12617e-06, 0, 0.00321161, 0, 0
22.1917, 0, 0.00312457, 0, 1.41421, -0.00312457, 0, 0, 0, 0, 0, 0, 0, 0, 0, 0, 0, 0, 0, 0, 0, 0, 0, 0, 1.43783e-06, 0, 0.00312313, 0, 0
22.1996, 0, 0.00303868, 0, 1.41421, -0.00303868, 0, 0, 0, 0, 0, 0, 0, 0, 0, 0, 0, 0, 0, 0, 0, 0, 0, 0, 1.85225e-06, 0, 0.00303683, 0, 0
22.2074, 0, 0.00295513, 0, 1.41421, -0.00295513, 0, 0, 0, 0, 0, 0, 0, 0, 0, 0, 0, 0, 0, 0, 0, 0, 0, 0, 2.40067e-06, 0, 0.00295273, 0, 0
22.2153, 0, 0.00287397, 0, 1.41421, -0.00287397, 0, 0, 0, 0, 0, 0, 0, 0, 0, 0, 0, 0, 0, 0, 0, 0, 0, 0, 3.12292e-06, 0, 0.00287085, 0, 0
22.2232, 0, 0.00279528, 0, 1.41421, -0.00279528, 0, 0, 0, 0, 0, 0, 0, 0, 0, 0, 0, 0, 0, 0, 0, 0, 0, 0, 4.0695e-06, 0, 0.00279121, 0, 0
22.231, 0, 0.0027191, 0, 1.41421, -0.0027191, 0, 0, 0, 0, 0, 0, 0, 0, 0, 0, 0, 0, 0, 0, 0, 0, 0, 0, 5.30447e-06, 0, 0.00271379, 0, 0
22.2389, 0, 0.00264557, 0, 1.41421, -0.00264557, 0, 0, 0, 0, 0, 0, 0, 0, 0, 0, 0, 0, 0, 0, 0, 0, 0, 0, 6.90661e-06, 0, 0.00263866, 0, 0
22.2468, 0, 0.00257471, 0, 1.41421, -0.00257471, 0, 0, 0, 0, 0, 0, 0, 0, 0, 0, 0, 0, 0, 0, 0, 0, 0, 0, 8.97705e-06, 0, 0.00256574, 0, 0
22.2547, 0, 0.00250669, 0, 1.41421, -0.00250669, 0, 0, 0, 0, 0, 0, 0, 0, 0, 0, 0, 0, 0, 0, 0, 0, 0, 0, 1.16378e-05, 0, 0.00249506, 0, 0
22.2625, 0, 0.00244162, 0, 1.41421, -0.00244162, 0, 0, 0, 0, 0, 0, 0, 0, 0, 0, 0, 0, 0, 0, 0, 0, 0, 0, 1.50412e-05, 0, 0.00242658, 0, 0
22.2704, 0, 0.00237965, 0, 1.41421, -0.00237965, 0, 0, 0, 0, 0, 0, 0, 0, 0, 0, 0, 0, 0, 0, 0, 0, 0, 0, 1.93735e-05, 0, 0.00236028, 0, 0
22.2783, 0, 0.00232097, 0, 1.41421, -0.00232097, 0, 0, 0, 0, 0, 0, 0, 0, 0, 0, 0, 0, 0, 0, 0, 0, 0, 0, 2.4861e-05, 0, 0.00229611, 0, 0
22.2861, 0, 0.00226581, 0, 1.41421, -0.00226581, 0, 0, 0, 0, 0, 0, 0, 0, 0, 0, 0, 0, 0, 0, 0, 0, 0, 0, 3.17778e-05, 0, 0.00223403, 0, 0
22.294, 0, 0.00221443, 0, 1.41421, -0.00221443, 0, 0, 0, 0, 0, 0, 0, 0, 0, 0, 0, 0, 0, 0, 0, 0, 0, 0, 4.0456e-05, 0, 0.00217398, 0, 0
22.3019, 0, 0.0021672, 0, 1.41421, -0.0021672, 0, 0, 0, 0, 0, 0, 0, 0, 0, 0, 0, 0, 0, 0, 0, 0, 0, 0, 5.1282e-05, 0, 0.00211592, 0, 0
22.3097, 0, 0.00212449, 0, 1.41421, -0.00212449, 0, 0, 0, 0, 0, 0, 0, 0, 0, 0, 0, 0, 0, 0, 0, 0, 0, 0, 6.47307e-05, 0, 0.00205976, 0, 0
22.3176, 0, 0.00208678, 0, 1.41421, -0.00208678, 0, 0, 0, 0, 0, 0, 0, 0, 0, 0, 0, 0, 0, 0, 0, 0, 0, 0, 8.13561e-05, 0, 0.00200543, 0, 0
22.3255, 0, 0.00205466, 0, 1.41421, -0.00205466, 0, 0, 0, 0, 0, 0, 0, 0, 0, 0, 0, 0, 0, 0, 0, 0, 0, 0, 0.000101796, 0, 0.00195286, 0, 0
22.3334, 0, 0.00202879, 0, 1.41421, -0.00202879, 0, 0, 0, 0, 0, 0, 0, 0, 0, 0, 0, 0, 0, 0, 0, 0, 0, 0, 0.000126801, 0, 0.00190199, 0, 0
22.3412, 0, 0.00200995, 0, 1.41421, -0.00200995, 0, 0, 0, 0, 0, 0, 0, 0, 0, 0, 0, 0, 0, 0, 0, 0, 0, 0, 0.000157261, 0, 0.00185269, 0, 0
22.3491, 0, 0.00199907, 0, 1.41421, -0.00199907, 0, 0, 0, 0, 0, 0, 0, 0, 0, 0, 0, 0, 0, 0, 0, 0, 0, 0, 0.000194153, 0, 0.00180492, 0, 0
22.357, 0, 0.00199719, 0, 1.41421, -0.00199719, 0, 0, 0, 0, 0, 0, 0, 0, 0, 0, 0, 0, 0, 0, 0, 0, 0, 0, 0.000238625, 0, 0.00175857, 0, 0
22.3649, 0, 0.00200552, 0, 1.41421, -0.00200552, 0, 0, 0, 0, 0, 0, 0, 0, 0, 0, 0, 0, 0, 0, 0, 0, 0, 0, 0.000291976, 0, 0.00171354, 0, 0
22.3727, 0, 0.0020254, 0, 1.41421, -0.0020254, 0, 0, 0, 0, 0, 0, 0, 0, 0, 0, 0, 0, 0, 0, 0, 0, 0, 0, 0.000355611, 0, 0.00166979, 0, 0
22.3806, 0, 0.00205838, 0, 1.41421, -0.00205838, 0, 0, 0, 0, 0, 0, 0, 0, 0, 0, 0, 0, 0, 0, 0, 0, 0, 0, 0.000431179, 0, 0.0016272, 0, 0
22.3885, 0, 0.00210614, 0, 1.41421, -0.00210614, 0, 0, 0, 0, 0, 0, 0, 0, 0, 0, 0, 0, 0, 0, 0, 0, 0, 0, 0.000520468, 0, 0.00158567, 0, 0
22.3963, 0, 0.00217053, 0, 1.41421, -0.00217053, 0, 0, 0, 0, 0, 0, 0, 0, 0, 0, 0, 0, 0, 0, 0, 0, 0, 0, 0.000625378, 0, 0.00154515, 0, 0
22.4042, 0, 0.00225357, 0, 1.41421, -0.00225357, 0, 0, 0, 0, 0, 0, 0, 0, 0, 0, 0, 0, 0, 0, 0, 0, 0, 0, 0.000748005, 0, 0.00150556, 0, 0
22.4121, 0, 0.00235751, 0, 1.41421, -0.00235751, 0, 0, 0, 0, 0, 0, 0, 0, 0, 0, 0, 0, 0, 0, 0, 0, 0, 0, 0.00089071, 0, 0.0014668, 0, 0
22.4199, 0, 0.00248461, 0, 1.41421, -0.00248461, 0, 0, 0, 0, 0, 0, 0, 0, 0, 0, 0, 0, 0, 0, 0, 0, 0, 0, 0.0010558, 0, 0.00142881, 0, 0
22.4278, 0, 0.00263736, 0, 1.41421, -0.00263736, 0, 0, 0, 0, 0, 0, 0, 0, 0, 0, 0, 0, 0, 0, 0, 0, 0, 0, 0.00124583, 0, 0.00139152, 0, 0
22.4357, 0, 0.00281831, 0, 1.41421, -0.00281831, 0, 0, 0, 0, 0, 0, 0, 0, 0, 0, 0, 0, 0, 0, 0, 0, 0, 0, 0.00146343, 0, 0.00135488, 0, 0
22.4436, 0, 0.00303007, 0, 1.41421, -0.00303007, 0, 0, 0, 0, 0, 0, 0, 0, 0, 0, 0, 0, 0, 0, 0, 0, 0, 0, 0.00171127, 0, 0.0013188, 0, 0
22.4514, 0, 0.0032753, 0, 1.41421, -0.0032753, 0, 0, 0, 0, 0, 0, 0, 0, 0, 0, 0, 0, 0, 0, 0, 0, 0, 0, 0.00199205, 0, 0.00128326, 0, 0
22.4593, 0, 0.00355669, 0, 1.41421, -0.00355669, 0, 0, 0, 0, 0, 0, 0, 0, 0, 0, 0, 0, 0, 0, 0, 0, 0, 0, 0.00230852, 0, 0.00124817, 0, 0
22.4672, 0, 0.00387654, 0, 1.41421, -0.00387654, 0, 0, 0, 0, 0, 0, 0, 0, 0, 0, 0, 0, 0, 0, 0, 0, 0, 0, 0.00266301, 0, 0.00121353, 0, 0
22.475, 0, 0.00423748, 0, 1.41421, -0.00423748, 0, 0, 0, 0, 0, 0, 0, 0, 0, 0, 0, 0, 0, 0, 0, 0, 0, 0, 0.0030582, 0, 0.00117927, 0, 0
22.4829, 0, 0.00464171, 0, 1.41421, -0.00464171, 0, 0, 0, 0, 0, 0, 0, 0, 0, 0, 0, 0, 0, 0, 0, 0, 0, 0, 0.00349635, 0, 0.00114536, 0, 0
22.4908, 1, 0.00509091, 0, 1.73205, 0.994909, 0, 0, 0, 0, 0, 0, 0, 0, 0, 0, 0, 0, 0, 0, 0, 0, 0, 0, 0.00397913, 0, 0.00111178, 0, 0
22.4987, 0, 0.00558672, 0, 1.41421, -0.00558672, 0, 0, 0, 0, 0, 0, 0, 0, 0, 0, 0, 0, 0, 0, 0, 0, 0, 0, 0.00450821, 0, 0.00107851, 0, 0
22.5065, 0, 0.00613021, 0, 1.41421, -0.00613021, 0, 0, 0, 0, 0, 0, 0, 0, 0, 0, 0, 0, 0, 0, 0, 0, 0, 0, 0.00508469, 0, 0.00104552, 0, 0
22.5144, 0, 0.00672193, 0, 1.41421, -0.00672193, 0, 0, 0, 0, 0, 0, 0, 0, 0, 0, 0, 0, 0, 0, 0, 0, 0, 0, 0.00570912, 0, 0.00101281, 0, 0
22.5223, 0, 0.00736199, 0, 1.41421, -0.00736199, 0, 0, 0, 0, 0, 0, 0, 0, 0, 0, 0, 0, 0, 0, 0, 0, 0, 0, 0.00638163, 0, 0.000980354, 0, 0
22.5301, 0, 0.00804917, 0, 1.41421, -0.00804917, 0, 0, 0, 0, 0, 0, 0, 0, 0, 0, 0, 0, 0, 0, 0, 0, 0, 0, 0.00710099, 0, 0.000948184, 0, 0
22.538, 0, 0.0087825, 0, 1.41421, -0.0087825, 0, 0, 0, 0, 0, 0, 0, 0, 0, 0, 0, 0, 0, 0, 0, 0, 0, 0, 0.00786622, 0, 0.00091628, 0, 0
22.5459, 0, 0.00955975, 0, 1.41421, -0.00955975, 0, 0, 0, 0, 0, 0, 0, 0, 0, 0, 0, 0, 0, 0, 0, 0, 0, 0, 0.0086751, 0, 0.000884648, 0, 0
22.5538, 0, 0.0103774, 0, 1.41421, -0.0103774, 0, 0, 0, 0, 0, 0, 0, 0, 0, 0, 0, 0, 0, 0, 0, 0, 0, 0, 0.0095241, 0, 0.000853322, 0, 0
22.5616, 0, 0.0112315, 0, 1.41421, -0.0112315, 0, 0, 0, 0, 0, 0, 0, 0, 0, 0, 0, 0, 0, 0, 0, 0, 0, 0, 0.0104092, 0, 0.000822318, 0, 0
22.5695, 0, 0.0121179, 0, 1.41421, -0.0121179, 0, 0, 0, 0, 0, 0, 0, 0, 0, 0, 0, 0, 0, 0, 0, 0, 0, 0, 0.0113262, 0, 0.000791638, 0, 0
22.5774, 0, 0.0130301, 0, 1.41421, -0.0130301, 0, 0, 0, 0, 0, 0, 0, 0, 0, 0, 0, 0, 0, 0, 0, 0, 0, 0, 0.0122687, 0, 0.000761331, 0, 0
22.5852, 0, 0.0139618, 0, 1.41421, -0.0139618, 0, 0, 0, 0, 0, 0, 0, 0, 0, 0, 0, 0, 0, 0, 0, 0, 0, 0, 0.0132304, 0, 0.00073142, 0, 0
22.5931, 0, 0.0149057, 0, 1.41421, -0.0149057, 0, 0, 0, 0, 0, 0, 0, 0, 0, 0, 0, 0, 0, 0, 0, 0, 0, 0, 0.0142038, 0, 0.000701939, 0, 0
22.601, 0, 0.0158538, 0, 1.41421, -0.0158538, 0, 0, 0, 0, 0, 0, 0, 0, 0, 0, 0, 0, 0, 0, 0, 0, 0, 0, 0.0151809, 0, 0.000672924, 0, 0
22.6089, 0, 0.0167974, 0, 1.41421, -0.0167974, 0, 0, 0, 0, 0, 0, 0, 0, 0, 0, 0, 0, 0, 0, 0, 0, 0, 0, 0.016153, 0, 0.000644411, 0, 0
22.6167, 0, 0.0177276, 0, 1.41421, -0.0177276, 0, 0, 0, 0, 0, 0, 0, 0, 0, 0, 0, 0, 0, 0, 0, 0, 0, 0, 0.0171112, 0, 0.000616434, 0, 0
22.6246, 0, 0.0186342, 0, 1.41421, -0.0186342, 0, 0, 0, 0, 0, 0, 0, 0, 0, 0, 0, 0, 0, 0, 0, 0, 0, 0, 0.0180451, 0, 0.000589052, 0, 0
22.6325, 0, 0.0195082, 0, 1.41421, -0.0195082, 0, 0, 0, 0, 0, 0, 0, 0, 0, 0, 0, 0, 0, 0, 0, 0, 0, 0, 0.0189459, 0, 0.000562283, 0, 0
22.6403, 0.550545, 0.0203397, 0, 1.59704, 0.530205, 0, 0, 0, 0, 0, 0, 0, 0, 0, 0, 0, 0, 0, 0, 0, 0, 0, 0, 0.0198036, 0, 0.000536167, 0, 0
22.6482, 0.449455, 0.0211189, 0, 1.56507, 0.428336, 0, 0, 0, 0, 0, 0, 0, 0, 0, 0, 0, 0, 0, 0, 0, 0, 0, 0, 0.0206082, 0, 0.000510753, 0, 0
22.6561, 0, 0.0218364, 1.27558e-35, 1.41421, -0.0218364, 0, 1.27558e-35, 1.27558e-35, 1.27558e-35, 1.27558e-35, 1.27558e-35, 1.27558e-35, 1.27558e-35, 1.27558e-35, 1.27558e-35, 1.27558e-35, 1.27558e-35, 1.27558e-35, 1.27558e-35, 1.27558e-35, 1.27558e-35, 1.27558e-35, 1.27558e-35, 0.0213504, 1.27558e-35, 0.000486075, 1.27558e-35, 1.27558e-35
22.664, 0, 0.022484, 2.41165e-35, 1.41421, -0.022484, 0, 2.41165e-35, 2.41165e-35, 2.41165e-35, 2.41165e-35, 2.41165e-35, 2.41165e-35, 2.41165e-35, 2.41165e-35, 2.41165e-35, 2.41165e-35, 2.41165e-35, 2.41165e-35, 2.41165e-35, 2.41165e-35, 2.41165e-35, 2.41165e-35, 2.41165e-35, 0.0220218, 2.41165e-35, 0.000462149, 2.41165e-35, 2.41165e-35
22.6718, 0, 0.023053, 1.61441e-35, 1.41421, -0.023053, 0, 1.61441e-35, 1.61441e-35, 1.61441e-35, 1.61441e-35, 1.61441e-35, 1.61441e-35, 1.61441e-35, 1.61441e-35, 1.61441e-35, 1.61441e-35, 1.61441e-35, 1.61441e-35, 1.61441e-35, 1.61441e-35, 1.61441e-35, 1.61441e-35, 1.61441e-35, 0.0226139, 1.61441e-35, 0.000439022, 1.61441e-35, 1.61441e-35
22.6797, 0, 0.0235362, 4.03603e-36, 1.41421, -0.0235362, 0, 4.03603e-36, 4.03603e-36, 4.03603e-36, 4.03603e-36, 4.03603e-36, 4.03603e-36, 4.03603e-36, 4.03603e-36, 4.03603e-36, 4.03603e-36, 4.03603e-36, 4.03603e-36, 4.03603e-36, 4.03603e-36, 4.03603e-36, 4.03603e-36, 4.03603e-36, 0.0231195, 4.03603e-36, 0.000416713, 4.03603e-36, 4.03603e-36
22.6876, 0, 0.0239275, 0, 1.41421, -0.0239275, 0, 0, 0, 0, 0, 0, 0, 0, 0, 0, 0, 0, 0, 0, 0, 0, 0, 0, 0.0235322, 0, 0.000395244, 0, 0
22.6954, 0, 0.0242216, 2.25002e-35, 1.41421, -0.0242216, 0, 2.25002e-35, 2.25002e-35, 2.25002e-35, 2.25002e-35, 2.25002e-35, 2.25002e-35, 2.25002e-35, 2.25002e-35, 2.25002e-35, 2.25002e-35, 2.25002e-35, 2.25002e-35, 2.25002e-35, 2.25002e-35, 2.25002e-35, 2.25002e-35, 2.25002e-35, 0.0238469, 2.25002e-35, 0.000374633, 2.25002e-35, 2.25002e-35
22.7033, 0, 0.0244145, 4.11856e-35, 1.41421, -0.0244145, 0, 4.11856e-35, 4.11856e-35, 4.11856e-35, 4.11856e-35, 4.11856e-35, 4.11856e-35, 4.11856e-35, 4.11856e-35, 4.11856e-35, 4.11856e-35, 4.11856e-35, 4.11856e-35, 4.11856e-35, 4.11856e-35, 4.11856e-35, 4.11856e-35, 4.11856e-35, 0.0240596, 4.11856e-35, 0.000354894, 4.11856e-35, 4.11856e-35
22.7112, 0, 0.0245037, 2.73711e-35, 1.41421, -0.0245037, 0, 2.73711e-35, 2.73711e-35, 2.73711e-35, 2.73711e-35, 2.73711e-35, 2.73711e-35, 2.73711e-35, 2.73711e-35, 2.73711e-35, 2.73711e-35, 2.73711e-35, 2.73711e-35, 2.73711e-35, 2.73711e-35, 2.73711e-35, 2.73711e-35, 2.73711e-35, 0.0241676, 2.73711e-35, 0.000336029, 2.73711e-35, 2.73711e-35
22.7191, 0.526029, 0.0244878, 6.84277e-36, 1.58935, 0.501541, 0, 6.84277e-36, 6.84277e-36, 6.84277e-36, 6.84277e-36, 6.84277e-36, 6.84277e-36, 6.84277e-36, 6.84277e-36, 6.84277e-36, 6.84277e-36, 6.84277e-36, 6.84277e-36, 6.84277e-36, 6.84277e-36, 6.84277e-36, 6.84277e-36, 6.84277e-36, 0.0241698, 6.84277e-36, 0.000318057, 6.84277e-36, 6.84277e-36
22.7269, 0.473971, 0.0243671, 0, 1.57289, 0.449604, 0, 0, 0, 0, 0, 0, 0, 0, 0, 0, 0, 0, 0, 0, 0, 0, 0, 0, 0.0240661, 0, 0.000300963, 0, 0
22.7348, 0, 0.024143, 2.49457e-35, 1.41421, -0.024143, 0, 2.49457e-35, 2.49457e-35, 2.49457e-35, 2.49457e-35, 2.49457e-35, 2.49457e-35, 2.49457e-35, 2.49457e-35, 2.49457e-35, 2.49457e-35, 2.49457e-35, 2.49457e-35, 2.49457e-35, 2.49457e-35, 2.49457e-35, 2.49457e-35, 2.49457e-35, 0.0238583, 2.49457e-35, 0.000284741, 2.49457e-35, 2.49457e-35
22.7427, 0, 0.0238186, 4.52193e-35, 1.41421, -0.0238186, 0, 4.52193e-35, 4.52193e-35, 4.52193e-35, 4.52193e-35, 4.52193e-35, 4.52193e-35, 4.52193e-35, 4.52193e-35, 4.52193e-35, 4.52193e-35, 4.52193e-35, 4.52193e-35, 4.52193e-35, 4.52193e-35, 4.52193e-35, 4.52193e-35, 4.52193e-35, 0.0235492, 4.52193e-35, 0.000269389, 4.52193e-35, 4.52193e-35
22.7505, 0.516609, 0.0233979, 2.99853e-35, 1.58638, 0.493211, 0, 2.99853e-35, 2.99853e-35, 2.99853e-35, 2.99853e-35, 2.99853e-35, 2.99853e-35, 2.99853e-35, 2.99853e-35, 2.99853e-35, 2.99853e-35, 2.99853e-35, 2.99853e-35, 2.99853e-35, 2.99853e-35, 2.99853e-35, 2.99853e-35, 2.99853e-35, 0.023143, 2.99853e-35, 0.000254889, 2.99853e-35, 2.99853e-35
22.7584, 0.483391, 0.0228864, 7.49633e-36, 1.57588, 0.460505, 0, 7.49633e-36, 7.49633e-36, 7.49633e-36, 7.49633e-36, 7.49633e-36, 7.49633e-36, 7.49633e-36, 7.49633e-36, 7.49633e-36, 7.49633e-36, 7.49633e-36, 7.49633e-36, 7.49633e-36, 7.49633e-36, 7.49633e-36, 7.49633e-36, 7.49633e-36, 0.0226452, 7.49633e-36, 0.000241222, 7.49633e-36, 7.49633e-36
22.7663, 0, 0.0222907, 0, 1.41421, -0.0222907, 0, 0, 0, 0, 0, 0, 0, 0, 0, 0, 0, 0, 0, 0, 0, 0, 0, 0, 0.0220623, 0, 0.000228366, 0, 0
22.7742, 0, 0.0216179, 1.65957e-35, 1.41421, -0.0216179, 0, 1.65957e-35, 1.65957e-35, 1.65957e-35, 1.65957e-35, 1.65957e-35, 1.65957e-35, 1.65957e-35, 1.65957e-35, 1.65957e-35, 1.65957e-35, 1.65957e-35, 1.65957e-35, 1.65957e-35, 1.65957e-35, 1.65957e-35, 1.65957e-35, 1.65957e-35, 0.0214016, 1.65957e-35, 0.000216292, 1.65957e-35, 1.65957e-35
22.782, 0, 0.0208769, 3.05225e-35, 1.41421, -0.0208769, 0, 3.05225e-35, 3.05225e-35, 3.05225e-35, 3.05225e-35, 3.05225e-35, 3.05225e-35, 3.05225e-35, 3.05225e-35, 3.05225e-35, 3.05225e-35, 3.05225e-35, 3.05225e-35, 3.05225e-35, 3.05225e-35, 3.05225e-35, 3.05225e-35, 3.05225e-35, 0.0206719, 3.05225e-35, 0.000204979, 3.05225e-35, 3.05225e-35
22.7899, 0, 0.020076, 2.03065e-35, 1.41421, -0.020076, 0, 2.03065e-35, 2.03065e-35, 2.03065e-35, 2.03065e-35, 2.03065e-35, 2.03065e-35, 2.03065e-35, 2.03065e-35, 2.03065e-35, 2.03065e-35, 2.03065e-35, 2.03065e-35, 2.03065e-35, 2.03065e-35, 2.03065e-35, 2.03065e-35, 2.03065e-35, 0.0198816, 2.03065e-35, 0.000194389, 2.03065e-35, 2.03065e-35
22.7978, 0, 0.0192246, 5.07662e-36, 1.41421, -0.0192246, 0, 5.07662e-36, 5.07662e-36, 5.07662e-36, 5.07662e-36, 5.07662e-36, 5.07662e-36, 5.07662e-36, 5.07662e-36, 5.07662e-36, 5.07662e-36, 5.07662e-36, 5.07662e-36, 5.07662e-36, 5.07662e-36, 5.07662e-36, 5.07662e-36, 5.07662e-36, 0.0190401, 5.07662e-36, 0.000184488, 5.07662e-36, 5.07662e-36
22.8056, 0, 0.0183327, 0, 1.41421, -0.0183327, 0, 0, 0, 0, 0, 0, 0, 0, 0, 0, 0, 0, 0, 0, 0, 0, 0, 0, 0.0181574, 0, 0.000175247, 0, 0
22.8135, 0, 0.0174101, 2.99277e-36, 1.41421, -0.0174101, 0, 2.99277e-36, 2.99277e-36, 2.99277e-36, 2.99277e-36, 2.99277e-36, 2.99277e-36, 2.99277e-36, 2.99277e-36, 2.99277e-36, 2.99277e-36, 2.99277e-36, 2.99277e-36, 2.99277e-36, 2.99277e-36, 2.99277e-36, 2.99277e-36, 2.99277e-36, 0.0172435, 2.99277e-36, 0.000166628, 2.99277e-36, 2.99277e-36
22.8214, 0, 0.0164658, 5.36347e-36, 1.41421, -0.0164658, 0, 5.36347e-36, 5.36347e-36, 5.36347e-36, 5.36347e-36, 5.36347e-36, 5.36347e-36, 5.36347e-36, 5.36347e-36, 5.36347e-36, 5.36347e-36, 5.36347e-36, 5.36347e-36, 5.36347e-36, 5.36347e-36, 5.36347e-36, 5.36347e-36, 5.36347e-36, 0.0163072, 5.36347e-36, 0.000158588, 5.36347e-36, 5.36347e-36
22.8293, 0, 0.01551, 3.54729e-36, 1.41421, -0.01551, 0, 3.54729e-36, 3.54729e-36, 3.54729e-36, 3.54729e-36, 3.54729e-36, 3.54729e-36, 3.54729e-36, 3.54729e-36, 3.54729e-36, 3.54729e-36, 3.54729e-36, 3.54729e-36, 3.54729e-36, 3.54729e-36, 3.54729e-36, 3.54729e-36, 3.54729e-36, 0.0153589, 3.54729e-36, 0.000151097, 3.54729e-36, 3.54729e-36
22.8371, 0, 0.0145515, 8.86823e-37, 1.41421, -0.0145515, 0, 8.86823e-37, 8.86823e-37, 8.86823e-37, 8.86823e-37, 8.86823e-37, 8.86823e-37, 8.86823e-37, 8.86823e-37, 8.86823e-37, 8.86823e-37, 8.86823e-37, 8.86823e-37, 8.86823e-37, 8.86823e-37, 8.86823e-37, 8.86823e-37, 8.86823e-37, 0.0144074, 8.86823e-37, 0.000144115, 8.86823e-37, 8.86823e-37
22.845, 0, 0.0135991, 0, 1.41421, -0.0135991, 0, 0, 0, 0, 0, 0, 0, 0, 0, 0, 0, 0, 0, 0, 0, 0, 0, 0, 0.0134615, 0, 0.000137604, 0, 0
22.8529, 1, 0.0126608, 0, 1.73205, 0.987339, 0, 0, 0, 0, 0, 0, 0, 0, 0, 0, 0, 0, 0, 0, 0, 0, 0, 0, 0.0125292, 0, 0.000131529, 0, 0
22.8607, 0, 0.0117439, 0, 1.41421, -0.0117439, 0, 0, 0, 0, 0, 0, 0, 0, 0, 0, 0, 0, 0, 0, 0, 0, 0, 0, 0.011618, 0, 0.000125853, 0, 0
22.8686, 0, 0.0108548, 0, 1.41421, -0.0108548, 0, 0, 0, 0, 0, 0, 0, 0, 0, 0, 0, 0, 0, 0, 0, 0, 0, 0, 0.0107343, 0, 0.000120542, 0, 0
22.8765, 0, 0.01, 0, 1.41421, -0.01, 0, 0, 0, 0, 0, 0, 0, 0, 0, 0, 0, 0, 0, 0, 0, 0, 0, 0, 0.00988446, 0, 0.000115565, 0, 0
22.8844, 0, 0.00918388, 0, 1.41421, -0.00918388, 0, 0, 0, 0, 0, 0, 0, 0, 0, 0, 0, 0, 0, 0, 0, 0, 0, 0, 0.00907299, 0, 0.000110889, 0, 0
22.8922, 0, 0.00841054, 0, 1.41421, -0.00841054, 0, 0, 0, 0, 0, 0, 0, 0, 0, 0, 0, 0, 0, 0, 0, 0, 0, 0, 0.00830406, 0, 0.000106483, 0, 0
22.9001, 0, 0.00768371, 0, 1.41421, -0.00768371, 0, 0, 0, 0, 0, 0, 0, 0, 0, 0, 0, 0, 0, 0, 0, 0, 0, 0, 0.00758139, 0, 0.000102321, 0, 0
22.908, 0, 0.00700587, 0, 1.41421, -0.00700587, 0, 0, 0, 0, 0, 0, 0, 0, 0, 0, 0, 0, 0, 0, 0, 0, 0, 0, 0.00690749, 0, 9.8378e-05, 0, 0
22.9158, 0, 0.00637827, 0, 1.41421, -0.00637827, 0, 0, 0, 0, 0, 0, 0, 0, 0, 0, 0, 0, 0, 0, 0, 0, 0, 0, 0.00628364, 0, 9.46263e-05, 0, 0
22.9237, 0, 0.00580243, 0, 1.41421, -0.00580243, 0, 0, 0, 0, 0, 0, 0, 0, 0, 0, 0, 0, 0, 0, 0, 0, 0, 0, 0.00571138, 0, 9.10468e-05, 0, 0
22.9316, 0, 0.00527853, 0, 1.41421, -0.00527853, 0, 0, 0, 0, 0, 0, 0, 0, 0, 0, 0, 0, 0, 0, 0, 0, 0, 0, 0.00519091, 0, 8.76184e-05, 0, 0
22.9395, 0, 0.00480634, 0, 1.41421, -0.00480634, 0, 0, 0, 0, 0, 0, 0, 0, 0, 0, 0, 0, 0, 0, 0, 0, 0, 0, 0.00472202, 0, 8.43228e-05, 0, 0
22.9473, 0, 0.00438506, 0, 1.41421, -0.00438506, 0, 0, 0, 0, 0, 0, 0, 0, 0, 0, 0, 0, 0, 0, 0, 0, 0, 0, 0.00430391, 0, 8.11436e-05, 0, 0
22.9552, 0, 0.00401341, 0, 1.41421, -0.00401341, 0, 0, 0, 0, 0, 0, 0, 0, 0, 0, 0, 0, 0, 0, 0, 0, 0, 0, 0.00393534, 0, 7.80664e-05, 0, 0
22.9631, 0, 0.00368966, 0, 1.41421, -0.00368966, 0, 0, 0, 0, 0, 0, 0, 0, 0, 0, 0, 0, 0, 0, 0, 0, 0, 0, 0.00361458, 0, 7.50778e-05, 0, 0
22.9709, 0, 0.00341198, 0, 1.41421, -0.00341198, 0, 0, 0, 0, 0, 0, 0, 0, 0, 0, 0, 0, 0, 0, 0, 0, 0, 0, 0.00333982, 0, 7.21689e-05, 0, 0
22.9788, 0, 0.00317785, 0, 1.41421, -0.00317785, 0, 0, 0, 0, 0, 0, 0, 0, 0, 0, 0, 0, 0, 0, 0, 0, 0, 0, 0.00310852, 0, 6.93283e-05, 0, 0
22.9867, 0, 0.00298473, 0, 1.41421, -0.00298473, 0, 0, 0, 0, 0, 0, 0, 0, 0, 0, 0, 0, 0, 0, 0, 0, 0, 0, 0.00291818, 0, 6.65482e-05, 0, 0
22.9946, 0, 0.00282998, 0, 1.41421, -0.00282998, 0, 0, 0, 0, 0, 0, 0, 0, 0, 0, 0, 0, 0, 0, 0, 0, 0, 0, 0.00276616, 0, 6.38237e-05, 0, 0
23.0024, 0, 0.00271068, 0, 1.41421, -0.00271068, 0, 0, 0, 0, 0, 0, 0, 0, 0, 0, 0, 0, 0, 0, 0, 0, 0, 0, 0.00264953, 0, 6.11492e-05, 0, 0
23.0103, 0, 0.00262384, 0, 1.41421, -0.00262384, 0, 0, 0, 0, 0, 0, 0, 0, 0, 0, 0, 0, 0, 0, 0, 0, 0, 0, 0.00256531, 0, 5.85208e-05, 0, 0
23.0182, 0, 0.00256641, 0, 1.41421, -0.00256641, 0, 0, 0, 0, 0, 0, 0, 0, 0, 0, 0, 0, 0, 0, 0, 0, 0, 0, 0.00251047, 0, 5.59362e-05, 0, 0
23.026, 0, 0.00253532, 0, 1.41421, -0.00253532, 0, 0, 0, 0, 0, 0, 0, 0, 0, 0, 0, 0, 0, 0, 0, 0, 0, 0, 0.00248193, 0, 5.33932e-05, 0, 0
23.0339, 0, 0.0025275, 0, 1.41421, -0.0025275, 0, 0, 0, 0, 0, 0, 0, 0, 0, 0, 0, 0, 0, 0, 0, 0, 0, 0, 0.00247661, 0, 5.08931e-05, 0, 0
23.0418, 0, 0.00253987, 0, 1.41421, -0.00253987, 0, 0, 0, 0, 0, 0, 0, 0, 0, 0, 0, 0, 0, 0, 0, 0, 0, 0, 0.00249144, 0, 4.84344e-05, 0, 0
23.0497, 0, 0.00256942, 0, 1.41421, -0.00256942, 0, 0, 0, 0, 0, 0, 0, 0, 0, 0, 0, 0, 0, 0, 0, 0, 0, 0, 0.0025234, 0, 4.6018e-05, 0, 0
23.0575, 0, 0.00261316, 0, 1.41421, -0.00261316, 0, 0, 0, 0, 0, 0, 0, 0, 0, 0, 0, 0, 0, 0, 0, 0, 0, 0, 0.00256952, 0, 4.36468e-05, 0, 0
23.0654, 0, 0.0026682, 0, 1.41421, -0.0026682, 0, 0, 0, 0, 0, 0, 0, 0, 0, 0, 0, 0, 0, 0, 0, 0, 0, 0, 0.00262688, 0, 4.13228e-05, 0, 0
23.0733, 0, 0.00273177, 0, 1.41421, -0.00273177, 0, 0, 0, 0, 0, 0, 0, 0, 0, 0, 0, 0, 0, 0, 0, 0, 0, 0, 0.00269272, 0, 3.90469e-05, 0, 0
23.0811, 0, 0.00280114, 0, 1.41421, -0.00280114, 0, 0, 0, 0, 0, 0, 0, 0, 0, 0, 0, 0, 0, 0, 0, 0, 0, 0, 0.00276432, 0, 3.68235e-05, 0, 0
23.089, 0, 0.00287376, 0, 1.41421, -0.00287376, 0, 0, 0, 0, 0, 0, 0, 0, 0, 0, 0, 0, 0, 0, 0, 0, 0, 0, 0.0028391, 0, 3.46551e-05, 0, 0
23.0969, 0, 0.00294719, 0, 1.41421, -0.00294719, 0, 0, 0, 0, 0, 0, 0, 0, 0, 0, 0, 0, 0, 0, 0, 0, 0, 0, 0.00291464, 0, 3.25447e-05, 0, 0
23.1047, 0, 0.00301915, 0, 1.41421, -0.00301915, 0, 0, 0, 0, 0, 0, 0, 0, 0, 0, 0, 0, 0, 0, 0, 0, 0, 0, 0.00298866, 0, 3.04955e-05, 0, 0
23.1126, 0, 0.00308756, 0, 1.41421, -0.00308756, 0, 0, 0, 0, 0, 0, 0, 0, 0, 0, 0, 0, 0, 0, 0, 0, 0, 0, 0.00305905, 0, 2.85104e-05, 0, 0
23.1205, 0.40357, 0.00315048, 0, 1.55035, 0.400419, 0, 0, 0, 0, 0, 0, 0, 0, 0, 0, 0, 0, 0, 0, 0, 0, 0, 0, 0.00312389, 0, 2.6592e-05, 0, 0
23.1284, 0.59643, 0.00320616, 0, 1.61134, 0.593224, 0, 0, 0, 0, 0, 0, 0, 0, 0, 0, 0, 0, 0, 0, 0, 0, 0, 0, 0.00318142, 0, 2.47442e-05, 0, 0
23.1362, 0, 0.00325311, 0, 1.41421, -0.00325311, 0, 0, 0, 0, 0, 0, 0, 0, 0, 0, 0, 0, 0, 0, 0, 0, 0, 0, 0.00323015, 0, 2.2968e-05, 0, 0
23.1441, 0, 0.00329003, 0, 1.41421, -0.00329003, 0, 0, 0, 0, 0, 0, 0, 0, 0, 0, 0, 0, 0, 0, 0, 0, 0, 0, 0.00326877, 0, 2.12656e-05, 0, 0
23.152, 0, 0.00331583, 0, 1.41421, -0.00331583, 0, 0, 0, 0, 0, 0, 0, 0, 0, 0, 0, 0, 0, 0, 0, 0, 0, 0, 0.00329619, 0, 1.96395e-05, 0, 0
23.1598, 0, 0.00332965, 0, 1.41421, -0.00332965, 0, 0, 0, 0, 0, 0, 0, 0, 0, 0, 0, 0, 0, 0, 0, 0, 0, 0, 0.00331156, 0, 1.8091e-05, 0, 0
23.1677, 0, 0.0033309, 0, 1.41421, -0.0033309, 0, 0, 0, 0, 0, 0, 0, 0, 0, 0, 0, 0, 0, 0, 0, 0, 0, 0, 0.00331428, 0, 1.66198e-05, 0, 0
23.1756, 0, 0.00331919, 0, 1.41421, -0.00331919, 0, 0, 0, 0, 0, 0, 0, 0, 0, 0, 0, 0, 0, 0, 0, 0, 0, 0, 0.00330396, 0, 1.52274e-05, 0, 0
23.1835, 0, 0.00329437, 0, 1.41421, -0.00329437, 0, 0, 0, 0, 0, 0, 0, 0, 0, 0, 0, 0, 0, 0, 0, 0, 0, 0, 0.00328046, 0, 1.39137e-05, 0, 0
23.1913, 0, 0.00325651, 0, 1.41421, -0.00325651, 0, 0, 0, 0, 0, 0, 0, 0, 0, 0, 0, 0, 0, 0, 0, 0, 0, 0, 0.00324383, 0, 1.2678e-05, 0, 0
23.1992, 0, 0.00320588, 0, 1.41421, -0.00320588, 0, 0, 0, 0, 0, 0, 0, 0, 0, 0, 0, 0, 0, 0, 0, 0, 0, 0, 0.00319436, 0, 1.15197e-05, 0, 0
23.2071, 1, 0.00314296, 0, 1.73205, 0.996857, 0, 0, 0, 0, 0, 0, 0, 0, 0, 0, 0, 0, 0, 0, 0, 0, 0, 0, 0.00313252, 0, 1.04374e-05, 0, 0
23.2149, 0, 0.00306838, 0, 1.41421, -0.00306838, 0, 0, 0, 0, 0, 0, 0, 0, 0, 0, 0, 0, 0, 0, 0, 0, 0, 0, 0.00305895, 0, 9.42944e-06, 0, 0
23.2228, 0, 0.00298302, 0, 1.41421, -0.00298302, 0, 0, 0, 0, 0, 0, 0, 0, 0, 0, 0, 0, 0, 0, 0, 0, 0, 0, 0.00297453, 0, 8.49446e-06, 0, 0
23.2307, 0, 0.00288774, 0, 1.41421, -0.00288774, 0, 0, 0, 0, 0, 0, 0, 0, 0, 0, 0, 0, 0, 0, 0, 0, 0, 0, 0.00288011, 0, 7.62933e-06, 0, 0
23.2386, 0, 0.00278367, 0, 1.41421, -0.00278367, 0, 0, 0, 0, 0, 0, 0, 0, 0, 0, 0, 0, 0, 0, 0, 0, 0, 0, 0.00277683, 0, 6.83217e-06, 0, 0
23.2464, 0, 0.00267193, 0, 1.41421, -0.00267193, 0, 0, 0, 0, 0, 0, 0, 0, 0, 0, 0, 0, 0, 0, 0, 0, 0, 0, 0.00266583, 0, 6.10001e-06, 0, 0
23.2543, 0, 0.00255375, 0, 1.41421, -0.00255375, 0, 0, 0, 0, 0, 0, 0, 0, 0, 0, 0, 0, 0, 0, 0, 0, 0, 0, 0.00254832, 0, 5.42987e-06, 0, 0
23.2622, 0, 0.00243037, 0, 1.41421, -0.00243037, 0, 0, 0, 0, 0, 0, 0, 0, 0, 0, 0, 0, 0, 0, 0, 0, 0, 0, 0.00242556, 0, 4.81866e-06, 0, 0
23.27, 0, 0.00230308, 0, 1.41421, -0.00230308, 0, 0, 0, 0, 0, 0, 0, 0, 0, 0, 0, 0, 0, 0, 0, 0, 0, 0, 0.00229881, 0, 4.26316e-06, 0, 0
23.2779, 0, 0.00217308, 0, 1.41421, -0.00217308, 0, 0, 0, 0, 0, 0, 0, 0, 0, 0, 0, 0, 0, 0, 0, 0, 0, 0, 0.00216932, 0, 3.75993e-06, 0, 0
23.2858, 0, 0.00204171, 0, 1.41421, -0.00204171, 0, 0, 0, 0, 0, 0, 0, 0, 0, 0, 0, 0, 0, 0, 0, 0, 0, 0, 0.0020384, 0, 3.30602e-06, 0, 0
23.2937, 0, 0.00191004, 0, 1.41421, -0.00191004, 0, 0, 0, 0, 0, 0, 0, 0, 0, 0, 0, 0, 0, 0, 0, 0, 0, 0, 0.00190715, 0, 2.89774e-06, 0, 0
23.3015, 0, 0.00177919, 0, 1.41421, -0.00177919, 0, 0, 0, 0, 0, 0, 0, 0, 0, 0, 0, 0, 0, 0, 0, 0, 0, 0, 0.00177666, 0, 2.5318e-06, 0, 0
23.3094, 0, 0.00165024, 0, 1.41421, -0.00165024, 0, 0, 0, 0, 0, 0, 0, 0, 0, 0, 0, 0, 0, 0, 0, 0, 0, 0, 0.00164803, 0, 2.20515e-06, 0, 0
23.3173, 0, 0.00152412, 0, 1.41421, -0.00152412, 0, 0, 0, 0, 0, 0, 0, 0, 0, 0, 0, 0, 0, 0, 0, 0, 0, 0, 0.00152221, 0, 1.91461e-06, 0, 0
23.3251, 0, 0.00140157, 0, 1.41421, -0.00140157, 0, 0, 0, 0, 0, 0, 0, 0, 0, 0, 0, 0, 0, 0, 0, 0, 0, 0, 0.00139991, 0, 1.65693e-06, 0, 0
23.333, 0, 0.00128338, 0, 1.41421, -0.00128338, 0, 0, 0, 0, 0, 0, 0, 0, 0, 0, 0, 0, 0, 0, 0, 0, 0, 0, 0.00128196, 0, 1.42937e-06, 0, 0
23.3409, 0, 0.00117015, 0, 1.41421, -0.00117015, 0, 0, 0, 0, 0, 0, 0, 0, 0, 0, 0, 0, 0, 0, 0, 0, 0, 0, 0.00116892, 0, 1.22908e-06, 0, 0
23.3488, 0, 0.00106236, 0, 1.41421, -0.00106236, 0, 0, 0, 0, 0, 0, 0, 0, 0, 0, 0, 0, 0, 0, 0, 0, 0, 0, 0.0010613, 0, 1.05344e-06, 0, 0
23.3566, 0, 0.000960381, 0, 1.41421, -0.000960381, 0, 0, 0, 0, 0, 0, 0, 0, 0, 0, 0, 0, 0, 0, 0, 0, 0, 0, 0.000959481, 0, 8.99961e-07, 0, 0
23.3645, 0, 0.000864495, 0, 1.41421, -0.000864495, 0, 0, 0, 0, 0, 0, 0, 0, 0, 0, 0, 0, 0, 0, 0, 0, 0, 0, 0.000863729, 0, 7.6633e-07, 0, 0
23.3724, 0, 0.00077485, 0, 1.41421, -0.00077485, 0, 0, 0, 0, 0, 0, 0, 0, 0, 0, 0, 0, 0, 0, 0, 0, 0, 0, 0.000774199, 0, 6.50374e-07, 0, 0
23.3802, 0, 0.000691585, 0, 1.41421, -0.000691585, 0, 0, 0, 0, 0, 0, 0, 0, 0, 0, 0, 0, 0, 0, 0, 0, 0, 0, 0.000691035, 0, 5.50191e-07, 0, 0
23.3881, 0, 0.000614629, 0, 1.41421, -0.000614629, 0, 0, 0, 0, 0, 0, 0, 0, 0, 0, 0, 0, 0, 0, 0, 0, 0, 0, 0.000614165, 0, 4.63883e-07, 0, 0
23.396, 0, 0.000543901, 0, 1.41421, -0.000543901, 0, 0, 0, 0, 0, 0, 0, 0, 0, 0, 0, 0, 0, 0, 0, 0, 0, 0, 0.000543511, 0, 3.89799e-07, 0, 0
23.4039, 0, 0.000479285, 0, 1.41421, -0.000479285, 0, 0, 0, 0, 0, 0, 0, 0, 0, 0, 0, 0, 0, 0, 0, 0, 0, 0, 0.000478959, 0, 3.26471e-07, 0, 0
23.4117, 0, 0.000420571, 0, 1.41421, -0.000420571, 0, 0, 0, 0, 0, 0, 0, 0, 0, 0, 0, 0, 0, 0, 0, 0, 0, 0, 0.000420299, 0, 2.7253e-07, 0, 0
23.4196, 0, 0.000367464, 0, 1.41421, -0.000367464, 0, 0, 0, 0, 0, 0, 0, 0, 0, 0, 0, 0, 0, 0, 0, 0, 0, 0, 0.000367237, 0, 2.26719e-07, 0, 0
23.4275, 0, 0.000319716, 0, 1.41421, -0.000319716, 0, 0, 0, 0, 0, 0, 0, 0, 0, 0, 0, 0, 0, 0, 0, 0, 0, 0, 0.000319529, 0, 1.87982e-07, 0, 0
23.4353, 0, 0.000276999, 0, 1.41421, -0.000276999, 0, 0, 0, 0, 0, 0, 0, 0, 0, 0, 0, 0, 0, 0, 0, 0, 0, 0, 0.000276844, 0, 1.55338e-07, 0, 0
23.4432, 0, 0.000238977, 0, 1.41421, -0.000238977, 0, 0, 0, 0, 0, 0, 0, 0, 0, 0, 0, 0, 0, 0, 0, 0, 0, 0, 0.000238849, 0, 1.27928e-07, 0, 0
23.4511, 0, 0.000205305, 0, 1.41421, -0.000205305, 0, 0, 0, 0, 0, 0, 0, 0, 0, 0, 0, 0, 0, 0, 0, 0, 0, 0, 0.0002052, 0, 1.04997e-07, 0, 0
23.459, 0.299628, 0.000175636, 0, 1.51645, 0.299453, 0, 0, 0, 0, 0, 0, 0, 0, 0, 0, 0, 0, 0, 0, 0, 0, 0, 0, 0.00017555, 0, 8.58835e-08, 0, 0
23.4668, 0.700372, 0.000149617, 0, 1.64328, 0.700222, 0, 0, 0, 0, 0, 0, 0, 0, 0, 0, 0, 0, 0, 0, 0, 0, 0, 0, 0.000149547, 0, 7.00054e-08, 0, 0
23.4747, 0, 0.000126927, 0, 1.41421, -0.000126927, 0, 0, 0, 0, 0, 0, 0, 0, 0, 0, 0, 0, 0, 0, 0, 0, 0, 0, 0.00012687, 0, 5.68731e-08, 0, 0
23.4826, 0, 0.000107218, 0, 1.41421, -0.000107218, 0, 0, 0, 0, 0, 0, 0, 0, 0, 0, 0, 0, 0, 0, 0, 0, 0, 0, 0.000107172, 0, 4.60407e-08, 0, 0
23.4904, 0, 9.0194e-05, 0, 1.41421, -9.0194e-05, 0, 0, 0, 0, 0, 0, 0, 0, 0, 0, 0, 0, 0, 0, 0, 0, 0, 0, 9.01569e-05, 0, 3.71449e-08, 0, 0
23.4983, 0, 7.55557e-05, 0, 1.41421, -7.55557e-05, 0, 0, 0, 0, 0, 0, 0, 0, 0, 0, 0, 0, 0, 0, 0, 0, 0, 0, 7.55258e-05, 0, 2.98644e-08, 0, 0
23.5062, 0, 6.30286e-05, 0, 1.41421, -6.30286e-05, 0, 0, 0, 0, 0, 0, 0, 0, 0, 0, 0, 0, 0, 0, 0, 0, 0, 0, 6.30047e-05, 0, 2.39276e-08, 0, 0
23.5141, 0, 5.23592e-05, 0, 1.41421, -5.23592e-05, 0, 0, 0, 0, 0, 0, 0, 0, 0, 0, 0, 0, 0, 0, 0, 0, 0, 0, 5.23401e-05, 0, 1.91043e-08, 0, 0
23.5219, 0, 4.33146e-05, 0, 1.41421, -4.33146e-05, 0, 0, 0, 0, 0, 0, 0, 0, 0, 0, 0, 0, 0, 0, 0, 0, 0, 0, 4.32994e-05, 0, 1.52001e-08, 0, 0
23.5298, 0, 3.56815e-05, 0, 1.41421, -3.56815e-05, 0, 0, 0, 0, 0, 0, 0, 0, 0, 0, 0, 0, 0, 0, 0, 0, 0, 0, 3.56695e-05, 0, 1.20507e-08, 0, 0
23.5377, 0, 2.92743e-05, 0, 1.41421, -2.92743e-05, 0, 0, 0, 0, 0, 0, 0, 0, 0, 0, 0, 0, 0, 0, 0, 0, 0, 0, 2.92648e-05, 0, 9.5215e-09, 0, 0
23.5455, 0, 2.39167e-05, 0, 1.41421, -2.39167e-05, 0, 0, 0, 0, 0, 0, 0, 0, 0, 0, 0, 0, 0, 0, 0, 0, 0, 0, 2.39092e-05, 0, 7.4962e-09, 0, 0
23.5534, 0, 1.94576e-05, 0, 1.41421, -1.94576e-05, 0, 0, 0, 0, 0, 0, 0, 0, 0, 0, 0, 0, 0, 0, 0, 0, 0, 0, 1.94517e-05, 0, 5.88052e-09, 0, 0
23.5613, 0, 1.57651e-05, 0, 1.41421, -1.57651e-05, 0, 0, 0, 0, 0, 0, 0, 0, 0, 0, 0, 0, 0, 0, 0, 0, 0, 0, 1.57605e-05, 0, 4.59703e-09, 0, 0
23.5692, 0, 1.27212e-05, 0, 1.41421, -1.27212e-05, 0, 0, 0, 0, 0, 0, 0, 0, 0, 0, 0, 0, 0, 0, 0, 0, 0, 0, 1.27177e-05, 0, 3.58115e-09, 0, 0
23.577, 0, 1.02216e-05, 0, 1.41421, -1.02216e-05, 0, 0, 0, 0, 0, 0, 0, 0, 0, 0, 0, 0, 0, 0, 0, 0, 0, 0, 1.02188e-05, 0, 2.77949e-09, 0, 0
23.5849, 0, 8.17966e-06, 0, 1.41421, -8.17966e-06, 0, 0, 0, 0, 0, 0, 0, 0, 0, 0, 0, 0, 0, 0, 0, 0, 0, 0, 8.17751e-06, 0, 2.14971e-09, 0, 0
23.5928, 0, 6.5187e-06, 0, 1.41421, -6.5187e-06, 0, 0, 0, 0, 0, 0, 0, 0, 0, 0, 0, 0, 0, 0, 0, 0, 0, 0, 6.51704e-06, 0, 1.65668e-09, 0, 0
23.6006, 0, 5.17364e-06, 0, 1.41421, -5.17364e-06, 0, 0, 0, 0, 0, 0, 0, 0, 0, 0, 0, 0, 0, 0, 0, 0, 0, 0, 5.17237e-06, 0, 1.27214e-09, 0, 0
23.6085, 0, 4.08926e-06, 0, 1.41421, -4.08926e-06, 0, 0, 0, 0, 0, 0, 0, 0, 0, 0, 0, 0, 0, 0, 0, 0, 0, 0, 4.08829e-06, 0, 9.73342e-10, 0, 0
23.6164, 0, 3.21891e-06, 0, 1.41421, -3.21891e-06, 0, 0, 0, 0, 0, 0, 0, 0, 0, 0, 0, 0, 0, 0, 0, 0, 0, 0, 3.21817e-06, 0, 7.4203e-10, 0, 0
23.6243, 0, 2.52327e-06, 0, 1.41421, -2.52327e-06, 0, 0, 0, 0, 0, 0, 0, 0, 0, 0, 0, 0, 0, 0, 0, 0, 0, 0, 2.52271e-06, 0, 5.63596e-10, 0, 0
23.6321, 0, 1.97012e-06, 0, 1.41421, -1.97012e-06, 0, 0, 0, 0, 0, 0, 0, 0, 0, 0, 0, 0, 0, 0, 0, 0, 0, 0, 1.9697e-06, 0, 4.26568e-10, 0, 0
23.64, 0, 1.53186e-06, 0, 1.41421, -1.53186e-06, 0, 0, 0, 0, 0, 0, 0, 0, 0, 0, 0, 0, 0, 0, 0, 0, 0, 0, 1.53154e-06, 0, 3.21652e-10, 0, 0
23.6479, 0, 1.18616e-06, 0, 1.41421, -1.18616e-06, 0, 0, 0, 0, 0, 0, 0, 0, 0, 0, 0, 0, 0, 0, 0, 0, 0, 0, 1.18592e-06, 0, 2.4163e-10, 0, 0
23.6557, 0, 9.1479e-07, 0, 1.41421, -9.1479e-07, 0, 0, 0, 0, 0, 0, 0, 0, 0, 0, 0, 0, 0, 0, 0, 0, 0, 0, 9.14609e-07, 0, 1.80855e-10, 0, 0
23.6636, 0, 7.02683e-07, 0, 1.41421, -7.02683e-07, 0, 0, 0, 0, 0, 0, 0, 0, 0, 0, 0, 0, 0, 0, 0, 0, 0, 0, 7.02549e-07, 0, 1.34871e-10, 0, 0
23.6715, 0, 5.37495e-07, 0, 1.41421, -5.37495e-07, 0, 0, 0, 0, 0, 0, 0, 0, 0, 0, 0, 0, 0, 0, 0, 0, 0, 0, 5.37395e-07, 0, 1.00187e-10, 0, 0
23.6794, 0, 4.095e-07, 0, 1.41421, -4.095e-07, 0, 0, 0, 0, 0, 0, 0, 0, 0, 0, 0, 0, 0, 0, 0, 0, 0, 0, 4.09426e-07, 0, 7.41434e-11, 0, 0
23.6872, 0, 3.10722e-07, 0, 1.41421, -3.10722e-07, 0, 0, 0, 0, 0, 0, 0, 0, 0, 0, 0, 0, 0, 0, 0, 0, 0, 0, 3.10668e-07, 0, 5.46569e-11, 0, 0
23.6951, 0, 2.34818e-07, 0, 1.41421, -2.34818e-07, 0, 0, 0, 0, 0, 0, 0, 0, 0, 0, 0, 0, 0, 0, 0, 0, 0, 0, 2.34778e-07, 0, 4.0132e-11, 0, 0
23.703, 0, 1.7674e-07, 0, 1.41421, -1.7674e-07, 0, 0, 0, 0, 0, 0, 0, 0, 0, 0, 0, 0, 0, 0, 0, 0, 0, 0, 1.76711e-07, 0, 2.93467e-11, 0, 0
23.7108, 0, 1.32491e-07, 0, 1.41421, -1.32491e-07, 0, 0, 0, 0, 0, 0, 0, 0, 0, 0, 0, 0, 0, 0, 0, 0, 0, 0, 1.32469e-07, 0, 2.13696e-11, 0, 0
23.7187, 0, 9.89133e-08, 0, 1.41421, -9.89133e-08, 0, 0, 0, 0, 0, 0, 0, 0, 0, 0, 0, 0, 0, 0, 0, 0, 0, 0, 9.88978e-08, 0, 1.54905e-11, 0, 0
23.7266, 0, 7.35596e-08, 0, 1.41421, -7.35596e-08, 0, 0, 0, 0, 0, 0, 0, 0, 0, 0, 0, 0, 0, 0, 0, 0, 0, 0, 7.35484e-08, 0, 1.11776e-11, 0, 0
23.7345, 0, 5.44771e-08, 0, 1.41421, -5.44771e-08, 0, 0, 0, 0, 0, 0, 0, 0, 0, 0, 0, 0, 0, 0, 0, 0, 0, 0, 5.44691e-08, 0, 8.02265e-12, 0, 0
23.7423, 0, 4.01864e-08, 0, 1.41421, -4.01864e-08, 0, 0, 0, 0, 0, 0, 0, 0, 0, 0, 0, 0, 0, 0, 0, 0, 0, 0, 4.01806e-08, 0, 5.72557e-12, 0, 0
23.7502, 0, 2.95259e-08, 0, 1.41421, -2.95259e-08, 0, 0, 0, 0, 0, 0, 0, 0, 0, 0, 0, 0, 0, 0, 0, 0, 0, 0, 2.95219e-08, 0, 4.0592e-12, 0, 0
23.7581, 0, 2.16068e-08, 0, 1.41421, -2.16068e-08, 0, 0, 0, 0, 0, 0, 0, 0, 0, 0, 0, 0, 0, 0, 0, 0, 0, 0, 2.1604e-08, 0, 2.85521e-12, 0, 0
23.7659, 0, 1.57487e-08, 0, 1.41421, -1.57487e-08, 0, 0, 0, 0, 0, 0, 0, 0, 0, 0, 0, 0, 0, 0, 0, 0, 0, 0, 1.57467e-08, 0, 1.98883e-12, 0, 0
23.7738, 0, 1.14332e-08, 0, 1.41421, -1.14332e-08, 0, 0, 0, 0, 0, 0, 0, 0, 0, 0, 0, 0, 0, 0, 0, 0, 0, 0, 1.14318e-08, 0, 1.39603e-12, 0, 0
23.7817, 0, 8.26661e-09, 0, 1.41421, -8.26661e-09, 0, 0, 0, 0, 0, 0, 0, 0, 0, 0, 0, 0, 0, 0, 0, 0, 0, 0, 8.26564e-09, 0, 9.71718e-13, 0, 0
23.7896, 0, 5.95416e-09, 0, 1.41421, -5.95416e-09, 0, 0, 0, 0, 0, 0, 0, 0, 0, 0, 0, 0, 0, 0, 0, 0, 0, 0, 5.95349e-09, 0, 6.695e-13, 0, 0
23.7974, 0, 4.27117e-09, 0, 1.41421, -4.27117e-09, 0, 0, 0, 0, 0, 0, 0, 0, 0, 0, 0, 0, 0, 0, 0, 0, 0, 0, 4.27072e-09, 0, 4.55126e-13, 0, 0
23.8053, 0, 3.05144e-09, 0, 1.41421, -3.05144e-09, 0, 0, 0, 0, 0, 0, 0, 0, 0, 0, 0, 0, 0, 0, 0, 0, 0, 0, 3.05113e-09, 0, 3.03932e-13, 0, 0
23.8132, 0, 2.17146e-09, 0, 1.41421, -2.17146e-09, 0, 0, 0, 0, 0, 0, 0, 0, 0, 0, 0, 0, 0, 0, 0, 0, 0, 0, 2.17126e-09, 0, 1.97714e-13, 0, 0
23.821, 0, 1.53911e-09, 0, 1.41421, -1.53911e-09, 0, 0, 0, 0, 0, 0, 0, 0, 0, 0, 0, 0, 0, 0, 0, 0, 0, 0, 1.53898e-09, 0, 1.32577e-13, 0, 0
23.8289, 0, 1.08614e-09, 0, 1.41421, -1.08614e-09, 0, 0, 0, 0, 0, 0, 0, 0, 0, 0, 0, 0, 0, 0, 0, 0, 0, 0, 1.08605e-09, 0, 8.72215e-14, 0, 0
23.8368, 0, 7.63061e-10, 0, 1.41421, -7.63061e-10, 0, 0, 0, 0, 0, 0, 0, 0, 0, 0, 0, 0, 0, 0, 0, 0, 0, 0, 7.63006e-10, 0, 5.56267e-14, 0, 0
23.8447, 0, 5.33076e-10, 0, 1.41421, -5.33076e-10, 0, 0, 0, 0, 0, 0, 0, 0, 0, 0, 0, 0, 0, 0, 0, 0, 0, 0, 5.33042e-10, 0, 3.37385e-14, 0, 0
23.8525, 0, 3.68845e-10, 0, 1.41421, -3.68845e-10, 0, 0, 0, 0, 0, 0, 0, 0, 0, 0, 0, 0, 0, 0, 0, 0, 0, 0, 3.68827e-10, 0, 1.86784e-14, 0, 0
23.8604, 0, 2.46733e-10, 0, 1.41421, -2.46733e-10, 0, 0, 0, 0, 0, 0, 0, 0, 0, 0, 0, 0, 0, 0, 0, 0, 0, 0, 2.46724e-10, 0, 8.42941e-15, 0, 0
23.8683, 0, 1.05866e-10, 0, 1.41421, -1.05866e-10, 0, 0, 0, 0, 0, 0, 0, 0, 0, 0, 0, 0, 0, 0, 0, 0, 0, 0, 1.05864e-10, 0, 1.53601e-15, 0, 0
23.8761, 0, 5.2766e-11, 0, 1.41421, -5.2766e-11, 0, 0, 0, 0, 0, 0, 0, 0, 0, 0, 0, 0, 0, 0, 0, 0, 0, 0, 5.2765e-11, 0, 1.00269e-15, 0, 0
23.884, 0, 3.17578e-11, 0, 1.41421, -3.17578e-11, 0, 0, 0, 0, 0, 0, 0, 0, 0, 0, 0, 0, 0, 0, 0, 0, 0, 0, 3.17572e-11, 0, 6.32035e-16, 0, 0
23.8919, 0, 1.99611e-11, 0, 1.41421, -1.99611e-11, 0, 0, 0, 0, 0, 0, 0, 0, 0, 0, 0, 0, 0, 0, 0, 0, 0, 0, 1.99607e-11, 0, 3.75802e-16, 0, 0
23.8997, 0, 1.26654e-11, 0, 1.41421, -1.26654e-11, 0, 0, 0, 0, 0, 0, 0, 0, 0, 0, 0, 0, 0, 0, 0, 0, 0, 0, 1.26652e-11, 0, 1.9992e-16, 0, 0
23.9076, 0, 7.9626e-12, 0, 1.41421, -7.9626e-12, 0, 0, 0, 0, 0, 0, 0, 0, 0, 0, 0, 0, 0, 0, 0, 0, 0, 0, 7.96252e-12, 0, 8.0206e-17, 0, 0
23.9155, 0, 4.60883e-12, 0, 1.41421, -4.60883e-12, 0, 0, 0, 0, 0, 0, 0, 0, 0, 0, 0, 0, 0, 0, 0, 0, 0, 0, 4.60883e-12, 0, 0, 0, 0
23.9234, 0, 2.00228e-12, 0, 1.41421, -2.00228e-12, 0, 0, 0, 0, 0, 0, 0, 0, 0, 0, 0, 0, 0, 0, 0, 0, 0, 0, 2.00228e-12, 0, 0, 0, 0
23.9312, 0, 9.88181e-13, 0, 1.41421, -9.88181e-13, 0, 0, 0, 0, 0, 0, 0, 0, 0, 0, 0, 0, 0, 0, 0, 0, 0, 0, 9.88181e-13, 0, 0, 0, 0
23.9391, 0, 4.17643e-13, 0, 1.41421, -4.17643e-13, 0, 0, 0, 0, 0, 0, 0, 0, 0, 0, 0, 0, 0, 0, 0, 0, 0, 0, 4.17643e-13, 0, 0, 0, 0
23.947, 0, 8.59751e-14, 0, 1.41421, -8.59751e-14, 0, 0, 0, 0, 0, 0, 0, 0, 0, 0, 0, 0, 0, 0, 0, 0, 0, 0, 8.59751e-14, 0, 0, 0, 0
23.9548, 0, 4.82394e-14, 0, 1.41421, -4.82394e-14, 0, 0, 0, 0, 0, 0, 0, 0, 0, 0, 0, 0, 0, 0, 0, 0, 0, 0, 4.82394e-14, 0, 0, 0, 0
23.9627, 0, 2.58217e-14, 0, 1.41421, -2.58217e-14, 0, 0, 0, 0, 0, 0, 0, 0, 0, 0, 0, 0, 0, 0, 0, 0, 0, 0, 2.58217e-14, 0, 0, 0, 0
23.9706, 0, 1.24457e-14, 0, 1.41421, -1.24457e-14, 0, 0, 0, 0, 0, 0, 0, 0, 0, 0, 0, 0, 0, 0, 0, 0, 0, 0, 1.24457e-14, 0, 0, 0, 0
23.9785, 0, 4.54843e-15, 0, 1.41421, -4.54843e-15, 0, 0, 0, 0, 0, 0, 0, 0, 0, 0, 0, 0, 0, 0, 0, 0, 0, 0, 4.54843e-15, 0, 0, 0, 0
23.9863, 0, 0, 0, 1.41421, 0, 0, 0, 0, 0, 0, 0, 0, 0, 0, 0, 0, 0, 0, 0, 0, 0, 0, 0, 0, 0, 0, 0, 0
23.9942, 0, 0, 0, 1.41421, 0, 0, 0, 0, 0, 0, 0, 0, 0, 0, 0, 0, 0, 0, 0, 0, 0, 0, 0, 0, 0, 0, 0, 0
24.0021, 0, 0, 0, 1.41421, 0, 0, 0, 0, 0, 0, 0, 0, 0, 0, 0, 0, 0, 0, 0, 0, 0, 0, 0, 0, 0, 0, 0, 0
24.0099, 0, 0, 0, 1.41421, 0, 0, 0, 0, 0, 0, 0, 0, 0, 0, 0, 0, 0, 0, 0, 0, 0, 0, 0, 0, 0, 0, 0, 0
24.0178, 0, 0, 0, 1.41421, 0, 0, 0, 0, 0, 0, 0, 0, 0, 0, 0, 0, 0, 0, 0, 0, 0, 0, 0, 0, 0, 0, 0, 0
24.0257, 0, 0, 0, 1.41421, 0, 0, 0, 0, 0, 0, 0, 0, 0, 0, 0, 0, 0, 0, 0, 0, 0, 0, 0, 0, 0, 0, 0, 0
24.0336, 0, 0, 0, 1.41421, 0, 0, 0, 0, 0, 0, 0, 0, 0, 0, 0, 0, 0, 0, 0, 0, 0, 0, 0, 0, 0, 0, 0, 0
24.0414, 0, 0, 0, 1.41421, 0, 0, 0, 0, 0, 0, 0, 0, 0, 0, 0, 0, 0, 0, 0, 0, 0, 0, 0, 0, 0, 0, 0, 0
24.0493, 0, 0, 0, 1.41421, 0, 0, 0, 0, 0, 0, 0, 0, 0, 0, 0, 0, 0, 0, 0, 0, 0, 0, 0, 0, 0, 0, 0, 0
24.0572, 0, 0, 0, 1.41421, 0, 0, 0, 0, 0, 0, 0, 0, 0, 0, 0, 0, 0, 0, 0, 0, 0, 0, 0, 0, 0, 0, 0, 0
24.065, 0, 0, 0, 1.41421, 0, 0, 0, 0, 0, 0, 0, 0, 0, 0, 0, 0, 0, 0, 0, 0, 0, 0, 0, 0, 0, 0, 0, 0
24.0729, 0, 0, 0, 1.41421, 0, 0, 0, 0, 0, 0, 0, 0, 0, 0, 0, 0, 0, 0, 0, 0, 0, 0, 0, 0, 0, 0, 0, 0
24.0808, 0, 0, 0, 1.41421, 0, 0, 0, 0, 0, 0, 0, 0, 0, 0, 0, 0, 0, 0, 0, 0, 0, 0, 0, 0, 0, 0, 0, 0
24.0887, 0, 0, 0, 1.41421, 0, 0, 0, 0, 0, 0, 0, 0, 0, 0, 0, 0, 0, 0, 0, 0, 0, 0, 0, 0, 0, 0, 0, 0
24.0965, 0, 0, 0, 1.41421, 0, 0, 0, 0, 0, 0, 0, 0, 0, 0, 0, 0, 0, 0, 0, 0, 0, 0, 0, 0, 0, 0, 0, 0
24.1044, 0, 0, 0, 1.41421, 0, 0, 0, 0, 0, 0, 0, 0, 0, 0, 0, 0, 0, 0, 0, 0, 0, 0, 0, 0, 0, 0, 0, 0
24.1123, 0, 0, 0, 1.41421, 0, 0, 0, 0, 0, 0, 0, 0, 0, 0, 0, 0, 0, 0, 0, 0, 0, 0, 0, 0, 0, 0, 0, 0
24.1201, 0, 0, 0, 1.41421, 0, 0, 0, 0, 0, 0, 0, 0, 0, 0, 0, 0, 0, 0, 0, 0, 0, 0, 0, 0, 0, 0, 0, 0
24.128, 0, 0, 0, 1.41421, 0, 0, 0, 0, 0, 0, 0, 0, 0, 0, 0, 0, 0, 0, 0, 0, 0, 0, 0, 0, 0, 0, 0, 0
24.1359, 0, 0, 0, 1.41421, 0, 0, 0, 0, 0, 0, 0, 0, 0, 0, 0, 0, 0, 0, 0, 0, 0, 0, 0, 0, 0, 0, 0, 0
24.1438, 0, 0, 0, 1.41421, 0, 0, 0, 0, 0, 0, 0, 0, 0, 0, 0, 0, 0, 0, 0, 0, 0, 0, 0, 0, 0, 0, 0, 0
24.1516, 0, 0, 0, 1.41421, 0, 0, 0, 0, 0, 0, 0, 0, 0, 0, 0, 0, 0, 0, 0, 0, 0, 0, 0, 0, 0, 0, 0, 0
24.1595, 0, 0, 0, 1.41421, 0, 0, 0, 0, 0, 0, 0, 0, 0, 0, 0, 0, 0, 0, 0, 0, 0, 0, 0, 0, 0, 0, 0, 0
24.1674, 0, 0, 0, 1.41421, 0, 0, 0, 0, 0, 0, 0, 0, 0, 0, 0, 0, 0, 0, 0, 0, 0, 0, 0, 0, 0, 0, 0, 0
24.1752, 0, 0, 0, 1.41421, 0, 0, 0, 0, 0, 0, 0, 0, 0, 0, 0, 0, 0, 0, 0, 0, 0, 0, 0, 0, 0, 0, 0, 0
24.1831, 0, 0, 0, 1.41421, 0, 0, 0, 0, 0, 0, 0, 0, 0, 0, 0, 0, 0, 0, 0, 0, 0, 0, 0, 0, 0, 0, 0, 0
24.191, 0, 0, 0, 1.41421, 0, 0, 0, 0, 0, 0, 0, 0, 0, 0, 0, 0, 0, 0, 0, 0, 0, 0, 0, 0, 0, 0, 0, 0
24.1989, 0, 0, 0, 1.41421, 0, 0, 0, 0, 0, 0, 0, 0, 0, 0, 0, 0, 0, 0, 0, 0, 0, 0, 0, 0, 0, 0, 0, 0
24.2067, 0, 0, 0, 1.41421, 0, 0, 0, 0, 0, 0, 0, 0, 0, 0, 0, 0, 0, 0, 0, 0, 0, 0, 0, 0, 0, 0, 0, 0
24.2146, 0, 0, 0, 1.41421, 0, 0, 0, 0, 0, 0, 0, 0, 0, 0, 0, 0, 0, 0, 0, 0, 0, 0, 0, 0, 0, 0, 0, 0
24.2225, 0, 0, 0, 1.41421, 0, 0, 0, 0, 0, 0, 0, 0, 0, 0, 0, 0, 0, 0, 0, 0, 0, 0, 0, 0, 0, 0, 0, 0
24.2303, 0, 0, 0, 1.41421, 0, 0, 0, 0, 0, 0, 0, 0, 0, 0, 0, 0, 0, 0, 0, 0, 0, 0, 0, 0, 0, 0, 0, 0
24.2382, 0, 0, 0, 1.41421, 0, 0, 0, 0, 0, 0, 0, 0, 0, 0, 0, 0, 0, 0, 0, 0, 0, 0, 0, 0, 0, 0, 0, 0
24.2461, 0, 0, 0, 1.41421, 0, 0, 0, 0, 0, 0, 0, 0, 0, 0, 0, 0, 0, 0, 0, 0, 0, 0, 0, 0, 0, 0, 0, 0
24.254, 0, 0, 0, 1.41421, 0, 0, 0, 0, 0, 0, 0, 0, 0, 0, 0, 0, 0, 0, 0, 0, 0, 0, 0, 0, 0, 0, 0, 0
24.2618, 0, 0, 0, 1.41421, 0, 0, 0, 0, 0, 0, 0, 0, 0, 0, 0, 0, 0, 0, 0, 0, 0, 0, 0, 0, 0, 0, 0, 0
24.2697, 0, 0, 0, 1.41421, 0, 0, 0, 0, 0, 0, 0, 0, 0, 0, 0, 0, 0, 0, 0, 0, 0, 0, 0, 0, 0, 0, 0, 0
24.2776, 0, 0, 0, 1.41421, 0, 0, 0, 0, 0, 0, 0, 0, 0, 0, 0, 0, 0, 0, 0, 0, 0, 0, 0, 0, 0, 0, 0, 0
24.2854, 0, 0, 0, 1.41421, 0, 0, 0, 0, 0, 0, 0, 0, 0, 0, 0, 0, 0, 0, 0, 0, 0, 0, 0, 0, 0, 0, 0, 0
24.2933, 0, 0, 0, 1.41421, 0, 0, 0, 0, 0, 0, 0, 0, 0, 0, 0, 0, 0, 0, 0, 0, 0, 0, 0, 0, 0, 0, 0, 0
24.3012, 0, 0, 0, 1.41421, 0, 0, 0, 0, 0, 0, 0, 0, 0, 0, 0, 0, 0, 0, 0, 0, 0, 0, 0, 0, 0, 0, 0, 0
24.3091, 0, 0, 0, 1.41421, 0, 0, 0, 0, 0, 0, 0, 0, 0, 0, 0, 0, 0, 0, 0, 0, 0, 0, 0, 0, 0, 0, 0, 0
24.3169, 0, 0, 0, 1.41421, 0, 0, 0, 0, 0, 0, 0, 0, 0, 0, 0, 0, 0, 0, 0, 0, 0, 0, 0, 0, 0, 0, 0, 0
24.3248, 0, 0, 0, 1.41421, 0, 0, 0, 0, 0, 0, 0, 0, 0, 0, 0, 0, 0, 0, 0, 0, 0, 0, 0, 0, 0, 0, 0, 0
24.3327, 0, 0, 0, 1.41421, 0, 0, 0, 0, 0, 0, 0, 0, 0, 0, 0, 0, 0, 0, 0, 0, 0, 0, 0, 0, 0, 0, 0, 0
24.3405, 0, 0, 0, 1.41421, 0, 0, 0, 0, 0, 0, 0, 0, 0, 0, 0, 0, 0, 0, 0, 0, 0, 0, 0, 0, 0, 0, 0, 0
24.3484, 0, 0, 0, 1.41421, 0, 0, 0, 0, 0, 0, 0, 0, 0, 0, 0, 0, 0, 0, 0, 0, 0, 0, 0, 0, 0, 0, 0, 0
24.3563, 0, 0, 0, 1.41421, 0, 0, 0, 0, 0, 0, 0, 0, 0, 0, 0, 0, 0, 0, 0, 0, 0, 0, 0, 0, 0, 0, 0, 0
24.3642, 0, 0, 0, 1.41421, 0, 0, 0, 0, 0, 0, 0, 0, 0, 0, 0, 0, 0, 0, 0, 0, 0, 0, 0, 0, 0, 0, 0, 0
24.372, 0, 0, 0, 1.41421, 0, 0, 0, 0, 0, 0, 0, 0, 0, 0, 0, 0, 0, 0, 0, 0, 0, 0, 0, 0, 0, 0, 0, 0
24.3799, 0, 0, 0, 1.41421, 0, 0, 0, 0, 0, 0, 0, 0, 0, 0, 0, 0, 0, 0, 0, 0, 0, 0, 0, 0, 0, 0, 0, 0
24.3878, 0, 0, 0, 1.41421, 0, 0, 0, 0, 0, 0, 0, 0, 0, 0, 0, 0, 0, 0, 0, 0, 0, 0, 0, 0, 0, 0, 0, 0
24.3956, 0, 0, 0, 1.41421, 0, 0, 0, 0, 0, 0, 0, 0, 0, 0, 0, 0, 0, 0, 0, 0, 0, 0, 0, 0, 0, 0, 0, 0
24.4035, 0, 0, 0, 1.41421, 0, 0, 0, 0, 0, 0, 0, 0, 0, 0, 0, 0, 0, 0, 0, 0, 0, 0, 0, 0, 0, 0, 0, 0
24.4114, 0, 0, 0, 1.41421, 0, 0, 0, 0, 0, 0, 0, 0, 0, 0, 0, 0, 0, 0, 0, 0, 0, 0, 0, 0, 0, 0, 0, 0
24.4193, 0, 0, 0, 1.41421, 0, 0, 0, 0, 0, 0, 0, 0, 0, 0, 0, 0, 0, 0, 0, 0, 0, 0, 0, 0, 0, 0, 0, 0
24.4271, 0, 0, 0, 1.41421, 0, 0, 0, 0, 0, 0, 0, 0, 0, 0, 0, 0, 0, 0, 0, 0, 0, 0, 0, 0, 0, 0, 0, 0
24.435, 0, 0, 0, 1.41421, 0, 0, 0, 0, 0, 0, 0, 0, 0, 0, 0, 0, 0, 0, 0, 0, 0, 0, 0, 0, 0, 0, 0, 0
24.4429, 0, 0, 0, 1.41421, 0, 0, 0, 0, 0, 0, 0, 0, 0, 0, 0, 0, 0, 0, 0, 0, 0, 0, 0, 0, 0, 0, 0, 0
24.4507, 0, 0, 0, 1.41421, 0, 0, 0, 0, 0, 0, 0, 0, 0, 0, 0, 0, 0, 0, 0, 0, 0, 0, 0, 0, 0, 0, 0, 0
24.4586, 0, 0, 0, 1.41421, 0, 0, 0, 0, 0, 0, 0, 0, 0, 0, 0, 0, 0, 0, 0, 0, 0, 0, 0, 0, 0, 0, 0, 0
24.4665, 0, 0, 0, 1.41421, 0, 0, 0, 0, 0, 0, 0, 0, 0, 0, 0, 0, 0, 0, 0, 0, 0, 0, 0, 0, 0, 0, 0, 0
24.4744, 0, 0, 0, 1.41421, 0, 0, 0, 0, 0, 0, 0, 0, 0, 0, 0, 0, 0, 0, 0, 0, 0, 0, 0, 0, 0, 0, 0, 0
24.4822, 0, 0, 0, 1.41421, 0, 0, 0, 0, 0, 0, 0, 0, 0, 0, 0, 0, 0, 0, 0, 0, 0, 0, 0, 0, 0, 0, 0, 0
24.4901, 0, 0, 0, 1.41421, 0, 0, 0, 0, 0, 0, 0, 0, 0, 0, 0, 0, 0, 0, 0, 0, 0, 0, 0, 0, 0, 0, 0, 0
24.498, 0, 0, 0, 1.41421, 0, 0, 0, 0, 0, 0, 0, 0, 0, 0, 0, 0, 0, 0, 0, 0, 0, 0, 0, 0, 0, 0, 0, 0
24.5058, 0, 0, 0, 1.41421, 0, 0, 0, 0, 0, 0, 0, 0, 0, 0, 0, 0, 0, 0, 0, 0, 0, 0, 0, 0, 0, 0, 0, 0
24.5137, 0, 0, 0, 1.41421, 0, 0, 0, 0, 0, 0, 0, 0, 0, 0, 0, 0, 0, 0, 0, 0, 0, 0, 0, 0, 0, 0, 0, 0
24.5216, 0, 0, 0, 1.41421, 0, 0, 0, 0, 0, 0, 0, 0, 0, 0, 0, 0, 0, 0, 0, 0, 0, 0, 0, 0, 0, 0, 0, 0
24.5295, 0, 0, 0, 1.41421, 0, 0, 0, 0, 0, 0, 0, 0, 0, 0, 0, 0, 0, 0, 0, 0, 0, 0, 0, 0, 0, 0, 0, 0
24.5373, 0, 0, 0, 1.41421, 0, 0, 0, 0, 0, 0, 0, 0, 0, 0, 0, 0, 0, 0, 0, 0, 0, 0, 0, 0, 0, 0, 0, 0
24.5452, 0, 0, 0, 1.41421, 0, 0, 0, 0, 0, 0, 0, 0, 0, 0, 0, 0, 0, 0, 0, 0, 0, 0, 0, 0, 0, 0, 0, 0
24.5531, 0, 0, 0, 1.41421, 0, 0, 0, 0, 0, 0, 0, 0, 0, 0, 0, 0, 0, 0, 0, 0, 0, 0, 0, 0, 0, 0, 0, 0
24.5609, 0, 0, 0, 1.41421, 0, 0, 0, 0, 0, 0, 0, 0, 0, 0, 0, 0, 0, 0, 0, 0, 0, 0, 0, 0, 0, 0, 0, 0
24.5688, 0, 0, 0, 1.41421, 0, 0, 0, 0, 0, 0, 0, 0, 0, 0, 0, 0, 0, 0, 0, 0, 0, 0, 0, 0, 0, 0, 0, 0
24.5767, 0, 0, 0, 1.41421, 0, 0, 0, 0, 0, 0, 0, 0, 0, 0, 0, 0, 0, 0, 0, 0, 0, 0, 0, 0, 0, 0, 0, 0
24.5846, 0, 0, 0, 1.41421, 0, 0, 0, 0, 0, 0, 0, 0, 0, 0, 0, 0, 0, 0, 0, 0, 0, 0, 0, 0, 0, 0, 0, 0
24.5924, 0, 0, 0, 1.41421, 0, 0, 0, 0, 0, 0, 0, 0, 0, 0, 0, 0, 0, 0, 0, 0, 0, 0, 0, 0, 0, 0, 0, 0
24.6003, 0, 0, 0, 1.41421, 0, 0, 0, 0, 0, 0, 0, 0, 0, 0, 0, 0, 0, 0, 0, 0, 0, 0, 0, 0, 0, 0, 0, 0
24.6082, 0, 0, 0, 1.41421, 0, 0, 0, 0, 0, 0, 0, 0, 0, 0, 0, 0, 0, 0, 0, 0, 0, 0, 0, 0, 0, 0, 0, 0
24.616, 0, 0, 0, 1.41421, 0, 0, 0, 0, 0, 0, 0, 0, 0, 0, 0, 0, 0, 0, 0, 0, 0, 0, 0, 0, 0, 0, 0, 0
24.6239, 0, 0, 0, 1.41421, 0, 0, 0, 0, 0, 0, 0, 0, 0, 0, 0, 0, 0, 0, 0, 0, 0, 0, 0, 0, 0, 0, 0, 0
24.6318, 0, 0, 0, 1.41421, 0, 0, 0, 0, 0, 0, 0, 0, 0, 0, 0, 0, 0, 0, 0, 0, 0, 0, 0, 0, 0, 0, 0, 0
24.6396, 0, 0, 0, 1.41421, 0, 0, 0, 0, 0, 0, 0, 0, 0, 0, 0, 0, 0, 0, 0, 0, 0, 0, 0, 0, 0, 0, 0, 0
24.6475, 0, 0, 0, 1.41421, 0, 0, 0, 0, 0, 0, 0, 0, 0, 0, 0, 0, 0, 0, 0, 0, 0, 0, 0, 0, 0, 0, 0, 0
24.6554, 0, 0, 0, 1.41421, 0, 0, 0, 0, 0, 0, 0, 0, 0, 0, 0, 0, 0, 0, 0, 0, 0, 0, 0, 0, 0, 0, 0, 0
24.6633, 0, 0, 0, 1.41421, 0, 0, 0, 0, 0, 0, 0, 0, 0, 0, 0, 0, 0, 0, 0, 0, 0, 0, 0, 0, 0, 0, 0, 0
24.6711, 0, 0, 0, 1.41421, 0, 0, 0, 0, 0, 0, 0, 0, 0, 0, 0, 0, 0, 0, 0, 0, 0, 0, 0, 0, 0, 0, 0, 0
24.679, 0, 0, 0, 1.41421, 0, 0, 0, 0, 0, 0, 0, 0, 0, 0, 0, 0, 0, 0, 0, 0, 0, 0, 0, 0, 0, 0, 0, 0
24.6869, 0, 0, 0, 1.41421, 0, 0, 0, 0, 0, 0, 0, 0, 0, 0, 0, 0, 0, 0, 0, 0, 0, 0, 0, 0, 0, 0, 0, 0
24.6947, 0, 0, 0, 1.41421, 0, 0, 0, 0, 0, 0, 0, 0, 0, 0, 0, 0, 0, 0, 0, 0, 0, 0, 0, 0, 0, 0, 0, 0
24.7026, 0, 0, 0, 1.41421, 0, 0, 0, 0, 0, 0, 0, 0, 0, 0, 0, 0, 0, 0, 0, 0, 0, 0, 0, 0, 0, 0, 0, 0
24.7105, 0, 0, 0, 1.41421, 0, 0, 0, 0, 0, 0, 0, 0, 0, 0, 0, 0, 0, 0, 0, 0, 0, 0, 0, 0, 0, 0, 0, 0
24.7184, 0, 0, 0, 1.41421, 0, 0, 0, 0, 0, 0, 0, 0, 0, 0, 0, 0, 0, 0, 0, 0, 0, 0, 0, 0, 0, 0, 0, 0
24.7262, 0, 0, 0, 1.41421, 0, 0, 0, 0, 0, 0, 0, 0, 0, 0, 0, 0, 0, 0, 0, 0, 0, 0, 0, 0, 0, 0, 0, 0
24.7341, 0, 0, 0, 1.41421, 0, 0, 0, 0, 0, 0, 0, 0, 0, 0, 0, 0, 0, 0, 0, 0, 0, 0, 0, 0, 0, 0, 0, 0
24.742, 0, 0, 0, 1.41421, 0, 0, 0, 0, 0, 0, 0, 0, 0, 0, 0, 0, 0, 0, 0, 0, 0, 0, 0, 0, 0, 0, 0, 0
24.7498, 0, 0, 0, 1.41421, 0, 0, 0, 0, 0, 0, 0, 0, 0, 0, 0, 0, 0, 0, 0, 0, 0, 0, 0, 0, 0, 0, 0, 0
24.7577, 0, 0, 0, 1.41421, 0, 0, 0, 0, 0, 0, 0, 0, 0, 0, 0, 0, 0, 0, 0, 0, 0, 0, 0, 0, 0, 0, 0, 0
24.7656, 1, 0, 0, 1.73205, 1, 0, 0, 0, 0, 0, 0, 0, 0, 0, 0, 0, 0, 0, 0, 0, 0, 0, 0, 0, 0, 0, 0, 0
24.7735, 0, 0, 0, 1.41421, 0, 0, 0, 0, 0, 0, 0, 0, 0, 0, 0, 0, 0, 0, 0, 0, 0, 0, 0, 0, 0, 0, 0, 0
24.7813, 0, 0, 0, 1.41421, 0, 0, 0, 0, 0, 0, 0, 0, 0, 0, 0, 0, 0, 0, 0, 0, 0, 0, 0, 0, 0, 0, 0, 0
24.7892, 0, 0, 0, 1.41421, 0, 0, 0, 0, 0, 0, 0, 0, 0, 0, 0, 0, 0, 0, 0, 0, 0, 0, 0, 0, 0, 0, 0, 0
24.7971, 0, 0, 0, 1.41421, 0, 0, 0, 0, 0, 0, 0, 0, 0, 0, 0, 0, 0, 0, 0, 0, 0, 0, 0, 0, 0, 0, 0, 0
24.8049, 0, 0, 0, 1.41421, 0, 0, 0, 0, 0, 0, 0, 0, 0, 0, 0, 0, 0, 0, 0, 0, 0, 0, 0, 0, 0, 0, 0, 0
24.8128, 0, 0, 0, 1.41421, 0, 0, 0, 0, 0, 0, 0, 0, 0, 0, 0, 0, 0, 0, 0, 0, 0, 0, 0, 0, 0, 0, 0, 0
24.8207, 0, 0, 0, 1.41421, 0, 0, 0, 0, 0, 0, 0, 0, 0, 0, 0, 0, 0, 0, 0, 0, 0, 0, 0, 0, 0, 0, 0, 0
24.8286, 0, 0, 0, 1.41421, 0, 0, 0, 0, 0, 0, 0, 0, 0, 0, 0, 0, 0, 0, 0, 0, 0, 0, 0, 0, 0, 0, 0, 0
24.8364, 0, 0, 0, 1.41421, 0, 0, 0, 0, 0, 0, 0, 0, 0, 0, 0, 0, 0, 0, 0, 0, 0, 0, 0, 0, 0, 0, 0, 0
24.8443, 0, 0, 0, 1.41421, 0, 0, 0, 0, 0, 0, 0, 0, 0, 0, 0, 0, 0, 0, 0, 0, 0, 0, 0, 0, 0, 0, 0, 0
24.8522, 0, 0, 0, 1.41421, 0, 0, 0, 0, 0, 0, 0, 0, 0, 0, 0, 0, 0, 0, 0, 0, 0, 0, 0, 0, 0, 0, 0, 0
24.86, 0, 0, 0, 1.41421, 0, 0, 0, 0, 0, 0, 0, 0, 0, 0, 0, 0, 0, 0, 0, 0, 0, 0, 0, 0, 0, 0, 0, 0
24.8679, 0, 0, 0, 1.41421, 0, 0, 0, 0, 0, 0, 0, 0, 0, 0, 0, 0, 0, 0, 0, 0, 0, 0, 0, 0, 0, 0, 0, 0
24.8758, 0, 0, 0, 1.41421, 0, 0, 0, 0, 0, 0, 0, 0, 0, 0, 0, 0, 0, 0, 0, 0, 0, 0, 0, 0, 0, 0, 0, 0
24.8837, 0, 0, 0, 1.41421, 0, 0, 0, 0, 0, 0, 0, 0, 0, 0, 0, 0, 0, 0, 0, 0, 0, 0, 0, 0, 0, 0, 0, 0
24.8915, 0, 0, 0, 1.41421, 0, 0, 0, 0, 0, 0, 0, 0, 0, 0, 0, 0, 0, 0, 0, 0, 0, 0, 0, 0, 0, 0, 0, 0
24.8994, 0, 0, 0, 1.41421, 0, 0, 0, 0, 0, 0, 0, 0, 0, 0, 0, 0, 0, 0, 0, 0, 0, 0, 0, 0, 0, 0, 0, 0
24.9073, 0, 0, 0, 1.41421, 0, 0, 0, 0, 0, 0, 0, 0, 0, 0, 0, 0, 0, 0, 0, 0, 0, 0, 0, 0, 0, 0, 0, 0
24.9151, 0, 0, 0, 1.41421, 0, 0, 0, 0, 0, 0, 0, 0, 0, 0, 0, 0, 0, 0, 0, 0, 0, 0, 0, 0, 0, 0, 0, 0
24.923, 0, 0, 0, 1.41421, 0, 0, 0, 0, 0, 0, 0, 0, 0, 0, 0, 0, 0, 0, 0, 0, 0, 0, 0, 0, 0, 0, 0, 0
24.9309, 0, 0, 0, 1.41421, 0, 0, 0, 0, 0, 0, 0, 0, 0, 0, 0, 0, 0, 0, 0, 0, 0, 0, 0, 0, 0, 0, 0, 0
24.9388, 0, 0, 0, 1.41421, 0, 0, 0, 0, 0, 0, 0, 0, 0, 0, 0, 0, 0, 0, 0, 0, 0, 0, 0, 0, 0, 0, 0, 0
24.9466, 0, 0, 0, 1.41421, 0, 0, 0, 0, 0, 0, 0, 0, 0, 0, 0, 0, 0, 0, 0, 0, 0, 0, 0, 0, 0, 0, 0, 0
24.9545, 0, 0, 0, 1.41421, 0, 0, 0, 0, 0, 0, 0, 0, 0, 0, 0, 0, 0, 0, 0, 0, 0, 0, 0, 0, 0, 0, 0, 0
24.9624, 0, 0, 0, 1.41421, 0, 0, 0, 0, 0, 0, 0, 0, 0, 0, 0, 0, 0, 0, 0, 0, 0, 0, 0, 0, 0, 0, 0, 0
24.9702, 0, 0, 0, 1.41421, 0, 0, 0, 0, 0, 0, 0, 0, 0, 0, 0, 0, 0, 0, 0, 0, 0, 0, 0, 0, 0, 0, 0, 0
24.9781, 0, 0, 0, 1.41421, 0, 0, 0, 0, 0, 0, 0, 0, 0, 0, 0, 0, 0, 0, 0, 0, 0, 0, 0, 0, 0, 0, 0, 0
24.986, 0, 0, 0, 1.41421, 0, 0, 0, 0, 0, 0, 0, 0, 0, 0, 0, 0, 0, 0, 0, 0, 0, 0, 0, 0, 0, 0, 0, 0
24.9939, 0, 0, 0, 1.41421, 0, 0, 0, 0, 0, 0, 0, 0, 0, 0, 0, 0, 0, 0, 0, 0, 0, 0, 0, 0, 0, 0, 0, 0
25.0017, 0, 0, 0, 1.41421, 0, 0, 0, 0, 0, 0, 0, 0, 0, 0, 0, 0, 0, 0, 0, 0, 0, 0, 0, 0, 0, 0, 0, 0
25.0096, 0, 0, 0, 1.41421, 0, 0, 0, 0, 0, 0, 0, 0, 0, 0, 0, 0, 0, 0, 0, 0, 0, 0, 0, 0, 0, 0, 0, 0
25.0175, 0, 0, 0, 1.41421, 0, 0, 0, 0, 0, 0, 0, 0, 0, 0, 0, 0, 0, 0, 0, 0, 0, 0, 0, 0, 0, 0, 0, 0
25.0253, 0, 0, 0, 1.41421, 0, 0, 0, 0, 0, 0, 0, 0, 0, 0, 0, 0, 0, 0, 0, 0, 0, 0, 0, 0, 0, 0, 0, 0
25.0332, 0, 0, 0, 1.41421, 0, 0, 0, 0, 0, 0, 0, 0, 0, 0, 0, 0, 0, 0, 0, 0, 0, 0, 0, 0, 0, 0, 0, 0
25.0411, 0, 0, 0, 1.41421, 0, 0, 0, 0, 0, 0, 0, 0, 0, 0, 0, 0, 0, 0, 0, 0, 0, 0, 0, 0, 0, 0, 0, 0
25.049, 0, 0, 0, 1.41421, 0, 0, 0, 0, 0, 0, 0, 0, 0, 0, 0, 0, 0, 0, 0, 0, 0, 0, 0, 0, 0, 0, 0, 0
25.0568, 0, 0, 0, 1.41421, 0, 0, 0, 0, 0, 0, 0, 0, 0, 0, 0, 0, 0, 0, 0, 0, 0, 0, 0, 0, 0, 0, 0, 0
25.0647, 0, 0, 0, 1.41421, 0, 0, 0, 0, 0, 0, 0, 0, 0, 0, 0, 0, 0, 0, 0, 0, 0, 0, 0, 0, 0, 0, 0, 0
25.0726, 0, 0, 0, 1.41421, 0, 0, 0, 0, 0, 0, 0, 0, 0, 0, 0, 0, 0, 0, 0, 0, 0, 0, 0, 0, 0, 0, 0, 0
25.0804, 0, 0, 0, 1.41421, 0, 0, 0, 0, 0, 0, 0, 0, 0, 0, 0, 0, 0, 0, 0, 0, 0, 0, 0, 0, 0, 0, 0, 0
25.0883, 0, 0, 0, 1.41421, 0, 0, 0, 0, 0, 0, 0, 0, 0, 0, 0, 0, 0, 0, 0, 0, 0, 0, 0, 0, 0, 0, 0, 0
25.0962, 0, 0, 0, 1.41421, 0, 0, 0, 0, 0, 0, 0, 0, 0, 0, 0, 0, 0, 0, 0, 0, 0, 0, 0, 0, 0, 0, 0, 0
25.1041, 0, 0, 0, 1.41421, 0, 0, 0, 0, 0, 0, 0, 0, 0, 0, 0, 0, 0, 0, 0, 0, 0, 0, 0, 0, 0, 0, 0, 0
25.1119, 0, 0, 0, 1.41421, 0, 0, 0, 0, 0, 0, 0, 0, 0, 0, 0, 0, 0, 0, 0, 0, 0, 0, 0, 0, 0, 0, 0, 0
25.1198, 0, 0, 0, 1.41421, 0, 0, 0, 0, 0, 0, 0, 0, 0, 0, 0, 0, 0, 0, 0, 0, 0, 0, 0, 0, 0, 0, 0, 0
25.1277, 0, 0, 0, 1.41421, 0, 0, 0, 0, 0, 0, 0, 0, 0, 0, 0, 0, 0, 0, 0, 0, 0, 0, 0, 0, 0, 0, 0, 0
25.1355, 0, 0, 0, 1.41421, 0, 0, 0, 0, 0, 0, 0, 0, 0, 0, 0, 0, 0, 0, 0, 0, 0, 0, 0, 0, 0, 0, 0, 0
25.1434, 0, 0, 0, 1.41421, 0, 0, 0, 0, 0, 0, 0, 0, 0, 0, 0, 0, 0, 0, 0, 0, 0, 0, 0, 0, 0, 0, 0, 0
25.1513, 0, 0, 0, 1.41421, 0, 0, 0, 0, 0, 0, 0, 0, 0, 0, 0, 0, 0, 0, 0, 0, 0, 0, 0, 0, 0, 0, 0, 0
25.1592, 0, 0, 0, 1.41421, 0, 0, 0, 0, 0, 0, 0, 0, 0, 0, 0, 0, 0, 0, 0, 0, 0, 0, 0, 0, 0, 0, 0, 0
25.167, 0, 0, 0, 1.41421, 0, 0, 0, 0, 0, 0, 0, 0, 0, 0, 0, 0, 0, 0, 0, 0, 0, 0, 0, 0, 0, 0, 0, 0
25.1749, 0, 0, 0, 1.41421, 0, 0, 0, 0, 0, 0, 0, 0, 0, 0, 0, 0, 0, 0, 0, 0, 0, 0, 0, 0, 0, 0, 0, 0
25.1828, 0, 0, 0, 1.41421, 0, 0, 0, 0, 0, 0, 0, 0, 0, 0, 0, 0, 0, 0, 0, 0, 0, 0, 0, 0, 0, 0, 0, 0
25.1906, 0, 0, 0, 1.41421, 0, 0, 0, 0, 0, 0, 0, 0, 0, 0, 0, 0, 0, 0, 0, 0, 0, 0, 0, 0, 0, 0, 0, 0
25.1985, 0, 0, 0, 1.41421, 0, 0, 0, 0, 0, 0, 0, 0, 0, 0, 0, 0, 0, 0, 0, 0, 0, 0, 0, 0, 0, 0, 0, 0
25.2064, 0, 0, 0, 1.41421, 0, 0, 0, 0, 0, 0, 0, 0, 0, 0, 0, 0, 0, 0, 0, 0, 0, 0, 0, 0, 0, 0, 0, 0
25.2143, 0, 0, 0, 1.41421, 0, 0, 0, 0, 0, 0, 0, 0, 0, 0, 0, 0, 0, 0, 0, 0, 0, 0, 0, 0, 0, 0, 0, 0
25.2221, 0, 0, 0, 1.41421, 0, 0, 0, 0, 0, 0, 0, 0, 0, 0, 0, 0, 0, 0, 0, 0, 0, 0, 0, 0, 0, 0, 0, 0
25.23, 0, 0, 0, 1.41421, 0, 0, 0, 0, 0, 0, 0, 0, 0, 0, 0, 0, 0, 0, 0, 0, 0, 0, 0, 0, 0, 0, 0, 0
25.2379, 0, 0, 0, 1.41421, 0, 0, 0, 0, 0, 0, 0, 0, 0, 0, 0, 0, 0, 0, 0, 0, 0, 0, 0, 0, 0, 0, 0, 0
25.2457, 0, 0, 0, 1.41421, 0, 0, 0, 0, 0, 0, 0, 0, 0, 0, 0, 0, 0, 0, 0, 0, 0, 0, 0, 0, 0, 0, 0, 0
25.2536, 0, 0, 0, 1.41421, 0, 0, 0, 0, 0, 0, 0, 0, 0, 0, 0, 0, 0, 0, 0, 0, 0, 0, 0, 0, 0, 0, 0, 0
25.2615, 0, 0, 0, 1.41421, 0, 0, 0, 0, 0, 0, 0, 0, 0, 0, 0, 0, 0, 0, 0, 0, 0, 0, 0, 0, 0, 0, 0, 0
25.2694, 0, 0, 0, 1.41421, 0, 0, 0, 0, 0, 0, 0, 0, 0, 0, 0, 0, 0, 0, 0, 0, 0, 0, 0, 0, 0, 0, 0, 0
25.2772, 0, 0, 0, 1.41421, 0, 0, 0, 0, 0, 0, 0, 0, 0, 0, 0, 0, 0, 0, 0, 0, 0, 0, 0, 0, 0, 0, 0, 0
25.2851, 0, 0, 0, 1.41421, 0, 0, 0, 0, 0, 0, 0, 0, 0, 0, 0, 0, 0, 0, 0, 0, 0, 0, 0, 0, 0, 0, 0, 0
25.293, 0, 0, 0, 1.41421, 0, 0, 0, 0, 0, 0, 0, 0, 0, 0, 0, 0, 0, 0, 0, 0, 0, 0, 0, 0, 0, 0, 0, 0
25.3008, 0, 0, 0, 1.41421, 0, 0, 0, 0, 0, 0, 0, 0, 0, 0, 0, 0, 0, 0, 0, 0, 0, 0, 0, 0, 0, 0, 0, 0
25.3087, 0, 0, 0, 1.41421, 0, 0, 0, 0, 0, 0, 0, 0, 0, 0, 0, 0, 0, 0, 0, 0, 0, 0, 0, 0, 0, 0, 0, 0
25.3166, 0, 0, 0, 1.41421, 0, 0, 0, 0, 0, 0, 0, 0, 0, 0, 0, 0, 0, 0, 0, 0, 0, 0, 0, 0, 0, 0, 0, 0
25.3245, 0, 0, 0, 1.41421, 0, 0, 0, 0, 0, 0, 0, 0, 0, 0, 0, 0, 0, 0, 0, 0, 0, 0, 0, 0, 0, 0, 0, 0
25.3323, 0, 0, 0, 1.41421, 0, 0, 0, 0, 0, 0, 0, 0, 0, 0, 0, 0, 0, 0, 0, 0, 0, 0, 0, 0, 0, 0, 0, 0
25.3402, 0, 0, 0, 1.41421, 0, 0, 0, 0, 0, 0, 0, 0, 0, 0, 0, 0, 0, 0, 0, 0, 0, 0, 0, 0, 0, 0, 0, 0
25.3481, 0, 0, 0, 1.41421, 0, 0, 0, 0, 0, 0, 0, 0, 0, 0, 0, 0, 0, 0, 0, 0, 0, 0, 0, 0, 0, 0, 0, 0
25.3559, 0, 0, 0, 1.41421, 0, 0, 0, 0, 0, 0, 0, 0, 0, 0, 0, 0, 0, 0, 0, 0, 0, 0, 0, 0, 0, 0, 0, 0
25.3638, 0, 0, 0, 1.41421, 0, 0, 0, 0, 0, 0, 0, 0, 0, 0, 0, 0, 0, 0, 0, 0, 0, 0, 0, 0, 0, 0, 0, 0
25.3717, 0, 0, 0, 1.41421, 0, 0, 0, 0, 0, 0, 0, 0, 0, 0, 0, 0, 0, 0, 0, 0, 0, 0, 0, 0, 0, 0, 0, 0
25.3795, 0, 0, 0, 1.41421, 0, 0, 0, 0, 0, 0, 0, 0, 0, 0, 0, 0, 0, 0, 0, 0, 0, 0, 0, 0, 0, 0, 0, 0
25.3874, 0, 0, 0, 1.41421, 0, 0, 0, 0, 0, 0, 0, 0, 0, 0, 0, 0, 0, 0, 0, 0, 0, 0, 0, 0, 0, 0, 0, 0
25.3953, 0, 0, 0, 1.41421, 0, 0, 0, 0, 0, 0, 0, 0, 0, 0, 0, 0, 0, 0, 0, 0, 0, 0, 0, 0, 0, 0, 0, 0
25.4032, 0, 0, 0, 1.41421, 0, 0, 0, 0, 0, 0, 0, 0, 0, 0, 0, 0, 0, 0, 0, 0, 0, 0, 0, 0, 0, 0, 0, 0
25.411, 0, 0, 0, 1.41421, 0, 0, 0, 0, 0, 0, 0, 0, 0, 0, 0, 0, 0, 0, 0, 0, 0, 0, 0, 0, 0, 0, 0, 0
25.4189, 0, 0, 0, 1.41421, 0, 0, 0, 0, 0, 0, 0, 0, 0, 0, 0, 0, 0, 0, 0, 0, 0, 0, 0, 0, 0, 0, 0, 0
25.4268, 0, 0, 0, 1.41421, 0, 0, 0, 0, 0, 0, 0, 0, 0, 0, 0, 0, 0, 0, 0, 0, 0, 0, 0, 0, 0, 0, 0, 0
25.4346, 0, 0, 0, 1.41421, 0, 0, 0, 0, 0, 0, 0, 0, 0, 0, 0, 0, 0, 0, 0, 0, 0, 0, 0, 0, 0, 0, 0, 0
25.4425, 0, 0, 0, 1.41421, 0, 0, 0, 0, 0, 0, 0, 0, 0, 0, 0, 0, 0, 0, 0, 0, 0, 0, 0, 0, 0, 0, 0, 0
25.4504, 0, 0, 0, 1.41421, 0, 0, 0, 0, 0, 0, 0, 0, 0, 0, 0, 0, 0, 0, 0, 0, 0, 0, 0, 0, 0, 0, 0, 0
25.4583, 0, 0, 0, 1.41421, 0, 0, 0, 0, 0, 0, 0, 0, 0, 0, 0, 0, 0, 0, 0, 0, 0, 0, 0, 0, 0, 0, 0, 0
25.4661, 0, 0, 0, 1.41421, 0, 0, 0, 0, 0, 0, 0, 0, 0, 0, 0, 0, 0, 0, 0, 0, 0, 0, 0, 0, 0, 0, 0, 0
25.474, 0, 0, 0, 1.41421, 0, 0, 0, 0, 0, 0, 0, 0, 0, 0, 0, 0, 0, 0, 0, 0, 0, 0, 0, 0, 0, 0, 0, 0
25.4819, 0, 0, 0, 1.41421, 0, 0, 0, 0, 0, 0, 0, 0, 0, 0, 0, 0, 0, 0, 0, 0, 0, 0, 0, 0, 0, 0, 0, 0
25.4897, 0, 0, 0, 1.41421, 0, 0, 0, 0, 0, 0, 0, 0, 0, 0, 0, 0, 0, 0, 0, 0, 0, 0, 0, 0, 0, 0, 0, 0
25.4976, 0, 0, 0, 1.41421, 0, 0, 0, 0, 0, 0, 0, 0, 0, 0, 0, 0, 0, 0, 0, 0, 0, 0, 0, 0, 0, 0, 0, 0
25.5055, 0, 0, 0, 1.41421, 0, 0, 0, 0, 0, 0, 0, 0, 0, 0, 0, 0, 0, 0, 0, 0, 0, 0, 0, 0, 0, 0, 0, 0
25.5134, 0, 0, 0, 1.41421, 0, 0, 0, 0, 0, 0, 0, 0, 0, 0, 0, 0, 0, 0, 0, 0, 0, 0, 0, 0, 0, 0, 0, 0
25.5212, 0, 0, 0, 1.41421, 0, 0, 0, 0, 0, 0, 0, 0, 0, 0, 0, 0, 0, 0, 0, 0, 0, 0, 0, 0, 0, 0, 0, 0
25.5291, 0, 0, 0, 1.41421, 0, 0, 0, 0, 0, 0, 0, 0, 0, 0, 0, 0, 0, 0, 0, 0, 0, 0, 0, 0, 0, 0, 0, 0
25.537, 0, 0, 0, 1.41421, 0, 0, 0, 0, 0, 0, 0, 0, 0, 0, 0, 0, 0, 0, 0, 0, 0, 0, 0, 0, 0, 0, 0, 0
25.5448, 0, 0, 0, 1.41421, 0, 0, 0, 0, 0, 0, 0, 0, 0, 0, 0, 0, 0, 0, 0, 0, 0, 0, 0, 0, 0, 0, 0, 0
25.5527, 0, 0, 0, 1.41421, 0, 0, 0, 0, 0, 0, 0, 0, 0, 0, 0, 0, 0, 0, 0, 0, 0, 0, 0, 0, 0, 0, 0, 0
25.5606, 0, 0, 0, 1.41421, 0, 0, 0, 0, 0, 0, 0, 0, 0, 0, 0, 0, 0, 0, 0, 0, 0, 0, 0, 0, 0, 0, 0, 0
25.5685, 0, 0, 0, 1.41421, 0, 0, 0, 0, 0, 0, 0, 0, 0, 0, 0, 0, 0, 0, 0, 0, 0, 0, 0, 0, 0, 0, 0, 0
25.5763, 0, 0, 0, 1.41421, 0, 0, 0, 0, 0, 0, 0, 0, 0, 0, 0, 0, 0, 0, 0, 0, 0, 0, 0, 0, 0, 0, 0, 0
25.5842, 0, 0, 0, 1.41421, 0, 0, 0, 0, 0, 0, 0, 0, 0, 0, 0, 0, 0, 0, 0, 0, 0, 0, 0, 0, 0, 0, 0, 0
25.5921, 0, 0, 0, 1.41421, 0, 0, 0, 0, 0, 0, 0, 0, 0, 0, 0, 0, 0, 0, 0, 0, 0, 0, 0, 0, 0, 0, 0, 0
25.5999, 0, 0, 0, 1.41421, 0, 0, 0, 0, 0, 0, 0, 0, 0, 0, 0, 0, 0, 0, 0, 0, 0, 0, 0, 0, 0, 0, 0, 0
25.6078, 0, 0, 0, 1.41421, 0, 0, 0, 0, 0, 0, 0, 0, 0, 0, 0, 0, 0, 0, 0, 0, 0, 0, 0, 0, 0, 0, 0, 0
25.6157, 0, 0, 0, 1.41421, 0, 0, 0, 0, 0, 0, 0, 0, 0, 0, 0, 0, 0, 0, 0, 0, 0, 0, 0, 0, 0, 0, 0, 0
25.6236, 0, 0, 0, 1.41421, 0, 0, 0, 0, 0, 0, 0, 0, 0, 0, 0, 0, 0, 0, 0, 0, 0, 0, 0, 0, 0, 0, 0, 0
25.6314, 0, 0, 0, 1.41421, 0, 0, 0, 0, 0, 0, 0, 0, 0, 0, 0, 0, 0, 0, 0, 0, 0, 0, 0, 0, 0, 0, 0, 0
25.6393, 0, 0, 0, 1.41421, 0, 0, 0, 0, 0, 0, 0, 0, 0, 0, 0, 0, 0, 0, 0, 0, 0, 0, 0, 0, 0, 0, 0, 0
25.6472, 0, 0, 0, 1.41421, 0, 0, 0, 0, 0, 0, 0, 0, 0, 0, 0, 0, 0, 0, 0, 0, 0, 0, 0, 0, 0, 0, 0, 0
25.655, 0, 0, 0, 1.41421, 0, 0, 0, 0, 0, 0, 0, 0, 0, 0, 0, 0, 0, 0, 0, 0, 0, 0, 0, 0, 0, 0, 0, 0
25.6629, 0, 0, 0, 1.41421, 0, 0, 0, 0, 0, 0, 0, 0, 0, 0, 0, 0, 0, 0, 0, 0, 0, 0, 0, 0, 0, 0, 0, 0
25.6708, 0, 0, 0, 1.41421, 0, 0, 0, 0, 0, 0, 0, 0, 0, 0, 0, 0, 0, 0, 0, 0, 0, 0, 0, 0, 0, 0, 0, 0
25.6787, 0, 0, 0, 1.41421, 0, 0, 0, 0, 0, 0, 0, 0, 0, 0, 0, 0, 0, 0, 0, 0, 0, 0, 0, 0, 0, 0, 0, 0
25.6865, 0, 0, 0, 1.41421, 0, 0, 0, 0, 0, 0, 0, 0, 0, 0, 0, 0, 0, 0, 0, 0, 0, 0, 0, 0, 0, 0, 0, 0
25.6944, 0, 0, 0, 1.41421, 0, 0, 0, 0, 0, 0, 0, 0, 0, 0, 0, 0, 0, 0, 0, 0, 0, 0, 0, 0, 0, 0, 0, 0
25.7023, 0, 0, 0, 1.41421, 0, 0, 0, 0, 0, 0, 0, 0, 0, 0, 0, 0, 0, 0, 0, 0, 0, 0, 0, 0, 0, 0, 0, 0
25.7101, 0, 0, 0, 1.41421, 0, 0, 0, 0, 0, 0, 0, 0, 0, 0, 0, 0, 0, 0, 0, 0, 0, 0, 0, 0, 0, 0, 0, 0
25.718, 0, 0, 0, 1.41421, 0, 0, 0, 0, 0, 0, 0, 0, 0, 0, 0, 0, 0, 0, 0, 0, 0, 0, 0, 0, 0, 0, 0, 0
25.7259, 0, 0, 0, 1.41421, 0, 0, 0, 0, 0, 0, 0, 0, 0, 0, 0, 0, 0, 0, 0, 0, 0, 0, 0, 0, 0, 0, 0, 0
25.7338, 0, 0, 0, 1.41421, 0, 0, 0, 0, 0, 0, 0, 0, 0, 0, 0, 0, 0, 0, 0, 0, 0, 0, 0, 0, 0, 0, 0, 0
25.7416, 0, 0, 0, 1.41421, 0, 0, 0, 0, 0, 0, 0, 0, 0, 0, 0, 0, 0, 0, 0, 0, 0, 0, 0, 0, 0, 0, 0, 0
25.7495, 0, 0, 0, 1.41421, 0, 0, 0, 0, 0, 0, 0, 0, 0, 0, 0, 0, 0, 0, 0, 0, 0, 0, 0, 0, 0, 0, 0, 0
25.7574, 0, 0, 0, 1.41421, 0, 0, 0, 0, 0, 0, 0, 0, 0, 0, 0, 0, 0, 0, 0, 0, 0, 0, 0, 0, 0, 0, 0, 0
25.7652, 0, 0, 0, 1.41421, 0, 0, 0, 0, 0, 0, 0, 0, 0, 0, 0, 0, 0, 0, 0, 0, 0, 0, 0, 0, 0, 0, 0, 0
25.7731, 0, 0, 0, 1.41421, 0, 0, 0, 0, 0, 0, 0, 0, 0, 0, 0, 0, 0, 0, 0, 0, 0, 0, 0, 0, 0, 0, 0, 0
25.781, 0, 0, 0, 1.41421, 0, 0, 0, 0, 0, 0, 0, 0, 0, 0, 0, 0, 0, 0, 0, 0, 0, 0, 0, 0, 0, 0, 0, 0
25.7889, 0, 0, 0, 1.41421, 0, 0, 0, 0, 0, 0, 0, 0, 0, 0, 0, 0, 0, 0, 0, 0, 0, 0, 0, 0, 0, 0, 0, 0
25.7967, 0, 0, 0, 1.41421, 0, 0, 0, 0, 0, 0, 0, 0, 0, 0, 0, 0, 0, 0, 0, 0, 0, 0, 0, 0, 0, 0, 0, 0
25.8046, 0, 0, 0, 1.41421, 0, 0, 0, 0, 0, 0, 0, 0, 0, 0, 0, 0, 0, 0, 0, 0, 0, 0, 0, 0, 0, 0, 0, 0
25.8125, 0, 0, 0, 1.41421, 0, 0, 0, 0, 0, 0, 0, 0, 0, 0, 0, 0, 0, 0, 0, 0, 0, 0, 0, 0, 0, 0, 0, 0
25.8203, 0, 0, 0, 1.41421, 0, 0, 0, 0, 0, 0, 0, 0, 0, 0, 0, 0, 0, 0, 0, 0, 0, 0, 0, 0, 0, 0, 0, 0
25.8282, 0, 0, 0, 1.41421, 0, 0, 0, 0, 0, 0, 0, 0, 0, 0, 0, 0, 0, 0, 0, 0, 0, 0, 0, 0, 0, 0, 0, 0
25.8361, 0, 0, 0, 1.41421, 0, 0, 0, 0, 0, 0, 0, 0, 0, 0, 0, 0, 0, 0, 0, 0, 0, 0, 0, 0, 0, 0, 0, 0
25.844, 0, 0, 0, 1.41421, 0, 0, 0, 0, 0, 0, 0, 0, 0, 0, 0, 0, 0, 0, 0, 0, 0, 0, 0, 0, 0, 0, 0, 0
25.8518, 0, 0, 0, 1.41421, 0, 0, 0, 0, 0, 0, 0, 0, 0, 0, 0, 0, 0, 0, 0, 0, 0, 0, 0, 0, 0, 0, 0, 0
25.8597, 0, 0, 0, 1.41421, 0, 0, 0, 0, 0, 0, 0, 0, 0, 0, 0, 0, 0, 0, 0, 0, 0, 0, 0, 0, 0, 0, 0, 0
25.8676, 0, 0, 0, 1.41421, 0, 0, 0, 0, 0, 0, 0, 0, 0, 0, 0, 0, 0, 0, 0, 0, 0, 0, 0, 0, 0, 0, 0, 0
25.8754, 0, 0, 0, 1.41421, 0, 0, 0, 0, 0, 0, 0, 0, 0, 0, 0, 0, 0, 0, 0, 0, 0, 0, 0, 0, 0, 0, 0, 0
25.8833, 0, 0, 0, 1.41421, 0, 0, 0, 0, 0, 0, 0, 0, 0, 0, 0, 0, 0, 0, 0, 0, 0, 0, 0, 0, 0, 0, 0, 0
25.8912, 0, 0, 0, 1.41421, 0, 0, 0, 0, 0, 0, 0, 0, 0, 0, 0, 0, 0, 0, 0, 0, 0, 0, 0, 0, 0, 0, 0, 0
25.8991, 0, 0, 0, 1.41421, 0, 0, 0, 0, 0, 0, 0, 0, 0, 0, 0, 0, 0, 0, 0, 0, 0, 0, 0, 0, 0, 0, 0, 0
25.9069, 0, 0, 0, 1.41421, 0, 0, 0, 0, 0, 0, 0, 0, 0, 0, 0, 0, 0, 0, 0, 0, 0, 0, 0, 0, 0, 0, 0, 0
25.9148, 0, 0, 0, 1.41421, 0, 0, 0, 0, 0, 0, 0, 0, 0, 0, 0, 0, 0, 0, 0, 0, 0, 0, 0, 0, 0, 0, 0, 0
25.9227, 0, 0, 0, 1.41421, 0, 0, 0, 0, 0, 0, 0, 0, 0, 0, 0, 0, 0, 0, 0, 0, 0, 0, 0, 0, 0, 0, 0, 0
25.9305, 0, 0, 0, 1.41421, 0, 0, 0, 0, 0, 0, 0, 0, 0, 0, 0, 0, 0, 0, 0, 0, 0, 0, 0, 0, 0, 0, 0, 0
25.9384, 0, 0, 0, 1.41421, 0, 0, 0, 0, 0, 0, 0, 0, 0, 0, 0, 0, 0, 0, 0, 0, 0, 0, 0, 0, 0, 0, 0, 0
25.9463, 0, 0, 0, 1.41421, 0, 0, 0, 0, 0, 0, 0, 0, 0, 0, 0, 0, 0, 0, 0, 0, 0, 0, 0, 0, 0, 0, 0, 0
25.9542, 0, 0, 0, 1.41421, 0, 0, 0, 0, 0, 0, 0, 0, 0, 0, 0, 0, 0, 0, 0, 0, 0, 0, 0, 0, 0, 0, 0, 0
25.962, 0, 0, 0, 1.41421, 0, 0, 0, 0, 0, 0, 0, 0, 0, 0, 0, 0, 0, 0, 0, 0, 0, 0, 0, 0, 0, 0, 0, 0
25.9699, 0, 0, 0, 1.41421, 0, 0, 0, 0, 0, 0, 0, 0, 0, 0, 0, 0, 0, 0, 0, 0, 0, 0, 0, 0, 0, 0, 0, 0
25.9778, 0, 0, 0, 1.41421, 0, 0, 0, 0, 0, 0, 0, 0, 0, 0, 0, 0, 0, 0, 0, 0, 0, 0, 0, 0, 0, 0, 0, 0
25.9856, 0, 0, 0, 1.41421, 0, 0, 0, 0, 0, 0, 0, 0, 0, 0, 0, 0, 0, 0, 0, 0, 0, 0, 0, 0, 0, 0, 0, 0
25.9935, 0, 0, 0, 1.41421, 0, 0, 0, 0, 0, 0, 0, 0, 0, 0, 0, 0, 0, 0, 0, 0, 0, 0, 0, 0, 0, 0, 0, 0
26.0014, 0, 0, 0, 1.41421, 0, 0, 0, 0, 0, 0, 0, 0, 0, 0, 0, 0, 0, 0, 0, 0, 0, 0, 0, 0, 0, 0, 0, 0
26.0093, 0, 0, 0, 1.41421, 0, 0, 0, 0, 0, 0, 0, 0, 0, 0, 0, 0, 0, 0, 0, 0, 0, 0, 0, 0, 0, 0, 0, 0
26.0171, 0, 0, 0, 1.41421, 0, 0, 0, 0, 0, 0, 0, 0, 0, 0, 0, 0, 0, 0, 0, 0, 0, 0, 0, 0, 0, 0, 0, 0
26.025, 0, 0, 0, 1.41421, 0, 0, 0, 0, 0, 0, 0, 0, 0, 0, 0, 0, 0, 0, 0, 0, 0, 0, 0, 0, 0, 0, 0, 0
26.0329, 0, 0, 0, 1.41421, 0, 0, 0, 0, 0, 0, 0, 0, 0, 0, 0, 0, 0, 0, 0, 0, 0, 0, 0, 0, 0, 0, 0, 0
26.0407, 0, 0, 0, 1.41421, 0, 0, 0, 0, 0, 0, 0, 0, 0, 0, 0, 0, 0, 0, 0, 0, 0, 0, 0, 0, 0, 0, 0, 0
26.0486, 0, 0, 0, 1.41421, 0, 0, 0, 0, 0, 0, 0, 0, 0, 0, 0, 0, 0, 0, 0, 0, 0, 0, 0, 0, 0, 0, 0, 0
26.0565, 0, 0, 0, 1.41421, 0, 0, 0, 0, 0, 0, 0, 0, 0, 0, 0, 0, 0, 0, 0, 0, 0, 0, 0, 0, 0, 0, 0, 0
26.0644, 0, 0, 0, 1.41421, 0, 0, 0, 0, 0, 0, 0, 0, 0, 0, 0, 0, 0, 0, 0, 0, 0, 0, 0, 0, 0, 0, 0, 0
26.0722, 0, 0, 0, 1.41421, 0, 0, 0, 0, 0, 0, 0, 0, 0, 0, 0, 0, 0, 0, 0, 0, 0, 0, 0, 0, 0, 0, 0, 0
26.0801, 0, 0, 0, 1.41421, 0, 0, 0, 0, 0, 0, 0, 0, 0, 0, 0, 0, 0, 0, 0, 0, 0, 0, 0, 0, 0, 0, 0, 0
26.088, 0, 0, 0, 1.41421, 0, 0, 0, 0, 0, 0, 0, 0, 0, 0, 0, 0, 0, 0, 0, 0, 0, 0, 0, 0, 0, 0, 0, 0
26.0958, 0, 0, 0, 1.41421, 0, 0, 0, 0, 0, 0, 0, 0, 0, 0, 0, 0, 0, 0, 0, 0, 0, 0, 0, 0, 0, 0, 0, 0
26.1037, 0, 0, 0, 1.41421, 0, 0, 0, 0, 0, 0, 0, 0, 0, 0, 0, 0, 0, 0, 0, 0, 0, 0, 0, 0, 0, 0, 0, 0
26.1116, 0, 0, 0, 1.41421, 0, 0, 0, 0, 0, 0, 0, 0, 0, 0, 0, 0, 0, 0, 0, 0, 0, 0, 0, 0, 0, 0, 0, 0
26.1194, 0, 0, 0, 1.41421, 0, 0, 0, 0, 0, 0, 0, 0, 0, 0, 0, 0, 0, 0, 0, 0, 0, 0, 0, 0, 0, 0, 0, 0
26.1273, 0, 0, 0, 1.41421, 0, 0, 0, 0, 0, 0, 0, 0, 0, 0, 0, 0, 0, 0, 0, 0, 0, 0, 0, 0, 0, 0, 0, 0
26.1352, 0, 0, 0, 1.41421, 0, 0, 0, 0, 0, 0, 0, 0, 0, 0, 0, 0, 0, 0, 0, 0, 0, 0, 0, 0, 0, 0, 0, 0
26.1431, 0, 0, 0, 1.41421, 0, 0, 0, 0, 0, 0, 0, 0, 0, 0, 0, 0, 0, 0, 0, 0, 0, 0, 0, 0, 0, 0, 0, 0
26.1509, 0, 0, 0, 1.41421, 0, 0, 0, 0, 0, 0, 0, 0, 0, 0, 0, 0, 0, 0, 0, 0, 0, 0, 0, 0, 0, 0, 0, 0
26.1588, 0, 0, 0, 1.41421, 0, 0, 0, 0, 0, 0, 0, 0, 0, 0, 0, 0, 0, 0, 0, 0, 0, 0, 0, 0, 0, 0, 0, 0
26.1667, 0, 0, 0, 1.41421, 0, 0, 0, 0, 0, 0, 0, 0, 0, 0, 0, 0, 0, 0, 0, 0, 0, 0, 0, 0, 0, 0, 0, 0
26.1745, 0, 0, 0, 1.41421, 0, 0, 0, 0, 0, 0, 0, 0, 0, 0, 0, 0, 0, 0, 0, 0, 0, 0, 0, 0, 0, 0, 0, 0
26.1824, 0, 0, 0, 1.41421, 0, 0, 0, 0, 0, 0, 0, 0, 0, 0, 0, 0, 0, 0, 0, 0, 0, 0, 0, 0, 0, 0, 0, 0
26.1903, 0, 0, 0, 1.41421, 0, 0, 0, 0, 0, 0, 0, 0, 0, 0, 0, 0, 0, 0, 0, 0, 0, 0, 0, 0, 0, 0, 0, 0
26.1982, 0, 0, 0, 1.41421, 0, 0, 0, 0, 0, 0, 0, 0, 0, 0, 0, 0, 0, 0, 0, 0, 0, 0, 0, 0, 0, 0, 0, 0
26.206, 0, 0, 0, 1.41421, 0, 0, 0, 0, 0, 0, 0, 0, 0, 0, 0, 0, 0, 0, 0, 0, 0, 0, 0, 0, 0, 0, 0, 0
26.2139, 0, 0, 0, 1.41421, 0, 0, 0, 0, 0, 0, 0, 0, 0, 0, 0, 0, 0, 0, 0, 0, 0, 0, 0, 0, 0, 0, 0, 0
26.2218, 0, 0, 0, 1.41421, 0, 0, 0, 0, 0, 0, 0, 0, 0, 0, 0, 0, 0, 0, 0, 0, 0, 0, 0, 0, 0, 0, 0, 0
26.2296, 0, 0, 0, 1.41421, 0, 0, 0, 0, 0, 0, 0, 0, 0, 0, 0, 0, 0, 0, 0, 0, 0, 0, 0, 0, 0, 0, 0, 0
26.2375, 0, 0, 0, 1.41421, 0, 0, 0, 0, 0, 0, 0, 0, 0, 0, 0, 0, 0, 0, 0, 0, 0, 0, 0, 0, 0, 0, 0, 0
26.2454, 0, 0, 0, 1.41421, 0, 0, 0, 0, 0, 0, 0, 0, 0, 0, 0, 0, 0, 0, 0, 0, 0, 0, 0, 0, 0, 0, 0, 0
26.2533, 0, 0, 0, 1.41421, 0, 0, 0, 0, 0, 0, 0, 0, 0, 0, 0, 0, 0, 0, 0, 0, 0, 0, 0, 0, 0, 0, 0, 0
26.2611, 0, 0, 0, 1.41421, 0, 0, 0, 0, 0, 0, 0, 0, 0, 0, 0, 0, 0, 0, 0, 0, 0, 0, 0, 0, 0, 0, 0, 0
26.269, 0, 0, 0, 1.41421, 0, 0, 0, 0, 0, 0, 0, 0, 0, 0, 0, 0, 0, 0, 0, 0, 0, 0, 0, 0, 0, 0, 0, 0
26.2769, 0, 0, 0, 1.41421, 0, 0, 0, 0, 0, 0, 0, 0, 0, 0, 0, 0, 0, 0, 0, 0, 0, 0, 0, 0, 0, 0, 0, 0
26.2847, 0, 0, 0, 1.41421, 0, 0, 0, 0, 0, 0, 0, 0, 0, 0, 0, 0, 0, 0, 0, 0, 0, 0, 0, 0, 0, 0, 0, 0
26.2926, 0, 0, 0, 1.41421, 0, 0, 0, 0, 0, 0, 0, 0, 0, 0, 0, 0, 0, 0, 0, 0, 0, 0, 0, 0, 0, 0, 0, 0
26.3005, 0, 0, 0, 1.41421, 0, 0, 0, 0, 0, 0, 0, 0, 0, 0, 0, 0, 0, 0, 0, 0, 0, 0, 0, 0, 0, 0, 0, 0
26.3084, 0, 0, 0, 1.41421, 0, 0, 0, 0, 0, 0, 0, 0, 0, 0, 0, 0, 0, 0, 0, 0, 0, 0, 0, 0, 0, 0, 0, 0
26.3162, 0, 0, 0, 1.41421, 0, 0, 0, 0, 0, 0, 0, 0, 0, 0, 0, 0, 0, 0, 0, 0, 0, 0, 0, 0, 0, 0, 0, 0
26.3241, 0, 0, 0, 1.41421, 0, 0, 0, 0, 0, 0, 0, 0, 0, 0, 0, 0, 0, 0, 0, 0, 0, 0, 0, 0, 0, 0, 0, 0
26.332, 0, 0, 0, 1.41421, 0, 0, 0, 0, 0, 0, 0, 0, 0, 0, 0, 0, 0, 0, 0, 0, 0, 0, 0, 0, 0, 0, 0, 0
26.3398, 0, 0, 0, 1.41421, 0, 0, 0, 0, 0, 0, 0, 0, 0, 0, 0, 0, 0, 0, 0, 0, 0, 0, 0, 0, 0, 0, 0, 0
26.3477, 0, 0, 0, 1.41421, 0, 0, 0, 0, 0, 0, 0, 0, 0, 0, 0, 0, 0, 0, 0, 0, 0, 0, 0, 0, 0, 0, 0, 0
26.3556, 0, 0, 0, 1.41421, 0, 0, 0, 0, 0, 0, 0, 0, 0, 0, 0, 0, 0, 0, 0, 0, 0, 0, 0, 0, 0, 0, 0, 0
26.3635, 0, 0, 0, 1.41421, 0, 0, 0, 0, 0, 0, 0, 0, 0, 0, 0, 0, 0, 0, 0, 0, 0, 0, 0, 0, 0, 0, 0, 0
26.3713, 0, 0, 0, 1.41421, 0, 0, 0, 0, 0, 0, 0, 0, 0, 0, 0, 0, 0, 0, 0, 0, 0, 0, 0, 0, 0, 0, 0, 0
26.3792, 0, 0, 0, 1.41421, 0, 0, 0, 0, 0, 0, 0, 0, 0, 0, 0, 0, 0, 0, 0, 0, 0, 0, 0, 0, 0, 0, 0, 0
26.3871, 0, 0, 0, 1.41421, 0, 0, 0, 0, 0, 0, 0, 0, 0, 0, 0, 0, 0, 0, 0, 0, 0, 0, 0, 0, 0, 0, 0, 0
26.3949, 0, 0, 0, 1.41421, 0, 0, 0, 0, 0, 0, 0, 0, 0, 0, 0, 0, 0, 0, 0, 0, 0, 0, 0, 0, 0, 0, 0, 0
26.4028, 0, 0, 0, 1.41421, 0, 0, 0, 0, 0, 0, 0, 0, 0, 0, 0, 0, 0, 0, 0, 0, 0, 0, 0, 0, 0, 0, 0, 0
26.4107, 0, 0, 0, 1.41421, 0, 0, 0, 0, 0, 0, 0, 0, 0, 0, 0, 0, 0, 0, 0, 0, 0, 0, 0, 0, 0, 0, 0, 0
26.4186, 0, 0, 0, 1.41421, 0, 0, 0, 0, 0, 0, 0, 0, 0, 0, 0, 0, 0, 0, 0, 0, 0, 0, 0, 0, 0, 0, 0, 0
26.4264, 0, 0, 0, 1.41421, 0, 0, 0, 0, 0, 0, 0, 0, 0, 0, 0, 0, 0, 0, 0, 0, 0, 0, 0, 0, 0, 0, 0, 0
26.4343, 0, 0, 0, 1.41421, 0, 0, 0, 0, 0, 0, 0, 0, 0, 0, 0, 0, 0, 0, 0, 0, 0, 0, 0, 0, 0, 0, 0, 0
26.4422, 0, 0, 0, 1.41421, 0, 0, 0, 0, 0, 0, 0, 0, 0, 0, 0, 0, 0, 0, 0, 0, 0, 0, 0, 0, 0, 0, 0, 0
26.45, 0, 0, 0, 1.41421, 0, 0, 0, 0, 0, 0, 0, 0, 0, 0, 0, 0, 0, 0, 0, 0, 0, 0, 0, 0, 0, 0, 0, 0
26.4579, 0, 0, 0, 1.41421, 0, 0, 0, 0, 0, 0, 0, 0, 0, 0, 0, 0, 0, 0, 0, 0, 0, 0, 0, 0, 0, 0, 0, 0
26.4658, 0, 0, 0, 1.41421, 0, 0, 0, 0, 0, 0, 0, 0, 0, 0, 0, 0, 0, 0, 0, 0, 0, 0, 0, 0, 0, 0, 0, 0
26.4737, 0, 0, 0, 1.41421, 0, 0, 0, 0, 0, 0, 0, 0, 0, 0, 0, 0, 0, 0, 0, 0, 0, 0, 0, 0, 0, 0, 0, 0
26.4815, 0, 0, 0, 1.41421, 0, 0, 0, 0, 0, 0, 0, 0, 0, 0, 0, 0, 0, 0, 0, 0, 0, 0, 0, 0, 0, 0, 0, 0
26.4894, 0, 0, 0, 1.41421, 0, 0, 0, 0, 0, 0, 0, 0, 0, 0, 0, 0, 0, 0, 0, 0, 0, 0, 0, 0, 0, 0, 0, 0
26.4973, 0, 0, 0, 1.41421, 0, 0, 0, 0, 0, 0, 0, 0, 0, 0, 0, 0, 0, 0, 0, 0, 0, 0, 0, 0, 0, 0, 0, 0
26.5051, 0, 0, 0, 1.41421, 0, 0, 0, 0, 0, 0, 0, 0, 0, 0, 0, 0, 0, 0, 0, 0, 0, 0, 0, 0, 0, 0, 0, 0
26.513, 0, 0, 0, 1.41421, 0, 0, 0, 0, 0, 0, 0, 0, 0, 0, 0, 0, 0, 0, 0, 0, 0, 0, 0, 0, 0, 0, 0, 0
26.5209, 0, 0, 0, 1.41421, 0, 0, 0, 0, 0, 0, 0, 0, 0, 0, 0, 0, 0, 0, 0, 0, 0, 0, 0, 0, 0, 0, 0, 0
26.5288, 0, 0, 0, 1.41421, 0, 0, 0, 0, 0, 0, 0, 0, 0, 0, 0, 0, 0, 0, 0, 0, 0, 0, 0, 0, 0, 0, 0, 0
26.5366, 0, 0, 0, 1.41421, 0, 0, 0, 0, 0, 0, 0, 0, 0, 0, 0, 0, 0, 0, 0, 0, 0, 0, 0, 0, 0, 0, 0, 0
26.5445, 0, 0, 0, 1.41421, 0, 0, 0, 0, 0, 0, 0, 0, 0, 0, 0, 0, 0, 0, 0, 0, 0, 0, 0, 0, 0, 0, 0, 0
26.5524, 0, 0, 0, 1.41421, 0, 0, 0, 0, 0, 0, 0, 0, 0, 0, 0, 0, 0, 0, 0, 0, 0, 0, 0, 0, 0, 0, 0, 0
26.5602, 0, 0, 0, 1.41421, 0, 0, 0, 0, 0, 0, 0, 0, 0, 0, 0, 0, 0, 0, 0, 0, 0, 0, 0, 0, 0, 0, 0, 0
26.5681, 0, 0, 0, 1.41421, 0, 0, 0, 0, 0, 0, 0, 0, 0, 0, 0, 0, 0, 0, 0, 0, 0, 0, 0, 0, 0, 0, 0, 0
26.576, 0, 0, 0, 1.41421, 0, 0, 0, 0, 0, 0, 0, 0, 0, 0, 0, 0, 0, 0, 0, 0, 0, 0, 0, 0, 0, 0, 0, 0
26.5839, 0, 0, 0, 1.41421, 0, 0, 0, 0, 0, 0, 0, 0, 0, 0, 0, 0, 0, 0, 0, 0, 0, 0, 0, 0, 0, 0, 0, 0
26.5917, 0, 0, 0, 1.41421, 0, 0, 0, 0, 0, 0, 0, 0, 0, 0, 0, 0, 0, 0, 0, 0, 0, 0, 0, 0, 0, 0, 0, 0
26.5996, 0, 0, 0, 1.41421, 0, 0, 0, 0, 0, 0, 0, 0, 0, 0, 0, 0, 0, 0, 0, 0, 0, 0, 0, 0, 0, 0, 0, 0
26.6075, 0, 0, 0, 1.41421, 0, 0, 0, 0, 0, 0, 0, 0, 0, 0, 0, 0, 0, 0, 0, 0, 0, 0, 0, 0, 0, 0, 0, 0
26.6153, 0, 0, 0, 1.41421, 0, 0, 0, 0, 0, 0, 0, 0, 0, 0, 0, 0, 0, 0, 0, 0, 0, 0, 0, 0, 0, 0, 0, 0
26.6232, 0, 0, 0, 1.41421, 0, 0, 0, 0, 0, 0, 0, 0, 0, 0, 0, 0, 0, 0, 0, 0, 0, 0, 0, 0, 0, 0, 0, 0
26.6311, 0, 0, 0, 1.41421, 0, 0, 0, 0, 0, 0, 0, 0, 0, 0, 0, 0, 0, 0, 0, 0, 0, 0, 0, 0, 0, 0, 0, 0
26.639, 0, 0, 0, 1.41421, 0, 0, 0, 0, 0, 0, 0, 0, 0, 0, 0, 0, 0, 0, 0, 0, 0, 0, 0, 0, 0, 0, 0, 0
26.6468, 0, 0, 0, 1.41421, 0, 0, 0, 0, 0, 0, 0, 0, 0, 0, 0, 0, 0, 0, 0, 0, 0, 0, 0, 0, 0, 0, 0, 0
26.6547, 0, 0, 0, 1.41421, 0, 0, 0, 0, 0, 0, 0, 0, 0, 0, 0, 0, 0, 0, 0, 0, 0, 0, 0, 0, 0, 0, 0, 0
26.6626, 0, 0, 0, 1.41421, 0, 0, 0, 0, 0, 0, 0, 0, 0, 0, 0, 0, 0, 0, 0, 0, 0, 0, 0, 0, 0, 0, 0, 0
26.6704, 0, 0, 0, 1.41421, 0, 0, 0, 0, 0, 0, 0, 0, 0, 0, 0, 0, 0, 0, 0, 0, 0, 0, 0, 0, 0, 0, 0, 0
26.6783, 0, 0, 0, 1.41421, 0, 0, 0, 0, 0, 0, 0, 0, 0, 0, 0, 0, 0, 0, 0, 0, 0, 0, 0, 0, 0, 0, 0, 0
26.6862, 0, 0, 0, 1.41421, 0, 0, 0, 0, 0, 0, 0, 0, 0, 0, 0, 0, 0, 0, 0, 0, 0, 0, 0, 0, 0, 0, 0, 0
26.6941, 0, 0, 0, 1.41421, 0, 0, 0, 0, 0, 0, 0, 0, 0, 0, 0, 0, 0, 0, 0, 0, 0, 0, 0, 0, 0, 0, 0, 0
26.7019, 0, 0, 0, 1.41421, 0, 0, 0, 0, 0, 0, 0, 0, 0, 0, 0, 0, 0, 0, 0, 0, 0, 0, 0, 0, 0, 0, 0, 0
26.7098, 0, 0, 0, 1.41421, 0, 0, 0, 0, 0, 0, 0, 0, 0, 0, 0, 0, 0, 0, 0, 0, 0, 0, 0, 0, 0, 0, 0, 0
26.7177, 0, 0, 0, 1.41421, 0, 0, 0, 0, 0, 0, 0, 0, 0, 0, 0, 0, 0, 0, 0, 0, 0, 0, 0, 0, 0, 0, 0, 0
26.7255, 0, 0, 0, 1.41421, 0, 0, 0, 0, 0, 0, 0, 0, 0, 0, 0, 0, 0, 0, 0, 0, 0, 0, 0, 0, 0, 0, 0, 0
26.7334, 0, 0, 0, 1.41421, 0, 0, 0, 0, 0, 0, 0, 0, 0, 0, 0, 0, 0, 0, 0, 0, 0, 0, 0, 0, 0, 0, 0, 0
26.7413, 0, 0, 0, 1.41421, 0, 0, 0, 0, 0, 0, 0, 0, 0, 0, 0, 0, 0, 0, 0, 0, 0, 0, 0, 0, 0, 0, 0, 0
26.7492, 0, 0, 0, 1.41421, 0, 0, 0, 0, 0, 0, 0, 0, 0, 0, 0, 0, 0, 0, 0, 0, 0, 0, 0, 0, 0, 0, 0, 0
26.757, 0, 0, 0, 1.41421, 0, 0, 0, 0, 0, 0, 0, 0, 0, 0, 0, 0, 0, 0, 0, 0, 0, 0, 0, 0, 0, 0, 0, 0
26.7649, 0, 0, 0, 1.41421, 0, 0, 0, 0, 0, 0, 0, 0, 0, 0, 0, 0, 0, 0, 0, 0, 0, 0, 0, 0, 0, 0, 0, 0
26.7728, 0, 0, 0, 1.41421, 0, 0, 0, 0, 0, 0, 0, 0, 0, 0, 0, 0, 0, 0, 0, 0, 0, 0, 0, 0, 0, 0, 0, 0
26.7806, 0, 0, 0, 1.41421, 0, 0, 0, 0, 0, 0, 0, 0, 0, 0, 0, 0, 0, 0, 0, 0, 0, 0, 0, 0, 0, 0, 0, 0
26.7885, 0, 0, 0, 1.41421, 0, 0, 0, 0, 0, 0, 0, 0, 0, 0, 0, 0, 0, 0, 0, 0, 0, 0, 0, 0, 0, 0, 0, 0
26.7964, 0, 0, 0, 1.41421, 0, 0, 0, 0, 0, 0, 0, 0, 0, 0, 0, 0, 0, 0, 0, 0, 0, 0, 0, 0, 0, 0, 0, 0
26.8043, 0, 0, 0, 1.41421, 0, 0, 0, 0, 0, 0, 0, 0, 0, 0, 0, 0, 0, 0, 0, 0, 0, 0, 0, 0, 0, 0, 0, 0
26.8121, 0, 0, 0, 1.41421, 0, 0, 0, 0, 0, 0, 0, 0, 0, 0, 0, 0, 0, 0, 0, 0, 0, 0, 0, 0, 0, 0, 0, 0
26.82, 0, 0, 0, 1.41421, 0, 0, 0, 0, 0, 0, 0, 0, 0, 0, 0, 0, 0, 0, 0, 0, 0, 0, 0, 0, 0, 0, 0, 0
26.8279, 0, 0, 0, 1.41421, 0, 0, 0, 0, 0, 0, 0, 0, 0, 0, 0, 0, 0, 0, 0, 0, 0, 0, 0, 0, 0, 0, 0, 0
26.8357, 0, 0, 0, 1.41421, 0, 0, 0, 0, 0, 0, 0, 0, 0, 0, 0, 0, 0, 0, 0, 0, 0, 0, 0, 0, 0, 0, 0, 0
26.8436, 0, 0, 0, 1.41421, 0, 0, 0, 0, 0, 0, 0, 0, 0, 0, 0, 0, 0, 0, 0, 0, 0, 0, 0, 0, 0, 0, 0, 0
26.8515, 0, 0, 0, 1.41421, 0, 0, 0, 0, 0, 0, 0, 0, 0, 0, 0, 0, 0, 0, 0, 0, 0, 0, 0, 0, 0, 0, 0, 0
26.8594, 0, 0, 0, 1.41421, 0, 0, 0, 0, 0, 0, 0, 0, 0, 0, 0, 0, 0, 0, 0, 0, 0, 0, 0, 0, 0, 0, 0, 0
26.8672, 0, 0, 0, 1.41421, 0, 0, 0, 0, 0, 0, 0, 0, 0, 0, 0, 0, 0, 0, 0, 0, 0, 0, 0, 0, 0, 0, 0, 0
26.8751, 0, 0, 0, 1.41421, 0, 0, 0, 0, 0, 0, 0, 0, 0, 0, 0, 0, 0, 0, 0, 0, 0, 0, 0, 0, 0, 0, 0, 0
26.883, 0, 0, 0, 1.41421, 0, 0, 0, 0, 0, 0, 0, 0, 0, 0, 0, 0, 0, 0, 0, 0, 0, 0, 0, 0, 0, 0, 0, 0
26.8908, 0, 0, 0, 1.41421, 0, 0, 0, 0, 0, 0, 0, 0, 0, 0, 0, 0, 0, 0, 0, 0, 0, 0, 0, 0, 0, 0, 0, 0
26.8987, 0, 0, 0, 1.41421, 0, 0, 0, 0, 0, 0, 0, 0, 0, 0, 0, 0, 0, 0, 0, 0, 0, 0, 0, 0, 0, 0, 0, 0
26.9066, 0, 0, 0, 1.41421, 0, 0, 0, 0, 0, 0, 0, 0, 0, 0, 0, 0, 0, 0, 0, 0, 0, 0, 0, 0, 0, 0, 0, 0
26.9144, 0, 0, 0, 1.41421, 0, 0, 0, 0, 0, 0, 0, 0, 0, 0, 0, 0, 0, 0, 0, 0, 0, 0, 0, 0, 0, 0, 0, 0
26.9223, 0, 0, 0, 1.41421, 0, 0, 0, 0, 0, 0, 0, 0, 0, 0, 0, 0, 0, 0, 0, 0, 0, 0, 0, 0, 0, 0, 0, 0
26.9302, 0, 0, 0, 1.41421, 0, 0, 0, 0, 0, 0, 0, 0, 0, 0, 0, 0, 0, 0, 0, 0, 0, 0, 0, 0, 0, 0, 0, 0
26.9381, 0, 0, 0, 1.41421, 0, 0, 0, 0, 0, 0, 0, 0, 0, 0, 0, 0, 0, 0, 0, 0, 0, 0, 0, 0, 0, 0, 0, 0
26.9459, 0, 0, 0, 1.41421, 0, 0, 0, 0, 0, 0, 0, 0, 0, 0, 0, 0, 0, 0, 0, 0, 0, 0, 0, 0, 0, 0, 0, 0
26.9538, 0, 0, 0, 1.41421, 0, 0, 0, 0, 0, 0, 0, 0, 0, 0, 0, 0, 0, 0, 0, 0, 0, 0, 0, 0, 0, 0, 0, 0
26.9617, 0, 0, 0, 1.41421, 0, 0, 0, 0, 0, 0, 0, 0, 0, 0, 0, 0, 0, 0, 0, 0, 0, 0, 0, 0, 0, 0, 0, 0
26.9695, 0, 0, 0, 1.41421, 0, 0, 0, 0, 0, 0, 0, 0, 0, 0, 0, 0, 0, 0, 0, 0, 0, 0, 0, 0, 0, 0, 0, 0
26.9774, 0, 0, 0, 1.41421, 0, 0, 0, 0, 0, 0, 0, 0, 0, 0, 0, 0, 0, 0, 0, 0, 0, 0, 0, 0, 0, 0, 0, 0
26.9853, 0, 0, 0, 1.41421, 0, 0, 0, 0, 0, 0, 0, 0, 0, 0, 0, 0, 0, 0, 0, 0, 0, 0, 0, 0, 0, 0, 0, 0
26.9932, 0, 0, 0, 1.41421, 0, 0, 0, 0, 0, 0, 0, 0, 0, 0, 0, 0, 0, 0, 0, 0, 0, 0, 0, 0, 0, 0, 0, 0
27.001, 0, 0, 0, 1.41421, 0, 0, 0, 0, 0, 0, 0, 0, 0, 0, 0, 0, 0, 0, 0, 0, 0, 0, 0, 0, 0, 0, 0, 0
27.0089, 0, 0, 0, 1.41421, 0, 0, 0, 0, 0, 0, 0, 0, 0, 0, 0, 0, 0, 0, 0, 0, 0, 0, 0, 0, 0, 0, 0, 0
27.0168, 0, 0, 0, 1.41421, 0, 0, 0, 0, 0, 0, 0, 0, 0, 0, 0, 0, 0, 0, 0, 0, 0, 0, 0, 0, 0, 0, 0, 0
27.0246, 0, 0, 0, 1.41421, 0, 0, 0, 0, 0, 0, 0, 0, 0, 0, 0, 0, 0, 0, 0, 0, 0, 0, 0, 0, 0, 0, 0, 0
27.0325, 0, 0, 0, 1.41421, 0, 0, 0, 0, 0, 0, 0, 0, 0, 0, 0, 0, 0, 0, 0, 0, 0, 0, 0, 0, 0, 0, 0, 0
27.0404, 0, 0, 0, 1.41421, 0, 0, 0, 0, 0, 0, 0, 0, 0, 0, 0, 0, 0, 0, 0, 0, 0, 0, 0, 0, 0, 0, 0, 0
27.0483, 0, 0, 0, 1.41421, 0, 0, 0, 0, 0, 0, 0, 0, 0, 0, 0, 0, 0, 0, 0, 0, 0, 0, 0, 0, 0, 0, 0, 0
27.0561, 0, 0, 0, 1.41421, 0, 0, 0, 0, 0, 0, 0, 0, 0, 0, 0, 0, 0, 0, 0, 0, 0, 0, 0, 0, 0, 0, 0, 0
27.064, 0, 0, 0, 1.41421, 0, 0, 0, 0, 0, 0, 0, 0, 0, 0, 0, 0, 0, 0, 0, 0, 0, 0, 0, 0, 0, 0, 0, 0
27.0719, 0, 0, 0, 1.41421, 0, 0, 0, 0, 0, 0, 0, 0, 0, 0, 0, 0, 0, 0, 0, 0, 0, 0, 0, 0, 0, 0, 0, 0
27.0797, 0, 0, 0, 1.41421, 0, 0, 0, 0, 0, 0, 0, 0, 0, 0, 0, 0, 0, 0, 0, 0, 0, 0, 0, 0, 0, 0, 0, 0
27.0876, 0, 0, 0, 1.41421, 0, 0, 0, 0, 0, 0, 0, 0, 0, 0, 0, 0, 0, 0, 0, 0, 0, 0, 0, 0, 0, 0, 0, 0
27.0955, 0, 0, 0, 1.41421, 0, 0, 0, 0, 0, 0, 0, 0, 0, 0, 0, 0, 0, 0, 0, 0, 0, 0, 0, 0, 0, 0, 0, 0
27.1034, 0, 0, 0, 1.41421, 0, 0, 0, 0, 0, 0, 0, 0, 0, 0, 0, 0, 0, 0, 0, 0, 0, 0, 0, 0, 0, 0, 0, 0
27.1112, 0, 0, 0, 1.41421, 0, 0, 0, 0, 0, 0, 0, 0, 0, 0, 0, 0, 0, 0, 0, 0, 0, 0, 0, 0, 0, 0, 0, 0
27.1191, 0, 0, 0, 1.41421, 0, 0, 0, 0, 0, 0, 0, 0, 0, 0, 0, 0, 0, 0, 0, 0, 0, 0, 0, 0, 0, 0, 0, 0
27.127, 0, 0, 0, 1.41421, 0, 0, 0, 0, 0, 0, 0, 0, 0, 0, 0, 0, 0, 0, 0, 0, 0, 0, 0, 0, 0, 0, 0, 0
27.1348, 0, 0, 0, 1.41421, 0, 0, 0, 0, 0, 0, 0, 0, 0, 0, 0, 0, 0, 0, 0, 0, 0, 0, 0, 0, 0, 0, 0, 0
27.1427, 0, 0, 0, 1.41421, 0, 0, 0, 0, 0, 0, 0, 0, 0, 0, 0, 0, 0, 0, 0, 0, 0, 0, 0, 0, 0, 0, 0, 0
27.1506, 0, 0, 0, 1.41421, 0, 0, 0, 0, 0, 0, 0, 0, 0, 0, 0, 0, 0, 0, 0, 0, 0, 0, 0, 0, 0, 0, 0, 0
27.1585, 0, 0, 0, 1.41421, 0, 0, 0, 0, 0, 0, 0, 0, 0, 0, 0, 0, 0, 0, 0, 0, 0, 0, 0, 0, 0, 0, 0, 0
27.1663, 0, 0, 0, 1.41421, 0, 0, 0, 0, 0, 0, 0, 0, 0, 0, 0, 0, 0, 0, 0, 0, 0, 0, 0, 0, 0, 0, 0, 0
27.1742, 0, 0, 0, 1.41421, 0, 0, 0, 0, 0, 0, 0, 0, 0, 0, 0, 0, 0, 0, 0, 0, 0, 0, 0, 0, 0, 0, 0, 0
27.1821, 0, 0, 0, 1.41421, 0, 0, 0, 0, 0, 0, 0, 0, 0, 0, 0, 0, 0, 0, 0, 0, 0, 0, 0, 0, 0, 0, 0, 0
27.1899, 0, 0, 0, 1.41421, 0, 0, 0, 0, 0, 0, 0, 0, 0, 0, 0, 0, 0, 0, 0, 0, 0, 0, 0, 0, 0, 0, 0, 0
27.1978, 0, 0, 0, 1.41421, 0, 0, 0, 0, 0, 0, 0, 0, 0, 0, 0, 0, 0, 0, 0, 0, 0, 0, 0, 0, 0, 0, 0, 0
27.2057, 0, 0, 0, 1.41421, 0, 0, 0, 0, 0, 0, 0, 0, 0, 0, 0, 0, 0, 0, 0, 0, 0, 0, 0, 0, 0, 0, 0, 0
27.2136, 0, 0, 0, 1.41421, 0, 0, 0, 0, 0, 0, 0, 0, 0, 0, 0, 0, 0, 0, 0, 0, 0, 0, 0, 0, 0, 0, 0, 0
27.2214, 0, 0, 0, 1.41421, 0, 0, 0, 0, 0, 0, 0, 0, 0, 0, 0, 0, 0, 0, 0, 0, 0, 0, 0, 0, 0, 0, 0, 0
27.2293, 0, 0, 0, 1.41421, 0, 0, 0, 0, 0, 0, 0, 0, 0, 0, 0, 0, 0, 0, 0, 0, 0, 0, 0, 0, 0, 0, 0, 0
27.2372, 0, 0, 0, 1.41421, 0, 0, 0, 0, 0, 0, 0, 0, 0, 0, 0, 0, 0, 0, 0, 0, 0, 0, 0, 0, 0, 0, 0, 0
27.245, 0, 0, 0, 1.41421, 0, 0, 0, 0, 0, 0, 0, 0, 0, 0, 0, 0, 0, 0, 0, 0, 0, 0, 0, 0, 0, 0, 0, 0
27.2529, 0, 0, 0, 1.41421, 0, 0, 0, 0, 0, 0, 0, 0, 0, 0, 0, 0, 0, 0, 0, 0, 0, 0, 0, 0, 0, 0, 0, 0
27.2608, 0, 0, 0, 1.41421, 0, 0, 0, 0, 0, 0, 0, 0, 0, 0, 0, 0, 0, 0, 0, 0, 0, 0, 0, 0, 0, 0, 0, 0
27.2687, 0, 0, 0, 1.41421, 0, 0, 0, 0, 0, 0, 0, 0, 0, 0, 0, 0, 0, 0, 0, 0, 0, 0, 0, 0, 0, 0, 0, 0
27.2765, 0, 0, 0, 1.41421, 0, 0, 0, 0, 0, 0, 0, 0, 0, 0, 0, 0, 0, 0, 0, 0, 0, 0, 0, 0, 0, 0, 0, 0
27.2844, 0, 0, 0, 1.41421, 0, 0, 0, 0, 0, 0, 0, 0, 0, 0, 0, 0, 0, 0, 0, 0, 0, 0, 0, 0, 0, 0, 0, 0
27.2923, 0, 0, 0, 1.41421, 0, 0, 0, 0, 0, 0, 0, 0, 0, 0, 0, 0, 0, 0, 0, 0, 0, 0, 0, 0, 0, 0, 0, 0
27.3001, 0, 0, 0, 1.41421, 0, 0, 0, 0, 0, 0, 0, 0, 0, 0, 0, 0, 0, 0, 0, 0, 0, 0, 0, 0, 0, 0, 0, 0
27.308, 0, 0, 0, 1.41421, 0, 0, 0, 0, 0, 0, 0, 0, 0, 0, 0, 0, 0, 0, 0, 0, 0, 0, 0, 0, 0, 0, 0, 0
27.3159, 0, 0, 0, 1.41421, 0, 0, 0, 0, 0, 0, 0, 0, 0, 0, 0, 0, 0, 0, 0, 0, 0, 0, 0, 0, 0, 0, 0, 0
27.3238, 0, 0, 0, 1.41421, 0, 0, 0, 0, 0, 0, 0, 0, 0, 0, 0, 0, 0, 0, 0, 0, 0, 0, 0, 0, 0, 0, 0, 0
27.3316, 0, 0, 0, 1.41421, 0, 0, 0, 0, 0, 0, 0, 0, 0, 0, 0, 0, 0, 0, 0, 0, 0, 0, 0, 0, 0, 0, 0, 0
27.3395, 0, 0, 0, 1.41421, 0, 0, 0, 0, 0, 0, 0, 0, 0, 0, 0, 0, 0, 0, 0, 0, 0, 0, 0, 0, 0, 0, 0, 0
27.3474, 0, 0, 0, 1.41421, 0, 0, 0, 0, 0, 0, 0, 0, 0, 0, 0, 0, 0, 0, 0, 0, 0, 0, 0, 0, 0, 0, 0, 0
27.3552, 0, 0, 0, 1.41421, 0, 0, 0, 0, 0, 0, 0, 0, 0, 0, 0, 0, 0, 0, 0, 0, 0, 0, 0, 0, 0, 0, 0, 0
27.3631, 0, 0, 0, 1.41421, 0, 0, 0, 0, 0, 0, 0, 0, 0, 0, 0, 0, 0, 0, 0, 0, 0, 0, 0, 0, 0, 0, 0, 0
27.371, 0, 0, 0, 1.41421, 0, 0, 0, 0, 0, 0, 0, 0, 0, 0, 0, 0, 0, 0, 0, 0, 0, 0, 0, 0, 0, 0, 0, 0
27.3789, 0, 0, 0, 1.41421, 0, 0, 0, 0, 0, 0, 0, 0, 0, 0, 0, 0, 0, 0, 0, 0, 0, 0, 0, 0, 0, 0, 0, 0
27.3867, 0, 0, 0, 1.41421, 0, 0, 0, 0, 0, 0, 0, 0, 0, 0, 0, 0, 0, 0, 0, 0, 0, 0, 0, 0, 0, 0, 0, 0
27.3946, 0, 0, 0, 1.41421, 0, 0, 0, 0, 0, 0, 0, 0, 0, 0, 0, 0, 0, 0, 0, 0, 0, 0, 0, 0, 0, 0, 0, 0
27.4025, 0, 0, 0, 1.41421, 0, 0, 0, 0, 0, 0, 0, 0, 0, 0, 0, 0, 0, 0, 0, 0, 0, 0, 0, 0, 0, 0, 0, 0
27.4103, 0, 0, 0, 1.41421, 0, 0, 0, 0, 0, 0, 0, 0, 0, 0, 0, 0, 0, 0, 0, 0, 0, 0, 0, 0, 0, 0, 0, 0
27.4182, 0, 0, 0, 1.41421, 0, 0, 0, 0, 0, 0, 0, 0, 0, 0, 0, 0, 0, 0, 0, 0, 0, 0, 0, 0, 0, 0, 0, 0
27.4261, 0, 0, 0, 1.41421, 0, 0, 0, 0, 0, 0, 0, 0, 0, 0, 0, 0, 0, 0, 0, 0, 0, 0, 0, 0, 0, 0, 0, 0
27.434, 0, 0, 0, 1.41421, 0, 0, 0, 0, 0, 0, 0, 0, 0, 0, 0, 0, 0, 0, 0, 0, 0, 0, 0, 0, 0, 0, 0, 0
27.4418, 0, 0, 0, 1.41421, 0, 0, 0, 0, 0, 0, 0, 0, 0, 0, 0, 0, 0, 0, 0, 0, 0, 0, 0, 0, 0, 0, 0, 0
27.4497, 0, 0, 0, 1.41421, 0, 0, 0, 0, 0, 0, 0, 0, 0, 0, 0, 0, 0, 0, 0, 0, 0, 0, 0, 0, 0, 0, 0, 0
27.4576, 0, 0, 0, 1.41421, 0, 0, 0, 0, 0, 0, 0, 0, 0, 0, 0, 0, 0, 0, 0, 0, 0, 0, 0, 0, 0, 0, 0, 0
27.4654, 0, 0, 0, 1.41421, 0, 0, 0, 0, 0, 0, 0, 0, 0, 0, 0, 0, 0, 0, 0, 0, 0, 0, 0, 0, 0, 0, 0, 0
27.4733, 0, 0, 0, 1.41421, 0, 0, 0, 0, 0, 0, 0, 0, 0, 0, 0, 0, 0, 0, 0, 0, 0, 0, 0, 0, 0, 0, 0, 0
27.4812, 0, 0, 0, 1.41421, 0, 0, 0, 0, 0, 0, 0, 0, 0, 0, 0, 0, 0, 0, 0, 0, 0, 0, 0, 0, 0, 0, 0, 0
27.4891, 0, 0, 0, 1.41421, 0, 0, 0, 0, 0, 0, 0, 0, 0, 0, 0, 0, 0, 0, 0, 0, 0, 0, 0, 0, 0, 0, 0, 0
27.4969, 0, 0, 0, 1.41421, 0, 0, 0, 0, 0, 0, 0, 0, 0, 0, 0, 0, 0, 0, 0, 0, 0, 0, 0, 0, 0, 0, 0, 0
27.5048, 0, 0, 0, 1.41421, 0, 0, 0, 0, 0, 0, 0, 0, 0, 0, 0, 0, 0, 0, 0, 0, 0, 0, 0, 0, 0, 0, 0, 0
27.5127, 0, 0, 0, 1.41421, 0, 0, 0, 0, 0, 0, 0, 0, 0, 0, 0, 0, 0, 0, 0, 0, 0, 0, 0, 0, 0, 0, 0, 0
27.5205, 0, 0, 0, 1.41421, 0, 0, 0, 0, 0, 0, 0, 0, 0, 0, 0, 0, 0, 0, 0, 0, 0, 0, 0, 0, 0, 0, 0, 0
27.5284, 0, 0, 0, 1.41421, 0, 0, 0, 0, 0, 0, 0, 0, 0, 0, 0, 0, 0, 0, 0, 0, 0, 0, 0, 0, 0, 0, 0, 0
27.5363, 0, 0, 0, 1.41421, 0, 0, 0, 0, 0, 0, 0, 0, 0, 0, 0, 0, 0, 0, 0, 0, 0, 0, 0, 0, 0, 0, 0, 0
27.5442, 0, 0, 0, 1.41421, 0, 0, 0, 0, 0, 0, 0, 0, 0, 0, 0, 0, 0, 0, 0, 0, 0, 0, 0, 0, 0, 0, 0, 0
27.552, 0, 0, 0, 1.41421, 0, 0, 0, 0, 0, 0, 0, 0, 0, 0, 0, 0, 0, 0, 0, 0, 0, 0, 0, 0, 0, 0, 0, 0
27.5599, 0, 0, 0, 1.41421, 0, 0, 0, 0, 0, 0, 0, 0, 0, 0, 0, 0, 0, 0, 0, 0, 0, 0, 0, 0, 0, 0, 0, 0
27.5678, 0, 0, 0, 1.41421, 0, 0, 0, 0, 0, 0, 0, 0, 0, 0, 0, 0, 0, 0, 0, 0, 0, 0, 0, 0, 0, 0, 0, 0
27.5756, 0, 0, 0, 1.41421, 0, 0, 0, 0, 0, 0, 0, 0, 0, 0, 0, 0, 0, 0, 0, 0, 0, 0, 0, 0, 0, 0, 0, 0
27.5835, 0, 0, 0, 1.41421, 0, 0, 0, 0, 0, 0, 0, 0, 0, 0, 0, 0, 0, 0, 0, 0, 0, 0, 0, 0, 0, 0, 0, 0
27.5914, 0, 0, 0, 1.41421, 0, 0, 0, 0, 0, 0, 0, 0, 0, 0, 0, 0, 0, 0, 0, 0, 0, 0, 0, 0, 0, 0, 0, 0
27.5992, 0, 0, 0, 1.41421, 0, 0, 0, 0, 0, 0, 0, 0, 0, 0, 0, 0, 0, 0, 0, 0, 0, 0, 0, 0, 0, 0, 0, 0
27.6071, 0, 0, 0, 1.41421, 0, 0, 0, 0, 0, 0, 0, 0, 0, 0, 0, 0, 0, 0, 0, 0, 0, 0, 0, 0, 0, 0, 0, 0
27.615, 0, 0, 0, 1.41421, 0, 0, 0, 0, 0, 0, 0, 0, 0, 0, 0, 0, 0, 0, 0, 0, 0, 0, 0, 0, 0, 0, 0, 0
27.6229, 0, 0, 0, 1.41421, 0, 0, 0, 0, 0, 0, 0, 0, 0, 0, 0, 0, 0, 0, 0, 0, 0, 0, 0, 0, 0, 0, 0, 0
27.6307, 0, 0, 0, 1.41421, 0, 0, 0, 0, 0, 0, 0, 0, 0, 0, 0, 0, 0, 0, 0, 0, 0, 0, 0, 0, 0, 0, 0, 0
27.6386, 0, 0, 0, 1.41421, 0, 0, 0, 0, 0, 0, 0, 0, 0, 0, 0, 0, 0, 0, 0, 0, 0, 0, 0, 0, 0, 0, 0, 0
27.6465, 0, 0, 0, 1.41421, 0, 0, 0, 0, 0, 0, 0, 0, 0, 0, 0, 0, 0, 0, 0, 0, 0, 0, 0, 0, 0, 0, 0, 0
27.6544, 0, 0, 0, 1.41421, 0, 0, 0, 0, 0, 0, 0, 0, 0, 0, 0, 0, 0, 0, 0, 0, 0, 0, 0, 0, 0, 0, 0, 0
27.6622, 0, 0, 0, 1.41421, 0, 0, 0, 0, 0, 0, 0, 0, 0, 0, 0, 0, 0, 0, 0, 0, 0, 0, 0, 0, 0, 0, 0, 0
27.6701, 0, 0, 0, 1.41421, 0, 0, 0, 0, 0, 0, 0, 0, 0, 0, 0, 0, 0, 0, 0, 0, 0, 0, 0, 0, 0, 0, 0, 0
27.678, 0, 0, 0, 1.41421, 0, 0, 0, 0, 0, 0, 0, 0, 0, 0, 0, 0, 0, 0, 0, 0, 0, 0, 0, 0, 0, 0, 0, 0
27.6858, 0, 0, 0, 1.41421, 0, 0, 0, 0, 0, 0, 0, 0, 0, 0, 0, 0, 0, 0, 0, 0, 0, 0, 0, 0, 0, 0, 0, 0
27.6937, 0, 0, 0, 1.41421, 0, 0, 0, 0, 0, 0, 0, 0, 0, 0, 0, 0, 0, 0, 0, 0, 0, 0, 0, 0, 0, 0, 0, 0
27.7016, 0, 0, 0, 1.41421, 0, 0, 0, 0, 0, 0, 0, 0, 0, 0, 0, 0, 0, 0, 0, 0, 0, 0, 0, 0, 0, 0, 0, 0
27.7094, 0, 0, 0, 1.41421, 0, 0, 0, 0, 0, 0, 0, 0, 0, 0, 0, 0, 0, 0, 0, 0, 0, 0, 0, 0, 0, 0, 0, 0
27.7173, 0, 0, 0, 1.41421, 0, 0, 0, 0, 0, 0, 0, 0, 0, 0, 0, 0, 0, 0, 0, 0, 0, 0, 0, 0, 0, 0, 0, 0
27.7252, 0, 0, 0, 1.41421, 0, 0, 0, 0, 0, 0, 0, 0, 0, 0, 0, 0, 0, 0, 0, 0, 0, 0, 0, 0, 0, 0, 0, 0
27.7331, 0, 0, 0, 1.41421, 0, 0, 0, 0, 0, 0, 0, 0, 0, 0, 0, 0, 0, 0, 0, 0, 0, 0, 0, 0, 0, 0, 0, 0
27.7409, 0, 0, 0, 1.41421, 0, 0, 0, 0, 0, 0, 0, 0, 0, 0, 0, 0, 0, 0, 0, 0, 0, 0, 0, 0, 0, 0, 0, 0
27.7488, 0, 0, 0, 1.41421, 0, 0, 0, 0, 0, 0, 0, 0, 0, 0, 0, 0, 0, 0, 0, 0, 0, 0, 0, 0, 0, 0, 0, 0
27.7567, 0, 0, 0, 1.41421, 0, 0, 0, 0, 0, 0, 0, 0, 0, 0, 0, 0, 0, 0, 0, 0, 0, 0, 0, 0, 0, 0, 0, 0
27.7645, 0, 0, 0, 1.41421, 0, 0, 0, 0, 0, 0, 0, 0, 0, 0, 0, 0, 0, 0, 0, 0, 0, 0, 0, 0, 0, 0, 0, 0
27.7724, 0, 0, 0, 1.41421, 0, 0, 0, 0, 0, 0, 0, 0, 0, 0, 0, 0, 0, 0, 0, 0, 0, 0, 0, 0, 0, 0, 0, 0
27.7803, 0, 0, 0, 1.41421, 0, 0, 0, 0, 0, 0, 0, 0, 0, 0, 0, 0, 0, 0, 0, 0, 0, 0, 0, 0, 0, 0, 0, 0
27.7882, 0, 0, 0, 1.41421, 0, 0, 0, 0, 0, 0, 0, 0, 0, 0, 0, 0, 0, 0, 0, 0, 0, 0, 0, 0, 0, 0, 0, 0
27.796, 0, 0, 0, 1.41421, 0, 0, 0, 0, 0, 0, 0, 0, 0, 0, 0, 0, 0, 0, 0, 0, 0, 0, 0, 0, 0, 0, 0, 0
27.8039, 0, 0, 0, 1.41421, 0, 0, 0, 0, 0, 0, 0, 0, 0, 0, 0, 0, 0, 0, 0, 0, 0, 0, 0, 0, 0, 0, 0, 0
27.8118, 0, 0, 0, 1.41421, 0, 0, 0, 0, 0, 0, 0, 0, 0, 0, 0, 0, 0, 0, 0, 0, 0, 0, 0, 0, 0, 0, 0, 0
27.8196, 0, 0, 0, 1.41421, 0, 0, 0, 0, 0, 0, 0, 0, 0, 0, 0, 0, 0, 0, 0, 0, 0, 0, 0, 0, 0, 0, 0, 0
27.8275, 0, 0, 0, 1.41421, 0, 0, 0, 0, 0, 0, 0, 0, 0, 0, 0, 0, 0, 0, 0, 0, 0, 0, 0, 0, 0, 0, 0, 0
27.8354, 0, 0, 0, 1.41421, 0, 0, 0, 0, 0, 0, 0, 0, 0, 0, 0, 0, 0, 0, 0, 0, 0, 0, 0, 0, 0, 0, 0, 0
27.8433, 0, 0, 0, 1.41421, 0, 0, 0, 0, 0, 0, 0, 0, 0, 0, 0, 0, 0, 0, 0, 0, 0, 0, 0, 0, 0, 0, 0, 0
27.8511, 0, 0, 0, 1.41421, 0, 0, 0, 0, 0, 0, 0, 0, 0, 0, 0, 0, 0, 0, 0, 0, 0, 0, 0, 0, 0, 0, 0, 0
27.859, 0, 0, 0, 1.41421, 0, 0, 0, 0, 0, 0, 0, 0, 0, 0, 0, 0, 0, 0, 0, 0, 0, 0, 0, 0, 0, 0, 0, 0
27.8669, 0, 0, 0, 1.41421, 0, 0, 0, 0, 0, 0, 0, 0, 0, 0, 0, 0, 0, 0, 0, 0, 0, 0, 0, 0, 0, 0, 0, 0
27.8747, 0, 0, 0, 1.41421, 0, 0, 0, 0, 0, 0, 0, 0, 0, 0, 0, 0, 0, 0, 0, 0, 0, 0, 0, 0, 0, 0, 0, 0
27.8826, 0, 0, 0, 1.41421, 0, 0, 0, 0, 0, 0, 0, 0, 0, 0, 0, 0, 0, 0, 0, 0, 0, 0, 0, 0, 0, 0, 0, 0
27.8905, 0, 0, 0, 1.41421, 0, 0, 0, 0, 0, 0, 0, 0, 0, 0, 0, 0, 0, 0, 0, 0, 0, 0, 0, 0, 0, 0, 0, 0
27.8984, 0, 0, 0, 1.41421, 0, 0, 0, 0, 0, 0, 0, 0, 0, 0, 0, 0, 0, 0, 0, 0, 0, 0, 0, 0, 0, 0, 0, 0
27.9062, 0, 0, 0, 1.41421, 0, 0, 0, 0, 0, 0, 0, 0, 0, 0, 0, 0, 0, 0, 0, 0, 0, 0, 0, 0, 0, 0, 0, 0
27.9141, 0, 0, 0, 1.41421, 0, 0, 0, 0, 0, 0, 0, 0, 0, 0, 0, 0, 0, 0, 0, 0, 0, 0, 0, 0, 0, 0, 0, 0
27.922, 0, 0, 0, 1.41421, 0, 0, 0, 0, 0, 0, 0, 0, 0, 0, 0, 0, 0, 0, 0, 0, 0, 0, 0, 0, 0, 0, 0, 0
27.9298, 0, 0, 0, 1.41421, 0, 0, 0, 0, 0, 0, 0, 0, 0, 0, 0, 0, 0, 0, 0, 0, 0, 0, 0, 0, 0, 0, 0, 0
27.9377, 0, 0, 0, 1.41421, 0, 0, 0, 0, 0, 0, 0, 0, 0, 0, 0, 0, 0, 0, 0, 0, 0, 0, 0, 0, 0, 0, 0, 0
27.9456, 0, 0, 0, 1.41421, 0, 0, 0, 0, 0, 0, 0, 0, 0, 0, 0, 0, 0, 0, 0, 0, 0, 0, 0, 0, 0, 0, 0, 0
27.9535, 0, 0, 0, 1.41421, 0, 0, 0, 0, 0, 0, 0, 0, 0, 0, 0, 0, 0, 0, 0, 0, 0, 0, 0, 0, 0, 0, 0, 0
27.9613, 0, 0, 0, 1.41421, 0, 0, 0, 0, 0, 0, 0, 0, 0, 0, 0, 0, 0, 0, 0, 0, 0, 0, 0, 0, 0, 0, 0, 0
27.9692, 0, 0, 0, 1.41421, 0, 0, 0, 0, 0, 0, 0, 0, 0, 0, 0, 0, 0, 0, 0, 0, 0, 0, 0, 0, 0, 0, 0, 0
27.9771, 0, 0, 0, 1.41421, 0, 0, 0, 0, 0, 0, 0, 0, 0, 0, 0, 0, 0, 0, 0, 0, 0, 0, 0, 0, 0, 0, 0, 0
27.9849, 0, 0, 0, 1.41421, 0, 0, 0, 0, 0, 0, 0, 0, 0, 0, 0, 0, 0, 0, 0, 0, 0, 0, 0, 0, 0, 0, 0, 0
27.9928, 0, 0, 0, 1.41421, 0, 0, 0, 0, 0, 0, 0, 0, 0, 0, 0, 0, 0, 0, 0, 0, 0, 0, 0, 0, 0, 0, 0, 0
28.0007, 0, 0, 0, 1.41421, 0, 0, 0, 0, 0, 0, 0, 0, 0, 0, 0, 0, 0, 0, 0, 0, 0, 0, 0, 0, 0, 0, 0, 0
28.0086, 0, 0, 0, 1.41421, 0, 0, 0, 0, 0, 0, 0, 0, 0, 0, 0, 0, 0, 0, 0, 0, 0, 0, 0, 0, 0, 0, 0, 0
28.0164, 0, 0, 0, 1.41421, 0, 0, 0, 0, 0, 0, 0, 0, 0, 0, 0, 0, 0, 0, 0, 0, 0, 0, 0, 0, 0, 0, 0, 0
28.0243, 0, 0, 0, 1.41421, 0, 0, 0, 0, 0, 0, 0, 0, 0, 0, 0, 0, 0, 0, 0, 0, 0, 0, 0, 0, 0, 0, 0, 0
28.0322, 0, 0, 0, 1.41421, 0, 0, 0, 0, 0, 0, 0, 0, 0, 0, 0, 0, 0, 0, 0, 0, 0, 0, 0, 0, 0, 0, 0, 0
28.04, 0, 0, 0, 1.41421, 0, 0, 0, 0, 0, 0, 0, 0, 0, 0, 0, 0, 0, 0, 0, 0, 0, 0, 0, 0, 0, 0, 0, 0
28.0479, 0, 0, 0, 1.41421, 0, 0, 0, 0, 0, 0, 0, 0, 0, 0, 0, 0, 0, 0, 0, 0, 0, 0, 0, 0, 0, 0, 0, 0
28.0558, 0, 0, 0, 1.41421, 0, 0, 0, 0, 0, 0, 0, 0, 0, 0, 0, 0, 0, 0, 0, 0, 0, 0, 0, 0, 0, 0, 0, 0
28.0637, 0, 0, 0, 1.41421, 0, 0, 0, 0, 0, 0, 0, 0, 0, 0, 0, 0, 0, 0, 0, 0, 0, 0, 0, 0, 0, 0, 0, 0
28.0715, 0, 0, 0, 1.41421, 0, 0, 0, 0, 0, 0, 0, 0, 0, 0, 0, 0, 0, 0, 0, 0, 0, 0, 0, 0, 0, 0, 0, 0
28.0794, 0, 0, 0, 1.41421, 0, 0, 0, 0, 0, 0, 0, 0, 0, 0, 0, 0, 0, 0, 0, 0, 0, 0, 0, 0, 0, 0, 0, 0
28.0873, 0, 0, 0, 1.41421, 0, 0, 0, 0, 0, 0, 0, 0, 0, 0, 0, 0, 0, 0, 0, 0, 0, 0, 0, 0, 0, 0, 0, 0
28.0951, 0, 0, 0, 1.41421, 0, 0, 0, 0, 0, 0, 0, 0, 0, 0, 0, 0, 0, 0, 0, 0, 0, 0, 0, 0, 0, 0, 0, 0
28.103, 0, 0, 0, 1.41421, 0, 0, 0, 0, 0, 0, 0, 0, 0, 0, 0, 0, 0, 0, 0, 0, 0, 0, 0, 0, 0, 0, 0, 0
28.1109, 0, 0, 0, 1.41421, 0, 0, 0, 0, 0, 0, 0, 0, 0, 0, 0, 0, 0, 0, 0, 0, 0, 0, 0, 0, 0, 0, 0, 0
28.1188, 0, 0, 0, 1.41421, 0, 0, 0, 0, 0, 0, 0, 0, 0, 0, 0, 0, 0, 0, 0, 0, 0, 0, 0, 0, 0, 0, 0, 0
28.1266, 0, 0, 0, 1.41421, 0, 0, 0, 0, 0, 0, 0, 0, 0, 0, 0, 0, 0, 0, 0, 0, 0, 0, 0, 0, 0, 0, 0, 0
28.1345, 0, 0, 0, 1.41421, 0, 0, 0, 0, 0, 0, 0, 0, 0, 0, 0, 0, 0, 0, 0, 0, 0, 0, 0, 0, 0, 0, 0, 0
28.1424, 0, 0, 0, 1.41421, 0, 0, 0, 0, 0, 0, 0, 0, 0, 0, 0, 0, 0, 0, 0, 0, 0, 0, 0, 0, 0, 0, 0, 0
28.1502, 0, 0, 0, 1.41421, 0, 0, 0, 0, 0, 0, 0, 0, 0, 0, 0, 0, 0, 0, 0, 0, 0, 0, 0, 0, 0, 0, 0, 0
28.1581, 0, 0, 0, 1.41421, 0, 0, 0, 0, 0, 0, 0, 0, 0, 0, 0, 0, 0, 0, 0, 0, 0, 0, 0, 0, 0, 0, 0, 0
28.166, 0, 0, 0, 1.41421, 0, 0, 0, 0, 0, 0, 0, 0, 0, 0, 0, 0, 0, 0, 0, 0, 0, 0, 0, 0, 0, 0, 0, 0
28.1739, 0, 0, 0, 1.41421, 0, 0, 0, 0, 0, 0, 0, 0, 0, 0, 0, 0, 0, 0, 0, 0, 0, 0, 0, 0, 0, 0, 0, 0
28.1817, 0, 0, 0, 1.41421, 0, 0, 0, 0, 0, 0, 0, 0, 0, 0, 0, 0, 0, 0, 0, 0, 0, 0, 0, 0, 0, 0, 0, 0
28.1896, 0, 0, 0, 1.41421, 0, 0, 0, 0, 0, 0, 0, 0, 0, 0, 0, 0, 0, 0, 0, 0, 0, 0, 0, 0, 0, 0, 0, 0
28.1975, 0, 0, 0, 1.41421, 0, 0, 0, 0, 0, 0, 0, 0, 0, 0, 0, 0, 0, 0, 0, 0, 0, 0, 0, 0, 0, 0, 0, 0
28.2053, 0, 0, 0, 1.41421, 0, 0, 0, 0, 0, 0, 0, 0, 0, 0, 0, 0, 0, 0, 0, 0, 0, 0, 0, 0, 0, 0, 0, 0
28.2132, 0, 0, 0, 1.41421, 0, 0, 0, 0, 0, 0, 0, 0, 0, 0, 0, 0, 0, 0, 0, 0, 0, 0, 0, 0, 0, 0, 0, 0
28.2211, 0, 0, 0, 1.41421, 0, 0, 0, 0, 0, 0, 0, 0, 0, 0, 0, 0, 0, 0, 0, 0, 0, 0, 0, 0, 0, 0, 0, 0
28.229, 0, 0, 0, 1.41421, 0, 0, 0, 0, 0, 0, 0, 0, 0, 0, 0, 0, 0, 0, 0, 0, 0, 0, 0, 0, 0, 0, 0, 0
28.2368, 0, 0, 0, 1.41421, 0, 0, 0, 0, 0, 0, 0, 0, 0, 0, 0, 0, 0, 0, 0, 0, 0, 0, 0, 0, 0, 0, 0, 0
28.2447, 0, 0, 0, 1.41421, 0, 0, 0, 0, 0, 0, 0, 0, 0, 0, 0, 0, 0, 0, 0, 0, 0, 0, 0, 0, 0, 0, 0, 0
28.2526, 0, 0, 0, 1.41421, 0, 0, 0, 0, 0, 0, 0, 0, 0, 0, 0, 0, 0, 0, 0, 0, 0, 0, 0, 0, 0, 0, 0, 0
28.2604, 0, 0, 0, 1.41421, 0, 0, 0, 0, 0, 0, 0, 0, 0, 0, 0, 0, 0, 0, 0, 0, 0, 0, 0, 0, 0, 0, 0, 0
28.2683, 0, 0, 0, 1.41421, 0, 0, 0, 0, 0, 0, 0, 0, 0, 0, 0, 0, 0, 0, 0, 0, 0, 0, 0, 0, 0, 0, 0, 0
28.2762, 0, 0, 0, 1.41421, 0, 0, 0, 0, 0, 0, 0, 0, 0, 0, 0, 0, 0, 0, 0, 0, 0, 0, 0, 0, 0, 0, 0, 0
28.284, 0, 0, 0, 1.41421, 0, 0, 0, 0, 0, 0, 0, 0, 0, 0, 0, 0, 0, 0, 0, 0, 0, 0, 0, 0, 0, 0, 0, 0
28.2919, 0, 0, 0, 1.41421, 0, 0, 0, 0, 0, 0, 0, 0, 0, 0, 0, 0, 0, 0, 0, 0, 0, 0, 0, 0, 0, 0, 0, 0
28.2998, 0, 0, 0, 1.41421, 0, 0, 0, 0, 0, 0, 0, 0, 0, 0, 0, 0, 0, 0, 0, 0, 0, 0, 0, 0, 0, 0, 0, 0
28.3077, 0, 0, 0, 1.41421, 0, 0, 0, 0, 0, 0, 0, 0, 0, 0, 0, 0, 0, 0, 0, 0, 0, 0, 0, 0, 0, 0, 0, 0
28.3155, 0, 0, 0, 1.41421, 0, 0, 0, 0, 0, 0, 0, 0, 0, 0, 0, 0, 0, 0, 0, 0, 0, 0, 0, 0, 0, 0, 0, 0
28.3234, 0, 0, 0, 1.41421, 0, 0, 0, 0, 0, 0, 0, 0, 0, 0, 0, 0, 0, 0, 0, 0, 0, 0, 0, 0, 0, 0, 0, 0
28.3313, 0, 0, 0, 1.41421, 0, 0, 0, 0, 0, 0, 0, 0, 0, 0, 0, 0, 0, 0, 0, 0, 0, 0, 0, 0, 0, 0, 0, 0
28.3391, 0, 0, 0, 1.41421, 0, 0, 0, 0, 0, 0, 0, 0, 0, 0, 0, 0, 0, 0, 0, 0, 0, 0, 0, 0, 0, 0, 0, 0
28.347, 0, 0, 0, 1.41421, 0, 0, 0, 0, 0, 0, 0, 0, 0, 0, 0, 0, 0, 0, 0, 0, 0, 0, 0, 0, 0, 0, 0, 0
28.3549, 0, 0, 0, 1.41421, 0, 0, 0, 0, 0, 0, 0, 0, 0, 0, 0, 0, 0, 0, 0, 0, 0, 0, 0, 0, 0, 0, 0, 0
28.3628, 0, 0, 0, 1.41421, 0, 0, 0, 0, 0, 0, 0, 0, 0, 0, 0, 0, 0, 0, 0, 0, 0, 0, 0, 0, 0, 0, 0, 0
28.3706, 0, 0, 0, 1.41421, 0, 0, 0, 0, 0, 0, 0, 0, 0, 0, 0, 0, 0, 0, 0, 0, 0, 0, 0, 0, 0, 0, 0, 0
28.3785, 0, 0, 0, 1.41421, 0, 0, 0, 0, 0, 0, 0, 0, 0, 0, 0, 0, 0, 0, 0, 0, 0, 0, 0, 0, 0, 0, 0, 0
28.3864, 0, 0, 0, 1.41421, 0, 0, 0, 0, 0, 0, 0, 0, 0, 0, 0, 0, 0, 0, 0, 0, 0, 0, 0, 0, 0, 0, 0, 0
28.3942, 0, 0, 0, 1.41421, 0, 0, 0, 0, 0, 0, 0, 0, 0, 0, 0, 0, 0, 0, 0, 0, 0, 0, 0, 0, 0, 0, 0, 0
28.4021, 0, 0, 0, 1.41421, 0, 0, 0, 0, 0, 0, 0, 0, 0, 0, 0, 0, 0, 0, 0, 0, 0, 0, 0, 0, 0, 0, 0, 0
28.41, 0, 0, 0, 1.41421, 0, 0, 0, 0, 0, 0, 0, 0, 0, 0, 0, 0, 0, 0, 0, 0, 0, 0, 0, 0, 0, 0, 0, 0
28.4179, 0, 0, 0, 1.41421, 0, 0, 0, 0, 0, 0, 0, 0, 0, 0, 0, 0, 0, 0, 0, 0, 0, 0, 0, 0, 0, 0, 0, 0
28.4257, 0, 0, 0, 1.41421, 0, 0, 0, 0, 0, 0, 0, 0, 0, 0, 0, 0, 0, 0, 0, 0, 0, 0, 0, 0, 0, 0, 0, 0
28.4336, 0, 0, 0, 1.41421, 0, 0, 0, 0, 0, 0, 0, 0, 0, 0, 0, 0, 0, 0, 0, 0, 0, 0, 0, 0, 0, 0, 0, 0
28.4415, 0, 0, 0, 1.41421, 0, 0, 0, 0, 0, 0, 0, 0, 0, 0, 0, 0, 0, 0, 0, 0, 0, 0, 0, 0, 0, 0, 0, 0
28.4493, 0, 0, 0, 1.41421, 0, 0, 0, 0, 0, 0, 0, 0, 0, 0, 0, 0, 0, 0, 0, 0, 0, 0, 0, 0, 0, 0, 0, 0
28.4572, 0, 0, 0, 1.41421, 0, 0, 0, 0, 0, 0, 0, 0, 0, 0, 0, 0, 0, 0, 0, 0, 0, 0, 0, 0, 0, 0, 0, 0
28.4651, 0, 0, 0, 1.41421, 0, 0, 0, 0, 0, 0, 0, 0, 0, 0, 0, 0, 0, 0, 0, 0, 0, 0, 0, 0, 0, 0, 0, 0
28.473, 0, 0, 0, 1.41421, 0, 0, 0, 0, 0, 0, 0, 0, 0, 0, 0, 0, 0, 0, 0, 0, 0, 0, 0, 0, 0, 0, 0, 0
28.4808, 0, 0, 0, 1.41421, 0, 0, 0, 0, 0, 0, 0, 0, 0, 0, 0, 0, 0, 0, 0, 0, 0, 0, 0, 0, 0, 0, 0, 0
28.4887, 0, 0, 0, 1.41421, 0, 0, 0, 0, 0, 0, 0, 0, 0, 0, 0, 0, 0, 0, 0, 0, 0, 0, 0, 0, 0, 0, 0, 0
28.4966, 0, 0, 0, 1.41421, 0, 0, 0, 0, 0, 0, 0, 0, 0, 0, 0, 0, 0, 0, 0, 0, 0, 0, 0, 0, 0, 0, 0, 0
28.5044, 0, 0, 0, 1.41421, 0, 0, 0, 0, 0, 0, 0, 0, 0, 0, 0, 0, 0, 0, 0, 0, 0, 0, 0, 0, 0, 0, 0, 0
28.5123, 0, 0, 0, 1.41421, 0, 0, 0, 0, 0, 0, 0, 0, 0, 0, 0, 0, 0, 0, 0, 0, 0, 0, 0, 0, 0, 0, 0, 0
28.5202, 0, 0, 0, 1.41421, 0, 0, 0, 0, 0, 0, 0, 0, 0, 0, 0, 0, 0, 0, 0, 0, 0, 0, 0, 0, 0, 0, 0, 0
28.5281, 0, 0, 0, 1.41421, 0, 0, 0, 0, 0, 0, 0, 0, 0, 0, 0, 0, 0, 0, 0, 0, 0, 0, 0, 0, 0, 0, 0, 0
28.5359, 0, 0, 0, 1.41421, 0, 0, 0, 0, 0, 0, 0, 0, 0, 0, 0, 0, 0, 0, 0, 0, 0, 0, 0, 0, 0, 0, 0, 0
28.5438, 0, 0, 0, 1.41421, 0, 0, 0, 0, 0, 0, 0, 0, 0, 0, 0, 0, 0, 0, 0, 0, 0, 0, 0, 0, 0, 0, 0, 0
28.5517, 0, 0, 0, 1.41421, 0, 0, 0, 0, 0, 0, 0, 0, 0, 0, 0, 0, 0, 0, 0, 0, 0, 0, 0, 0, 0, 0, 0, 0
28.5595, 0, 0, 0, 1.41421, 0, 0, 0, 0, 0, 0, 0, 0, 0, 0, 0, 0, 0, 0, 0, 0, 0, 0, 0, 0, 0, 0, 0, 0
28.5674, 0, 0, 0, 1.41421, 0, 0, 0, 0, 0, 0, 0, 0, 0, 0, 0, 0, 0, 0, 0, 0, 0, 0, 0, 0, 0, 0, 0, 0
28.5753, 0, 0, 0, 1.41421, 0, 0, 0, 0, 0, 0, 0, 0, 0, 0, 0, 0, 0, 0, 0, 0, 0, 0, 0, 0, 0, 0, 0, 0
28.5832, 0, 0, 0, 1.41421, 0, 0, 0, 0, 0, 0, 0, 0, 0, 0, 0, 0, 0, 0, 0, 0, 0, 0, 0, 0, 0, 0, 0, 0
28.591, 0, 0, 0, 1.41421, 0, 0, 0, 0, 0, 0, 0, 0, 0, 0, 0, 0, 0, 0, 0, 0, 0, 0, 0, 0, 0, 0, 0, 0
28.5989, 0, 0, 0, 1.41421, 0, 0, 0, 0, 0, 0, 0, 0, 0, 0, 0, 0, 0, 0, 0, 0, 0, 0, 0, 0, 0, 0, 0, 0
28.6068, 0, 0, 0, 1.41421, 0, 0, 0, 0, 0, 0, 0, 0, 0, 0, 0, 0, 0, 0, 0, 0, 0, 0, 0, 0, 0, 0, 0, 0
28.6146, 0, 0, 0, 1.41421, 0, 0, 0, 0, 0, 0, 0, 0, 0, 0, 0, 0, 0, 0, 0, 0, 0, 0, 0, 0, 0, 0, 0, 0
28.6225, 0, 0, 0, 1.41421, 0, 0, 0, 0, 0, 0, 0, 0, 0, 0, 0, 0, 0, 0, 0, 0, 0, 0, 0, 0, 0, 0, 0, 0
28.6304, 0, 0, 0, 1.41421, 0, 0, 0, 0, 0, 0, 0, 0, 0, 0, 0, 0, 0, 0, 0, 0, 0, 0, 0, 0, 0, 0, 0, 0
28.6383, 0, 0, 0, 1.41421, 0, 0, 0, 0, 0, 0, 0, 0, 0, 0, 0, 0, 0, 0, 0, 0, 0, 0, 0, 0, 0, 0, 0, 0
28.6461, 0, 0, 0, 1.41421, 0, 0, 0, 0, 0, 0, 0, 0, 0, 0, 0, 0, 0, 0, 0, 0, 0, 0, 0, 0, 0, 0, 0, 0
28.654, 0, 0, 0, 1.41421, 0, 0, 0, 0, 0, 0, 0, 0, 0, 0, 0, 0, 0, 0, 0, 0, 0, 0, 0, 0, 0, 0, 0, 0
28.6619, 0, 0, 0, 1.41421, 0, 0, 0, 0, 0, 0, 0, 0, 0, 0, 0, 0, 0, 0, 0, 0, 0, 0, 0, 0, 0, 0, 0, 0
28.6697, 0, 0, 0, 1.41421, 0, 0, 0, 0, 0, 0, 0, 0, 0, 0, 0, 0, 0, 0, 0, 0, 0, 0, 0, 0, 0, 0, 0, 0
28.6776, 0, 0, 0, 1.41421, 0, 0, 0, 0, 0, 0, 0, 0, 0, 0, 0, 0, 0, 0, 0, 0, 0, 0, 0, 0, 0, 0, 0, 0
28.6855, 0, 0, 0, 1.41421, 0, 0, 0, 0, 0, 0, 0, 0, 0, 0, 0, 0, 0, 0, 0, 0, 0, 0, 0, 0, 0, 0, 0, 0
28.6934, 0, 0, 0, 1.41421, 0, 0, 0, 0, 0, 0, 0, 0, 0, 0, 0, 0, 0, 0, 0, 0, 0, 0, 0, 0, 0, 0, 0, 0
28.7012, 0, 0, 0, 1.41421, 0, 0, 0, 0, 0, 0, 0, 0, 0, 0, 0, 0, 0, 0, 0, 0, 0, 0, 0, 0, 0, 0, 0, 0
28.7091, 0, 0, 0, 1.41421, 0, 0, 0, 0, 0, 0, 0, 0, 0, 0, 0, 0, 0, 0, 0, 0, 0, 0, 0, 0, 0, 0, 0, 0
28.717, 0, 0, 0, 1.41421, 0, 0, 0, 0, 0, 0, 0, 0, 0, 0, 0, 0, 0, 0, 0, 0, 0, 0, 0, 0, 0, 0, 0, 0
28.7248, 0, 0, 0, 1.41421, 0, 0, 0, 0, 0, 0, 0, 0, 0, 0, 0, 0, 0, 0, 0, 0, 0, 0, 0, 0, 0, 0, 0, 0
28.7327, 0, 0, 0, 1.41421, 0, 0, 0, 0, 0, 0, 0, 0, 0, 0, 0, 0, 0, 0, 0, 0, 0, 0, 0, 0, 0, 0, 0, 0
28.7406, 0, 0, 0, 1.41421, 0, 0, 0, 0, 0, 0, 0, 0, 0, 0, 0, 0, 0, 0, 0, 0, 0, 0, 0, 0, 0, 0, 0, 0
28.7485, 0, 0, 0, 1.41421, 0, 0, 0, 0, 0, 0, 0, 0, 0, 0, 0, 0, 0, 0, 0, 0, 0, 0, 0, 0, 0, 0, 0, 0
28.7563, 0, 0, 0, 1.41421, 0, 0, 0, 0, 0, 0, 0, 0, 0, 0, 0, 0, 0, 0, 0, 0, 0, 0, 0, 0, 0, 0, 0, 0
28.7642, 0, 0, 0, 1.41421, 0, 0, 0, 0, 0, 0, 0, 0, 0, 0, 0, 0, 0, 0, 0, 0, 0, 0, 0, 0, 0, 0, 0, 0
28.7721, 0, 0, 0, 1.41421, 0, 0, 0, 0, 0, 0, 0, 0, 0, 0, 0, 0, 0, 0, 0, 0, 0, 0, 0, 0, 0, 0, 0, 0
28.7799, 0, 0, 0, 1.41421, 0, 0, 0, 0, 0, 0, 0, 0, 0, 0, 0, 0, 0, 0, 0, 0, 0, 0, 0, 0, 0, 0, 0, 0
28.7878, 0, 0, 0, 1.41421, 0, 0, 0, 0, 0, 0, 0, 0, 0, 0, 0, 0, 0, 0, 0, 0, 0, 0, 0, 0, 0, 0, 0, 0
28.7957, 0, 0, 0, 1.41421, 0, 0, 0, 0, 0, 0, 0, 0, 0, 0, 0, 0, 0, 0, 0, 0, 0, 0, 0, 0, 0, 0, 0, 0
28.8036, 0, 0, 0, 1.41421, 0, 0, 0, 0, 0, 0, 0, 0, 0, 0, 0, 0, 0, 0, 0, 0, 0, 0, 0, 0, 0, 0, 0, 0
28.8114, 0, 0, 0, 1.41421, 0, 0, 0, 0, 0, 0, 0, 0, 0, 0, 0, 0, 0, 0, 0, 0, 0, 0, 0, 0, 0, 0, 0, 0
28.8193, 0, 0, 0, 1.41421, 0, 0, 0, 0, 0, 0, 0, 0, 0, 0, 0, 0, 0, 0, 0, 0, 0, 0, 0, 0, 0, 0, 0, 0
28.8272, 0, 0, 0, 1.41421, 0, 0, 0, 0, 0, 0, 0, 0, 0, 0, 0, 0, 0, 0, 0, 0, 0, 0, 0, 0, 0, 0, 0, 0
28.835, 0, 0, 0, 1.41421, 0, 0, 0, 0, 0, 0, 0, 0, 0, 0, 0, 0, 0, 0, 0, 0, 0, 0, 0, 0, 0, 0, 0, 0
28.8429, 0, 0, 0, 1.41421, 0, 0, 0, 0, 0, 0, 0, 0, 0, 0, 0, 0, 0, 0, 0, 0, 0, 0, 0, 0, 0, 0, 0, 0
28.8508, 0, 0, 0, 1.41421, 0, 0, 0, 0, 0, 0, 0, 0, 0, 0, 0, 0, 0, 0, 0, 0, 0, 0, 0, 0, 0, 0, 0, 0
28.8587, 0, 0, 0, 1.41421, 0, 0, 0, 0, 0, 0, 0, 0, 0, 0, 0, 0, 0, 0, 0, 0, 0, 0, 0, 0, 0, 0, 0, 0
28.8665, 0, 0, 0, 1.41421, 0, 0, 0, 0, 0, 0, 0, 0, 0, 0, 0, 0, 0, 0, 0, 0, 0, 0, 0, 0, 0, 0, 0, 0
28.8744, 0, 0, 0, 1.41421, 0, 0, 0, 0, 0, 0, 0, 0, 0, 0, 0, 0, 0, 0, 0, 0, 0, 0, 0, 0, 0, 0, 0, 0
28.8823, 0, 0, 0, 1.41421, 0, 0, 0, 0, 0, 0, 0, 0, 0, 0, 0, 0, 0, 0, 0, 0, 0, 0, 0, 0, 0, 0, 0, 0
28.8901, 0, 0, 0, 1.41421, 0, 0, 0, 0, 0, 0, 0, 0, 0, 0, 0, 0, 0, 0, 0, 0, 0, 0, 0, 0, 0, 0, 0, 0
28.898, 0, 0, 0, 1.41421, 0, 0, 0, 0, 0, 0, 0, 0, 0, 0, 0, 0, 0, 0, 0, 0, 0, 0, 0, 0, 0, 0, 0, 0
28.9059, 0, 0, 0, 1.41421, 0, 0, 0, 0, 0, 0, 0, 0, 0, 0, 0, 0, 0, 0, 0, 0, 0, 0, 0, 0, 0, 0, 0, 0
28.9138, 0, 0, 0, 1.41421, 0, 0, 0, 0, 0, 0, 0, 0, 0, 0, 0, 0, 0, 0, 0, 0, 0, 0, 0, 0, 0, 0, 0, 0
28.9216, 0, 0, 0, 1.41421, 0, 0, 0, 0, 0, 0, 0, 0, 0, 0, 0, 0, 0, 0, 0, 0, 0, 0, 0, 0, 0, 0, 0, 0
28.9295, 0, 0, 0, 1.41421, 0, 0, 0, 0, 0, 0, 0, 0, 0, 0, 0, 0, 0, 0, 0, 0, 0, 0, 0, 0, 0, 0, 0, 0
28.9374, 0, 0, 0, 1.41421, 0, 0, 0, 0, 0, 0, 0, 0, 0, 0, 0, 0, 0, 0, 0, 0, 0, 0, 0, 0, 0, 0, 0, 0
28.9452, 0, 0, 0, 1.41421, 0, 0, 0, 0, 0, 0, 0, 0, 0, 0, 0, 0, 0, 0, 0, 0, 0, 0, 0, 0, 0, 0, 0, 0
28.9531, 0, 0, 0, 1.41421, 0, 0, 0, 0, 0, 0, 0, 0, 0, 0, 0, 0, 0, 0, 0, 0, 0, 0, 0, 0, 0, 0, 0, 0
28.961, 0, 0, 0, 1.41421, 0, 0, 0, 0, 0, 0, 0, 0, 0, 0, 0, 0, 0, 0, 0, 0, 0, 0, 0, 0, 0, 0, 0, 0
28.9689, 0, 0, 0, 1.41421, 0, 0, 0, 0, 0, 0, 0, 0, 0, 0, 0, 0, 0, 0, 0, 0, 0, 0, 0, 0, 0, 0, 0, 0
28.9767, 0, 0, 0, 1.41421, 0, 0, 0, 0, 0, 0, 0, 0, 0, 0, 0, 0, 0, 0, 0, 0, 0, 0, 0, 0, 0, 0, 0, 0
28.9846, 0, 0, 0, 1.41421, 0, 0, 0, 0, 0, 0, 0, 0, 0, 0, 0, 0, 0, 0, 0, 0, 0, 0, 0, 0, 0, 0, 0, 0
28.9925, 0, 0, 0, 1.41421, 0, 0, 0, 0, 0, 0, 0, 0, 0, 0, 0, 0, 0, 0, 0, 0, 0, 0, 0, 0, 0, 0, 0, 0
29.0003, 0, 0, 0, 1.41421, 0, 0, 0, 0, 0, 0, 0, 0, 0, 0, 0, 0, 0, 0, 0, 0, 0, 0, 0, 0, 0, 0, 0, 0
29.0082, 0, 0, 0, 1.41421, 0, 0, 0, 0, 0, 0, 0, 0, 0, 0, 0, 0, 0, 0, 0, 0, 0, 0, 0, 0, 0, 0, 0, 0
29.0161, 0, 0, 0, 1.41421, 0, 0, 0, 0, 0, 0, 0, 0, 0, 0, 0, 0, 0, 0, 0, 0, 0, 0, 0, 0, 0, 0, 0, 0
29.024, 0, 0, 0, 1.41421, 0, 0, 0, 0, 0, 0, 0, 0, 0, 0, 0, 0, 0, 0, 0, 0, 0, 0, 0, 0, 0, 0, 0, 0
29.0318, 0, 0, 0, 1.41421, 0, 0, 0, 0, 0, 0, 0, 0, 0, 0, 0, 0, 0, 0, 0, 0, 0, 0, 0, 0, 0, 0, 0, 0
29.0397, 0, 0, 0, 1.41421, 0, 0, 0, 0, 0, 0, 0, 0, 0, 0, 0, 0, 0, 0, 0, 0, 0, 0, 0, 0, 0, 0, 0, 0
29.0476, 0, 0, 0, 1.41421, 0, 0, 0, 0, 0, 0, 0, 0, 0, 0, 0, 0, 0, 0, 0, 0, 0, 0, 0, 0, 0, 0, 0, 0
29.0554, 0, 0, 0, 1.41421, 0, 0, 0, 0, 0, 0, 0, 0, 0, 0, 0, 0, 0, 0, 0, 0, 0, 0, 0, 0, 0, 0, 0, 0
29.0633, 0, 0, 0, 1.41421, 0, 0, 0, 0, 0, 0, 0, 0, 0, 0, 0, 0, 0, 0, 0, 0, 0, 0, 0, 0, 0, 0, 0, 0
29.0712, 0, 0, 0, 1.41421, 0, 0, 0, 0, 0, 0, 0, 0, 0, 0, 0, 0, 0, 0, 0, 0, 0, 0, 0, 0, 0, 0, 0, 0
29.079, 0, 0, 0, 1.41421, 0, 0, 0, 0, 0, 0, 0, 0, 0, 0, 0, 0, 0, 0, 0, 0, 0, 0, 0, 0, 0, 0, 0, 0
29.0869, 0, 0, 0, 1.41421, 0, 0, 0, 0, 0, 0, 0, 0, 0, 0, 0, 0, 0, 0, 0, 0, 0, 0, 0, 0, 0, 0, 0, 0
29.0948, 0, 0, 0, 1.41421, 0, 0, 0, 0, 0, 0, 0, 0, 0, 0, 0, 0, 0, 0, 0, 0, 0, 0, 0, 0, 0, 0, 0, 0
29.1027, 0, 0, 0, 1.41421, 0, 0, 0, 0, 0, 0, 0, 0, 0, 0, 0, 0, 0, 0, 0, 0, 0, 0, 0, 0, 0, 0, 0, 0
29.1105, 0, 0, 0, 1.41421, 0, 0, 0, 0, 0, 0, 0, 0, 0, 0, 0, 0, 0, 0, 0, 0, 0, 0, 0, 0, 0, 0, 0, 0
29.1184, 0, 0, 0, 1.41421, 0, 0, 0, 0, 0, 0, 0, 0, 0, 0, 0, 0, 0, 0, 0, 0, 0, 0, 0, 0, 0, 0, 0, 0
29.1263, 0, 0, 0, 1.41421, 0, 0, 0, 0, 0, 0, 0, 0, 0, 0, 0, 0, 0, 0, 0, 0, 0, 0, 0, 0, 0, 0, 0, 0
29.1341, 0, 0, 0, 1.41421, 0, 0, 0, 0, 0, 0, 0, 0, 0, 0, 0, 0, 0, 0, 0, 0, 0, 0, 0, 0, 0, 0, 0, 0
29.142, 0, 0, 0, 1.41421, 0, 0, 0, 0, 0, 0, 0, 0, 0, 0, 0, 0, 0, 0, 0, 0, 0, 0, 0, 0, 0, 0, 0, 0
29.1499, 0, 0, 0, 1.41421, 0, 0, 0, 0, 0, 0, 0, 0, 0, 0, 0, 0, 0, 0, 0, 0, 0, 0, 0, 0, 0, 0, 0, 0
29.1578, 0, 0, 0, 1.41421, 0, 0, 0, 0, 0, 0, 0, 0, 0, 0, 0, 0, 0, 0, 0, 0, 0, 0, 0, 0, 0, 0, 0, 0
29.1656, 0, 0, 0, 1.41421, 0, 0, 0, 0, 0, 0, 0, 0, 0, 0, 0, 0, 0, 0, 0, 0, 0, 0, 0, 0, 0, 0, 0, 0
29.1735, 0, 0, 0, 1.41421, 0, 0, 0, 0, 0, 0, 0, 0, 0, 0, 0, 0, 0, 0, 0, 0, 0, 0, 0, 0, 0, 0, 0, 0
29.1814, 0, 0, 0, 1.41421, 0, 0, 0, 0, 0, 0, 0, 0, 0, 0, 0, 0, 0, 0, 0, 0, 0, 0, 0, 0, 0, 0, 0, 0
29.1892, 0, 0, 0, 1.41421, 0, 0, 0, 0, 0, 0, 0, 0, 0, 0, 0, 0, 0, 0, 0, 0, 0, 0, 0, 0, 0, 0, 0, 0
29.1971, 0, 0, 0, 1.41421, 0, 0, 0, 0, 0, 0, 0, 0, 0, 0, 0, 0, 0, 0, 0, 0, 0, 0, 0, 0, 0, 0, 0, 0
29.205, 0, 0, 0, 1.41421, 0, 0, 0, 0, 0, 0, 0, 0, 0, 0, 0, 0, 0, 0, 0, 0, 0, 0, 0, 0, 0, 0, 0, 0
29.2129, 0, 0, 0, 1.41421, 0, 0, 0, 0, 0, 0, 0, 0, 0, 0, 0, 0, 0, 0, 0, 0, 0, 0, 0, 0, 0, 0, 0, 0
29.2207, 0, 0, 0, 1.41421, 0, 0, 0, 0, 0, 0, 0, 0, 0, 0, 0, 0, 0, 0, 0, 0, 0, 0, 0, 0, 0, 0, 0, 0
29.2286, 0, 0, 0, 1.41421, 0, 0, 0, 0, 0, 0, 0, 0, 0, 0, 0, 0, 0, 0, 0, 0, 0, 0, 0, 0, 0, 0, 0, 0
29.2365, 0, 0, 0, 1.41421, 0, 0, 0, 0, 0, 0, 0, 0, 0, 0, 0, 0, 0, 0, 0, 0, 0, 0, 0, 0, 0, 0, 0, 0
29.2443, 0, 0, 0, 1.41421, 0, 0, 0, 0, 0, 0, 0, 0, 0, 0, 0, 0, 0, 0, 0, 0, 0, 0, 0, 0, 0, 0, 0, 0
29.2522, 0, 0, 0, 1.41421, 0, 0, 0, 0, 0, 0, 0, 0, 0, 0, 0, 0, 0, 0, 0, 0, 0, 0, 0, 0, 0, 0, 0, 0
29.2601, 0, 0, 0, 1.41421, 0, 0, 0, 0, 0, 0, 0, 0, 0, 0, 0, 0, 0, 0, 0, 0, 0, 0, 0, 0, 0, 0, 0, 0
29.268, 0, 0, 0, 1.41421, 0, 0, 0, 0, 0, 0, 0, 0, 0, 0, 0, 0, 0, 0, 0, 0, 0, 0, 0, 0, 0, 0, 0, 0
29.2758, 0, 0, 0, 1.41421, 0, 0, 0, 0, 0, 0, 0, 0, 0, 0, 0, 0, 0, 0, 0, 0, 0, 0, 0, 0, 0, 0, 0, 0
29.2837, 0, 0, 0, 1.41421, 0, 0, 0, 0, 0, 0, 0, 0, 0, 0, 0, 0, 0, 0, 0, 0, 0, 0, 0, 0, 0, 0, 0, 0
29.2916, 0, 0, 0, 1.41421, 0, 0, 0, 0, 0, 0, 0, 0, 0, 0, 0, 0, 0, 0, 0, 0, 0, 0, 0, 0, 0, 0, 0, 0
29.2994, 0, 0, 0, 1.41421, 0, 0, 0, 0, 0, 0, 0, 0, 0, 0, 0, 0, 0, 0, 0, 0, 0, 0, 0, 0, 0, 0, 0, 0
29.3073, 0, 0, 0, 1.41421, 0, 0, 0, 0, 0, 0, 0, 0, 0, 0, 0, 0, 0, 0, 0, 0, 0, 0, 0, 0, 0, 0, 0, 0
29.3152, 0, 0, 0, 1.41421, 0, 0, 0, 0, 0, 0, 0, 0, 0, 0, 0, 0, 0, 0, 0, 0, 0, 0, 0, 0, 0, 0, 0, 0
29.3231, 0, 0, 0, 1.41421, 0, 0, 0, 0, 0, 0, 0, 0, 0, 0, 0, 0, 0, 0, 0, 0, 0, 0, 0, 0, 0, 0, 0, 0
29.3309, 0, 0, 0, 1.41421, 0, 0, 0, 0, 0, 0, 0, 0, 0, 0, 0, 0, 0, 0, 0, 0, 0, 0, 0, 0, 0, 0, 0, 0
29.3388, 0, 0, 0, 1.41421, 0, 0, 0, 0, 0, 0, 0, 0, 0, 0, 0, 0, 0, 0, 0, 0, 0, 0, 0, 0, 0, 0, 0, 0
29.3467, 0, 0, 0, 1.41421, 0, 0, 0, 0, 0, 0, 0, 0, 0, 0, 0, 0, 0, 0, 0, 0, 0, 0, 0, 0, 0, 0, 0, 0
29.3545, 0, 0, 0, 1.41421, 0, 0, 0, 0, 0, 0, 0, 0, 0, 0, 0, 0, 0, 0, 0, 0, 0, 0, 0, 0, 0, 0, 0, 0
29.3624, 0, 0, 0, 1.41421, 0, 0, 0, 0, 0, 0, 0, 0, 0, 0, 0, 0, 0, 0, 0, 0, 0, 0, 0, 0, 0, 0, 0, 0
29.3703, 0, 0, 0, 1.41421, 0, 0, 0, 0, 0, 0, 0, 0, 0, 0, 0, 0, 0, 0, 0, 0, 0, 0, 0, 0, 0, 0, 0, 0
29.3782, 0, 0, 0, 1.41421, 0, 0, 0, 0, 0, 0, 0, 0, 0, 0, 0, 0, 0, 0, 0, 0, 0, 0, 0, 0, 0, 0, 0, 0
29.386, 0, 0, 0, 1.41421, 0, 0, 0, 0, 0, 0, 0, 0, 0, 0, 0, 0, 0, 0, 0, 0, 0, 0, 0, 0, 0, 0, 0, 0
29.3939, 0, 0, 0, 1.41421, 0, 0, 0, 0, 0, 0, 0, 0, 0, 0, 0, 0, 0, 0, 0, 0, 0, 0, 0, 0, 0, 0, 0, 0
29.4018, 0, 0, 0, 1.41421, 0, 0, 0, 0, 0, 0, 0, 0, 0, 0, 0, 0, 0, 0, 0, 0, 0, 0, 0, 0, 0, 0, 0, 0
29.4096, 0, 0, 0, 1.41421, 0, 0, 0, 0, 0, 0, 0, 0, 0, 0, 0, 0, 0, 0, 0, 0, 0, 0, 0, 0, 0, 0, 0, 0
29.4175, 0, 0, 0, 1.41421, 0, 0, 0, 0, 0, 0, 0, 0, 0, 0, 0, 0, 0, 0, 0, 0, 0, 0, 0, 0, 0, 0, 0, 0
29.4254, 0, 0, 0, 1.41421, 0, 0, 0, 0, 0, 0, 0, 0, 0, 0, 0, 0, 0, 0, 0, 0, 0, 0, 0, 0, 0, 0, 0, 0
29.4333, 0, 0, 0, 1.41421, 0, 0, 0, 0, 0, 0, 0, 0, 0, 0, 0, 0, 0, 0, 0, 0, 0, 0, 0, 0, 0, 0, 0, 0
29.4411, 0, 0, 0, 1.41421, 0, 0, 0, 0, 0, 0, 0, 0, 0, 0, 0, 0, 0, 0, 0, 0, 0, 0, 0, 0, 0, 0, 0, 0
29.449, 0, 0, 0, 1.41421, 0, 0, 0, 0, 0, 0, 0, 0, 0, 0, 0, 0, 0, 0, 0, 0, 0, 0, 0, 0, 0, 0, 0, 0
29.4569, 0, 0, 0, 1.41421, 0, 0, 0, 0, 0, 0, 0, 0, 0, 0, 0, 0, 0, 0, 0, 0, 0, 0, 0, 0, 0, 0, 0, 0
29.4647, 0, 0, 0, 1.41421, 0, 0, 0, 0, 0, 0, 0, 0, 0, 0, 0, 0, 0, 0, 0, 0, 0, 0, 0, 0, 0, 0, 0, 0
29.4726, 0, 0, 0, 1.41421, 0, 0, 0, 0, 0, 0, 0, 0, 0, 0, 0, 0, 0, 0, 0, 0, 0, 0, 0, 0, 0, 0, 0, 0
29.4805, 0, 0, 0, 1.41421, 0, 0, 0, 0, 0, 0, 0, 0, 0, 0, 0, 0, 0, 0, 0, 0, 0, 0, 0, 0, 0, 0, 0, 0
29.4884, 0, 0, 0, 1.41421, 0, 0, 0, 0, 0, 0, 0, 0, 0, 0, 0, 0, 0, 0, 0, 0, 0, 0, 0, 0, 0, 0, 0, 0
29.4962, 0, 0, 0, 1.41421, 0, 0, 0, 0, 0, 0, 0, 0, 0, 0, 0, 0, 0, 0, 0, 0, 0, 0, 0, 0, 0, 0, 0, 0
29.5041, 0, 0, 0, 1.41421, 0, 0, 0, 0, 0, 0, 0, 0, 0, 0, 0, 0, 0, 0, 0, 0, 0, 0, 0, 0, 0, 0, 0, 0
29.512, 0, 0, 0, 1.41421, 0, 0, 0, 0, 0, 0, 0, 0, 0, 0, 0, 0, 0, 0, 0, 0, 0, 0, 0, 0, 0, 0, 0, 0
29.5198, 0, 0, 0, 1.41421, 0, 0, 0, 0, 0, 0, 0, 0, 0, 0, 0, 0, 0, 0, 0, 0, 0, 0, 0, 0, 0, 0, 0, 0
29.5277, 0, 0, 0, 1.41421, 0, 0, 0, 0, 0, 0, 0, 0, 0, 0, 0, 0, 0, 0, 0, 0, 0, 0, 0, 0, 0, 0, 0, 0
29.5356, 0, 0, 0, 1.41421, 0, 0, 0, 0, 0, 0, 0, 0, 0, 0, 0, 0, 0, 0, 0, 0, 0, 0, 0, 0, 0, 0, 0, 0
29.5435, 0, 0, 0, 1.41421, 0, 0, 0, 0, 0, 0, 0, 0, 0, 0, 0, 0, 0, 0, 0, 0, 0, 0, 0, 0, 0, 0, 0, 0
29.5513, 0, 0, 0, 1.41421, 0, 0, 0, 0, 0, 0, 0, 0, 0, 0, 0, 0, 0, 0, 0, 0, 0, 0, 0, 0, 0, 0, 0, 0
29.5592, 0, 0, 0, 1.41421, 0, 0, 0, 0, 0, 0, 0, 0, 0, 0, 0, 0, 0, 0, 0, 0, 0, 0, 0, 0, 0, 0, 0, 0
29.5671, 0, 0, 0, 1.41421, 0, 0, 0, 0, 0, 0, 0, 0, 0, 0, 0, 0, 0, 0, 0, 0, 0, 0, 0, 0, 0, 0, 0, 0
29.5749, 0, 0, 0, 1.41421, 0, 0, 0, 0, 0, 0, 0, 0, 0, 0, 0, 0, 0, 0, 0, 0, 0, 0, 0, 0, 0, 0, 0, 0
29.5828, 0, 0, 0, 1.41421, 0, 0, 0, 0, 0, 0, 0, 0, 0, 0, 0, 0, 0, 0, 0, 0, 0, 0, 0, 0, 0, 0, 0, 0
29.5907, 0, 0, 0, 1.41421, 0, 0, 0, 0, 0, 0, 0, 0, 0, 0, 0, 0, 0, 0, 0, 0, 0, 0, 0, 0, 0, 0, 0, 0
29.5986, 0, 0, 0, 1.41421, 0, 0, 0, 0, 0, 0, 0, 0, 0, 0, 0, 0, 0, 0, 0, 0, 0, 0, 0, 0, 0, 0, 0, 0
29.6064, 0, 0, 0, 1.41421, 0, 0, 0, 0, 0, 0, 0, 0, 0, 0, 0, 0, 0, 0, 0, 0, 0, 0, 0, 0, 0, 0, 0, 0
29.6143, 0, 0, 0, 1.41421, 0, 0, 0, 0, 0, 0, 0, 0, 0, 0, 0, 0, 0, 0, 0, 0, 0, 0, 0, 0, 0, 0, 0, 0
29.6222, 0, 0, 0, 1.41421, 0, 0, 0, 0, 0, 0, 0, 0, 0, 0, 0, 0, 0, 0, 0, 0, 0, 0, 0, 0, 0, 0, 0, 0
29.63, 0, 0, 0, 1.41421, 0, 0, 0, 0, 0, 0, 0, 0, 0, 0, 0, 0, 0, 0, 0, 0, 0, 0, 0, 0, 0, 0, 0, 0
29.6379, 0, 0, 0, 1.41421, 0, 0, 0, 0, 0, 0, 0, 0, 0, 0, 0, 0, 0, 0, 0, 0, 0, 0, 0, 0, 0, 0, 0, 0
29.6458, 0, 0, 0, 1.41421, 0, 0, 0, 0, 0, 0, 0, 0, 0, 0, 0, 0, 0, 0, 0, 0, 0, 0, 0, 0, 0, 0, 0, 0
29.6537, 0, 0, 0, 1.41421, 0, 0, 0, 0, 0, 0, 0, 0, 0, 0, 0, 0, 0, 0, 0, 0, 0, 0, 0, 0, 0, 0, 0, 0
29.6615, 0, 0, 0, 1.41421, 0, 0, 0, 0, 0, 0, 0, 0, 0, 0, 0, 0, 0, 0, 0, 0, 0, 0, 0, 0, 0, 0, 0, 0
29.6694, 0, 0, 0, 1.41421, 0, 0, 0, 0, 0, 0, 0, 0, 0, 0, 0, 0, 0, 0, 0, 0, 0, 0, 0, 0, 0, 0, 0, 0
29.6773, 0, 0, 0, 1.41421, 0, 0, 0, 0, 0, 0, 0, 0, 0, 0, 0, 0, 0, 0, 0, 0, 0, 0, 0, 0, 0, 0, 0, 0
29.6851, 0, 0, 0, 1.41421, 0, 0, 0, 0, 0, 0, 0, 0, 0, 0, 0, 0, 0, 0, 0, 0, 0, 0, 0, 0, 0, 0, 0, 0
29.693, 0, 0, 0, 1.41421, 0, 0, 0, 0, 0, 0, 0, 0, 0, 0, 0, 0, 0, 0, 0, 0, 0, 0, 0, 0, 0, 0, 0, 0
29.7009, 0, 0, 0, 1.41421, 0, 0, 0, 0, 0, 0, 0, 0, 0, 0, 0, 0, 0, 0, 0, 0, 0, 0, 0, 0, 0, 0, 0, 0
29.7088, 0, 0, 0, 1.41421, 0, 0, 0, 0, 0, 0, 0, 0, 0, 0, 0, 0, 0, 0, 0, 0, 0, 0, 0, 0, 0, 0, 0, 0
29.7166, 0, 0, 0, 1.41421, 0, 0, 0, 0, 0, 0, 0, 0, 0, 0, 0, 0, 0, 0, 0, 0, 0, 0, 0, 0, 0, 0, 0, 0
29.7245, 0, 0, 0, 1.41421, 0, 0, 0, 0, 0, 0, 0, 0, 0, 0, 0, 0, 0, 0, 0, 0, 0, 0, 0, 0, 0, 0, 0, 0
29.7324, 0, 0, 0, 1.41421, 0, 0, 0, 0, 0, 0, 0, 0, 0, 0, 0, 0, 0, 0, 0, 0, 0, 0, 0, 0, 0, 0, 0, 0
29.7402, 0, 0, 0, 1.41421, 0, 0, 0, 0, 0, 0, 0, 0, 0, 0, 0, 0, 0, 0, 0, 0, 0, 0, 0, 0, 0, 0, 0, 0
29.7481, 0, 0, 0, 1.41421, 0, 0, 0, 0, 0, 0, 0, 0, 0, 0, 0, 0, 0, 0, 0, 0, 0, 0, 0, 0, 0, 0, 0, 0
29.756, 0, 0, 0, 1.41421, 0, 0, 0, 0, 0, 0, 0, 0, 0, 0, 0, 0, 0, 0, 0, 0, 0, 0, 0, 0, 0, 0, 0, 0
29.7639, 0, 0, 0, 1.41421, 0, 0, 0, 0, 0, 0, 0, 0, 0, 0, 0, 0, 0, 0, 0, 0, 0, 0, 0, 0, 0, 0, 0, 0
29.7717, 0, 0, 0, 1.41421, 0, 0, 0, 0, 0, 0, 0, 0, 0, 0, 0, 0, 0, 0, 0, 0, 0, 0, 0, 0, 0, 0, 0, 0
29.7796, 0, 0, 0, 1.41421, 0, 0, 0, 0, 0, 0, 0, 0, 0, 0, 0, 0, 0, 0, 0, 0, 0, 0, 0, 0, 0, 0, 0, 0
29.7875, 0, 0, 0, 1.41421, 0, 0, 0, 0, 0, 0, 0, 0, 0, 0, 0, 0, 0, 0, 0, 0, 0, 0, 0, 0, 0, 0, 0, 0
29.7953, 0, 0, 0, 1.41421, 0, 0, 0, 0, 0, 0, 0, 0, 0, 0, 0, 0, 0, 0, 0, 0, 0, 0, 0, 0, 0, 0, 0, 0
29.8032, 0, 0, 0, 1.41421, 0, 0, 0, 0, 0, 0, 0, 0, 0, 0, 0, 0, 0, 0, 0, 0, 0, 0, 0, 0, 0, 0, 0, 0
29.8111, 0, 0, 0, 1.41421, 0, 0, 0, 0, 0, 0, 0, 0, 0, 0, 0, 0, 0, 0, 0, 0, 0, 0, 0, 0, 0, 0, 0, 0
29.8189, 0, 0, 0, 1.41421, 0, 0, 0, 0, 0, 0, 0, 0, 0, 0, 0, 0, 0, 0, 0, 0, 0, 0, 0, 0, 0, 0, 0, 0
29.8268, 0, 0, 0, 1.41421, 0, 0, 0, 0, 0, 0, 0, 0, 0, 0, 0, 0, 0, 0, 0, 0, 0, 0, 0, 0, 0, 0, 0, 0
29.8347, 0, 0, 0, 1.41421, 0, 0, 0, 0, 0, 0, 0, 0, 0, 0, 0, 0, 0, 0, 0, 0, 0, 0, 0, 0, 0, 0, 0, 0
29.8426, 0, 0, 0, 1.41421, 0, 0, 0, 0, 0, 0, 0, 0, 0, 0, 0, 0, 0, 0, 0, 0, 0, 0, 0, 0, 0, 0, 0, 0
29.8504, 0, 0, 0, 1.41421, 0, 0, 0, 0, 0, 0, 0, 0, 0, 0, 0, 0, 0, 0, 0, 0, 0, 0, 0, 0, 0, 0, 0, 0
29.8583, 0, 0, 0, 1.41421, 0, 0, 0, 0, 0, 0, 0, 0, 0, 0, 0, 0, 0, 0, 0, 0, 0, 0, 0, 0, 0, 0, 0, 0
29.8662, 0, 0, 0, 1.41421, 0, 0, 0, 0, 0, 0, 0, 0, 0, 0, 0, 0, 0, 0, 0, 0, 0, 0, 0, 0, 0, 0, 0, 0
29.874, 0, 0, 0, 1.41421, 0, 0, 0, 0, 0, 0, 0, 0, 0, 0, 0, 0, 0, 0, 0, 0, 0, 0, 0, 0, 0, 0, 0, 0
29.8819, 0, 0, 0, 1.41421, 0, 0, 0, 0, 0, 0, 0, 0, 0, 0, 0, 0, 0, 0, 0, 0, 0, 0, 0, 0, 0, 0, 0, 0
29.8898, 0, 0, 0, 1.41421, 0, 0, 0, 0, 0, 0, 0, 0, 0, 0, 0, 0, 0, 0, 0, 0, 0, 0, 0, 0, 0, 0, 0, 0
29.8977, 0, 0, 0, 1.41421, 0, 0, 0, 0, 0, 0, 0, 0, 0, 0, 0, 0, 0, 0, 0, 0, 0, 0, 0, 0, 0, 0, 0, 0
29.9055, 0, 0, 0, 1.41421, 0, 0, 0, 0, 0, 0, 0, 0, 0, 0, 0, 0, 0, 0, 0, 0, 0, 0, 0, 0, 0, 0, 0, 0
29.9134, 0, 0, 0, 1.41421, 0, 0, 0, 0, 0, 0, 0, 0, 0, 0, 0, 0, 0, 0, 0, 0, 0, 0, 0, 0, 0, 0, 0, 0
29.9213, 0, 0, 0, 1.41421, 0, 0, 0, 0, 0, 0, 0, 0, 0, 0, 0, 0, 0, 0, 0, 0, 0, 0, 0, 0, 0, 0, 0, 0
29.9291, 0, 0, 0, 1.41421, 0, 0, 0, 0, 0, 0, 0, 0, 0, 0, 0, 0, 0, 0, 0, 0, 0, 0, 0, 0, 0, 0, 0, 0
29.937, 0, 0, 0, 1.41421, 0, 0, 0, 0, 0, 0, 0, 0, 0, 0, 0, 0, 0, 0, 0, 0, 0, 0, 0, 0, 0, 0, 0, 0
29.9449, 0, 0, 0, 1.41421, 0, 0, 0, 0, 0, 0, 0, 0, 0, 0, 0, 0, 0, 0, 0, 0, 0, 0, 0, 0, 0, 0, 0, 0
29.9528, 0, 0, 0, 1.41421, 0, 0, 0, 0, 0, 0, 0, 0, 0, 0, 0, 0, 0, 0, 0, 0, 0, 0, 0, 0, 0, 0, 0, 0
29.9606, 0, 0, 0, 1.41421, 0, 0, 0, 0, 0, 0, 0, 0, 0, 0, 0, 0, 0, 0, 0, 0, 0, 0, 0, 0, 0, 0, 0, 0
29.9685, 0, 0, 0, 1.41421, 0, 0, 0, 0, 0, 0, 0, 0, 0, 0, 0, 0, 0, 0, 0, 0, 0, 0, 0, 0, 0, 0, 0, 0
29.9764, 0, 0, 0, 1.41421, 0, 0, 0, 0, 0, 0, 0, 0, 0, 0, 0, 0, 0, 0, 0, 0, 0, 0, 0, 0, 0, 0, 0, 0
29.9842, 0, 0, 0, 1.41421, 0, 0, 0, 0, 0, 0, 0, 0, 0, 0, 0, 0, 0, 0, 0, 0, 0, 0, 0, 0, 0, 0, 0, 0
29.9921, 0, 0, 0, 1.41421, 0, 0, 0, 0, 0, 0, 0, 0, 0, 0, 0, 0, 0, 0, 0, 0, 0, 0, 0, 0, 0, 0, 0, 0
30, 0, 0, 0, 1.41421, 0, 0, 0, 0, 0, 0, 0, 0, 0, 0, 0, 0, 0, 0, 0, 0, 0, 0, 0, 0, 0, 0, 0, 0
30.0079, 0, 0, 0, 1.41421, 0, 0, 0, 0, 0, 0, 0, 0, 0, 0, 0, 0, 0, 0, 0, 0, 0, 0, 0, 0, 0, 0, 0, 0
30.0157, 0, 0, 0, 1.41421, 0, 0, 0, 0, 0, 0, 0, 0, 0, 0, 0, 0, 0, 0, 0, 0, 0, 0, 0, 0, 0, 0, 0, 0
30.0236, 0, 0, 0, 1.41421, 0, 0, 0, 0, 0, 0, 0, 0, 0, 0, 0, 0, 0, 0, 0, 0, 0, 0, 0, 0, 0, 0, 0, 0
30.0315, 0, 0, 0, 1.41421, 0, 0, 0, 0, 0, 0, 0, 0, 0, 0, 0, 0, 0, 0, 0, 0, 0, 0, 0, 0, 0, 0, 0, 0
30.0393, 0, 0, 0, 1.41421, 0, 0, 0, 0, 0, 0, 0, 0, 0, 0, 0, 0, 0, 0, 0, 0, 0, 0, 0, 0, 0, 0, 0, 0
30.0472, 0, 0, 0, 1.41421, 0, 0, 0, 0, 0, 0, 0, 0, 0, 0, 0, 0, 0, 0, 0, 0, 0, 0, 0, 0, 0, 0, 0, 0
30.0551, 0, 0, 0, 1.41421, 0, 0, 0, 0, 0, 0, 0, 0, 0, 0, 0, 0, 0, 0, 0, 0, 0, 0, 0, 0, 0, 0, 0, 0
30.063, 0, 0, 0, 1.41421, 0, 0, 0, 0, 0, 0, 0, 0, 0, 0, 0, 0, 0, 0, 0, 0, 0, 0, 0, 0, 0, 0, 0, 0
30.0708, 0, 0, 0, 1.41421, 0, 0, 0, 0, 0, 0, 0, 0, 0, 0, 0, 0, 0, 0, 0, 0, 0, 0, 0, 0, 0, 0, 0, 0
30.0787, 0, 0, 0, 1.41421, 0, 0, 0, 0, 0, 0, 0, 0, 0, 0, 0, 0, 0, 0, 0, 0, 0, 0, 0, 0, 0, 0, 0, 0
30.0866, 0, 0, 0, 1.41421, 0, 0, 0, 0, 0, 0, 0, 0, 0, 0, 0, 0, 0, 0, 0, 0, 0, 0, 0, 0, 0, 0, 0, 0
30.0944, 0, 0, 0, 1.41421, 0, 0, 0, 0, 0, 0, 0, 0, 0, 0, 0, 0, 0, 0, 0, 0, 0, 0, 0, 0, 0, 0, 0, 0
30.1023, 0, 0, 0, 1.41421, 0, 0, 0, 0, 0, 0, 0, 0, 0, 0, 0, 0, 0, 0, 0, 0, 0, 0, 0, 0, 0, 0, 0, 0
30.1102, 0, 0, 0, 1.41421, 0, 0, 0, 0, 0, 0, 0, 0, 0, 0, 0, 0, 0, 0, 0, 0, 0, 0, 0, 0, 0, 0, 0, 0
30.1181, 0, 0, 0, 1.41421, 0, 0, 0, 0, 0, 0, 0, 0, 0, 0, 0, 0, 0, 0, 0, 0, 0, 0, 0, 0, 0, 0, 0, 0
30.1259, 0, 0, 0, 1.41421, 0, 0, 0, 0, 0, 0, 0, 0, 0, 0, 0, 0, 0, 0, 0, 0, 0, 0, 0, 0, 0, 0, 0, 0
30.1338, 0, 0, 0, 1.41421, 0, 0, 0, 0, 0, 0, 0, 0, 0, 0, 0, 0, 0, 0, 0, 0, 0, 0, 0, 0, 0, 0, 0, 0
30.1417, 0, 0, 0, 1.41421, 0, 0, 0, 0, 0, 0, 0, 0, 0, 0, 0, 0, 0, 0, 0, 0, 0, 0, 0, 0, 0, 0, 0, 0
30.1495, 0, 0, 0, 1.41421, 0, 0, 0, 0, 0, 0, 0, 0, 0, 0, 0, 0, 0, 0, 0, 0, 0, 0, 0, 0, 0, 0, 0, 0
30.1574, 0, 0, 0, 1.41421, 0, 0, 0, 0, 0, 0, 0, 0, 0, 0, 0, 0, 0, 0, 0, 0, 0, 0, 0, 0, 0, 0, 0, 0
30.1653, 0, 0, 0, 1.41421, 0, 0, 0, 0, 0, 0, 0, 0, 0, 0, 0, 0, 0, 0, 0, 0, 0, 0, 0, 0, 0, 0, 0, 0
30.1732, 0, 0, 0, 1.41421, 0, 0, 0, 0, 0, 0, 0, 0, 0, 0, 0, 0, 0, 0, 0, 0, 0, 0, 0, 0, 0, 0, 0, 0
30.181, 0, 0, 0, 1.41421, 0, 0, 0, 0, 0, 0, 0, 0, 0, 0, 0, 0, 0, 0, 0, 0, 0, 0, 0, 0, 0, 0, 0, 0
30.1889, 0, 0, 0, 1.41421, 0, 0, 0, 0, 0, 0, 0, 0, 0, 0, 0, 0, 0, 0, 0, 0, 0, 0, 0, 0, 0, 0, 0, 0
30.1968, 0, 0, 0, 1.41421, 0, 0, 0, 0, 0, 0, 0, 0, 0, 0, 0, 0, 0, 0, 0, 0, 0, 0, 0, 0, 0, 0, 0, 0
30.2046, 0, 0, 0, 1.41421, 0, 0, 0, 0, 0, 0, 0, 0, 0, 0, 0, 0, 0, 0, 0, 0, 0, 0, 0, 0, 0, 0, 0, 0
30.2125, 0, 0, 0, 1.41421, 0, 0, 0, 0, 0, 0, 0, 0, 0, 0, 0, 0, 0, 0, 0, 0, 0, 0, 0, 0, 0, 0, 0, 0
30.2204, 0, 0, 0, 1.41421, 0, 0, 0, 0, 0, 0, 0, 0, 0, 0, 0, 0, 0, 0, 0, 0, 0, 0, 0, 0, 0, 0, 0, 0
30.2283, 0, 0, 0, 1.41421, 0, 0, 0, 0, 0, 0, 0, 0, 0, 0, 0, 0, 0, 0, 0, 0, 0, 0, 0, 0, 0, 0, 0, 0
30.2361, 0, 0, 0, 1.41421, 0, 0, 0, 0, 0, 0, 0, 0, 0, 0, 0, 0, 0, 0, 0, 0, 0, 0, 0, 0, 0, 0, 0, 0
30.244, 0, 0, 0, 1.41421, 0, 0, 0, 0, 0, 0, 0, 0, 0, 0, 0, 0, 0, 0, 0, 0, 0, 0, 0, 0, 0, 0, 0, 0
30.2519, 0, 0, 0, 1.41421, 0, 0, 0, 0, 0, 0, 0, 0, 0, 0, 0, 0, 0, 0, 0, 0, 0, 0, 0, 0, 0, 0, 0, 0
30.2597, 0, 0, 0, 1.41421, 0, 0, 0, 0, 0, 0, 0, 0, 0, 0, 0, 0, 0, 0, 0, 0, 0, 0, 0, 0, 0, 0, 0, 0
30.2676, 0, 0, 0, 1.41421, 0, 0, 0, 0, 0, 0, 0, 0, 0, 0, 0, 0, 0, 0, 0, 0, 0, 0, 0, 0, 0, 0, 0, 0
30.2755, 0, 0, 0, 1.41421, 0, 0, 0, 0, 0, 0, 0, 0, 0, 0, 0, 0, 0, 0, 0, 0, 0, 0, 0, 0, 0, 0, 0, 0
30.2834, 0, 0, 0, 1.41421, 0, 0, 0, 0, 0, 0, 0, 0, 0, 0, 0, 0, 0, 0, 0, 0, 0, 0, 0, 0, 0, 0, 0, 0
30.2912, 0, 0, 0, 1.41421, 0, 0, 0, 0, 0, 0, 0, 0, 0, 0, 0, 0, 0, 0, 0, 0, 0, 0, 0, 0, 0, 0, 0, 0
30.2991, 0, 0, 0, 1.41421, 0, 0, 0, 0, 0, 0, 0, 0, 0, 0, 0, 0, 0, 0, 0, 0, 0, 0, 0, 0, 0, 0, 0, 0
30.307, 0, 0, 0, 1.41421, 0, 0, 0, 0, 0, 0, 0, 0, 0, 0, 0, 0, 0, 0, 0, 0, 0, 0, 0, 0, 0, 0, 0, 0
30.3148, 0, 0, 0, 1.41421, 0, 0, 0, 0, 0, 0, 0, 0, 0, 0, 0, 0, 0, 0, 0, 0, 0, 0, 0, 0, 0, 0, 0, 0
30.3227, 0, 0, 0, 1.41421, 0, 0, 0, 0, 0, 0, 0, 0, 0, 0, 0, 0, 0, 0, 0, 0, 0, 0, 0, 0, 0, 0, 0, 0
30.3306, 0, 0, 0, 1.41421, 0, 0, 0, 0, 0, 0, 0, 0, 0, 0, 0, 0, 0, 0, 0, 0, 0, 0, 0, 0, 0, 0, 0, 0
30.3385, 0, 0, 0, 1.41421, 0, 0, 0, 0, 0, 0, 0, 0, 0, 0, 0, 0, 0, 0, 0, 0, 0, 0, 0, 0, 0, 0, 0, 0
30.3463, 0, 0, 0, 1.41421, 0, 0, 0, 0, 0, 0, 0, 0, 0, 0, 0, 0, 0, 0, 0, 0, 0, 0, 0, 0, 0, 0, 0, 0
30.3542, 0, 0, 0, 1.41421, 0, 0, 0, 0, 0, 0, 0, 0, 0, 0, 0, 0, 0, 0, 0, 0, 0, 0, 0, 0, 0, 0, 0, 0
30.3621, 0, 0, 0, 1.41421, 0, 0, 0, 0, 0, 0, 0, 0, 0, 0, 0, 0, 0, 0, 0, 0, 0, 0, 0, 0, 0, 0, 0, 0
30.3699, 0, 0, 0, 1.41421, 0, 0, 0, 0, 0, 0, 0, 0, 0, 0, 0, 0, 0, 0, 0, 0, 0, 0, 0, 0, 0, 0, 0, 0
30.3778, 0, 0, 0, 1.41421, 0, 0, 0, 0, 0, 0, 0, 0, 0, 0, 0, 0, 0, 0, 0, 0, 0, 0, 0, 0, 0, 0, 0, 0
30.3857, 0, 0, 0, 1.41421, 0, 0, 0, 0, 0, 0, 0, 0, 0, 0, 0, 0, 0, 0, 0, 0, 0, 0, 0, 0, 0, 0, 0, 0
30.3936, 0, 0, 0, 1.41421, 0, 0, 0, 0, 0, 0, 0, 0, 0, 0, 0, 0, 0, 0, 0, 0, 0, 0, 0, 0, 0, 0, 0, 0
30.4014, 0, 0, 0, 1.41421, 0, 0, 0, 0, 0, 0, 0, 0, 0, 0, 0, 0, 0, 0, 0, 0, 0, 0, 0, 0, 0, 0, 0, 0
30.4093, 0, 0, 0, 1.41421, 0, 0, 0, 0, 0, 0, 0, 0, 0, 0, 0, 0, 0, 0, 0, 0, 0, 0, 0, 0, 0, 0, 0, 0
30.4172, 0, 0, 0, 1.41421, 0, 0, 0, 0, 0, 0, 0, 0, 0, 0, 0, 0, 0, 0, 0, 0, 0, 0, 0, 0, 0, 0, 0, 0
30.425, 0, 0, 0, 1.41421, 0, 0, 0, 0, 0, 0, 0, 0, 0, 0, 0, 0, 0, 0, 0, 0, 0, 0, 0, 0, 0, 0, 0, 0
30.4329, 0, 0, 0, 1.41421, 0, 0, 0, 0, 0, 0, 0, 0, 0, 0, 0, 0, 0, 0, 0, 0, 0, 0, 0, 0, 0, 0, 0, 0
30.4408, 0, 0, 0, 1.41421, 0, 0, 0, 0, 0, 0, 0, 0, 0, 0, 0, 0, 0, 0, 0, 0, 0, 0, 0, 0, 0, 0, 0, 0
30.4487, 0, 0, 0, 1.41421, 0, 0, 0, 0, 0, 0, 0, 0, 0, 0, 0, 0, 0, 0, 0, 0, 0, 0, 0, 0, 0, 0, 0, 0
30.4565, 0, 0, 0, 1.41421, 0, 0, 0, 0, 0, 0, 0, 0, 0, 0, 0, 0, 0, 0, 0, 0, 0, 0, 0, 0, 0, 0, 0, 0
30.4644, 0, 0, 0, 1.41421, 0, 0, 0, 0, 0, 0, 0, 0, 0, 0, 0, 0, 0, 0, 0, 0, 0, 0, 0, 0, 0, 0, 0, 0
30.4723, 0, 0, 0, 1.41421, 0, 0, 0, 0, 0, 0, 0, 0, 0, 0, 0, 0, 0, 0, 0, 0, 0, 0, 0, 0, 0, 0, 0, 0
30.4801, 0, 0, 0, 1.41421, 0, 0, 0, 0, 0, 0, 0, 0, 0, 0, 0, 0, 0, 0, 0, 0, 0, 0, 0, 0, 0, 0, 0, 0
30.488, 0, 0, 0, 1.41421, 0, 0, 0, 0, 0, 0, 0, 0, 0, 0, 0, 0, 0, 0, 0, 0, 0, 0, 0, 0, 0, 0, 0, 0
30.4959, 0, 0, 0, 1.41421, 0, 0, 0, 0, 0, 0, 0, 0, 0, 0, 0, 0, 0, 0, 0, 0, 0, 0, 0, 0, 0, 0, 0, 0
30.5037, 0, 0, 0, 1.41421, 0, 0, 0, 0, 0, 0, 0, 0, 0, 0, 0, 0, 0, 0, 0, 0, 0, 0, 0, 0, 0, 0, 0, 0
30.5116, 0, 0, 0, 1.41421, 0, 0, 0, 0, 0, 0, 0, 0, 0, 0, 0, 0, 0, 0, 0, 0, 0, 0, 0, 0, 0, 0, 0, 0
30.5195, 0, 0, 0, 1.41421, 0, 0, 0, 0, 0, 0, 0, 0, 0, 0, 0, 0, 0, 0, 0, 0, 0, 0, 0, 0, 0, 0, 0, 0
30.5274, 0, 0, 0, 1.41421, 0, 0, 0, 0, 0, 0, 0, 0, 0, 0, 0, 0, 0, 0, 0, 0, 0, 0, 0, 0, 0, 0, 0, 0
30.5352, 0, 0, 0, 1.41421, 0, 0, 0, 0, 0, 0, 0, 0, 0, 0, 0, 0, 0, 0, 0, 0, 0, 0, 0, 0, 0, 0, 0, 0
30.5431, 0, 0, 0, 1.41421, 0, 0, 0, 0, 0, 0, 0, 0, 0, 0, 0, 0, 0, 0, 0, 0, 0, 0, 0, 0, 0, 0, 0, 0
30.551, 0, 0, 0, 1.41421, 0, 0, 0, 0, 0, 0, 0, 0, 0, 0, 0, 0, 0, 0, 0, 0, 0, 0, 0, 0, 0, 0, 0, 0
30.5588, 0, 0, 0, 1.41421, 0, 0, 0, 0, 0, 0, 0, 0, 0, 0, 0, 0, 0, 0, 0, 0, 0, 0, 0, 0, 0, 0, 0, 0
30.5667, 0, 0, 0, 1.41421, 0, 0, 0, 0, 0, 0, 0, 0, 0, 0, 0, 0, 0, 0, 0, 0, 0, 0, 0, 0, 0, 0, 0, 0
30.5746, 0, 0, 0, 1.41421, 0, 0, 0, 0, 0, 0, 0, 0, 0, 0, 0, 0, 0, 0, 0, 0, 0, 0, 0, 0, 0, 0, 0, 0
30.5825, 0, 0, 0, 1.41421, 0, 0, 0, 0, 0, 0, 0, 0, 0, 0, 0, 0, 0, 0, 0, 0, 0, 0, 0, 0, 0, 0, 0, 0
30.5903, 0, 0, 0, 1.41421, 0, 0, 0, 0, 0, 0, 0, 0, 0, 0, 0, 0, 0, 0, 0, 0, 0, 0, 0, 0, 0, 0, 0, 0
30.5982, 0, 0, 0, 1.41421, 0, 0, 0, 0, 0, 0, 0, 0, 0, 0, 0, 0, 0, 0, 0, 0, 0, 0, 0, 0, 0, 0, 0, 0
30.6061, 0, 0, 0, 1.41421, 0, 0, 0, 0, 0, 0, 0, 0, 0, 0, 0, 0, 0, 0, 0, 0, 0, 0, 0, 0, 0, 0, 0, 0
30.6139, 0, 0, 0, 1.41421, 0, 0, 0, 0, 0, 0, 0, 0, 0, 0, 0, 0, 0, 0, 0, 0, 0, 0, 0, 0, 0, 0, 0, 0
30.6218, 0, 0, 0, 1.41421, 0, 0, 0, 0, 0, 0, 0, 0, 0, 0, 0, 0, 0, 0, 0, 0, 0, 0, 0, 0, 0, 0, 0, 0
30.6297, 0, 0, 0, 1.41421, 0, 0, 0, 0, 0, 0, 0, 0, 0, 0, 0, 0, 0, 0, 0, 0, 0, 0, 0, 0, 0, 0, 0, 0
30.6376, 0, 0, 0, 1.41421, 0, 0, 0, 0, 0, 0, 0, 0, 0, 0, 0, 0, 0, 0, 0, 0, 0, 0, 0, 0, 0, 0, 0, 0
30.6454, 0, 0, 0, 1.41421, 0, 0, 0, 0, 0, 0, 0, 0, 0, 0, 0, 0, 0, 0, 0, 0, 0, 0, 0, 0, 0, 0, 0, 0
30.6533, 0, 0, 0, 1.41421, 0, 0, 0, 0, 0, 0, 0, 0, 0, 0, 0, 0, 0, 0, 0, 0, 0, 0, 0, 0, 0, 0, 0, 0
30.6612, 0, 0, 0, 1.41421, 0, 0, 0, 0, 0, 0, 0, 0, 0, 0, 0, 0, 0, 0, 0, 0, 0, 0, 0, 0, 0, 0, 0, 0
30.669, 0, 0, 0, 1.41421, 0, 0, 0, 0, 0, 0, 0, 0, 0, 0, 0, 0, 0, 0, 0, 0, 0, 0, 0, 0, 0, 0, 0, 0
30.6769, 0, 0, 0, 1.41421, 0, 0, 0, 0, 0, 0, 0, 0, 0, 0, 0, 0, 0, 0, 0, 0, 0, 0, 0, 0, 0, 0, 0, 0
30.6848, 0, 0, 0, 1.41421, 0, 0, 0, 0, 0, 0, 0, 0, 0, 0, 0, 0, 0, 0, 0, 0, 0, 0, 0, 0, 0, 0, 0, 0
30.6927, 0, 0, 0, 1.41421, 0, 0, 0, 0, 0, 0, 0, 0, 0, 0, 0, 0, 0, 0, 0, 0, 0, 0, 0, 0, 0, 0, 0, 0
30.7005, 0, 0, 0, 1.41421, 0, 0, 0, 0, 0, 0, 0, 0, 0, 0, 0, 0, 0, 0, 0, 0, 0, 0, 0, 0, 0, 0, 0, 0
30.7084, 0, 0, 0, 1.41421, 0, 0, 0, 0, 0, 0, 0, 0, 0, 0, 0, 0, 0, 0, 0, 0, 0, 0, 0, 0, 0, 0, 0, 0
30.7163, 0, 0, 0, 1.41421, 0, 0, 0, 0, 0, 0, 0, 0, 0, 0, 0, 0, 0, 0, 0, 0, 0, 0, 0, 0, 0, 0, 0, 0
30.7241, 0, 0, 0, 1.41421, 0, 0, 0, 0, 0, 0, 0, 0, 0, 0, 0, 0, 0, 0, 0, 0, 0, 0, 0, 0, 0, 0, 0, 0
30.732, 0, 0, 0, 1.41421, 0, 0, 0, 0, 0, 0, 0, 0, 0, 0, 0, 0, 0, 0, 0, 0, 0, 0, 0, 0, 0, 0, 0, 0
30.7399, 0, 0, 0, 1.41421, 0, 0, 0, 0, 0, 0, 0, 0, 0, 0, 0, 0, 0, 0, 0, 0, 0, 0, 0, 0, 0, 0, 0, 0
30.7478, 0, 0, 0, 1.41421, 0, 0, 0, 0, 0, 0, 0, 0, 0, 0, 0, 0, 0, 0, 0, 0, 0, 0, 0, 0, 0, 0, 0, 0
30.7556, 0, 0, 0, 1.41421, 0, 0, 0, 0, 0, 0, 0, 0, 0, 0, 0, 0, 0, 0, 0, 0, 0, 0, 0, 0, 0, 0, 0, 0
30.7635, 0, 0, 0, 1.41421, 0, 0, 0, 0, 0, 0, 0, 0, 0, 0, 0, 0, 0, 0, 0, 0, 0, 0, 0, 0, 0, 0, 0, 0
30.7714, 0, 0, 0, 1.41421, 0, 0, 0, 0, 0, 0, 0, 0, 0, 0, 0, 0, 0, 0, 0, 0, 0, 0, 0, 0, 0, 0, 0, 0
30.7792, 0, 0, 0, 1.41421, 0, 0, 0, 0, 0, 0, 0, 0, 0, 0, 0, 0, 0, 0, 0, 0, 0, 0, 0, 0, 0, 0, 0, 0
30.7871, 0, 0, 0, 1.41421, 0, 0, 0, 0, 0, 0, 0, 0, 0, 0, 0, 0, 0, 0, 0, 0, 0, 0, 0, 0, 0, 0, 0, 0
30.795, 0, 0, 0, 1.41421, 0, 0, 0, 0, 0, 0, 0, 0, 0, 0, 0, 0, 0, 0, 0, 0, 0, 0, 0, 0, 0, 0, 0, 0
30.8029, 0, 0, 0, 1.41421, 0, 0, 0, 0, 0, 0, 0, 0, 0, 0, 0, 0, 0, 0, 0, 0, 0, 0, 0, 0, 0, 0, 0, 0
30.8107, 0, 0, 0, 1.41421, 0, 0, 0, 0, 0, 0, 0, 0, 0, 0, 0, 0, 0, 0, 0, 0, 0, 0, 0, 0, 0, 0, 0, 0
30.8186, 0, 0, 0, 1.41421, 0, 0, 0, 0, 0, 0, 0, 0, 0, 0, 0, 0, 0, 0, 0, 0, 0, 0, 0, 0, 0, 0, 0, 0
30.8265, 0, 0, 0, 1.41421, 0, 0, 0, 0, 0, 0, 0, 0, 0, 0, 0, 0, 0, 0, 0, 0, 0, 0, 0, 0, 0, 0, 0, 0
30.8343, 0, 0, 0, 1.41421, 0, 0, 0, 0, 0, 0, 0, 0, 0, 0, 0, 0, 0, 0, 0, 0, 0, 0, 0, 0, 0, 0, 0, 0
30.8422, 0, 0, 0, 1.41421, 0, 0, 0, 0, 0, 0, 0, 0, 0, 0, 0, 0, 0, 0, 0, 0, 0, 0, 0, 0, 0, 0, 0, 0
30.8501, 0, 0, 0, 1.41421, 0, 0, 0, 0, 0, 0, 0, 0, 0, 0, 0, 0, 0, 0, 0, 0, 0, 0, 0, 0, 0, 0, 0, 0
30.858, 0, 0, 0, 1.41421, 0, 0, 0, 0, 0, 0, 0, 0, 0, 0, 0, 0, 0, 0, 0, 0, 0, 0, 0, 0, 0, 0, 0, 0
30.8658, 0, 0, 0, 1.41421, 0, 0, 0, 0, 0, 0, 0, 0, 0, 0, 0, 0, 0, 0, 0, 0, 0, 0, 0, 0, 0, 0, 0, 0
30.8737, 0, 0, 0, 1.41421, 0, 0, 0, 0, 0, 0, 0, 0, 0, 0, 0, 0, 0, 0, 0, 0, 0, 0, 0, 0, 0, 0, 0, 0
30.8816, 0, 0, 0, 1.41421, 0, 0, 0, 0, 0, 0, 0, 0, 0, 0, 0, 0, 0, 0, 0, 0, 0, 0, 0, 0, 0, 0, 0, 0
30.8894, 0, 0, 0, 1.41421, 0, 0, 0, 0, 0, 0, 0, 0, 0, 0, 0, 0, 0, 0, 0, 0, 0, 0, 0, 0, 0, 0, 0, 0
30.8973, 0, 0, 0, 1.41421, 0, 0, 0, 0, 0, 0, 0, 0, 0, 0, 0, 0, 0, 0, 0, 0, 0, 0, 0, 0, 0, 0, 0, 0
30.9052, 0, 0, 0, 1.41421, 0, 0, 0, 0, 0, 0, 0, 0, 0, 0, 0, 0, 0, 0, 0, 0, 0, 0, 0, 0, 0, 0, 0, 0
30.9131, 0, 0, 0, 1.41421, 0, 0, 0, 0, 0, 0, 0, 0, 0, 0, 0, 0, 0, 0, 0, 0, 0, 0, 0, 0, 0, 0, 0, 0
30.9209, 0, 0, 0, 1.41421, 0, 0, 0, 0, 0, 0, 0, 0, 0, 0, 0, 0, 0, 0, 0, 0, 0, 0, 0, 0, 0, 0, 0, 0
30.9288, 0, 0, 0, 1.41421, 0, 0, 0, 0, 0, 0, 0, 0, 0, 0, 0, 0, 0, 0, 0, 0, 0, 0, 0, 0, 0, 0, 0, 0
30.9367, 0, 0, 0, 1.41421, 0, 0, 0, 0, 0, 0, 0, 0, 0, 0, 0, 0, 0, 0, 0, 0, 0, 0, 0, 0, 0, 0, 0, 0
30.9445, 0, 0, 0, 1.41421, 0, 0, 0, 0, 0, 0, 0, 0, 0, 0, 0, 0, 0, 0, 0, 0, 0, 0, 0, 0, 0, 0, 0, 0
30.9524, 0, 0, 0, 1.41421, 0, 0, 0, 0, 0, 0, 0, 0, 0, 0, 0, 0, 0, 0, 0, 0, 0, 0, 0, 0, 0, 0, 0, 0
30.9603, 0, 0, 0, 1.41421, 0, 0, 0, 0, 0, 0, 0, 0, 0, 0, 0, 0, 0, 0, 0, 0, 0, 0, 0, 0, 0, 0, 0, 0
30.9682, 0, 0, 0, 1.41421, 0, 0, 0, 0, 0, 0, 0, 0, 0, 0, 0, 0, 0, 0, 0, 0, 0, 0, 0, 0, 0, 0, 0, 0
30.976, 0, 0, 0, 1.41421, 0, 0, 0, 0, 0, 0, 0, 0, 0, 0, 0, 0, 0, 0, 0, 0, 0, 0, 0, 0, 0, 0, 0, 0
30.9839, 0, 0, 0, 1.41421, 0, 0, 0, 0, 0, 0, 0, 0, 0, 0, 0, 0, 0, 0, 0, 0, 0, 0, 0, 0, 0, 0, 0, 0
30.9918, 0, 0, 0, 1.41421, 0, 0, 0, 0, 0, 0, 0, 0, 0, 0, 0, 0, 0, 0, 0, 0, 0, 0, 0, 0, 0, 0, 0, 0
30.9996, 0, 0, 0, 1.41421, 0, 0, 0, 0, 0, 0, 0, 0, 0, 0, 0, 0, 0, 0, 0, 0, 0, 0, 0, 0, 0, 0, 0, 0
31.0075, 0, 0, 0, 1.41421, 0, 0, 0, 0, 0, 0, 0, 0, 0, 0, 0, 0, 0, 0, 0, 0, 0, 0, 0, 0, 0, 0, 0, 0
31.0154, 0, 0, 0, 1.41421, 0, 0, 0, 0, 0, 0, 0, 0, 0, 0, 0, 0, 0, 0, 0, 0, 0, 0, 0, 0, 0, 0, 0, 0
31.0233, 0, 0, 0, 1.41421, 0, 0, 0, 0, 0, 0, 0, 0, 0, 0, 0, 0, 0, 0, 0, 0, 0, 0, 0, 0, 0, 0, 0, 0
31.0311, 0, 0, 0, 1.41421, 0, 0, 0, 0, 0, 0, 0, 0, 0, 0, 0, 0, 0, 0, 0, 0, 0, 0, 0, 0, 0, 0, 0, 0
31.039, 0, 0, 0, 1.41421, 0, 0, 0, 0, 0, 0, 0, 0, 0, 0, 0, 0, 0, 0, 0, 0, 0, 0, 0, 0, 0, 0, 0, 0
31.0469, 0, 0, 0, 1.41421, 0, 0, 0, 0, 0, 0, 0, 0, 0, 0, 0, 0, 0, 0, 0, 0, 0, 0, 0, 0, 0, 0, 0, 0
31.0547, 0, 0, 0, 1.41421, 0, 0, 0, 0, 0, 0, 0, 0, 0, 0, 0, 0, 0, 0, 0, 0, 0, 0, 0, 0, 0, 0, 0, 0
31.0626, 0, 0, 0, 1.41421, 0, 0, 0, 0, 0, 0, 0, 0, 0, 0, 0, 0, 0, 0, 0, 0, 0, 0, 0, 0, 0, 0, 0, 0
31.0705, 0, 0, 0, 1.41421, 0, 0, 0, 0, 0, 0, 0, 0, 0, 0, 0, 0, 0, 0, 0, 0, 0, 0, 0, 0, 0, 0, 0, 0
31.0784, 0, 0, 0, 1.41421, 0, 0, 0, 0, 0, 0, 0, 0, 0, 0, 0, 0, 0, 0, 0, 0, 0, 0, 0, 0, 0, 0, 0, 0
31.0862, 0, 0, 0, 1.41421, 0, 0, 0, 0, 0, 0, 0, 0, 0, 0, 0, 0, 0, 0, 0, 0, 0, 0, 0, 0, 0, 0, 0, 0
31.0941, 0, 0, 0, 1.41421, 0, 0, 0, 0, 0, 0, 0, 0, 0, 0, 0, 0, 0, 0, 0, 0, 0, 0, 0, 0, 0, 0, 0, 0
31.102, 0, 0, 0, 1.41421, 0, 0, 0, 0, 0, 0, 0, 0, 0, 0, 0, 0, 0, 0, 0, 0, 0, 0, 0, 0, 0, 0, 0, 0
31.1098, 0, 0, 0, 1.41421, 0, 0, 0, 0, 0, 0, 0, 0, 0, 0, 0, 0, 0, 0, 0, 0, 0, 0, 0, 0, 0, 0, 0, 0
31.1177, 0, 0, 0, 1.41421, 0, 0, 0, 0, 0, 0, 0, 0, 0, 0, 0, 0, 0, 0, 0, 0, 0, 0, 0, 0, 0, 0, 0, 0
31.1256, 0, 0, 0, 1.41421, 0, 0, 0, 0, 0, 0, 0, 0, 0, 0, 0, 0, 0, 0, 0, 0, 0, 0, 0, 0, 0, 0, 0, 0
31.1335, 0, 0, 0, 1.41421, 0, 0, 0, 0, 0, 0, 0, 0, 0, 0, 0, 0, 0, 0, 0, 0, 0, 0, 0, 0, 0, 0, 0, 0
31.1413, 0, 0, 0, 1.41421, 0, 0, 0, 0, 0, 0, 0, 0, 0, 0, 0, 0, 0, 0, 0, 0, 0, 0, 0, 0, 0, 0, 0, 0
31.1492, 0, 0, 0, 1.41421, 0, 0, 0, 0, 0, 0, 0, 0, 0, 0, 0, 0, 0, 0, 0, 0, 0, 0, 0, 0, 0, 0, 0, 0
31.1571, 0, 0, 0, 1.41421, 0, 0, 0, 0, 0, 0, 0, 0, 0, 0, 0, 0, 0, 0, 0, 0, 0, 0, 0, 0, 0, 0, 0, 0
31.1649, 0, 0, 0, 1.41421, 0, 0, 0, 0, 0, 0, 0, 0, 0, 0, 0, 0, 0, 0, 0, 0, 0, 0, 0, 0, 0, 0, 0, 0
31.1728, 0, 0, 0, 1.41421, 0, 0, 0, 0, 0, 0, 0, 0, 0, 0, 0, 0, 0, 0, 0, 0, 0, 0, 0, 0, 0, 0, 0, 0
31.1807, 0, 0, 0, 1.41421, 0, 0, 0, 0, 0, 0, 0, 0, 0, 0, 0, 0, 0, 0, 0, 0, 0, 0, 0, 0, 0, 0, 0, 0
31.1886, 0, 0, 0, 1.41421, 0, 0, 0, 0, 0, 0, 0, 0, 0, 0, 0, 0, 0, 0, 0, 0, 0, 0, 0, 0, 0, 0, 0, 0
31.1964, 0, 0, 0, 1.41421, 0, 0, 0, 0, 0, 0, 0, 0, 0, 0, 0, 0, 0, 0, 0, 0, 0, 0, 0, 0, 0, 0, 0, 0
31.2043, 0, 0, 0, 1.41421, 0, 0, 0, 0, 0, 0, 0, 0, 0, 0, 0, 0, 0, 0, 0, 0, 0, 0, 0, 0, 0, 0, 0, 0
31.2122, 0, 0, 0, 1.41421, 0, 0, 0, 0, 0, 0, 0, 0, 0, 0, 0, 0, 0, 0, 0, 0, 0, 0, 0, 0, 0, 0, 0, 0
31.22, 0, 0, 0, 1.41421, 0, 0, 0, 0, 0, 0, 0, 0, 0, 0, 0, 0, 0, 0, 0, 0, 0, 0, 0, 0, 0, 0, 0, 0
31.2279, 0, 0, 0, 1.41421, 0, 0, 0, 0, 0, 0, 0, 0, 0, 0, 0, 0, 0, 0, 0, 0, 0, 0, 0, 0, 0, 0, 0, 0
31.2358, 0, 0, 0, 1.41421, 0, 0, 0, 0, 0, 0, 0, 0, 0, 0, 0, 0, 0, 0, 0, 0, 0, 0, 0, 0, 0, 0, 0, 0
31.2437, 0, 0, 0, 1.41421, 0, 0, 0, 0, 0, 0, 0, 0, 0, 0, 0, 0, 0, 0, 0, 0, 0, 0, 0, 0, 0, 0, 0, 0
31.2515, 0, 0, 0, 1.41421, 0, 0, 0, 0, 0, 0, 0, 0, 0, 0, 0, 0, 0, 0, 0, 0, 0, 0, 0, 0, 0, 0, 0, 0
31.2594, 0, 0, 0, 1.41421, 0, 0, 0, 0, 0, 0, 0, 0, 0, 0, 0, 0, 0, 0, 0, 0, 0, 0, 0, 0, 0, 0, 0, 0
31.2673, 0, 0, 0, 1.41421, 0, 0, 0, 0, 0, 0, 0, 0, 0, 0, 0, 0, 0, 0, 0, 0, 0, 0, 0, 0, 0, 0, 0, 0
31.2751, 0, 0, 0, 1.41421, 0, 0, 0, 0, 0, 0, 0, 0, 0, 0, 0, 0, 0, 0, 0, 0, 0, 0, 0, 0, 0, 0, 0, 0
31.283, 0, 0, 0, 1.41421, 0, 0, 0, 0, 0, 0, 0, 0, 0, 0, 0, 0, 0, 0, 0, 0, 0, 0, 0, 0, 0, 0, 0, 0
31.2909, 0, 0, 0, 1.41421, 0, 0, 0, 0, 0, 0, 0, 0, 0, 0, 0, 0, 0, 0, 0, 0, 0, 0, 0, 0, 0, 0, 0, 0
31.2987, 0, 0, 0, 1.41421, 0, 0, 0, 0, 0, 0, 0, 0, 0, 0, 0, 0, 0, 0, 0, 0, 0, 0, 0, 0, 0, 0, 0, 0
31.3066, 0, 0, 0, 1.41421, 0, 0, 0, 0, 0, 0, 0, 0, 0, 0, 0, 0, 0, 0, 0, 0, 0, 0, 0, 0, 0, 0, 0, 0
31.3145, 0, 0, 0, 1.41421, 0, 0, 0, 0, 0, 0, 0, 0, 0, 0, 0, 0, 0, 0, 0, 0, 0, 0, 0, 0, 0, 0, 0, 0
31.3224, 0, 0, 0, 1.41421, 0, 0, 0, 0, 0, 0, 0, 0, 0, 0, 0, 0, 0, 0, 0, 0, 0, 0, 0, 0, 0, 0, 0, 0
31.3302, 0, 0, 0, 1.41421, 0, 0, 0, 0, 0, 0, 0, 0, 0, 0, 0, 0, 0, 0, 0, 0, 0, 0, 0, 0, 0, 0, 0, 0
31.3381, 0, 0, 0, 1.41421, 0, 0, 0, 0, 0, 0, 0, 0, 0, 0, 0, 0, 0, 0, 0, 0, 0, 0, 0, 0, 0, 0, 0, 0
31.346, 0, 0, 0, 1.41421, 0, 0, 0, 0, 0, 0, 0, 0, 0, 0, 0, 0, 0, 0, 0, 0, 0, 0, 0, 0, 0, 0, 0, 0
31.3538, 0, 0, 0, 1.41421, 0, 0, 0, 0, 0, 0, 0, 0, 0, 0, 0, 0, 0, 0, 0, 0, 0, 0, 0, 0, 0, 0, 0, 0
31.3617, 0, 0, 0, 1.41421, 0, 0, 0, 0, 0, 0, 0, 0, 0, 0, 0, 0, 0, 0, 0, 0, 0, 0, 0, 0, 0, 0, 0, 0
31.3696, 0, 0, 0, 1.41421, 0, 0, 0, 0, 0, 0, 0, 0, 0, 0, 0, 0, 0, 0, 0, 0, 0, 0, 0, 0, 0, 0, 0, 0
31.3775, 0, 0, 0, 1.41421, 0, 0, 0, 0, 0, 0, 0, 0, 0, 0, 0, 0, 0, 0, 0, 0, 0, 0, 0, 0, 0, 0, 0, 0
31.3853, 0, 0, 0, 1.41421, 0, 0, 0, 0, 0, 0, 0, 0, 0, 0, 0, 0, 0, 0, 0, 0, 0, 0, 0, 0, 0, 0, 0, 0
31.3932, 0, 0, 0, 1.41421, 0, 0, 0, 0, 0, 0, 0, 0, 0, 0, 0, 0, 0, 0, 0, 0, 0, 0, 0, 0, 0, 0, 0, 0
31.4011, 0, 0, 0, 1.41421, 0, 0, 0, 0, 0, 0, 0, 0, 0, 0, 0, 0, 0, 0, 0, 0, 0, 0, 0, 0, 0, 0, 0, 0
31.4089, 0, 0, 0, 1.41421, 0, 0, 0, 0, 0, 0, 0, 0, 0, 0, 0, 0, 0, 0, 0, 0, 0, 0, 0, 0, 0, 0, 0, 0
31.4168, 0, 0, 0, 1.41421, 0, 0, 0, 0, 0, 0, 0, 0, 0, 0, 0, 0, 0, 0, 0, 0, 0, 0, 0, 0, 0, 0, 0, 0
31.4247, 0, 0, 0, 1.41421, 0, 0, 0, 0, 0, 0, 0, 0, 0, 0, 0, 0, 0, 0, 0, 0, 0, 0, 0, 0, 0, 0, 0, 0
31.4326, 0, 0, 0, 1.41421, 0, 0, 0, 0, 0, 0, 0, 0, 0, 0, 0, 0, 0, 0, 0, 0, 0, 0, 0, 0, 0, 0, 0, 0
31.4404, 0, 0, 0, 1.41421, 0, 0, 0, 0, 0, 0, 0, 0, 0, 0, 0, 0, 0, 0, 0, 0, 0, 0, 0, 0, 0, 0, 0, 0
31.4483, 0, 0, 0, 1.41421, 0, 0, 0, 0, 0, 0, 0, 0, 0, 0, 0, 0, 0, 0, 0, 0, 0, 0, 0, 0, 0, 0, 0, 0
31.4562, 0, 0, 0, 1.41421, 0, 0, 0, 0, 0, 0, 0, 0, 0, 0, 0, 0, 0, 0, 0, 0, 0, 0, 0, 0, 0, 0, 0, 0
31.464, 0, 0, 0, 1.41421, 0, 0, 0, 0, 0, 0, 0, 0, 0, 0, 0, 0, 0, 0, 0, 0, 0, 0, 0, 0, 0, 0, 0, 0
31.4719, 0, 0, 0, 1.41421, 0, 0, 0, 0, 0, 0, 0, 0, 0, 0, 0, 0, 0, 0, 0, 0, 0, 0, 0, 0, 0, 0, 0, 0
31.4798, 0, 0, 0, 1.41421, 0, 0, 0, 0, 0, 0, 0, 0, 0, 0, 0, 0, 0, 0, 0, 0, 0, 0, 0, 0, 0, 0, 0, 0
31.4877, 0, 0, 0, 1.41421, 0, 0, 0, 0, 0, 0, 0, 0, 0, 0, 0, 0, 0, 0, 0, 0, 0, 0, 0, 0, 0, 0, 0, 0
31.4955, 0, 0, 0, 1.41421, 0, 0, 0, 0, 0, 0, 0, 0, 0, 0, 0, 0, 0, 0, 0, 0, 0, 0, 0, 0, 0, 0, 0, 0
31.5034, 0, 0, 0, 1.41421, 0, 0, 0, 0, 0, 0, 0, 0, 0, 0, 0, 0, 0, 0, 0, 0, 0, 0, 0, 0, 0, 0, 0, 0
31.5113, 0, 0, 0, 1.41421, 0, 0, 0, 0, 0, 0, 0, 0, 0, 0, 0, 0, 0, 0, 0, 0, 0, 0, 0, 0, 0, 0, 0, 0
31.5191, 0, 0, 0, 1.41421, 0, 0, 0, 0, 0, 0, 0, 0, 0, 0, 0, 0, 0, 0, 0, 0, 0, 0, 0, 0, 0, 0, 0, 0
31.527, 0, 0, 0, 1.41421, 0, 0, 0, 0, 0, 0, 0, 0, 0, 0, 0, 0, 0, 0, 0, 0, 0, 0, 0, 0, 0, 0, 0, 0
31.5349, 0, 0, 0, 1.41421, 0, 0, 0, 0, 0, 0, 0, 0, 0, 0, 0, 0, 0, 0, 0, 0, 0, 0, 0, 0, 0, 0, 0, 0
31.5428, 0, 0, 0, 1.41421, 0, 0, 0, 0, 0, 0, 0, 0, 0, 0, 0, 0, 0, 0, 0, 0, 0, 0, 0, 0, 0, 0, 0, 0
31.5506, 0, 0, 0, 1.41421, 0, 0, 0, 0, 0, 0, 0, 0, 0, 0, 0, 0, 0, 0, 0, 0, 0, 0, 0, 0, 0, 0, 0, 0
31.5585, 0, 0, 0, 1.41421, 0, 0, 0, 0, 0, 0, 0, 0, 0, 0, 0, 0, 0, 0, 0, 0, 0, 0, 0, 0, 0, 0, 0, 0
31.5664, 0, 0, 0, 1.41421, 0, 0, 0, 0, 0, 0, 0, 0, 0, 0, 0, 0, 0, 0, 0, 0, 0, 0, 0, 0, 0, 0, 0, 0
31.5742, 0, 0, 0, 1.41421, 0, 0, 0, 0, 0, 0, 0, 0, 0, 0, 0, 0, 0, 0, 0, 0, 0, 0, 0, 0, 0, 0, 0, 0
31.5821, 0, 0, 0, 1.41421, 0, 0, 0, 0, 0, 0, 0, 0, 0, 0, 0, 0, 0, 0, 0, 0, 0, 0, 0, 0, 0, 0, 0, 0
31.59, 0, 0, 0, 1.41421, 0, 0, 0, 0, 0, 0, 0, 0, 0, 0, 0, 0, 0, 0, 0, 0, 0, 0, 0, 0, 0, 0, 0, 0
31.5979, 0, 0, 0, 1.41421, 0, 0, 0, 0, 0, 0, 0, 0, 0, 0, 0, 0, 0, 0, 0, 0, 0, 0, 0, 0, 0, 0, 0, 0
31.6057, 0, 0, 0, 1.41421, 0, 0, 0, 0, 0, 0, 0, 0, 0, 0, 0, 0, 0, 0, 0, 0, 0, 0, 0, 0, 0, 0, 0, 0
31.6136, 0, 0, 0, 1.41421, 0, 0, 0, 0, 0, 0, 0, 0, 0, 0, 0, 0, 0, 0, 0, 0, 0, 0, 0, 0, 0, 0, 0, 0
31.6215, 0, 0, 0, 1.41421, 0, 0, 0, 0, 0, 0, 0, 0, 0, 0, 0, 0, 0, 0, 0, 0, 0, 0, 0, 0, 0, 0, 0, 0
31.6293, 0, 0, 0, 1.41421, 0, 0, 0, 0, 0, 0, 0, 0, 0, 0, 0, 0, 0, 0, 0, 0, 0, 0, 0, 0, 0, 0, 0, 0
31.6372, 0, 0, 0, 1.41421, 0, 0, 0, 0, 0, 0, 0, 0, 0, 0, 0, 0, 0, 0, 0, 0, 0, 0, 0, 0, 0, 0, 0, 0
31.6451, 0, 0, 0, 1.41421, 0, 0, 0, 0, 0, 0, 0, 0, 0, 0, 0, 0, 0, 0, 0, 0, 0, 0, 0, 0, 0, 0, 0, 0
31.653, 0, 0, 0, 1.41421, 0, 0, 0, 0, 0, 0, 0, 0, 0, 0, 0, 0, 0, 0, 0, 0, 0, 0, 0, 0, 0, 0, 0, 0
31.6608, 0, 0, 0, 1.41421, 0, 0, 0, 0, 0, 0, 0, 0, 0, 0, 0, 0, 0, 0, 0, 0, 0, 0, 0, 0, 0, 0, 0, 0
31.6687, 0, 0, 0, 1.41421, 0, 0, 0, 0, 0, 0, 0, 0, 0, 0, 0, 0, 0, 0, 0, 0, 0, 0, 0, 0, 0, 0, 0, 0
31.6766, 0, 0, 0, 1.41421, 0, 0, 0, 0, 0, 0, 0, 0, 0, 0, 0, 0, 0, 0, 0, 0, 0, 0, 0, 0, 0, 0, 0, 0
31.6844, 0, 0, 0, 1.41421, 0, 0, 0, 0, 0, 0, 0, 0, 0, 0, 0, 0, 0, 0, 0, 0, 0, 0, 0, 0, 0, 0, 0, 0
31.6923, 0, 0, 0, 1.41421, 0, 0, 0, 0, 0, 0, 0, 0, 0, 0, 0, 0, 0, 0, 0, 0, 0, 0, 0, 0, 0, 0, 0, 0
31.7002, 0, 0, 0, 1.41421, 0, 0, 0, 0, 0, 0, 0, 0, 0, 0, 0, 0, 0, 0, 0, 0, 0, 0, 0, 0, 0, 0, 0, 0
31.7081, 0, 0, 0, 1.41421, 0, 0, 0, 0, 0, 0, 0, 0, 0, 0, 0, 0, 0, 0, 0, 0, 0, 0, 0, 0, 0, 0, 0, 0
31.7159, 0, 0, 0, 1.41421, 0, 0, 0, 0, 0, 0, 0, 0, 0, 0, 0, 0, 0, 0, 0, 0, 0, 0, 0, 0, 0, 0, 0, 0
31.7238, 0, 0, 0, 1.41421, 0, 0, 0, 0, 0, 0, 0, 0, 0, 0, 0, 0, 0, 0, 0, 0, 0, 0, 0, 0, 0, 0, 0, 0
31.7317, 0, 0, 0, 1.41421, 0, 0, 0, 0, 0, 0, 0, 0, 0, 0, 0, 0, 0, 0, 0, 0, 0, 0, 0, 0, 0, 0, 0, 0
31.7395, 0, 0, 0, 1.41421, 0, 0, 0, 0, 0, 0, 0, 0, 0, 0, 0, 0, 0, 0, 0, 0, 0, 0, 0, 0, 0, 0, 0, 0
31.7474, 0, 0, 0, 1.41421, 0, 0, 0, 0, 0, 0, 0, 0, 0, 0, 0, 0, 0, 0, 0, 0, 0, 0, 0, 0, 0, 0, 0, 0
31.7553, 0, 0, 0, 1.41421, 0, 0, 0, 0, 0, 0, 0, 0, 0, 0, 0, 0, 0, 0, 0, 0, 0, 0, 0, 0, 0, 0, 0, 0
31.7632, 0, 0, 0, 1.41421, 0, 0, 0, 0, 0, 0, 0, 0, 0, 0, 0, 0, 0, 0, 0, 0, 0, 0, 0, 0, 0, 0, 0, 0
31.771, 0, 0, 0, 1.41421, 0, 0, 0, 0, 0, 0, 0, 0, 0, 0, 0, 0, 0, 0, 0, 0, 0, 0, 0, 0, 0, 0, 0, 0
31.7789, 0, 0, 0, 1.41421, 0, 0, 0, 0, 0, 0, 0, 0, 0, 0, 0, 0, 0, 0, 0, 0, 0, 0, 0, 0, 0, 0, 0, 0
31.7868, 0, 0, 0, 1.41421, 0, 0, 0, 0, 0, 0, 0, 0, 0, 0, 0, 0, 0, 0, 0, 0, 0, 0, 0, 0, 0, 0, 0, 0
31.7946, 0, 0, 0, 1.41421, 0, 0, 0, 0, 0, 0, 0, 0, 0, 0, 0, 0, 0, 0, 0, 0, 0, 0, 0, 0, 0, 0, 0, 0
31.8025, 0, 0, 0, 1.41421, 0, 0, 0, 0, 0, 0, 0, 0, 0, 0, 0, 0, 0, 0, 0, 0, 0, 0, 0, 0, 0, 0, 0, 0
31.8104, 0, 0, 0, 1.41421, 0, 0, 0, 0, 0, 0, 0, 0, 0, 0, 0, 0, 0, 0, 0, 0, 0, 0, 0, 0, 0, 0, 0, 0
31.8183, 0, 0, 0, 1.41421, 0, 0, 0, 0, 0, 0, 0, 0, 0, 0, 0, 0, 0, 0, 0, 0, 0, 0, 0, 0, 0, 0, 0, 0
31.8261, 0, 0, 0, 1.41421, 0, 0, 0, 0, 0, 0, 0, 0, 0, 0, 0, 0, 0, 0, 0, 0, 0, 0, 0, 0, 0, 0, 0, 0
31.834, 0, 0, 0, 1.41421, 0, 0, 0, 0, 0, 0, 0, 0, 0, 0, 0, 0, 0, 0, 0, 0, 0, 0, 0, 0, 0, 0, 0, 0
31.8419, 0, 0, 0, 1.41421, 0, 0, 0, 0, 0, 0, 0, 0, 0, 0, 0, 0, 0, 0, 0, 0, 0, 0, 0, 0, 0, 0, 0, 0
31.8497, 0, 0, 0, 1.41421, 0, 0, 0, 0, 0, 0, 0, 0, 0, 0, 0, 0, 0, 0, 0, 0, 0, 0, 0, 0, 0, 0, 0, 0
31.8576, 0, 0, 0, 1.41421, 0, 0, 0, 0, 0, 0, 0, 0, 0, 0, 0, 0, 0, 0, 0, 0, 0, 0, 0, 0, 0, 0, 0, 0
31.8655, 0, 0, 0, 1.41421, 0, 0, 0, 0, 0, 0, 0, 0, 0, 0, 0, 0, 0, 0, 0, 0, 0, 0, 0, 0, 0, 0, 0, 0
31.8734, 0, 0, 0, 1.41421, 0, 0, 0, 0, 0, 0, 0, 0, 0, 0, 0, 0, 0, 0, 0, 0, 0, 0, 0, 0, 0, 0, 0, 0
31.8812, 0, 0, 0, 1.41421, 0, 0, 0, 0, 0, 0, 0, 0, 0, 0, 0, 0, 0, 0, 0, 0, 0, 0, 0, 0, 0, 0, 0, 0
31.8891, 0, 0, 0, 1.41421, 0, 0, 0, 0, 0, 0, 0, 0, 0, 0, 0, 0, 0, 0, 0, 0, 0, 0, 0, 0, 0, 0, 0, 0
31.897, 0, 0, 0, 1.41421, 0, 0, 0, 0, 0, 0, 0, 0, 0, 0, 0, 0, 0, 0, 0, 0, 0, 0, 0, 0, 0, 0, 0, 0
31.9048, 0, 0, 0, 1.41421, 0, 0, 0, 0, 0, 0, 0, 0, 0, 0, 0, 0, 0, 0, 0, 0, 0, 0, 0, 0, 0, 0, 0, 0
31.9127, 0, 0, 0, 1.41421, 0, 0, 0, 0, 0, 0, 0, 0, 0, 0, 0, 0, 0, 0, 0, 0, 0, 0, 0, 0, 0, 0, 0, 0
31.9206, 0, 0, 0, 1.41421, 0, 0, 0, 0, 0, 0, 0, 0, 0, 0, 0, 0, 0, 0, 0, 0, 0, 0, 0, 0, 0, 0, 0, 0
31.9285, 0, 0, 0, 1.41421, 0, 0, 0, 0, 0, 0, 0, 0, 0, 0, 0, 0, 0, 0, 0, 0, 0, 0, 0, 0, 0, 0, 0, 0
31.9363, 0, 0, 0, 1.41421, 0, 0, 0, 0, 0, 0, 0, 0, 0, 0, 0, 0, 0, 0, 0, 0, 0, 0, 0, 0, 0, 0, 0, 0
31.9442, 0, 0, 0, 1.41421, 0, 0, 0, 0, 0, 0, 0, 0, 0, 0, 0, 0, 0, 0, 0, 0, 0, 0, 0, 0, 0, 0, 0, 0
31.9521, 0, 0, 0, 1.41421, 0, 0, 0, 0, 0, 0, 0, 0, 0, 0, 0, 0, 0, 0, 0, 0, 0, 0, 0, 0, 0, 0, 0, 0
31.9599, 0, 0, 0, 1.41421, 0, 0, 0, 0, 0, 0, 0, 0, 0, 0, 0, 0, 0, 0, 0, 0, 0, 0, 0, 0, 0, 0, 0, 0
31.9678, 0, 0, 0, 1.41421, 0, 0, 0, 0, 0, 0, 0, 0, 0, 0, 0, 0, 0, 0, 0, 0, 0, 0, 0, 0, 0, 0, 0, 0
31.9757, 0, 0, 0, 1.41421, 0, 0, 0, 0, 0, 0, 0, 0, 0, 0, 0, 0, 0, 0, 0, 0, 0, 0, 0, 0, 0, 0, 0, 0
31.9836, 0, 0, 0, 1.41421, 0, 0, 0, 0, 0, 0, 0, 0, 0, 0, 0, 0, 0, 0, 0, 0, 0, 0, 0, 0, 0, 0, 0, 0
31.9914, 0, 0, 0, 1.41421, 0, 0, 0, 0, 0, 0, 0, 0, 0, 0, 0, 0, 0, 0, 0, 0, 0, 0, 0, 0, 0, 0, 0, 0
31.9993, 0, 0, 0, 1.41421, 0, 0, 0, 0, 0, 0, 0, 0, 0, 0, 0, 0, 0, 0, 0, 0, 0, 0, 0, 0, 0, 0, 0, 0
32.0072, 0, 0, 0, 1.41421, 0, 0, 0, 0, 0, 0, 0, 0, 0, 0, 0, 0, 0, 0, 0, 0, 0, 0, 0, 0, 0, 0, 0, 0
32.015, 0, 0, 0, 1.41421, 0, 0, 0, 0, 0, 0, 0, 0, 0, 0, 0, 0, 0, 0, 0, 0, 0, 0, 0, 0, 0, 0, 0, 0
32.0229, 0, 0, 0, 1.41421, 0, 0, 0, 0, 0, 0, 0, 0, 0, 0, 0, 0, 0, 0, 0, 0, 0, 0, 0, 0, 0, 0, 0, 0
32.0308, 0, 0, 0, 1.41421, 0, 0, 0, 0, 0, 0, 0, 0, 0, 0, 0, 0, 0, 0, 0, 0, 0, 0, 0, 0, 0, 0, 0, 0
32.0386, 0, 0, 0, 1.41421, 0, 0, 0, 0, 0, 0, 0, 0, 0, 0, 0, 0, 0, 0, 0, 0, 0, 0, 0, 0, 0, 0, 0, 0
32.0465, 0, 0, 0, 1.41421, 0, 0, 0, 0, 0, 0, 0, 0, 0, 0, 0, 0, 0, 0, 0, 0, 0, 0, 0, 0, 0, 0, 0, 0
32.0544, 0, 0, 0, 1.41421, 0, 0, 0, 0, 0, 0, 0, 0, 0, 0, 0, 0, 0, 0, 0, 0, 0, 0, 0, 0, 0, 0, 0, 0
32.0623, 0, 0, 0, 1.41421, 0, 0, 0, 0, 0, 0, 0, 0, 0, 0, 0, 0, 0, 0, 0, 0, 0, 0, 0, 0, 0, 0, 0, 0
32.0701, 0, 0, 0, 1.41421, 0, 0, 0, 0, 0, 0, 0, 0, 0, 0, 0, 0, 0, 0, 0, 0, 0, 0, 0, 0, 0, 0, 0, 0
32.078, 0, 0, 0, 1.41421, 0, 0, 0, 0, 0, 0, 0, 0, 0, 0, 0, 0, 0, 0, 0, 0, 0, 0, 0, 0, 0, 0, 0, 0
32.0859, 0, 0, 0, 1.41421, 0, 0, 0, 0, 0, 0, 0, 0, 0, 0, 0, 0, 0, 0, 0, 0, 0, 0, 0, 0, 0, 0, 0, 0
32.0938, 0, 0, 0, 1.41421, 0, 0, 0, 0, 0, 0, 0, 0, 0, 0, 0, 0, 0, 0, 0, 0, 0, 0, 0, 0, 0, 0, 0, 0
32.1016, 0, 0, 0, 1.41421, 0, 0, 0, 0, 0, 0, 0, 0, 0, 0, 0, 0, 0, 0, 0, 0, 0, 0, 0, 0, 0, 0, 0, 0
32.1095, 0, 0, 0, 1.41421, 0, 0, 0, 0, 0, 0, 0, 0, 0, 0, 0, 0, 0, 0, 0, 0, 0, 0, 0, 0, 0, 0, 0, 0
32.1174, 0, 0, 0, 1.41421, 0, 0, 0, 0, 0, 0, 0, 0, 0, 0, 0, 0, 0, 0, 0, 0, 0, 0, 0, 0, 0, 0, 0, 0
32.1252, 0, 0, 0, 1.41421, 0, 0, 0, 0, 0, 0, 0, 0, 0, 0, 0, 0, 0, 0, 0, 0, 0, 0, 0, 0, 0, 0, 0, 0
32.1331, 0, 0, 0, 1.41421, 0, 0, 0, 0, 0, 0, 0, 0, 0, 0, 0, 0, 0, 0, 0, 0, 0, 0, 0, 0, 0, 0, 0, 0
32.141, 0, 0, 0, 1.41421, 0, 0, 0, 0, 0, 0, 0, 0, 0, 0, 0, 0, 0, 0, 0, 0, 0, 0, 0, 0, 0, 0, 0, 0
32.1488, 0, 0, 0, 1.41421, 0, 0, 0, 0, 0, 0, 0, 0, 0, 0, 0, 0, 0, 0, 0, 0, 0, 0, 0, 0, 0, 0, 0, 0
32.1567, 0, 0, 0, 1.41421, 0, 0, 0, 0, 0, 0, 0, 0, 0, 0, 0, 0, 0, 0, 0, 0, 0, 0, 0, 0, 0, 0, 0, 0
32.1646, 0, 0, 0, 1.41421, 0, 0, 0, 0, 0, 0, 0, 0, 0, 0, 0, 0, 0, 0, 0, 0, 0, 0, 0, 0, 0, 0, 0, 0
32.1725, 0, 0, 0, 1.41421, 0, 0, 0, 0, 0, 0, 0, 0, 0, 0, 0, 0, 0, 0, 0, 0, 0, 0, 0, 0, 0, 0, 0, 0
32.1803, 0, 0, 0, 1.41421, 0, 0, 0, 0, 0, 0, 0, 0, 0, 0, 0, 0, 0, 0, 0, 0, 0, 0, 0, 0, 0, 0, 0, 0
32.1882, 0, 0, 0, 1.41421, 0, 0, 0, 0, 0, 0, 0, 0, 0, 0, 0, 0, 0, 0, 0, 0, 0, 0, 0, 0, 0, 0, 0, 0
32.1961, 0, 0, 0, 1.41421, 0, 0, 0, 0, 0, 0, 0, 0, 0, 0, 0, 0, 0, 0, 0, 0, 0, 0, 0, 0, 0, 0, 0, 0
32.2039, 0, 0, 0, 1.41421, 0, 0, 0, 0, 0, 0, 0, 0, 0, 0, 0, 0, 0, 0, 0, 0, 0, 0, 0, 0, 0, 0, 0, 0
